0.005	-Inf	0.0
0.015	-Inf	0.0
0.025	-Inf	0.0
0.035	-Inf	0.0
0.045	-Inf	0.0
0.055	-Inf	0.0
0.065	-Inf	0.0
0.075	-Inf	0.0
0.085	-Inf	0.0
0.095	-Inf	0.0
0.105	-Inf	0.0
0.115	-Inf	0.0
0.125	-Inf	0.0
0.135	-Inf	0.0
0.145	-Inf	0.0
0.155	-Inf	0.0
0.165	-Inf	0.0
0.175	-Inf	0.0
0.185	-Inf	0.0
0.195	-Inf	0.0
0.205	-Inf	0.0
0.215	-Inf	0.0
0.225	-Inf	0.0
0.235	-Inf	0.0
0.245	-Inf	0.0
0.255	-Inf	0.0
0.265	-Inf	0.0
0.275	-Inf	0.0
0.285	-Inf	0.0
0.295	-Inf	0.0
0.305	-Inf	0.0
0.315	-Inf	0.0
0.325	-Inf	0.0
0.335	-Inf	0.0
0.345	-Inf	0.0
0.355	-Inf	0.0
0.365	-Inf	0.0
0.375	-Inf	0.0
0.385	-Inf	0.0
0.395	-Inf	0.0
0.405	-Inf	0.0
0.415	-Inf	0.0
0.425	-Inf	0.0
0.435	-Inf	0.0
0.445	-Inf	0.0
0.455	-0.06806703002676602	0.4558563953854883
0.465	-0.05118772931810413	0.44850175460715713
0.475	-0.034433174121020066	0.42853915820882976
0.485	-0.017806473562686678	0.4561190611275715
0.495	-0.001310708997181373	0.4604530458719452
0.505	0.015051065951408274	0.4725356700077749
0.515	0.031275825348232686	0.4618977074534031
0.525	0.04736057090991534	0.4549370652881969
0.535	0.06330233197040423	0.46544369497152704
0.545	0.07909816545105722	0.47752631910735677
0.555	0.09474515583556375	0.4787083149467314
0.565	0.11024041515030392	0.48238563533589696
0.575	0.1255810829507333	0.46636302506881844
0.585	0.1407643263143593	0.49959024144235015
0.595	0.1557873398408788	0.49972157431339176
0.605	0.1706473456600297	0.5106222026098468
0.615	0.18534159344768356	0.49972157431339176
0.625	0.19986736045070788	0.5142995229990124
0.635	0.2142219515211131	0.5097028725125554
0.645	0.22840269915996766	0.5162695160646368
0.655	0.2424069635715661	0.5085208766731808
0.665	0.2562321327283197	0.5174515119040114
0.675	0.2698756224468044	0.5292714702977579
0.685	0.28333487647541244	0.5167948475488033
0.695	0.2966073665940097	0.5194215049696359
0.705	0.30969059272600363	0.52217949526151
0.715	0.32258208306319847	0.5100968711256804
0.725	0.33527939420379893	0.5044495576708904
0.735	0.3477801113039088	0.5156128517094286
0.745	0.3600818482428426	0.5325547920737986
0.755	0.37218224780255804	0.5343934522683814
0.765	0.38407898186150147	0.5328174578158819
0.775	0.3957697516031162	0.5192901720985942
0.785	0.4072522877392761	0.5374141083023388
0.795	0.4185243507488594	0.5329487906869235
0.805	0.4295837311316698	0.5413540944335876
0.815	0.44042824967788774	0.5463447435331694
0.825	0.45105575775321705	0.5299281346529661
0.835	0.46146413759986693	0.5196841707117191
0.845	0.471651302653481	0.5430614217571288
0.855	0.48161519787613005	0.547920737985669
0.865	0.491353800105422	0.5442434175965034
0.875	0.5008651184197974	0.5554067116350417
0.885	0.5101471945200424	0.5476580722435858
0.895	0.5191981031270194	0.5547500472798336
0.905	0.5280159523956102	0.5410914286915044
0.915	0.5365988843448372	0.5400407657231714
0.925	0.5449450753040994	0.5568513732164996
0.935	0.5530527363754458	0.5610540250898317
0.945	0.5609201139117895	0.5383334383996302
0.955	0.5685454900109242	0.5405660972073378
0.965	0.5759271830252103	0.5488400680829604
0.975	0.5830635480867514	0.5341307865262981
0.985	0.589952977647871	0.5647313454789973
0.995	0.5965939020366767	0.5607913593477485
1.005	0.6029847900274725	0.5581647019269159
1.015	0.6091241494257642	0.5600033621214987
1.025	0.615010527667572	0.5644686797369141
1.035	0.6206425124327535	0.5519920569879594
1.045	0.6260187322720064	0.5538307171825422
1.055	0.6311378572472143	0.5442434175965034
1.065	0.6359985995847576	0.5548813801508752
1.075	0.640599714341412	0.5527800542142092
1.085	0.644940000082423	0.5555380445060834
1.095	0.6490182995713175	0.5648626783500389
1.105	0.6528335004710253	0.5480520708567106
1.115	0.6563845360558161	0.538727437012755
1.125	0.659670385933581	0.53347412217109
1.135	0.6626900767779442	0.5425360902729622
1.145	0.6654426830696761	0.5473954065015024
1.155	0.6679273278468656	0.5253314841665091
1.165	0.6701431834632853	0.5414854273046292
1.175	0.6720894723543719	0.5473954065015024
1.185	0.6737654678102128	0.5378081069154637
1.195	0.6751704947549404	0.5175828447750531
1.205	0.6763039305318799	0.5269074786190087
1.215	0.6771652056938181	0.5339994536552565
1.225	0.6777538047977262	0.5363634453340058
1.235	0.678069267203247	0.5202095021958856
1.245	0.6781111878742636	0.5079955451890142
1.255	0.6778792181828394	0.5053688877681818
1.265	0.6773730667147985	0.5242808211981761
1.275	0.6765925000762243	0.5018229002500578
1.285	0.6755373437001188	0.49538758956901807
1.295	0.6742074826524638	0.5100968711256804
1.305	0.6726028624369219	0.48488095988568786
1.315	0.6707234897973839	0.5033988947025573
1.325	0.6685694335175715	0.48251696820693857
1.335	0.6661408252169082	0.4917102691798525
1.345	0.663437860141822	0.4974889155056841
1.355	0.6604607979516862	0.4772636533652735
1.365	0.6572099634985503	0.4783143163336065
1.375	0.6536857475998444	0.4701716783290256
1.385	0.6498886078031971	0.48172897098068884
1.395	0.6458190691425407	0.4548057324171552
1.405	0.6414777248846367	0.46452436487423565
1.415	0.6368652372651635	0.48041564227027256
1.425	0.6319823382135281	0.4595337157746538
1.435	0.6268298300655059	0.44600643005736623
1.445	0.6214085862628683	0.44443043560486667
1.455	0.6157195520391197	0.440096450860493
1.465	0.6097637450904752	0.44324843976549205
1.475	0.6035422562312127	0.44469310134694995
1.485	0.597056250032522	0.44968375044653175
1.495	0.5903069654440041	0.4550683981592385
1.505	0.5832957163969196	0.4695150139738175
1.515	0.5760238923883637	0.441147113828826
1.525	0.5684929590454703	0.4542804009329887
1.535	0.5607044586688087	0.44994641618861503
1.545	0.5526600107541235	0.46386770051902754
1.555	0.5443613124915518	0.4306404841454958
1.565	0.5358101392414933	0.4335298073084116
1.575	0.5270083449862997	0.4540177351909055
1.585	0.5179578627569411	0.45099707915694803
1.595	0.5086607050338462	0.4516537435121562
1.605	0.4991189641211041	0.4613723759692366
1.615	0.48933481249321586	0.46242303893756964
1.625	0.47931050311361945	0.44955241757549014
1.635	0.46904836972420794	0.44416776986278345
1.645	0.4585508271050604	0.46307970329277776
1.655	0.4478203713036424	0.44810775599403224
1.665	0.43685957983273893	0.4483704217361155
1.675	0.42567111183637085	0.4358937989871609
1.685	0.4142577082230004	0.4507344134148648
1.695	0.4026221917653224	0.4356311332450777
1.705	0.39076746716594585	0.454543066675072
1.715	0.3786965210883136	0.44705709302569924
1.725	0.3664124221522076	0.4407531152157011
1.735	0.35391832089319586	0.43274181008216184
1.745	0.34121744968541384	0.4175071970413331
1.755	0.3283131226270982	0.42157851604362356
1.765	0.31520873538826527	0.435499800374036
1.775	0.3019077650200098	0.42643783227216375
1.785	0.28841376972486965	0.42210384752779007
1.795	0.274730388587741	0.4207905188173738
1.805	0.260861341266869	0.4175071970413331
1.815	0.24681042764442163	0.40831389606841917
1.825	0.2325815274362053	0.412253882199668
1.835	0.21817859976010712	0.397807266385089
1.845	0.2036056826628534	0.40818256319737756
1.855	0.1888668926047024	0.40621257013175316
1.865	0.1739664239017337	0.4031919140977957
1.875	0.15890854812539668	0.39176595431717415
1.885	0.1436976134590124	0.3880886339280086
1.895	0.12833804401097187	0.40962722477883545
1.905	0.1128343390843598	0.39662527054571434
1.915	0.0971910724027905	0.40713190022904455
1.925	0.08141289129226555	0.3825726533442602
1.935	0.06550451581888272	0.3840173149257181
1.945	0.04947073788224335	0.38782596818592535
1.955	0.033316420264469376	0.375612011179054
1.965	0.01704649563472882	0.37626867553426213
1.975	0.0006659655092200456	0.37495534682384585
1.985	-0.015820100833408707	0.37285402088717984
1.995	-0.032406567481196885	0.3687827018848894
2.005	-0.04908823306254903	0.37731933850259514
2.015	-0.06585983196437081	0.3637920527853075
2.025	-0.08271603559457283	0.35551808190968504
2.035	-0.09965145368884559	0.35958940091197544
2.045	-0.11666063566150311	0.3481634411313539
2.055	-0.13373807200026533	0.3413341318371893
2.065	-0.15087819570472802	0.33634348273760745
2.075	-0.1680753837682928	0.33975813738468974
2.085	-0.18532395870327337	0.3331914938326084
2.095	-0.20261819010888532	0.3285948433461514
2.105	-0.2199522962817673	0.3216342011809452
2.115	-0.23732044586867507	0.31375422891844756
2.125	-0.25471675956095763	0.32150286830990354
2.135	-0.27213531183036677	0.3272815146357352
2.145	-0.2895701327057677	0.3103395742713652
2.155	-0.3070152095902332	0.3133602303053227
2.165	-0.3244644891180283	0.3071875853663662
2.175	-0.3419118790509154	0.2928723024228288
2.185	-0.35935125021321324	0.2933976339069953
2.195	-0.37677643846498454	0.3082382483346992
2.205	-0.3941812467127326	0.28052701254491585
2.215	-0.41155944695691615	0.2893263149047049
2.225	-0.428904782375598	0.29602429132782787
2.235	-0.4462109694434955	0.28354766857887326
2.245	-0.463471700085679	0.27711235789783356
2.255	-0.4806806438651121	0.2719903759272101
2.265	-0.49783145020326164	0.26424173653575406
2.275	-0.514917750632887	0.268838387022211
2.285	-0.5319331610821882	0.26174641198596316
2.295	-0.5488712841893609	0.2693637185063775
2.305	-0.5657257116466993	0.26345373930950433
2.315	-0.5824900265732296	0.2525531110130492
2.325	-0.599157805914964	0.2560990985311732
2.335	-0.6157226228717143	0.2525531110130492
2.345	-0.6321780493494834	0.24230914707180232
2.355	-0.6485176584373589	0.24441047300846835
2.365	-0.6647350269078469	0.25833175733888086
2.375	-0.6808237377395306	0.2349545062934712
2.385	-0.696777382660955	0.24178381558763581
2.395	-0.7125895647145709	0.24953245497909182
2.405	-0.7282539008395879	0.24165248271659417
2.415	-0.7437640244725447	0.2369244993590956
2.425	-0.7591135881643781	0.22891319422555634
2.435	-0.7742962662127766	0.21932589463951754
2.445	-0.7893057573085676	0.22379121225493287
2.455	-0.8041357871948647	0.22943852570972284
2.465	-0.8187801113376941	0.22339721364180798
2.475	-0.8332325176068013	0.2161739057345185
2.485	-0.8474868289653147	0.21696190296076825
2.495	-0.8615369061669338	0.201201958435773
2.505	-0.8753766504592869	0.20698060476160457
2.515	-0.8890000062921064	0.20343461724348064
2.525	-0.9024009640288162	0.20330328437243902
2.535	-0.9155735626601852	0.19200865746285906
2.545	-0.9285118925185813	0.20461661308285528
2.555	-0.9412100979914738	0.20317195150139739
2.565	-0.9536623802327109	0.1988379667570237
2.575	-0.9658629998701611	0.19345331904431698
2.585	-0.9778062797082658	0.1950293134968165
2.595	-0.9894866074240553	0.19542331210994138
2.605	-1.0008984382551507	0.19345331904431698
2.615	-1.0120362976783146	0.18806867133161026
2.625	-1.0228947840770537	0.1910893273655677
2.635	-1.0334685713967984	0.19292798756015045
2.645	-1.0437524117861976	0.1834720208451533
2.655	-1.0537411382230133	0.18806867133161026
2.665	-1.0634296671231638	0.18911933429994326
2.675	-1.0728130009314005	0.18754333984744373
2.685	-1.0818862306921406	0.18701800836327723
2.695	-1.0906445385989736	0.18045136481119586
2.705	-1.0990832005213456	0.17585471432473893
2.715	-1.1071975885069494	0.17795604026140496
2.725	-1.1149831732583313	0.17729937590619682
2.735	-1.122435526582238	0.17322805690390636
2.745	-1.1295503238102464	0.17611738006682218
2.755	-1.136323346189194	0.17401605413015614
2.765	-1.1427504832399702	0.17611738006682218
2.775	-1.1488277350831944	0.18071403055327911
2.785	-1.1545512147303731	0.1618020971232848
2.795	-1.159917150339072	0.16587341612557524
2.805	-1.1649218874307077	0.1719147281934901
2.815	-1.1695618910695327	0.1574681123789111
2.825	-1.1738337480014307	0.16810607493328292
2.835	-1.177734168751122	0.16771207632015803
2.845	-1.1812599896764344	0.16390342305995084
2.855	-1.1844081749782653	0.16390342305995084
2.865	-1.1871758186648969	0.17020740086994895
2.875	-1.1895601464693626	0.16048876841286852
2.885	-1.1915585177185493	0.16456008741515896
2.895	-1.1931684271527376	0.16797474206224128
2.905	-1.1943875066943495	0.16193342999432642
2.915	-1.19521352716462	0.15851877534724412
2.925	-1.1956443999470034	0.15615478366849483
2.935	-1.1956781785960866	0.17782470739036332
2.945	-1.1953130603908557	0.17112673096724032
2.955	-1.1945473878311288	0.17467271848536428
2.965	-1.1933796500760667	0.16784340919119964
2.975	-1.191808484323619	0.1724400596776566
2.985	-1.1898326771298464	0.17979470045598772
2.995	-1.1874511656670674	0.17454138561432264
3.005	-1.1846630389198	0.174410052743281
3.015	-1.1814675388174964	0.15838744247620248
3.025	-1.1778640613031208	0.17086406522515707
3.035	-1.1738521573366247	0.16626741473870013
3.045	-1.169431533832397	0.15838744247620248
3.055	-1.1646020545298532	0.17756204164828007
3.065	-1.1593637407962734	0.1675807434491164
3.075	-1.1537167723611106	0.17125806383828196
3.085	-1.1476614879809877	0.16863140641744942
3.095	-1.1411983860346164	0.17926936897182122
3.105	-1.134328125046959	0.17086406522515707
3.115	-1.127051524141936	0.16153943138120155
3.125	-1.1193695634230543	0.1636407573178676
3.135	-1.1112833842813283	0.18426001807140305
3.145	-1.1027942896299676	0.17349072264598964
3.155	-1.0939037440652675	0.16810607493328292
3.165	-1.0846133739532091	0.18268402361890354
3.175	-1.074924967441345	0.18531068103973608
3.185	-1.0648404743955227	0.1930593204311921
3.195	-1.0543620062610874	0.18517934816869444
3.205	-1.0434918358482066	0.18898800142890165
3.215	-1.0322323970410567	0.17349072264598964
3.225	-1.020586284430554	0.17900670322973797
3.235	-1.0085562528704737	0.19003866439723466
3.245	-0.9961452169567353	0.1921399903339007
3.255	-0.9833562504297358	0.19765597091764905
3.265	-0.9701925854996337	0.18583601252390258
3.275	-0.9566576120945293	0.19319065330223373
3.285	-0.9427548770315243	0.19594864359410788
3.295	-0.928488083110693	0.20619260753535482
3.305	-0.9138610881320322	0.19923196537014856
3.315	-0.898877903835517	0.19384731765744184
3.325	-0.8835426947643972	0.19962596398327345
3.335	-0.8678597770519437	0.20474794595389692
3.345	-0.8518336171318823	0.19870663388598206
3.355	-0.8354688303727995	0.2094759293113955
3.365	-0.818770179636845	0.2076372691168127
3.375	-0.8017425737630911	0.2190632288974343
3.385	-0.7843910659759598	0.21420391266889408
3.395	-0.7667208522191878	0.21591123999243522
3.405	-0.7487372694157937	0.20934459644035386
3.415	-0.7304457936545959	0.2172245687028515
3.425	-0.7118520383038913	0.21945722751055918
3.435	-0.6929617520528303	0.23272184748576352
3.445	-0.6737808168812686	0.21696190296076825
3.455	-0.6543152459586841	0.22615520393368216
3.465	-0.6345711814729835	0.22523587383639077
3.475	-0.6145548923899317	0.23062052154909748
3.485	-0.5942727721440796	0.23390384332513817
3.495	-0.5737313362620033	0.2369244993590956
3.505	-0.5529372199188066	0.2340351761961798
3.515	-0.5318971754287922	0.23994515539305303
3.525	-0.5106180696713382	0.2536037739813823
3.535	-0.4891068814529387	0.2530784424972157
3.545	-0.46737069880653703	0.254391771207632
3.555	-0.4454167162292054	0.24427914013742671
3.565	-0.4232522318593185	0.2681817226670029
3.575	-0.40088464459442796	0.253341108239299
3.585	-0.3783214511509998	0.26017041753346365
3.595	-0.3555702430672907	0.26305974069637944
3.605	-0.3326387036506695	0.27908235096345796
3.615	-0.30953460487062945	0.26660572821450335
3.625	-0.28626580419892356	0.28381033432095654
3.635	-0.2628402413981692	0.291033642228246
3.645	-0.2392659352603253	0.29641828994095276
3.655	-0.21555098029654085	0.2972062871672025
3.665	-0.1917035433798057	0.29457962974637
3.675	-0.16773186034194992	0.3081069154636576
3.685	-0.1436442325265195	0.3086322469478241
3.695	-0.11944902329912105	0.2970749542961609
3.705	-0.0951546545167935	0.3075815839794911
3.715	-0.0707696029580957	0.31559288911303035
3.725	-0.04630239671550418	0.3119155687238648
3.735	-0.021761611551855797	0.33844480867427346
3.745	0.002844132777508085	0.3427787934186472
3.755	0.02750617623510701	0.3419907961923974
3.765	0.0522158222425006	0.3418594633213558
3.775	0.07696434145046738	0.3492141040996869
3.785	0.10174297553638331	0.3450114522263548
3.795	0.1265429410270039	0.35906406942780894
3.805	0.15135543314480185	0.3603773981382252
3.815	0.1761716296759747	0.36970203198218077
3.825	0.20098269485828757	0.3654993801088487
3.835	0.22577978328684187	0.3820473218600937
3.845	0.2505540438358366	0.3811279917628023
3.855	0.2752966235944455	0.3849366450230095
3.865	0.29999867181483575	0.38940196263842486
3.875	0.3246513438703724	0.4046365756792536
3.885	0.3492458052221113	0.3989892622244636
3.895	0.373773235391496	0.4041112441950871
3.905	0.39822483193739056	0.39150328857509087
3.915	0.42259181443538407	0.4108092206182101
3.925	0.44686542845738464	0.40424257706612876
3.935	0.47103694954952363	0.4046365756792536
3.945	0.4950976872063161	0.42867049107987143
3.955	0.5190389888391085	0.4228918447540398
3.965	0.5428522437367498	0.4213158503015403
3.975	0.566528887016515	0.4214471831725819
3.985	0.5900604035632098	0.43943978650528487
3.995	0.6134383319544837	0.44574376431528295
4.005	0.6366542683702892	0.44640042867049107
4.015	0.6596998704845143	0.4511284120279897
4.025	0.6825668613367262	0.4425917754102839
4.035	0.7052470331820578	0.4544117338040304
4.045	0.7277322513172231	0.46163504171131986
4.055	0.7500144578806439	0.4519164092542394
4.065	0.7720856756247416	0.46610035932673516
4.075	0.7939380116583648	0.46885834961860934
4.085	0.8155636611574341	0.49538758956901807
4.095	0.8369549110418155	0.47857698207568977
4.105	0.8581041436164775	0.48291096682006346
4.115	0.8790038401750178	0.47778898484944
4.125	0.89964658456364	0.507732879446931
4.135	0.9200250667036607	0.5074702137048478
4.145	0.9401320860706872	0.498933577087142
4.155	0.9599605551285845	0.5090462081573472
4.165	0.9795035027163829	0.5110162012229718
4.175	0.9987540773863284	0.53347412217109
4.185	1.0177055506912218	0.553568051440459
4.195	1.036351320419304	0.5472640736304608
4.205	1.0546849137749021	0.5351814494946311
4.215	1.0726999905031236	0.5288774716846331
4.225	1.0903903459568618	0.5529113870852508
4.235	1.107749914104438	0.5605286936056652
4.245	1.1247727704762371	0.5623673538002479
4.255	1.1414531350486783	0.5668326714156633
4.265	1.1577853750639555	0.5670953371577465
4.275	1.1737640077839386	0.5844312761352414
4.285	1.1893837031767296	0.576813969614827
4.295	1.2046392865343447	0.5735306478387863
4.305	1.2195257410200646	0.5894219252348232
4.315	1.234038210143994	0.5941499085923218
4.325	1.2481720001654302	0.6036058753073189
4.335	1.261922582420692	0.6097785202462754
4.345	1.275285595575027	0.5934932442371136
4.355	1.2882568477973537	0.620153817058564
4.365	1.3008323188565274	0.612405177667108
4.375	1.3130081621379555	0.6009792178864863
4.385	1.3247807065793422	0.6231744730925214
4.395	1.3361464585244374	0.6321051083233521
4.405	1.3471021034936976	0.6282964550631449
4.415	1.3576445078707722	0.6097785202462754
4.425	1.36777072050383	0.6263264619975204
4.435	1.3774779742207242	0.6370957574229339
4.445	1.3867636872570703	0.6373584231650171
4.455	1.3956254645963686	0.6297411166446027
4.465	1.4040610992212996	0.6251444661581458
4.475	1.4120685732754141	0.6256697976423123
4.485	1.4196460591344495	0.647996385719389
4.495	1.4267919203865875	0.6384090861333501
4.505	1.4335047127209735	0.6612610056945933
4.515	1.4397831847238916	0.6607356742104268
4.525	1.4456262785820324	0.6489157158166804
4.535	1.4510331306923279	0.6570583538212612
4.545	1.4560030721778974	0.6491783815587636
4.555	1.460535629309672	0.6633623316312593
4.565	1.4646305238333268	0.6443190653302234
4.575	1.4682876732011978	0.6562703565950114
4.585	1.471507190708919	0.6418237407804325
4.595	1.474289385536541	0.6750509571539641
4.605	1.4766347626939709	0.6422177393935573
4.615	1.4785440228705908	0.6477337199773057
4.625	1.4800180621890098	0.6642816617285507
4.635	1.481057971862884	0.6619176700498014
4.645	1.481665037758883	0.6456323940406397
4.655	1.4818407398628277	0.6519363718506378
4.665	1.4815867516501604	0.6545630292714704
4.675	1.4809049393609242	0.649047048687722
4.685	1.4797973611794475	0.6510170417533464
4.695	1.4782662663190662	0.6448443968143899
4.705	1.4763140940121535	0.6573210195633445
4.715	1.4739434724058904	0.6452383954275148
4.725	1.47115721736416	0.6535123663031372
4.735	1.46795833117608	0.6420864065225157
4.745	1.4643500011716886	0.6457637269116813
4.755	1.4603355982453476	0.6539063649162622
4.765	1.4559186752875317	0.6336811027758515
4.775	1.451102965525624	0.6382777532623085
4.785	1.4458923807745012	0.6607356742104268
4.795	1.4402910095976396	0.6550883607556368
4.805	1.43430311537958	0.6389344176175167
4.815	1.4279331343106358	0.6183151568639812
4.825	1.4211856732847228	0.6267204606106453
4.835	1.4140655077113247	0.6133245077643994
4.845	1.4065775792425508	0.6307917796129358
4.855	1.3987269934163966	0.6451070625564731
4.865	1.3905190172172601	0.6238311374477296
4.875	1.3819590765548888	0.6225178087373132
4.885	1.3730527536629473	0.6214671457689802
4.895	1.363805784418414	0.6164764966693984
4.905	1.3542240555831266	0.5996658891760701
4.915	1.3443136019687503	0.61660782954044
4.925	1.3340806035265664	0.6083338586648175
4.935	1.3235313823634578	0.6001912206602367
4.945	1.3126723996855496	0.5819359515854504
4.955	1.3015102526709876	0.5766826367437854
4.965	1.2900516712733612	0.5766826367437854
4.975	1.278303514957344	0.5756319737754523
4.985	1.2662727693681353	0.5808852886171174
4.995	1.253966542936358	0.5655193427052471
5.005	1.2413920634200555	0.5622360209292063
5.015	1.2285566743854968	0.5836432789089916
5.025	1.2154678316285477	0.5460820777910862
5.035	1.2021330995383437	0.5716919876442035
5.045	1.1885601474050902	0.5476580722435858
5.055	1.1747567456738233	0.5441120847254618
5.065	1.1607307621459764	0.5342621193973397
5.075	1.146490158130659	0.5343934522683814
5.085	1.1320429845475593	0.5271701443610919
5.095	1.1173973779834347	0.5245434869402593
5.105	1.1025615567041354	0.5287461388135913
5.115	1.087543816624181	0.5097028725125554
5.125	1.072352527235905	0.5150875202252622
5.135	1.056996127500204	0.5350501166235895
5.145	1.0414831217009954	0.49945890857130854
5.155	1.0258220752653957	0.5195528378406775
5.165	1.0100216105518154	0.5206035008090105
5.175	0.9940904026080282	0.519027506356511
5.185	0.9780371749013962	0.5037928933156822
5.195	0.9618706950233734	0.5125921956754712
5.205	0.9455997703705272	0.4893462775011032
5.215	0.9292332438041745	0.4810723066254807
5.225	0.9127799892908982	0.47883964781777305
5.235	0.8962489075261636	0.4716163399104835
5.245	0.8796489215431892	0.4708283426842338
5.255	0.8629889723093693	0.48343629830422996
5.265	0.8462780143124666	0.4796276450440228
5.275	0.8295250111388043	0.46124104309819497
5.285	0.8127389310457346	0.4671510222950682
5.295	0.7959287425306132	0.46386770051902754
5.305	0.7791034098985744	0.44390510412070017
5.315	0.7622718888313116	0.46465569774527726
5.325	0.7454431219592047	0.45099707915694803
5.335	0.7286260344389623	0.4330044758242451
5.345	0.7118295295391053	0.44705709302569924
5.355	0.6950624842355329	0.42683183088528864
5.365	0.6783337448193978	0.4314284813717456
5.375	0.6616521225195678	0.4361564647292442
5.385	0.6450263891418886	0.4368131290844523
5.395	0.6284652727274921	0.4247305049486226
5.405	0.6119774532323846	0.4181638613965412
5.415	0.595571558230497	0.3963626048036311
5.425	0.579256158642404	0.41199121645758474
5.435	0.5630397644919355	0.41107188636029335
5.445	0.5469308206928064	0.38992729412259136
5.455	0.5309377028674506	0.4050305742923785
5.465	0.5150687132001971	0.3993832608375885
5.475	0.4993320763269061	0.40949589190779384
5.485	0.48373593526317726	0.38454264640988467
5.495	0.4682883473732299	0.3861186408623842
5.505	0.452997280381493	0.3779760028578033
5.515	0.4378706084289581	0.39386728025384016
5.525	0.42291610817634345	0.3970192691588392
5.535	0.40814145495602705	0.39334194876967365
5.545	0.3935542189747444	0.38835129967009185
5.555	0.379161861568977	0.39045262560675786
5.565	0.3649717315149926	0.3685200361428061
5.575	0.3509910613953573	0.37548067830801235
5.585	0.33722696402383273	0.39334194876967365
5.595	0.32368642893049654	0.37324801950030473
5.605	0.3103763189088144	0.3636607199142659
5.615	0.29730336662651907	0.3673380403034315
5.625	0.2844741713019573	0.3842799806678014
5.635	0.2718951954476476	0.3506587656811448
5.645	0.2595727616826756	0.3660247115930152
5.655	0.24751304961560527	0.3559120805228099
5.665	0.23572209279942855	0.3662873773350985
5.675	0.22420577576015566	0.3463247809367711
5.685	0.21296983110055565	0.3626100569459329
5.695	0.20201983668048942	0.35906406942780894
5.705	0.19136121287529864	0.3654993801088487
5.715	0.18099921991363305	0.35617474626489315
5.725	0.17093895529606604	0.3351614868982328
5.735	0.1611853512957988	0.3414654647082309
5.745	0.15174317254274908	0.3450114522263548
5.755	0.14261701369219437	0.35144676290739457
5.765	0.13381129717918747	0.340020803126773
5.775	0.12533027105987093	0.3519720943915611
5.785	0.1171780069407509	0.34987076845489506
5.795	0.10935839799699307	0.33056483641177586
5.805	0.1018751570807265	0.3264935174094854
5.815	0.09473181492029387	0.33411082392989977
5.825	0.08793171841135464	0.32058353821261215
5.835	0.08147802900067896	0.3275441803778184
5.845	0.0753737211634381	0.3239981928596945
5.855	0.06962158097474519	0.3230788627624031
5.865	0.06422420477613672	0.31283489882115617
5.875	0.05918399793764603	0.3317468322511505
5.885	0.05450317371608279	0.3216342011809452
5.895	0.050183752210051474	0.31821954653386286
5.905	0.04622755941221024	0.3278068461199017
5.915	0.042636226359228147	0.3133602303053227
5.925	0.0394111883798271	0.332272163735317
5.935	0.03655368444124443	0.31795688079177964
5.945	0.03406475659443134	0.3112589043686566
5.955	0.031945249518207874	0.3154615562419887
5.965	0.030195810162566505	0.31651221921032174
5.975	0.028816887491268928	0.32097753682573704
5.985	0.027808732323811258	0.3104709071424069
5.995	0.02717139727679077	0.33818214293219023
6.005	0.026904736804659657	0.31821954653386286
6.015	0.027008407339787238	0.3159868877261552
6.025	0.027481867531707116	0.31559288911303035
6.035	0.028324378585374982	0.31703755069448825
6.045	0.029535004698208994	0.32386685998865283
6.055	0.03111261359562917	0.3270188488936519
6.065	0.03305587716476696	0.33581815125344094
6.075	0.03536327218596383	0.3158555548551136
6.085	0.03803308116161866	0.31966420811532076
6.095	0.04106339324190908	0.3237355271176112
6.105	0.04445210524684304	0.31375422891844756
6.115	0.0481969227840551	0.33332282670365
6.125	0.05229536146172506	0.332272163735317
6.135	0.05674474819591277	0.32386685998865283
6.145	0.06154222261159792	0.33411082392989977
6.155	0.06668473853662746	0.3270188488936519
6.165	0.07216906558774511	0.33726281283489884
6.175	0.07799179084782407	0.3442234550001051
6.185	0.08414932063338759	0.33555548551135767
6.195	0.09063788235142264	0.3163808863392801
6.205	0.09745352644449287	0.33463615541406627
6.215	0.10459212842307461	0.3278068461199017
6.225	0.11204939098401326	0.3249175229569859
6.235	0.11982084621394212	0.33988947025573135
6.245	0.12790185787647348	0.3444861207421883
6.255	0.13628762378192022	0.33411082392989977
6.265	0.1449731782382728	0.34225346193448064
6.275	0.15395339458209076	0.3433041249028137
6.285	0.16322298778797475	0.3450114522263548
6.295	0.17277651715519923	0.3490827712286453
6.305	0.1826083890700513	0.3351614868982328
6.315	0.1927128598424286	0.33923280590052324
6.325	0.20308403861514876	0.3463247809367711
6.335	0.21371589034443142	0.3472441110340625
6.345	0.22460223884995695	0.3443547878711467
6.355	0.2357367699328882	0.35867007081468405
6.365	0.2471130345601698	0.35853873794364244
6.375	0.2587244521134474	0.3425161276765639
6.385	0.2705643137008716	0.3476381096471874
6.395	0.2826257855300059	0.35433608607031036
6.405	0.29490191234009877	0.36865136901384776
6.415	0.30738562089187355	0.36970203198218077
6.425	0.3200697235130119	0.35801340645947594
6.435	0.332946921697438	0.38900796402529997
6.445	0.34600980975655915	0.35578074765176826
6.455	0.3592508785204739	0.3862499737334258
6.465	0.37266251908725895	0.3598520666540587
6.475	0.3862370266183678	0.3670753745613482
6.485	0.3999666041780979	0.37837000147092814
6.495	0.41384336661519033	0.38336065057051
6.505	0.4278593444844876	0.3790266658261363
6.515	0.4420064880066241	0.37193469078988844
6.525	0.45627667106366265	0.3848053121519679
6.535	0.4706616952286383	0.3995145937086302
6.545	0.4851532938268836	0.38598730799134257
6.555	0.4997431360270238	0.390058626993633
6.565	0.5144228309595485	0.4020099182584211
6.575	0.5291839318608101	0.4003025909348799
6.585	0.5440179402403093	0.412253882199668
6.595	0.5589163100691197	0.3857246422492593
6.605	0.5738704519872965	0.4196085229779991
6.615	0.5888717375280796	0.4013532539032129
6.625	0.6039115033567659	0.40857656181050245
6.635	0.6189810555220386	0.41396120952320914
6.645	0.6340716737175749	0.4171131984282082
6.655	0.6491746155517727	0.42643783227216375
6.665	0.6642811208234096	0.4185578600096661
6.675	0.6793824158010398	0.43221647859799533
6.685	0.6944697175039675	0.42656916514320536
6.695	0.7095342379826053	0.42643783227216375
6.705	0.7245671885960486	0.42696316375633026
6.715	0.739559784284733	0.44613776292840784
6.725	0.7545032478359337	0.44456176847590834
6.735	0.7693888141400518	0.4508657462859064
6.745	0.7842077344354617	0.4594023829036122
6.755	0.7989512805398404	0.4454810985731997
6.765	0.8136107490658164	0.4536237365777806
6.775	0.8281774656188577	0.4618977074534031
6.785	0.8426427889752703	0.46150370884027825
6.795	0.8569981152382404	0.46216037319548636
6.805	0.8712348819698728	0.47555632604173237
6.815	0.8853445722971084	0.48409296265943813
6.825	0.89931871898955	0.48369896404631324
6.835	0.9131489085071767	0.4949935909558932
6.845	0.92682678501588	0.48461829414360463
6.855	0.9403440543689554	0.515875517451512
6.865	0.953692488052477	0.517976843388178
6.875	0.966863927092757	0.5074702137048478
6.885	0.9798502859238316	0.5224421610035933
6.895	0.9926435562132432	0.5204721679379689
6.905	1.0052358106441368	0.5332114564290067
6.915	1.0176192066519225	0.5513353926327513
6.925	1.0297859901136637	0.5271701443610919
6.935	1.041728498988433	0.5380707726575469
6.945	1.0534391669068952	0.5313727962344239
6.955	1.064910526708361	0.5491027338250436
6.965	1.0761352139237286	0.5349187837525479
6.975	1.0871059702025367	0.5501533967933766
6.985	1.0978156466826128	0.5579020361848327
6.995	1.1082572073006876	0.5670953371577465
7.005	1.1184237320424404	0.5589526991531657
7.015	1.1283084201304503	0.5686713316102461
7.025	1.1379045931485947	0.5628926852844145
7.035	1.1472056981014538	0.585613271974616
7.045	1.1562053104072822	0.5647313454789973
7.055	1.1648971368232512	0.5852192733614912
7.065	1.1732750183015694	0.5979585618525289
7.075	1.1813329327752449	0.5955945701737797
7.085	1.1890649978722003	0.5966452331421127
7.095	1.1964654735565925	0.6091218558910673
7.105	1.2035287646961144	0.5955945701737797
7.115	1.2102494235541905	0.6117485133118998
7.125	1.216622152205994	0.5982212275946123
7.135	1.2226418048772192	0.6068891970833596
7.145	1.2283033902046363	0.6036058753073189
7.155	1.233602073417488	0.6141125049906491
7.165	1.2385331784388027	0.6126678434091912
7.175	1.2430921899057612	0.6106978503435668
7.185	1.2472747551083385	0.6154258337010654
7.195	1.251076685845403	0.6151631679589822
7.205	1.2544939601975693	0.643399735232932
7.215	1.2575227242161537	0.6313171110971023
7.225	1.2601592935275359	0.6273771249658535
7.235	1.2624001548523947	0.6281651221921032
7.245	1.2642419674392615	0.6357824287125177
7.255	1.2656815644119024	0.6326304398075185
7.265	1.2667159540300512	0.6290844522893946
7.275	1.2673423208631451	0.6473397213641808
7.285	1.267558026876679	0.651148374624388
7.295	1.2673606124308645	0.6335497699048099
7.305	1.2667477971913832	0.6431370694908487
7.315	1.2657174809519502	0.6267204606106453
7.325	1.2642677443685928	0.6411670764252243
7.335	1.2623968496054871	0.624356468931896
7.345	1.26010324089231	0.6327617726785602
7.355	1.257385544993042	0.6461577255248062
7.365	1.2542425715863	0.6418237407804325
7.375	1.2506733135572305	0.6250131332871042
7.385	1.246676947201091	0.6297411166446027
7.395	1.2422528323386974	0.6338124356468932
7.405	1.2374005123439311	0.6171331610246066
7.415	1.2321197140835574	0.6280337893210616
7.425	1.2264103477696753	0.6330244384206435
7.435	1.2202725067251448	0.6143751707327324
7.445	1.2137064670623474	0.6360450944546009
7.455	1.2067126872757712	0.6177898253798146
7.465	1.199291807748855	0.6267204606106453
7.475	1.1914446501756366	0.6087278572779424
7.485	1.183172216897775	0.6133245077643994
7.495	1.174475690157551	0.6141125049906491
7.505	1.1653564312674882	0.5982212275946123
7.515	1.1558159796973082	0.620153817058564
7.525	1.1458560520789596	0.6361764273256425
7.535	1.1354785411304675	0.615557166572107
7.545	1.1246855144994512	0.6118798461829414
7.555	1.1134792135271612	0.6129305091512744
7.565	1.1018620519339153	0.6017672151127361
7.575	1.0898366144269072	0.587714597911282
7.585	1.0774056552312958	0.5991405576919037
7.595	1.0645720965456678	0.6087278572779424
7.605	1.0513390269228384	0.5900785895900313
7.615	1.0377096995771493	0.5794406270356596
7.625	1.0236875306193125	0.5764199710017021
7.635	1.009276097219998	0.5744499779360777
7.645	0.9944791357033396	0.5823299501985754
7.655	0.9793005395715639	0.5642060139948307
7.665	0.9637443574620239	0.5501533967933766
7.675	0.9478147910378667	0.5680146672550379
7.685	0.9315161928137073	0.5485774023408772
7.695	0.9148530639176174	0.5427987560150455
7.705	0.8978300517907964	0.5450314148227532
7.715	0.8804519478263283	0.5406974300783794
7.725	0.8627236849484774	0.5173201790329698
7.735	0.8446503351339164	0.5358381138498393
7.745	0.8262371068764208	0.517976843388178
7.755	0.8074893425965053	0.5307161318792158
7.765	0.7884125159975074	0.5124608628044296
7.775	0.7690122293697044	0.510228203996722
7.785	0.749294210844013	0.4905282733404779
7.795	0.7292643115968444	0.5069448822206812
7.805	0.708928503007737	0.4868509529513123
7.815	0.6882928737714215	0.4706970098131921
7.825	0.6673636269658907	0.4801529765281893
7.835	0.6461470770782158	0.4725356700077749
7.845	0.624649646989722	0.45966504864569546
7.855	0.6028778649222581	0.46150370884027825
7.865	0.5808383613472342	0.4571697240959045
7.875	0.5585378658591444	0.44679442728361596
7.885	0.5359832040153458	0.43366114017945323
7.895	0.5131812941437621	0.4557250625144466
7.905	0.49013914412032594	0.4381264577948686
7.915	0.4668638481178773	0.4247305049486226
7.925	0.4433625833282882	0.4161938683309168
7.935	0.4196426066595912	0.42788249385362165
7.945	0.3957112514098947	0.4152745382336254
7.955	0.3715759239198461	0.418951858622791
7.965	0.34724410020542135	0.42157851604362356
7.975	0.3227233225728645	0.38638130660446746
7.985	0.2980211962175283	0.3795519973103028
7.995	0.2731453858084162	0.38703797095967557
8.005	0.24810361206018972	0.3800773287944693
8.015	0.22290364829448128	0.37626867553426213
8.025	0.1975533169922329	0.3853306436361344
8.035	0.17206048633885984	0.3809966588917607
8.045	0.14643306676404996	0.3606400638803085
8.055	0.12067900747788138	0.35958940091197544
8.065	0.09480629300511159	0.35656874487801804
8.075	0.06882293971933581	0.35407342032822714
8.085	0.0427369923787638	0.3472441110340625
8.095	0.016556520665365365	0.3461934480657295
8.105	-0.009710384270902206	0.3318781651221921
8.115	-0.0360556132610686	0.3259681859253189
8.125	-0.062471042557636525	0.3304335035407342
8.135	-0.088948537264877	0.32084620395469543
8.145	-0.11547995475725922	0.32242219840719494
8.155	-0.14205714808440617	0.3098142427871987
8.165	-0.16867196936087492	0.31795688079177964
8.175	-0.19531627313912706	0.3134915631763643
8.185	-0.2219819197641999	0.3049549265586585
8.195	-0.24866077870833303	0.2936602996490786
8.205	-0.2753447318841058	0.28184034125533214
8.215	-0.3020256769344577	0.28341633570783165
8.225	-0.3286955304981324	0.2864369917417891
8.235	-0.3553462314489648	0.2714650444430436
8.245	-0.38196974410762097	0.2721217087982517
8.255	-0.4085580614242609	0.27671835928470867
8.265	-0.4351032081306597	0.260039084662422
8.275	-0.46159724386054646	0.2715963773140852
8.285	-0.48803226623654083	0.25018911933429994
8.295	-0.5144004139225269	0.2515024480447162
8.305	-0.5406938696400085	0.255442434175965
8.315	-0.5669048631472186	0.24729979617138415
8.325	-0.5930256741796616	0.2520277795288827
8.335	-0.619048635350851	0.23823782806951188
8.345	-0.6449661350120426	0.23955115677992814
8.355	-0.6707706200697783	0.23167118451743052
8.365	-0.6964545987600365	0.22602387106264052
8.375	-0.7220106433779029	0.22602387106264052
8.385	-0.7474313929616855	0.21880056315535104
8.395	-0.772709555930353	0.20238395427514763
8.405	-0.7978379126733068	0.21656790434764336
8.415	-0.8228093180914918	0.20054529408056485
8.425	-0.8476167040888396	0.2018586227909811
8.435	-0.8722530820131635	0.1908266616234844
8.445	-0.8967115450455957	0.2004139612095232
8.455	-0.9209852705376635	0.1941099833995251
8.465	-0.9450675222952138	0.2085565992141041
8.475	-0.9689516528084114	0.1820273592636954
8.485	-0.992631105426995	0.1908266616234844
8.495	-1.0160994164801105	0.17349072264598964
8.505	-1.0393502173400382	0.17887537035869636
8.515	-1.0623772364290929	0.17086406522515707
8.525	-1.0851743011692447	0.17309672403286475
8.535	-1.107735339873637	0.17073273235411546
8.545	-1.1300543835797083	0.1709953980961987
8.555	-1.1521255678232396	0.16744941057807478
8.565	-1.1739431343529205	0.1603574355418269
8.575	-1.1955014327850302	0.15996343692870202
8.585	-1.216794922197773	0.15641744941057809
8.595	-1.2378181726649402	0.15930677257349388
8.605	-1.2585658667285957	0.152214797537246
8.615	-1.2790328008104905	0.14840614427703883
8.625	-1.2992138865618816	0.15917543970245226
8.635	-1.3191041521516889	0.16009476979974363
8.645	-1.3386987434926818	0.14801214566391394
8.655	-1.3579929254056047	0.14985080585849672
8.665	-1.3769820827211763	0.1482748114059972
8.675	-1.3956617213198201	0.15011347160057997
8.685	-1.4140274691091417	0.1469614826955809
8.695	-1.4320750769391564	0.1459108197272479
8.705	-1.4498004194553145	0.13934417617516653
8.715	-1.4671994958893246	0.14262749795120722
8.725	-1.4842684307880138	0.13645485301225074
8.735	-1.5010034746802543	0.14026350627245793
8.745	-1.5174010046821986	0.13356552984933492
8.755	-1.5334575250410056	0.14118283636974932
8.765	-1.5491696676173323	0.14170816785391582
8.775	-1.564534192306855	0.12410956313433777
8.785	-1.579547987401124	0.1343535270755847
8.795	-1.594208069888121	0.13842484607787514
8.805	-1.608511585692868	0.13369686272037656
8.815	-1.6224558098585478	0.13448485994662632
8.825	-1.6360381466685114	0.12594822332892056
8.835	-1.6492561297097004	0.1276555506524617
8.845	-1.662107421877932	0.1272615520393368
8.855	-1.6745898153256682	0.12437222887642102
8.865	-1.6867012313527152	0.12975687658912774
8.875	-1.6984397202405304	0.12450356174746265
8.885	-1.7098034610307256	0.11911891403475594
8.895	-1.7207907612483924	0.12200823719767173
8.905	-1.731400056570977	0.128968879362878
8.915	-1.7416299104433424	0.12108890710038034
8.925	-1.751479013639781	0.12319023303704638
8.935	-1.7609461837737013	0.12266490155287987
8.945	-1.7700303647558282	0.12108890710038034
8.955	-1.7787306262015958	0.12607955619996217
8.965	-1.7870461627886862	0.1189875811637143
8.975	-1.7949762935654665	0.13251486688100192
8.985	-1.8025204612112258	0.11662358948496501
8.995	-1.8096782312491073	0.11386559919309085
9.005	-1.816449291212621	0.11688625522704828
9.015	-1.822833449766669	0.11819958393746455
9.025	-1.8288306357840463	0.11662358948496501
9.035	-1.8344408973783781	0.1146535964193406
9.045	-1.839664400894434	0.12227090293975498
9.055	-1.8445014298568887	0.12397823026329614
9.065	-1.8489523838784865	0.11570425938767362
9.075	-1.8530177775286587	0.1213515728424636
9.085	-1.8566982391636504	0.11307760196684108
9.095	-1.8599945097191848	0.12397823026329614
9.105	-1.8629074414667721	0.11741158671121478
9.115	-1.865437996734704	0.11767425245329803
9.125	-1.867587246594877	0.11911891403475594
9.135	-1.8693563695164919	0.12016957700308896
9.145	-1.8707466499877912	0.11491626216142387
9.155	-1.871759477106936	0.11504759503246549
9.165	-1.8723963431431485	0.11872491542163105
9.175	-1.8726588420692716	0.12345289877912964
9.185	-1.8725486680668773	0.11728025384017315
9.195	-1.8720676140050825	0.1251602261026708
9.205	-1.8712175698942222	0.12305890016600475
9.215	-1.870000521315541	0.1305448738153775
9.225	-1.8684185478280582	0.13277753262308517
9.235	-1.8664738213537828	0.1275242177814201
9.245	-1.8641686045424328	0.12227090293975498
9.255	-1.8615052491168296	0.1280495492655866
9.265	-1.8584861942001374	0.13185820252579378
9.275	-1.8551139646260995	0.13198953539683542
9.285	-1.851391169233459	0.13855617894891678
9.295	-1.8473204991457024	0.13133287104162727
9.305	-1.8429047260372988	0.12739288491037845
9.315	-1.838146700387581	0.13422219420454307
9.325	-1.8330493497234237	0.1329088654941268
9.335	-1.8276156768518663	0.14039483914349954
9.345	-1.8218487580838096	0.14118283636974932
9.355	-1.8157517414499158	0.13041354094433588
9.365	-1.809327844909858	0.14249616508016558
9.375	-1.8025803545560044	0.13842484607787514
9.385	-1.7955126228126663	0.14656748408245604
9.395	-1.7881280666319932	0.14078883775662443
9.405	-1.7804301656876127	0.14853747714808044
9.415	-1.7724224605670724	0.13947550904620817
9.425	-1.76410855096417	0.14525415537203976
9.435	-1.7554920938722094	0.14761814705078904
9.445	-1.7465768017792078	0.14617348546933115
9.455	-1.7373664408661111	0.14131416924079093
9.465	-1.7278648292089973	0.1526087961503709
9.475	-1.718075834986273	0.15733677950786948
9.485	-1.7080033746918462	0.15024480447162158
9.495	-1.6976514113552332	0.15720544663682784
9.505	-1.6870239527695452	0.15182079892412112
9.515	-1.6761250497282898	0.1618020971232848
9.525	-1.6649587942718889	0.15484145495807855
9.535	-1.6535293179448187	0.15339679337662065
9.545	-1.6418407900642336	0.16075143415495177
9.555	-Inf	0.0
9.565	-Inf	0.0
9.575	-Inf	0.0
9.585	-Inf	0.0
9.595	-Inf	0.0
9.605	-Inf	0.0
9.615	-Inf	0.0
9.625	-Inf	0.0
9.635	-Inf	0.0
9.645	-Inf	0.0
9.655	-Inf	0.0
9.665	-Inf	0.0
9.675	-Inf	0.0
9.685	-Inf	0.0
9.695	-Inf	0.0
9.705	-Inf	0.0
9.715	-Inf	0.0
9.725	-Inf	0.0
9.735	-Inf	0.0
9.745	-Inf	0.0
9.755	-Inf	0.0
9.765	-Inf	0.0
9.775	-Inf	0.0
9.785	-Inf	0.0
9.795	-Inf	0.0
9.805	-Inf	0.0
9.815	-Inf	0.0
9.825	-Inf	0.0
9.835	-Inf	0.0
9.845	-Inf	0.0
9.855	-Inf	0.0
9.865	-Inf	0.0
9.875	-Inf	0.0
9.885	-Inf	0.0
9.895	-Inf	0.0
9.905	-Inf	0.0
9.915	-Inf	0.0
9.925	-Inf	0.0
9.935	-Inf	0.0
9.945	-Inf	0.0
9.955	-Inf	0.0
9.965	-Inf	0.0
9.975	-Inf	0.0
9.985	-Inf	0.0
9.995	-Inf	0.0
