0.005	-Inf	0.0
0.015	-Inf	0.0
0.025	-Inf	0.0
0.035	-Inf	0.0
0.045	-Inf	0.0
0.055	-Inf	0.0
0.065	-Inf	0.0
0.075	-Inf	0.0
0.085	-Inf	0.0
0.095	-Inf	0.0
0.105	-Inf	0.0
0.115	-Inf	0.0
0.125	-Inf	0.0
0.135	-1.1511187255418471	0.2096643953023842
0.145	-1.1427180948895703	0.19308957486293896
0.155	-1.1341986334028697	0.1953562169743161
0.165	-1.1255637958207103	0.19804785448157644
0.175	-1.11681702851212	0.2188726288798538
0.185	-1.1079617682271978	0.2106560512261117
0.195	-1.0990014408762177	0.2064060972672796
0.205	-1.0899394603372692	0.20045616172491462
0.215	-1.0807792272928889	0.2130643584694499
0.225	-1.071524128096081	0.22028928019946448
0.235	-1.0621775336661183	0.21263936307356668
0.245	-1.0527427984144957	0.2130643584694499
0.255	-1.043223259201358	0.20272280383629177
0.265	-1.0336222343227324	0.2124976979416056
0.275	-1.0239430225288404	0.22312258283868588
0.285	-1.0141889020737693	0.2124976979416056
0.295	-1.0043631297967222	0.23360580260380512
0.305	-0.994468940235084	0.21575599597671025
0.315	-0.9845095447694737	0.21193103741376135
0.325	-0.9744881308009568	0.22269758744280269
0.335	-0.9644078609605611	0.2279391973253623
0.345	-0.954271872351196	0.22907251838105086
0.355	-0.9440832758220881	0.2279391973253623
0.365	-0.933845155275772	0.23105583022850584
0.375	-0.9235605670077017	0.23388913286772725
0.385	-0.91323253907848	0.23898907761832577
0.395	-0.9028640707187107	0.23431412826361045
0.405	-0.8924581317664306	0.22638088087379052
0.415	-0.8820176621370721	0.23913074275028684
0.425	-0.8715455713258746	0.2350224539234158
0.435	-0.8610447379426337	0.2331808072079219
0.445	-0.8505180092786715	0.23856408222244257
0.455	-0.8399682009058648	0.24819731119579536
0.465	-0.829398096307566	0.2408307243338197
0.475	-0.8188104465412119	0.25060561843913354
0.485	-0.8082079699324087	0.25244726515462745
0.495	-0.7975933518002402	0.25698054937738174
0.505	-0.7869692442135441	0.24777231579991216
0.515	-0.7763382657778681	0.2480556460638343
0.525	-0.7657030014527915	0.2525889302865885
0.535	-0.7550660023992961	0.2583972006969924
0.545	-0.7444297858568225	0.2629304849197467
0.555	-0.7337968350496563	0.26392214084347415
0.565	-0.7231695991222434	0.25202226975874426
0.575	-0.7125504931030266	0.265622122427007
0.585	-0.7019418978963885	0.2697304112538781
0.595	-0.6913461603022277	0.2589638612248367
0.605	-0.6807655930627318	0.27341370468486587
0.615	-0.6702024749358363	0.281630282338608
0.625	-0.6596590507948918	0.2609471730722917
0.635	-0.6491375317540055	0.2809219566788026
0.645	-0.6386400953185247	0.28559690603351795
0.655	-0.6281688855601244	0.2681720948023063
0.665	-0.6177260133159111	0.27638867245604837
0.675	-0.6073135564109844	0.28758021788097293
0.685	-0.5969335599038379	0.2931051580274547
0.695	-0.586588036354015	0.2939551488192211
0.705	-0.5762789661113659	0.29622179093059825
0.715	-0.5660082976263006	0.29126351131196077
0.725	-0.5557779477803653	0.29098018104803863
0.735	-0.5455898022364908	0.3010384054172746
0.745	-0.5354457158082448	0.3007550751533525
0.755	-0.5253475128473959	0.30231339160492426
0.765	-0.5152969876491063	0.295796795534715
0.775	-0.5052959048740394	0.3055716896400289
0.785	-0.49534599998668355	0.30514669424414564
0.795	-0.48544897970915873	0.29438014421510433
0.805	-0.4756065224897912	0.2933884882913768
0.815	-0.4658202789857101	0.3109549646545495
0.825	-0.4560918725587261	0.2979217725141311
0.835	-0.44642289978375715	0.3034467126606128
0.845	-0.43681493096902385	0.30897165280709454
0.855	-0.4272695106872829	0.3163382396690702
0.865	-0.4177881583173111	0.31732989559279773
0.875	-0.4083723685948988	0.30925498307101673
0.885	-0.399023612172558	0.30953831333493886
0.895	-0.3897433361871996	0.3251214778506566
0.905	-0.3805329648349841	0.32058819362790236
0.915	-0.3713938999525832	0.32568813837850086
0.925	-0.362327521604082	0.32866310614968336
0.935	-0.3533351886727293	0.3221465100794741
0.945	-0.34441823945678285	0.3285214410177223
0.955	-0.3355779922686598	0.3186048817804474
0.965	-0.32681574603663055	0.3221465100794741
0.975	-0.3181327809082868	0.31917154230829164
0.985	-0.30953035885501223	0.3322047344487101
0.995	-0.30100972427670214	0.3300797574692941
1.005	-0.2925721046059684	0.3377296745951919
1.015	-0.28421871091108264	0.34098797263029645
1.025	-0.2759507384969009	0.3334797206363597
1.035	-0.2677693675030436	0.3388629956508804
1.045	-0.25967576349858135	0.34311294960971256
1.055	-0.25167107807250255	0.3452379265891286
1.065	-0.24375644941925934	0.3364546884075422
1.075	-0.2359330029186495	0.35076286673561036
1.085	-0.22820185170936436	0.34552125685305074
1.095	-0.22056409725548343	0.3305047528651773
1.105	-0.2130208299052544	0.33716301406734756
1.115	-0.20557312944145978	0.3552961509583646
1.125	-0.19822206562274047	0.3453795917210897
1.135	-0.1909686987151964	0.33546303248381476
1.145	-0.18381408001363786	0.34282961934579037
1.155	-0.17675925235187118	0.3407046423663743
1.165	-0.1698052506013804	0.3283797758857612
1.175	-0.1629531021578361	0.3613877516326906
1.185	-0.15620382741481365	0.35586281148620885
1.195	-0.14955844022418063	0.3562878068820921
1.205	-0.14301794834256176	0.3408463074983354
1.215	-0.13658335386337672	0.3518961877912989
1.225	-0.1302556536338937	0.35118786213149356
1.235	-0.12403583965679932	0.3533128391109096
1.245	-0.11792489947580109	0.35997110031307994
1.255	-0.11192381654476402	0.35302950884698747
1.265	-0.10603357057993801	0.3494878805479607
1.275	-0.10025513789482599	0.35770445820170277
1.285	-0.09458949171726838	0.36563770559152275
1.295	-0.08903760248833603	0.3735709529813427
1.305	-0.08360043814263829	0.3629460680842624
1.315	-0.07827896436969284	0.3666293615152502
1.325	-0.07307414485597696	0.36039609570896314
1.335	-0.06798694150736329	0.3708793154740823
1.345	-0.06301831465159058	0.3659210358554449
1.355	-0.05816922322051088	0.36691269177917235
1.365	-0.053440624911807566	0.3738542832452648
1.375	-0.0488334763299636	0.3715876411338877
1.385	-0.04434873310621845	0.36407938913995097
1.395	-0.039987349997316124	0.37838756746801905
1.405	-0.03575028096285704	0.3659210358554449
1.415	-0.03163847922106411	0.35883777925739135
1.425	-0.027652897282837374	0.3739959483772259
1.435	-0.023794486963943484	0.38901245236509935
1.445	-0.020064199375255054	0.37031265494623805
1.455	-0.01646298489093012	0.37144597600192664
1.465	-0.012991793094490722	0.37994588391959083
1.475	-0.009651572702732869	0.36167108189661273
1.485	-0.006443271467463485	0.37654592075252513
1.495	-0.00336783605505131	0.3632293983481845
1.505	-0.00042621190381231244	0.36450438453583417
1.515	0.002380656940716208	0.3734292878493816
1.525	0.005051828012573756	0.38660414512176117
1.535	0.007586360634138534	0.38702914051764437
1.545	0.009983316146765286	0.3873124707815665
1.555	0.012241758163173078	0.38093753984331835
1.565	0.014360752841416025	0.3934040714558925
1.575	0.01633936918030232	0.37569592996075873
1.585	0.018176679336035173	0.37569592996075873
1.595	0.019871758959905783	0.38717080564960543
1.605	0.02142368755676971	0.3891541174970604
1.615	0.022831548864090334	0.3873124707815665
1.625	0.02409443125125388	0.3999206675261018
1.635	0.025211428138881553	0.39326240632393145
1.645	0.026181638437824173	0.3810792049752794
1.655	0.02700416700750785	0.3805125444474351
1.665	0.027678125133283715	0.39864568133845213
1.675	0.02820263102241327	0.37527093456487554
1.685	0.028576810318313717	0.39425406224765897
1.695	0.028799796632635433	0.3810792049752794
1.705	0.028870732094775864	0.3997790023941407
1.715	0.02878876791837004	0.39666236949099715
1.725	0.028553064984306764	0.39666236949099715
1.735	0.02816279443980374	0.38674581025372223
1.745	0.027617138313028144	0.38759580104548863
1.755	0.026915290142782045	0.38660414512176117
1.765	0.0260564556227052	0.40204564450551783
1.775	0.025039853259473666	0.38986244315686575
1.785	0.023864715044425	0.38136253523920155
1.795	0.02253028713804972	0.40048732805394605
1.805	0.021035830566763614	0.39892901160237426
1.815	0.019380621931356146	0.3960957089631529
1.825	0.017563954126522896	0.39000410828882687
1.835	0.015585137070825206	0.37909589312782443
1.845	0.013443498446480184	0.38320418195469547
1.855	0.011138384448293404	0.40530394254062246
1.865	0.008669160541106669	0.39864568133845213
1.875	0.006035212225070419	0.38419583787842293
1.885	0.003235945808058971	0.38816246157333295
1.895	0.0002707891845520338	0.3897207780249047
1.905	-0.0028608073797427025	0.39708736488688035
1.915	-0.006159370458202473	0.38943744776098255
1.925	-0.009625402669302674	0.3839125076145008
1.935	-0.013259381879003773	0.3786708977319412
1.945	-0.017061760400299386	0.3773959115442916
1.955	-0.02103296419061551	0.38476249840626725
1.965	-0.025173392047846743	0.38277918655881227
1.975	-0.029483414805766772	0.37031265494623805
1.985	-0.03396337452956166	0.3858958194619558
1.995	-0.03861358371227064	0.36847100823074413
2.005	-0.04343432447286866	0.39467905764354216
2.015	-0.048425847756800144	0.37597926022468087
2.025	-0.05358837253969195	0.3786708977319412
2.035	-0.05892208503505858	0.37796257207213585
2.045	-0.0644271379067467	0.3873124707815665
2.055	-0.07010364948690762	0.36266273782034025
2.065	-0.07595170300027954	0.3816458655031237
2.075	-0.08197134579553822	0.3768292510164473
2.085	-0.08816258858451853	0.3738542832452648
2.095	-0.09452540469004234	0.37144597600192664
2.105	-0.10105972930317042	0.35387949963875387
2.115	-0.1077654587506075	0.38292085169077333
2.125	-0.1146424497730546	0.36691269177917235
2.135	-0.1216905188152464	0.3547294904305203
2.145	-0.1289094413284546	0.35402116477071494
2.155	-0.13629895108619372	0.37229596679369303
2.165	-0.14385873951387984	0.3670543569111334
2.175	-0.15158845503318663	0.3579877884656249
2.185	-0.15948770242182508	0.360112765445041
2.195	-0.1675560421894784	0.3812208701072405
2.205	-0.175792989970607	0.3582711187295471
2.215	-0.18419801593483598	0.3605377608409242
2.225	-0.19277054421562578	0.3677626825709388
2.235	-0.20150995235789926	0.3586961141254303
2.245	-0.210415570785343	0.3552961509583646
2.255	-0.21948668228800583	0.3544461601665982
2.265	-0.22872252153089123	0.3377296745951919
2.275	-0.23812227458416024	0.35359616937483174
2.285	-0.24768507847560617	0.3326297298445933
2.295	-0.2574100207659886	0.3326297298445933
2.305	-0.26729613914786543	0.34056297723441326
2.315	-0.27734242106849427	0.3242714870588902
2.325	-0.2875478033773874	0.3246964824547734
2.335	-0.29791117199908723	0.3269631245661505
2.345	-0.30843136163170726	0.33022142260125514
2.355	-0.31910715547176693	0.3254048081145787
2.365	-0.32993728496584007	0.33362138576832084
2.375	-0.34092042958951263	0.3150632534814206
2.385	-0.3520552166541322	0.3215798495516298
2.395	-0.3633402211418124	0.3154882488773038
2.405	-0.37477396556913845	0.31279661137004344
2.415	-0.38635491987999515	0.31874654691240845
2.425	-0.3980815013679271	0.31392993242573203
2.435	-0.40995207462842886	0.3084049922792503
2.445	-0.4219649515415193	0.30203006134100213
2.455	-0.43411839128495794	0.30897165280709454
2.465	-0.4464106003784201	0.30273838700080746
2.475	-0.4588397327589614	0.2987717633058975
2.485	-0.4714038898880284	0.28474691524175155
2.495	-0.48410112089030666	0.3045800337163014
2.505	-0.4969294227246276	0.2926801626315715
2.515	-0.5098867403871743	0.29565513040275393
2.525	-0.5229709671471727	0.29168850670784396
2.535	-0.5361799448152531	0.28743855274901187
2.545	-0.5495114640446317	0.29041352052019437
2.555	-0.5629632646652426	0.2705804020456445
2.565	-0.5765330360509382	0.2613721684681749
2.575	-0.5902184175198315	0.2685970901981895
2.585	-0.604016998767849	0.2685970901981895
2.595	-0.6179263203355386	0.2739803652127102
2.605	-0.6319438741081194	0.27313037442094373
2.615	-0.6460671038488188	0.26845542506622844
2.625	-0.6602934057654015	0.265622122427007
2.635	-0.6746201291098807	0.2599555171485642
2.645	-0.6890445768113115	0.24550567368853501
2.655	-0.7035640061415525	0.2571222145093428
2.665	-0.7181756294139039	0.25400558160619924
2.675	-0.732876614714422	0.2422473756534304
2.685	-0.7476640866657703	0.23686410063890972
2.695	-0.7625351272233839	0.23828075195852044
2.705	-0.7774867765037377	0.2498972927793282
2.715	-0.792516033644462	0.2404057289379365
2.725	-0.8076198576960385	0.24961396251540607
2.735	-0.8227951685447608	0.229355848644973
2.745	-0.8380388478666743	0.2245392341582966
2.755	-0.8533477401121238	0.22043094533142557
2.765	-0.8687186535205461	0.2255308900820241
2.775	-0.8841483611651323	0.2207142755953477
2.785	-0.8996336020269213	0.22482256442221873
2.795	-0.915171082097914	0.21363101899729417
2.805	-0.9307574755127374	0.2134893538653331
2.815	-0.9463894257083635	0.20895606964257885
2.825	-0.962063546611408	0.20456445055178568
2.835	-0.9777764238524556	0.20810607885081242
2.845	-0.9935246160068847	0.19932284066922606
2.855	-1.0093046558616012	0.1986145150094207
2.865	-1.025113051707118	0.20173114791256427
2.875	-1.0409462886543297	0.1877062998484183
2.885	-1.0568008299754044	0.1987561801413818
2.895	-1.072673118468087	0.19337290512686112
2.905	-1.0885595778427692	0.18968961169587328
2.915	-1.1044566141316414	0.18246468996585868
2.925	-1.1203606171191824	0.1738231169162334
2.935	-1.136267961793315	0.18473133207723583
2.945	-1.1521750098164043	0.18756463471645723
2.955	-1.168078111015408	0.18600631826488545
2.965	-1.4502128959062714	0.14435676946833076
2.975	-1.4643286230291543	0.1374151780022383
2.985	-1.4784293969678999	0.13401521483517262
2.995	-0.9770180006775572	0.2134893538653331
3.005	-0.9927230577203666	0.20980606043434527
3.015	-1.0084021040127684	0.20229780844040854
3.025	-1.0240514496949191	0.21433934465709953
3.035	-1.0396674055834911	0.21717264729632094
3.045	-1.0552462847967048	0.1959228775021604
3.055	-1.0707844043899328	0.20088115712079785
3.065	-1.0862780870009687	0.20428112028786352
3.075	-1.1017236625040092	0.19988950119707036
3.085	-1.1171174696713795	0.1925229143350947
3.095	-1.1324558578420771	0.20569777160747424
3.105	-1.1477351885961058	0.19379790052274432
3.115	-1.162951837433687	0.19209791893921146
3.125	-1.1781021954582789	0.19563954723823823
3.135	-1.1931826710624702	0.18940628143195115
3.145	-1.2081896916157007	0.18699797418861294
3.155	-1.223119705152798	0.19365623539078325
3.165	-1.2379691820623482	0.18458966694527473
3.175	-1.2527346167738054	0.17807307087506552
3.185	-1.2674125294423824	0.17580642876368838
3.195	-1.2819994676306292	0.17198147020073948
3.205	-1.2964920079856934	0.17736474521526016
3.215	-1.3108867579112156	0.17793140574310443
3.225	-1.3251803572328043	0.16858150703367378
3.235	-1.3393694798560427	0.1742481123121166
3.245	-1.3534508354160124	0.169006502429557
3.255	-1.3674211709172428	0.16291490175523096
3.265	-1.3812772723630715	0.1617815806995424
3.275	-1.395015966373352	0.1617815806995424
3.285	-1.4086341217894796	0.16220657609542563
3.295	-1.4221286512656803	0.15639830568502172
3.305	-1.4354965128455444	0.16263157149130883
3.315	-1.4487347115227438	0.1507317004065789
3.325	-1.4618403007849263	0.16744818597798522
3.335	-1.4748103841397548	0.15781495700463244
3.345	-1.4876421166220752	0.1579566221365935
3.355	-1.5003327062811957	0.15115669580246213
3.365	-1.5128794156472818	0.15965660372012636
3.375	-1.5252795631758582	0.14832339316324072
3.385	-1.5375305246694608	0.14619841618382468
3.395	-1.5496297346754124	0.1498817096148125
3.405	-1.5615746878588035	0.15710663134482708
3.415	-1.5733629403496798	0.14634008131578574
3.425	-1.5849921110635226	0.14138180169714826
3.435	-1.5964598829940737	0.13996515037753757
3.445	-1.6077640044775838	0.13585686155066654
3.455	-1.6189022904275694	0.1331652240434062
3.465	-1.6298726235392127	0.1350068707589001
3.475	-1.640672955462483	0.1436484438085254
3.485	-1.6513013079431569	0.13713184773831616
3.495	-1.6617557739308675	0.138831829321849
3.505	-1.6720345186533379	0.12863193982065194
3.515	-1.682135780656024	0.14322344841264217
3.525	-1.692057872806332	0.13231523325163977
3.535	-1.701799183261652	0.1321735681196787
3.545	-1.7113581764004335	0.13585686155066654
3.555	-1.7207333937155869	0.1297652608763405
3.565	-1.7299234546694504	0.12296533454220912
3.575	-1.738927057509668	0.13684851747439403
3.585	-1.7477429800452642	0.12126535295867627
3.595	-1.7563700803822713	0.12154868322259842
3.605	-1.7648072976182694	0.1277819490288855
3.615	-1.7730536524952343	0.12622363257731373
3.625	-1.7811082480100944	0.12197367861848163
3.635	-1.7889702699824224	0.11687373386788309
3.645	-1.7966389875787456	0.1197070365071045
3.655	-1.8041137537929097	0.11545708254827239
3.665	-1.8113940058820588	0.12282366941024804
3.675	-1.8184792657577198	0.11984870163906557
3.685	-1.825369140331547	0.1197070365071045
3.695	-1.832063321815346	0.1172987292637663
3.705	-1.8385615879749468	0.1182903851874938
3.715	-1.8448638023375825	0.11163212398532349
3.725	-1.850969914352421	0.12084035756279306
3.735	-1.8568799595039547	0.1221153437504427
3.745	-1.8625940593779466	0.11418209636062275
3.755	-1.868112421679697	0.11319044043689526
3.765	-1.873435340204396	0.11418209636062275
3.775	-1.8785631947593349	0.10851549108217994
3.785	-1.8834964510378593	0.10639051410276387
3.795	-1.8882356604448813	0.1130487753049342
3.805	-1.8927814598738488	0.11290711017297311
3.815	-1.897134571435085	0.11489042202042811
3.825	-1.901295802135461	0.09987391803255465
3.835	-1.905266043509345	0.11914037597926022
3.845	-1.9090462712008616	0.10412387199138676
3.855	-1.9126375444974895	0.10851549108217994
3.865	-1.916041005815032	0.11361543583277847
3.875	-1.9192578801341038	0.108657156214141
3.885	-1.9222894743882153	0.10568218844295853
3.895	-1.925137176803633	0.10964881213786849
3.905	-1.9278024561911806	0.10469053251923104
3.915	-1.9302868611902142	0.10497386278315317
3.925	-1.9325920194649906	0.10738217002649138
3.935	-1.934719636853731	0.10780716542237458
3.945	-1.936671496470656	0.1062488489708028
3.955	-1.9384494577613305	0.11177378911728456
3.965	-1.9400554555116978	0.10639051410276387
3.975	-1.9414914988111729	0.10313221606765927
3.985	-1.9427596699702252	0.10851549108217994
3.995	-1.9438621233928979	0.10554052331099746
4.005	-1.9448010844047487	0.10908215161002421
4.015	-1.94557884803671	0.11021547266571279
4.025	-1.9461977777654087	0.10554052331099746
4.035	-1.9466603042105235	0.10894048647806315
4.045	-1.9469689237897407	0.10554052331099746
4.055	-1.9471261973319636	0.10894048647806315
4.065	-1.9471347486494037	0.10908215161002421
4.075	-1.9469972630692332	0.10511552791511425
4.085	-1.9467164859254988	0.10355721146354246
4.095	-1.9462952210120368	0.10837382595021887
4.105	-1.9457363289971248	0.1072405048945303
4.115	-1.9450427258006662	0.11219878451316777
4.125	-1.9442173809347225	0.10426553712334782
4.135	-1.9432633158081862	0.10384054172746461
4.145	-1.9421836019964998	0.10369887659550354
4.155	-1.9409813594772622	0.10554052331099746
4.165	-1.939659754832653	0.10993214240179064
4.175	-1.938221999419579	0.10837382595021887
4.185	-1.9366713475085149	0.10950714700590743
4.195	-1.9350110943919914	0.10114890422020427
4.205	-1.9332445744637325	0.1100738075337517
4.215	-1.9313751592694735	0.10851549108217994
4.225	-1.9294062555304536	0.11474875688846703
4.235	-1.9273413031406852	0.10851549108217994
4.245	-1.9251837731390453	0.1124821147770899
4.255	-1.9229371656573	0.11092379832551813
4.265	-1.9206050078451584	0.11602374307611667
4.275	-1.9181908517735011	0.1120571193812067
4.285	-1.9156982723169296	0.11120712858944028
4.295	-1.9131308650167793	0.1120571193812067
4.305	-1.9104922439258143	0.11956537137514342
4.315	-1.9077860394357633	0.10426553712334782
4.325	-1.9050158960889139	0.11177378911728456
4.335	-1.902185470375008	0.11474875688846703
4.345	-1.8992984285146521	0.11814872005553272
4.355	-1.896358444230493	0.11460709175650596
4.365	-1.8933691965074364	0.12084035756279306
4.375	-1.890334367343153	0.11942370624318235
4.385	-1.8872576394901783	0.11800705492357165
4.395	-1.8841426941908757	0.11333210556885633
4.405	-1.8809932089065844	0.11319044043689526
4.415	-1.8778128550422277	0.12565697204946946
4.425	-1.8746052956677308	0.11489042202042811
4.435	-1.8713741832375468	0.12310699967417019
4.445	-1.8681231573096135	0.11956537137514342
4.455	-1.8648558422650967	0.12225700888240376
4.465	-1.8615758450302273	0.12509031152162517
4.475	-1.8582867528015883	0.12225700888240376
4.485	-1.8549921307761794	0.11744039439572737
4.495	-1.851695519887624	0.12565697204946946
4.505	-1.8484004345498255	0.11999036677102663
4.515	-1.845110360409455	0.12197367861848163
4.525	-1.841828752108592	0.1263652977092748
4.535	-1.838559031058851	0.12183201348652055
4.545	-1.8353045832283623	0.12310699967417019
4.555	-1.832068756942911	0.12084035756279306
4.565	-1.8288548607025843	0.13047358653614585
4.575	-1.825666161015251	0.1283486095567298
4.585	-1.8225058802481875	0.12183201348652055
4.595	-1.8193771944991757	0.12622363257731373
4.605	-1.8162832314883666	0.1273569536330023
4.615	-1.813227068472228	0.1265069628412359
4.625	-1.8102117301808478	0.11602374307611667
4.635	-1.8072401867798848	0.12693195823711909
4.645	-1.8043153518584392	0.12254033914632591
4.655	-1.8014400804440907	0.1311819121959512
4.665	-1.7986171670463729	0.12565697204946946
4.675	-1.7958493437298935	0.12948193061241836
4.685	-1.793139278218343	0.1197070365071045
4.695	-1.7904895720305851	0.12721528850104122
4.705	-1.7879027586500316	0.12792361416084658
4.715	-1.7853813017284677	0.13344855430732833
4.725	-1.782927593325498	0.12707362336908015
4.735	-1.78054395218475	0.13458187536301688
4.745	-1.778232622047956	0.12891527008457407
4.755	-1.7759957700080322	0.13798183853008258
4.765	-1.7738354849022224	0.12310699967417019
4.775	-1.7717537757463981	0.13189023785575654
4.785	-1.7697525702115378	0.13274022864752297
4.795	-1.7678337131434132	0.12622363257731373
4.805	-1.7659989651265056	0.12891527008457407
4.815	-1.7642500010931037	0.12721528850104122
4.825	-1.7625884089785546	0.13727351287027723
4.835	-1.7610156884236021	0.12268200427828697
4.845	-1.7595332495247022	0.1311819121959512
4.855	-1.7581424116332232	0.12749861876496338
4.865	-1.7568444022043683	0.13628185694654973
4.875	-1.7556403556966556	0.1335902194392894
4.885	-1.7545313125227533	0.12707362336908015
4.895	-1.7535182180524642	0.13557353128674438
4.905	-1.7526019216685815	0.13585686155066654
4.915	-1.75178317587635	0.13429854509909475
4.925	-1.7510626354672258	0.13557353128674438
4.935	-1.7504408567375775	0.14053181090538186
4.945	-1.7499182967629765	0.13429854509909475
4.955	-1.74949531272867	0.13812350366204365
4.965	-1.7491721613168054	0.13189023785575654
4.975	-1.7489489981509383	0.13911515958577114
4.985	-1.7488258772983445	0.13061525166810692
4.995	-1.7488027508305968	0.14209012735695362
5.005	-1.7488794684428484	0.13996515037753757
5.015	-1.7490557771322468	0.13245689838360084
5.025	-1.7493313209358377	0.13784017339812152
5.035	-1.7497056407283	0.13840683392596578
5.045	-1.7501781740798434	0.13274022864752297
5.055	-1.7507482551745182	0.1354318661547833
5.065	-1.7514151147891848	0.1426567878847979
5.075	-1.7521778803333636	0.138831829321849
5.085	-1.7530355759501206	0.14605675105186358
5.095	-1.753987122678124	0.14138180169714826
5.105	-1.7550313386750034	0.13798183853008258
5.115	-1.7561669395020247	0.1398234852455765
5.125	-1.7573925384701774	0.13146524245987334
5.135	-1.7587066470476216	0.1398234852455765
5.145	-1.76010767532847	0.1303319214041848
5.155	-1.7615939325628467	0.1321735681196787
5.165	-1.7631636277480855	0.13330688917536726
5.175	-1.7648148702809616	0.13387354970321153
5.185	-1.7665456706707168	0.13061525166810692
5.195	-1.76835394131274	0.12565697204946946
5.205	-1.7702374973225732	0.1293402654804573
5.215	-1.7721940574300095	0.12990692600830156
5.225	-1.7742212449329566	0.12693195823711909
5.235	-1.7763165887106724	0.1293402654804573
5.245	-1.7784775242960147	0.13302355891144513
5.255	-1.780701395006283	0.12863193982065194
5.265	-1.7829854531321572	0.12466531612574196
5.275	-1.7853268611842628	0.12948193061241836
5.285	-1.7877226931968375	0.13004859114026263
5.295	-1.7901699360879046	0.13458187536301688
5.305	-1.7926654910753799	0.13373188457125046
5.315	-1.795206175148493	0.12381532533397555
5.325	-1.7977887225938138	0.12849027468869087
5.335	-1.8004097865752162	0.12084035756279306
5.345	-1.8030659407670664	0.12013203190298771
5.355	-1.8057536810398283	0.1259403023133916
5.365	-1.808469427197315	0.13458187536301688
5.375	-1.8112095247647855	0.11984870163906557
5.385	-1.813970246826968	0.11701539899984416
5.395	-1.8167477959151852	0.1283486095567298
5.405	-1.8195383059426258	0.11474875688846703
5.415	-1.8223378441868303	0.12409865559789768
5.425	-1.8251424133184075	0.12041536216690985
5.435	-1.8279479534749723	0.12395699046593661
5.445	-1.8307503443792967	0.12608196744535266
5.455	-1.8335454075005713	0.11744039439572737
5.465	-1.836328908257733	0.11517375228435024
5.475	-1.8390965582637013	0.12268200427828697
5.485	-1.84184401760942	0.12225700888240376
5.495	-1.8445668971865148	0.11843205031945486
5.505	-1.8472607610473863	0.11758205952768844
5.515	-1.8499211288015185	0.11899871084729914
5.525	-1.852543478046759	0.12523197665358624
5.535	-1.855123246834342	0.1311819121959512
5.545	-1.8576558361663102	0.11659040360396095
5.555	-1.8601366125241074	0.12197367861848163
5.565	-1.8625609104269392	0.11928204111122129
5.575	-1.8649240350186114	0.12041536216690985
5.585	-1.8672212646814832	0.11999036677102663
5.595	-1.869447853676095	0.11786538979161058
5.605	-1.8715990348051406	0.12424032072985874
5.615	-1.8736700221003126	0.12310699967417019
5.625	-1.8756560135306442	0.13047358653614585
5.635	-1.8775521937308126	0.12381532533397555
5.645	-1.8793537367480553	0.11687373386788309
5.655	-1.8810558088061005	0.12579863718143053
5.665	-1.8826535710847114	0.11999036677102663
5.675	-1.884142182513325	0.11956537137514342
5.685	-1.8855168025772078	0.12027369703494878
5.695	-1.8867725941347264	0.12622363257731373
5.705	-1.8879047262440483	0.1277819490288855
5.715	-1.8889083769978852	0.11786538979161058
5.725	-1.8897787363646	0.11659040360396095
5.735	-1.8905110090342128	0.11871538058337701
5.745	-1.8911004172676793	0.12055702729887093
5.755	-1.8915422037479044	0.12154868322259842
5.765	-1.8918316344309414	0.12239867401436484
5.775	-1.8919640013957204	0.1100738075337517
5.785	-1.8919346256908465	0.1259403023133916
5.795	-1.8917388601767486	0.11276544504101205
5.805	-1.8913720923617383	0.12098202269475414
5.815	-1.8908297472302835	0.11942370624318235
5.825	-1.8901072900619975	0.11574041281219452
5.835	-1.889200229239702	0.12310699967417019
5.845	-1.8881041190450472	0.12140701809063734
5.855	-1.8868145624400718	0.11630707334003881
5.865	-1.8853272138331765	0.1182903851874938
5.875	-1.8836377818279042	0.11701539899984416
5.885	-1.88174203195301	0.1211236878267152
5.895	-1.879635789372274	0.11800705492357165
5.905	-1.8773149415724821	0.11078213319355706
5.915	-1.8747754410280888	0.11715706413180522
5.925	-1.8720133078410073	0.12098202269475414
5.935	-1.8690246323540411	0.11772372465964952
5.945	-1.865805577736451	0.12579863718143053
5.955	-1.8623523825401789	0.12041536216690985
5.965	-1.858661363225234	0.13075691680006798
5.975	-1.8547289166528267	0.1197070365071045
5.985	-1.8505515225447648	0.1316069075918344
5.995	-1.8461257459077234	0.12225700888240376
6.005	-1.8414482394209541	0.11616540820807773
6.015	-1.8365157457860497	0.12254033914632591
6.025	-1.8313251000373942	0.13047358653614585
6.035	-2.7992491136912383	0.04986612645029678
6.045	-2.790759895439564	0.05114111263794642
6.055	-2.782003606660563	0.04561617249146467
6.065	-2.7729774739910624	0.052274433693634985
6.075	-2.763678827316556	0.04986612645029678
6.085	-2.7541051018180744	0.05099944750598535
6.095	-2.744253839970712	0.05043278697814107
6.105	-2.7341226934926137	0.05184943829775177
6.115	-2.7237094252432414	0.05269942908951819
6.125	-2.7130119110698128	0.05128277776990749
6.135	-2.7020281416007252	0.05949935542364957
6.145	-2.690756223984965	0.054116080409128894
6.155	-2.679194383576324	0.05439941067305104
6.165	-2.667340965561494	0.057657708708155654
6.175	-2.6551944365309788	0.05666605278442816
6.185	-2.6427533859918486	0.05751604357619459
6.195	-2.630016527821402	0.05751604357619459
6.205	-2.6169827016608265	0.05496607120089532
6.215	-2.6036508742479487	0.056099392256583884
6.225	-2.590020140688246	0.05822436923599994
6.235	-2.5760897256633166	0.05808270410403887
6.245	-2.5618589845759434	0.05397441527716783
6.255	-2.547327404631112	0.06134100213914349
6.265	-2.532494605852172	0.05510773633285639
6.275	-2.5173603420315045	0.0651659607020924
6.285	-2.501924501615035	0.06020768108345492
6.295	-2.486187108519962	0.0569493830483503
6.305	-2.470148322885153	0.0617659975350267
6.315	-2.4538084417536394	0.05893269489580529
6.325	-2.4371678996867345	0.06389097451444276
6.335	-2.420227269309239	0.06204932779894884
6.345	-2.4029872617853947	0.07239088243210698
6.355	-2.385448727225115	0.06615761662581988
6.365	-2.3676126550201717	0.07125756137641842
6.375	-2.3494801741100098	0.06842425873719701
6.385	-2.3310525531768826	0.07394919888367875
6.395	-2.31233120077012	0.07054923571661306
6.405	-2.2933176653592664	0.07791582257858873
6.415	-2.27401363531596	0.07621584099505588
6.425	-2.254420938824375	0.07409086401563983
6.435	-2.234541543720207	0.0823074416693819
6.445	-2.2143775572580906	0.07904914363427729
6.455	-2.1939312258074692	0.07791582257858873
6.465	-2.173204934476909	0.08372409298899261
6.475	-2.152201206666967	0.07819915284251086
6.485	-2.1309227035516765	0.08046579495388799
6.495	-2.1093722234888235	0.0852824094405644
6.505	-2.0875527013591713	0.08627406536429189
6.515	-2.0654672078348453	0.08372409298899261
6.525	-2.043118948577186	0.09279066143450111
6.535	-2.020511263364319	0.09491563841391717
6.545	-1.9976476251487725	0.08698239102409723
6.555	-1.974531639045566	0.09094901471900721
6.565	-1.9511670412511308	0.0895323633993965
6.575	-1.9275576978935418	0.09987391803255465
6.585	-1.9037076038145175	0.09803227131706073
6.595	-1.8796208812837651	0.09491563841391717
6.605	-1.8553017786461492	0.10029891342843784
6.615	-1.8307546689023746	0.10044057856039892
6.625	-1.8059840482237581	0.10936548187394636
6.635	-1.780994534401751	0.09803227131706073
6.645	-1.7557908652329794	0.10766550029041351
6.655	-1.73037789684048	0.1072405048945303
6.665	-1.7047606019319481	0.10469053251923104
6.675	-1.6789440679957797	0.10964881213786849
6.685	-1.6529334954357744	0.11134879372140134
6.695	-1.6267341956453905	0.11191545424924562
6.705	-1.6003515890224058	0.11460709175650596
6.715	-1.5737912029249943	0.11942370624318235
6.725	-1.5470586695701787	0.11120712858944028
6.735	-1.5201597238756241	0.12381532533397555
6.745	-1.4931002012458823	0.11630707334003881
6.755	-1.4658860353041028	0.12990692600830156
6.765	-1.4385232555703338	0.1283486095567298
6.775	-1.4110179850875326	0.12849027468869087
6.785	-1.38337643799648	0.13529020102282224
6.795	-1.3556049170607112	0.13628185694654973
6.805	-1.3277098111427525	0.1335902194392894
6.815	-1.2996975926328789	0.1335902194392894
6.825	-1.2715748148316357	0.13203190298771764
6.835	-1.2433481092874477	0.14279845301675897
6.845	-1.215024183090624	0.14393177407244753
6.855	-1.1866098161251006	0.13812350366204365
6.865	-1.1581118582792964	0.1484650582952018
6.875	-1.129537226617402	0.13939848984969327
6.885	-1.1008929025126495	0.14761506750343537
6.895	-1.072185928743847	0.15767329187267137
6.905	-1.0434234065567156	0.16688152545014096
6.915	-1.0146124926914826	0.14223179248891468
6.925	-0.9857603963781909	0.15597331028913852
6.935	-0.9568743763012599	0.17396478204819446
6.945	-0.9279617375348216	0.16107325503973705
6.955	-0.8990298284503729	0.1613565853036592
6.965	-0.8700860375982273	0.1782147360070266
6.975	-0.8411377905644762	0.17396478204819446
6.985	-0.8121925468049203	0.17268979586054484
6.995	-0.7832577964576108	0.18699797418861294
7.005	-0.6100932017371987	0.2154726657127881
7.015	-0.5795567749286291	0.2034311294960971
7.025	-0.5490534638783353	0.20938106503846207
7.035	-0.518590849207436	0.22524755981810196
7.045	-0.48817652601776373	0.21490600518494382
7.055	-0.4578181006101134	0.22666421113771265
7.065	-0.4275231871926216	0.23261414668007763
7.075	-0.39729940458082336	0.25584722832169315
7.085	-0.3671543728910974	0.25060561843913354
7.095	-0.3370957102291756	0.253438921078355
7.105	-0.3071310293754016	0.2460723342163793
7.115	-0.2772679344683924	0.25740554477326494
7.125	-0.247514017688782	0.26463046650327954
7.135	-0.21787685594476014	0.27553868166428197
7.145	-0.1883640075610421	0.2800719658870362
7.155	-0.1589830089729488	0.28035529615095833
7.165	-0.129741371427317	0.2915468415758829
7.175	-0.10064657769183638	0.29820510277805323
7.185	-0.07170607877453072	0.30288005213276853
7.195	-0.04292729065502365	0.30628001529983423
7.205	-0.01431759102924679	0.33404638116420404
7.215	0.014115683930784217	0.3289464364136055
7.225	0.04236524280046794	0.33673801867146436
7.235	0.07042384210776342	0.3442462706654011
7.245	0.09828428951838664	0.3613877516326906
7.255	0.12593944699943682	0.34693790817266146
7.265	0.15338223395985495	0.38037087931547403
7.275	0.18060563036614075	0.36917933389054947
7.285	0.20760267983175695	0.3853291589341115
7.295	0.23436649267868725	0.39467905764354216
7.305	0.26089024896956037	0.39439572737962003
7.315	0.2871672015088782	0.38320418195469547
7.325	0.3131906788117973	0.408420575443766
7.335	0.3389540880390056	0.4074289195200385
7.345	0.36445091789621076	0.44199521171853967
7.355	0.3896747414967914	0.43817025315559077
7.365	0.41461921918618483	0.43477028998852507
7.375	0.4392781013266083	0.4373202623638244
7.385	0.4636452310407275	0.4480868123928657
7.395	0.4877145469128954	0.4762781736531187
7.405	0.51148008564662	0.4822281091954837
7.415	0.534935984676979	0.4864780631543158
7.425	0.5580764847366515	0.49044468684922576
7.435	0.5808959323742964	0.49242799869668075
7.445	0.6033887824240791	0.5056028559690603
7.455	0.6255496004250847	0.5085778237402427
7.465	0.6473730649894558	0.5230276672002719
7.475	0.6688539701181053	0.5336525520973522
7.485	0.6899872274628411	0.5269942908951819
7.495	0.7107678685338183	0.5597189363781891
7.505	0.731191046851273	0.5805437107764665
7.515	0.7512520400404534	0.5801187153805833
7.525	0.7709462518687493	0.5785603989290116
7.535	0.7902692142240706	0.5891852838260918
7.545	0.8092165890334848	0.6213432687812548
7.555	0.827784170121229	0.6040601226820043
7.565	0.8459678850051979	0.6168099845585006
7.575	0.8637637966310656	0.6209182733853716
7.585	0.881168105043231	0.6393347405403108
7.595	0.8981771489917907	0.6342347957897122
7.605	0.9147874074748115	0.6474096530620918
7.615	0.9309955012151612	0.653926249132301
7.625	0.9467981940712731	0.6826842709203983
7.635	0.9621923943811419	0.6692260833840966
7.645	0.9771751562389912	0.6886342064627633
7.655	0.9917436807040185	0.6940174814772839
7.665	1.0058953169407034	0.7294337644675516
7.675	1.0196275632901708	0.7178172236467437
7.685	1.032938068272157	0.7005340775474932
7.695	1.045824631517148	0.7179588887787048
7.705	1.0582852046283144	0.7341087138222668
7.715	1.0703178919729008	0.7336837184263837
7.725	1.081920951402747	0.7712249783960673
7.735	1.0930927949036748	0.778591565258043
7.745	1.1038319891735062	0.7576251257278046
7.755	1.1141372561285317	0.8040912890110357
7.765	1.1240074733382444	0.7771749139384323
7.775	1.1334416743882447	0.7729249599796002
7.785	1.1424390491712137	0.7880831290994347
7.795	1.150998944105929	0.7982830186006318
7.805	1.1591208622843054	0.808907903497712
7.815	1.1668044635465096	0.7855331567241354
7.825	1.1740495644841777	0.8009746561078921
7.835	1.1808561383719098	0.7919080876623836
7.845	1.1872243150271231	0.8040912890110357
7.855	1.193154380598474	0.8215161002422473
7.865	1.1986467772830949	0.8182578022071427
7.875	1.2037021029728439	0.8101828896853617
7.885	1.2083211108299166	0.8191077929989091
7.895	1.212504708792125	0.84304920030033
7.905	1.2162539590082133	0.8497074615025003
7.915	1.2195700772036266	0.8532490898015271
7.925	1.2224544319771473	0.8324243154032497
7.935	1.2249085440289131	0.8342659621187436
7.945	1.2269340853202855	0.8366742693620819
7.955	1.1385661351968772	0.7904914363427729
7.965	1.1340164806182513	0.7693833316805734
7.975	1.1290441693192426	0.7702333224723398
7.985	1.1236514685621524	0.7501168737338678
7.995	1.1178407916682849	0.7474252362266075
8.005	1.1116146967816936	0.754650157956622
8.015	1.1049758855693668	0.7521001855813229
8.025	0.4693104885899029	0.4007706583178682
8.035	0.4600864268165239	0.39439572737962003
8.045	0.4504586009203515	0.39326240632393145
8.055	0.440430272417871	0.38037087931547403
8.065	0.4300048389238207	0.38518749380215045
8.075	0.4191858324872575	0.39142075960843753
8.085	0.4079769178701196	0.3810792049752794
8.095	0.3963818907693075	0.3846208332743062
8.105	0.38440467598324224	0.3671960220430945
8.115	0.3720493255240125	0.3754125996968366
8.125	0.35932001667613633	0.38476249840626725
8.135	0.34622105000304026	0.35883777925739135
8.145	0.33275684730239585	0.35883777925739135
8.155	0.31893194951142645	0.35657113714601424
8.165	0.3047510145633856	0.36563770559152275
8.175	0.2902188151963818	0.3309297482610605
8.185	0.27534023671577534	0.3398546515746079
8.195	0.26012027471135046	0.3350380370879315
8.205	0.24456403273056937	0.32866310614968336
8.215	0.22867671990915328	0.3381546699910751
8.225	0.21246364856028466	0.3472212384365836
8.235	0.19593023172376878	0.3280964456218391
8.245	0.17908198067644854	0.3194548725722138
8.255	0.16192450240526357	0.32724645483007264
8.265	0.14446349704431194	0.3170465653288756
8.275	0.12670475527724046	0.30628001529983423
8.285	0.10865415570644421	0.32143818441966876
8.295	0.09031766219042803	0.3163382396690702
8.305	0.07170132115076566	0.29140517644392183
8.315	0.05281125885009541	0.30670501069571743
8.325	0.03365367864258495	0.3071300060916006
8.335	0.014234858198354017	0.30514669424414564
8.345	-0.005438853296718782	0.2895635297284279
8.355	-0.025361037964332422	0.2887135389366615
8.365	-0.04552521207870153	0.29381348368726
8.375	-0.06592482893167495	0.29438014421510433
8.385	-0.08655328171650833	0.28559690603351795
8.395	-0.10740390642878839	0.27369703494878805
8.405	-0.12846998478300986	0.27270537902506053
8.415	-0.14974474714330777	0.271572057969372
8.425	-0.17122137546678984	0.26576378755896807
8.435	-0.19289300625800943	0.27313037442094373
8.445	-0.21475273353305568	0.25655555398149854
8.455	-0.23679361179169223	0.24918896711952285
8.465	-0.25900865899608627	0.26193882899601917
8.475	-0.28139085955460963	0.24819731119579536
8.485	-0.30393316730917064	0.22992250917281729
8.495	-0.32662850852459324	0.24791398093187322
8.505	-0.34946978487855507	0.2350224539234158
8.515	-0.372449876450506	0.23785575656263722
8.525	-0.39556164470823696	0.22184759665103626
8.535	-0.41879793549038846	0.2283641927212455
8.545	-0.442151581983647	0.2168893170323988
8.555	-0.4656154076929896	0.227372536797518
8.565	-0.48918222940359546	0.2197226196716202
8.575	-0.5128448601329686	0.21575599597671025
8.585	-0.5365961120718047	0.22043094533142557
8.595	-0.5604287995121733	0.2054144413435521
8.605	-0.5843357417616387	0.21178937228180025
8.615	-0.6083097660418775	0.2014478176486421
8.625	-0.6323437103703643	0.19733952882177108
8.635	-0.6564304264238691	0.19833118474549857
8.645	-0.6805627823822682	0.20697275779512386
8.655	-0.7047336657514012	0.19365623539078325
8.665	-0.72893598616364	0.1967728682939268
8.675	-0.7531626781548295	0.1852979926050801
8.685	-0.7774067039163101	0.18883962090410686
8.695	-0.8016610560207875	0.18515632747311903
8.705	-0.8259187601207518	0.17637308929153267
8.715	-0.8501728776181959	0.18359801102154724
8.725	-0.874416508304469	0.17169813993681735
8.735	-0.8986427929690514	0.17254813072858377
8.745	-0.3807081898643443	0.2824802731303744
8.755	-0.39915571102288994	0.2929634928954936
8.765	-0.4175655801137751	0.2919718369717661
8.775	-0.43593112734431616	0.28701355735312867
8.785	-0.4542457364572361	0.2919718369717661
8.795	-0.47250284712910207	0.28219694286645225
8.805	-0.49069595732995297	0.2804969612829194
8.815	-0.5088186256431225	0.27936364022723087
8.825	-0.5268644735442937	0.2812052869427248
8.835	-0.5448271876387991	0.273555369816827
8.845	-0.562700521856267	0.26958874612191697
8.855	-0.5804782996017255	0.27270537902506053
8.865	-0.5981544158622816	0.28177194747056905
8.875	-0.6157228392685286	0.2585388658289535
8.885	-0.6331776141098893	0.2593888566207199
8.895	-0.6505128623030967	0.2523056000226664
8.905	-0.6677227853130847	0.2625054895238635
8.915	-0.6848016660255171	0.26533879216308487
8.925	-0.7017438705703352	0.2613721684681749
8.935	-0.718543850095571	0.25088894870305567
8.945	-0.7351961424909034	0.25060561843913354
8.955	-0.7516953740602198	0.24734732040402893
8.965	-0.7680362611427712	0.24692232500814573
8.975	-0.7842136116822441	0.24352236184108003
8.985	-0.8002223267433163	0.2589638612248367
8.995	-0.8160574019752191	0.2541472467381603
9.005	-0.8317139290218202	0.25088894870305567
9.015	-0.847187096877872	0.2442306875008854
9.025	-0.8624721931909975	0.24493901316069075
9.035	-0.8775646055091105	0.24338069670911897
9.045	-0.8924598224728857	0.2316224907563501
9.055	-0.9071534349531082	0.2370057657708708
9.065	-0.9216411371325347	0.2307724999645837
9.075	-0.9359187275321168	0.23516411905537687
9.085	-0.9499821099814003	0.24238904078539147
9.095	-0.9638272945328961	0.23587244471518223
9.105	-0.9774503983203864	0.22468089929025767
9.115	-0.9908476463609812	0.22269758744280269
9.125	-1.004015372300957	0.2277975321934012
9.135	-1.0169500191052832	0.22822252758928444
9.145	-1.0296481396908777	0.22312258283868588
9.155	-1.0421063975036569	0.22567255521398516
9.165	-1.0543215670393848	0.2120727025457224
9.175	-1.0662905343084765	0.21901429401181485
9.185	-1.078010297244866	0.19833118474549857
9.195	-1.089477966059131	0.20102282225275891
9.205	-1.1006907635360224	0.1996061709331482
9.215	-1.1116460252766704	0.2020144781764864
9.225	-1.1223411998856991	0.20003116632903142
9.235	-1.132773849103529	0.20753941832296816
9.245	-1.1429416478842338	0.2058394367394353
9.255	-1.1528423844192206	0.19691453342588788
9.265	-1.1624739601071588	0.1957812123701993
9.275	-1.1718343894705616	0.19733952882177108
9.285	-1.1809218000194295	0.19507288671039397
9.295	-1.1897344320624188	0.1959228775021604
9.305	-1.1982706384660413	0.18827296037626257
9.315	-1.2065288843623863	0.18827296037626257
9.325	-1.2145077468059151	0.18345634588958618
9.335	-1.2222059143799031	0.19223958407117256
9.345	-1.2296221867531045	0.2001728314609925
9.355	-1.2367554741872788	0.19563954723823823
9.365	-1.2436047969961974	0.18062304325036477
9.375	-1.2501692849568125	0.18232302483389762
9.385	-1.2564481766732873	0.17934805706271514
9.395	-1.2624408188945777	0.1766564195554548
9.405	-1.268146665786324	0.17481477283996089
9.415	-1.2735652781577924	0.17467310770799982
9.425	-1.2786963226446693	0.17807307087506552
9.435	-1.283539570848487	0.17849806627094872
9.445	-1.2880948984335205	0.1728314609925059
9.455	-1.292362284181983	0.17268979586054484
9.465	-1.2963418090083854	0.18303135049370298
9.475	-1.300033654933949	0.17878139653487085
9.485	-1.30343810402195	0.16673986031817986
9.495	-1.3065555372749296	0.17637308929153267
9.505	-1.309386433494677	0.17198147020073948
9.515	-1.3119313681059652	0.17750641034722123
9.525	-1.3141910119449653	0.17368145178427233
9.535	-1.3161661300133451	0.17580642876368838
9.545	-1.3178575801990295	0.17254813072858377
9.555	-1.322040643985125	0.17155647480485628
9.565	-1.3259408510417983	0.17637308929153267
9.575	-1.3295605079258124	0.1661731997903356
9.585	-1.3329008306463987	0.17212313533270054
9.595	-1.335963121238366	0.17169813993681735
9.605	-1.3387487663043645	0.1661731997903356
9.615	-1.3412592355310533	0.1722648004646616
9.625	-1.3434960801802964	0.1694314978254402
9.635	-1.3454609315564494	0.18019804785448157
9.645	-1.347155499450833	0.17311479125642804
9.655	-1.3485815705644906	0.1684398419017127
9.665	-1.349741006910341	0.17084814914505092
9.675	-1.3506357441958237	0.16588986952641346
9.685	-1.3512677901871526	0.17368145178427233
9.695	-1.3516392230563052	0.17637308929153267
9.705	-1.3517521897118447	0.170989814277012
9.715	-1.3516089041147104	0.16546487413053024
9.725	-1.3512116455800955	0.179064726798793
9.735	-1.3505627570665286	0.1742481123121166
9.745	-1.3496646434532833	0.16574820439445237
9.755	-1.3485197698072375	0.16291490175523096
9.765	-1.3471306596402963	0.17594809389564944
9.775	-1.3454998931585012	0.16248990635934776
9.785	-1.3436301055039277	0.16546487413053024
9.795	-1.3415239849904985	0.1617815806995424
9.805	-1.3391842713347901	0.17637308929153267
9.815	-1.3366137538829586	0.1756647636317273
9.825	-1.3338152698348602	0.17863973140290978
9.835	-1.3307917024664626	0.16702319058210202
9.845	-1.3275459793516202	0.17396478204819446
9.855	-1.3240810705842867	0.16730652084602415
9.865	-1.3203999870022298	0.15639830568502172
9.875	-Inf	0.0
9.885	-Inf	0.0
9.895	-Inf	0.0
9.905	-Inf	0.0
9.915	-Inf	0.0
9.925	-Inf	0.0
9.935	-Inf	0.0
9.945	-Inf	0.0
9.955	-Inf	0.0
9.965	-Inf	0.0
9.975	-Inf	0.0
9.985	-Inf	0.0
9.995	-Inf	0.0
