0.005	-Inf	0.0
0.015	-Inf	0.0
0.025	-Inf	0.0
0.035	-Inf	0.0
0.045	-Inf	0.0
0.055	-Inf	0.0
0.065	-Inf	0.0
0.075	-Inf	0.0
0.085	-Inf	0.0
0.095	-Inf	0.0
0.105	-Inf	0.0
0.115	-Inf	0.0
0.125	-Inf	0.0
0.135	-Inf	0.0
0.145	-Inf	0.0
0.155	-Inf	0.0
0.165	-Inf	0.0
0.175	-Inf	0.0
0.185	-Inf	0.0
0.195	-Inf	0.0
0.205	-Inf	0.0
0.215	-Inf	0.0
0.225	-Inf	0.0
0.235	-Inf	0.0
0.245	-Inf	0.0
0.255	-Inf	0.0
0.265	-Inf	0.0
0.275	-Inf	0.0
0.285	-Inf	0.0
0.295	-Inf	0.0
0.305	-Inf	0.0
0.315	-Inf	0.0
0.325	-Inf	0.0
0.335	-Inf	0.0
0.345	-Inf	0.0
0.355	-Inf	0.0
0.365	-Inf	0.0
0.375	-Inf	0.0
0.385	-Inf	0.0
0.395	-Inf	0.0
0.405	-Inf	0.0
0.415	-Inf	0.0
0.425	-Inf	0.0
0.435	-Inf	0.0
0.445	-Inf	0.0
0.455	-Inf	0.0
0.465	-Inf	0.0
0.475	-Inf	0.0
0.485	-Inf	0.0
0.495	-Inf	0.0
0.505	-Inf	0.0
0.515	-Inf	0.0
0.525	-Inf	0.0
0.535	-Inf	0.0
0.545	-Inf	0.0
0.555	-Inf	0.0
0.565	-Inf	0.0
0.575	-Inf	0.0
0.585	-Inf	0.0
0.595	-Inf	0.0
0.605	-Inf	0.0
0.615	-Inf	0.0
0.625	-Inf	0.0
0.635	-Inf	0.0
0.645	-Inf	0.0
0.655	-Inf	0.0
0.665	-Inf	0.0
0.675	-Inf	0.0
0.685	-Inf	0.0
0.695	-Inf	0.0
0.705	-Inf	0.0
0.715	-Inf	0.0
0.725	-Inf	0.0
0.735	-Inf	0.0
0.745	-Inf	0.0
0.755	-2.5876260899077588	0.07786145646950074
0.765	-2.6054629352708902	0.07019037701437751
0.775	-2.623274137420755	0.06347818249114469
0.785	-2.641046573980177	0.06817671865740767
0.795	-2.658767133770273	0.06530006386173647
0.805	-2.6764227251190187	0.06702605673913918
0.815	-2.694000284150881	0.06568361783449263
0.825	-2.7114867830523486	0.06472473290260222
0.835	-2.728869238308155	0.06386173646390085
0.845	-2.7461347189030656	0.060122085229528284
0.855	-2.7632703544840966	0.05657421098153379
0.865	-2.7802633434780577	0.05916320029763788
0.875	-2.7971009611593685	0.05983441974996116
0.885	-2.813770567663112	0.05772487289980227
0.895	-2.8302596159383264	0.05772487289980227
0.905	-2.8465556596365995	0.05791664988618035
0.915	-2.862646360931046	0.053985221665429704
0.925	-2.8785194982608253	0.05657421098153379
0.935	-2.8941629739963717	0.05264278276078314
0.945	-2.9095648220206085	0.04957435097873385
0.955	-2.9247132152214275	0.052546894267594096
0.965	-2.9395964728908095	0.052259228788026975
0.975	-2.9542030680260094	0.04669769618306264
0.985	-2.9685216345282908	0.0466018076898736
0.995	-2.9825409742947766	0.04641003070349552
1.005	-2.9962500641990424	0.04641003070349552
1.015	-3.009638062956151	0.04477992631928183
1.025	-3.0226943178679195	0.045834699744361274
1.035	-3.0354083714442677	0.046026476730739355
1.045	-3.047769967896583	0.05168389782889273
1.055	-3.0597690594991507	0.04362926440101335
1.065	-3.0713958128147243	0.04334159892144623
1.075	-3.0826406147804657	0.04679358467625168
1.085	-3.0934940786505303	0.04401281837376951
1.095	-3.1039470497916826	0.04104027508490926
1.105	-3.1139906113284264	0.04430048385333663
1.115	-3.123616089634218	0.04199916001679966
1.125	-3.1328150596654556	0.03902661672793941
1.135	-3.141579350135003	0.04171149453723254
1.145	-3.14990104852215	0.037012958370969566
1.155	-3.157772505915985	0.038163620289238046
1.165	-3.1651863416892834	0.03902661672793941
1.175	-3.172135448000118	0.038067731796049005
1.185	-3.1786129941185033	0.04027316713939694
1.195	-3.184612430575511	0.03893072823475037
1.205	-3.1901274931323877	0.03835539727561613
1.215	-3.1951522065673617	0.03778006631648189
1.225	-3.1996808882778756	0.038259508782427086
1.235	-3.2037081516961803	0.034807523027621634
1.245	-3.207228909516286	0.038259508782427086
1.255	-3.2102383767303984	0.03730062385053669
1.265	-3.212732073473122	0.03768417782329285
1.275	-3.2147058276717937	0.03778006631648189
1.285	-3.216155777501454	0.04027316713939694
1.295	-3.217078373643103	0.04027316713939694
1.305	-3.2174703813439636	0.035670519466323
1.315	-3.217328882278673	0.03576640795951204
1.325	-3.216651276210385	0.033656861109353155
1.335	-3.2154352824509296	0.03624585042545724
1.345	-3.2136789411192916	0.0342321920684874
1.355	-3.21138061419781	0.03845128576880517
1.365	-3.2085389863856033	0.038163620289238046
1.375	-3.2051530657488887	0.03586229645270108
1.385	-3.2012221841679693	0.036917069877780526
1.395	-3.1967459975807895	0.0361499619322682
1.405	-3.191724486023107	0.034711634534432594
1.415	-3.186157953465447	0.036533515905024364
1.425	-3.180047027447131	0.03778006631648189
1.435	-3.1733926585077983	0.03404041508210932
1.445	-3.166196119416994	0.03710884686415861
1.455	-3.1584590042024714	0.04027316713939694
1.465	-3.150183226978042	0.035191077000377796
1.475	-3.1413710205719028	0.03854717426199421
1.485	-3.1320249349564806	0.04036905563258598
1.495	-4.009397005133355	0.013616166032843725
1.505	-3.9910814711698537	0.01572571288300261
1.515	-3.972241592126989	0.014670939457923169
1.525	-3.9528811669273356	0.019944806583320387
1.535	-3.933004300855721	0.01812292521272862
1.545	-3.912615402827463	0.017355817267216297
1.555	-3.8917191824689974	0.018985921651429982
1.565	-3.870320647012944	0.017547594253594378
1.575	-3.848425098009748	0.018506479185484783
1.585	-3.82603812785817	0.02052013754245463
1.595	-3.8031656161569907	0.02099958000839983
1.605	-3.7798137258804365	0.02119135699477791
1.615	-3.755988899379903	0.020040695076509428
1.625	-3.7316978542147	0.024835119735961444
1.635	-3.706947578814635	0.022150241926668316
1.645	-3.681745327977323	0.023013238365369677
1.655	-3.6560986182033	0.021766687953912154
1.665	-3.63001522287199	0.020711914528832708
1.675	-3.603503167261821	0.022917349872180637
1.685	-3.576570723417748	0.021766687953912154
1.695	-3.5492264048696285	0.025410450695095687
1.705	-3.5214789612049384	0.022725572885802556
1.715	-3.493337372499435	0.024643342749583363
1.725	-3.4648108436094422	0.02646522412017513
1.735	-3.435908798329506	0.029054213436279216
1.745	-3.406640873419323	0.024643342749583363
1.755	-3.377016912503791	0.025314562201906646
1.765	-3.3470469598502754	0.02665700110655321
1.775	-3.3167412540271037	0.028670659463523058
1.785	-3.2861102214474784	0.0287665479567121
1.795	-3.255164469803039	0.0342321920684874
1.805	-3.223914781391315	0.031834979738761385
1.815	-3.192372106341503	0.03528696549356684
1.825	-3.1605475557428973	0.03432808056167644
1.835	-3.12845239468053	0.03279386467065179
1.845	-3.0960980351824836	0.035191077000377796
1.855	-3.0634960290835105	0.03413630357529836
1.865	-3.0306580608095537	0.03605407343907916
1.875	-2.9975959400878702	0.04449226083971471
1.885	-2.9643215945874895	0.03864306275518325
1.895	-2.9308470624947196	0.04171149453723254
1.905	-2.897184485028583	0.04554703426479415
1.915	-2.8633460989009274	0.043245710428257186
1.925	-2.829344228726163	0.05014968193786809
1.935	-2.7951912793854543	0.04784835810133112
1.945	-2.760899728350327	0.04516348029203799
1.955	-2.7264821179706153	0.05149212084251465
1.965	-2.6919510477317083	0.05369755618586258
1.975	-2.6573191664860993	0.055519437556454346
1.985	-2.622599164664164	0.05475232961094202
1.995	-2.5878037664692526	0.0589714233112598
2.005	-2.5529457220620086	0.06194396660012005
2.015	-2.5180377997389995	0.058683757831692676
2.025	-2.4830927781106067	0.05964264276358308
2.035	-2.4481234382832024	0.06414940194346798
2.045	-2.413142556050627	0.06577950632768166
2.055	-2.378162894099889	0.06645072578000494
2.065	-2.343197194236151	0.06894382660291999
2.075	-2.308258169631855	0.07297114331685968
2.085	-2.2733584971050242	0.0753683556465857
2.095	-2.2385108094315553	0.07939567236052539
2.105	-2.2037276876964835	0.07747790249674458
2.115	-2.169021653688983	0.07987511482647058
2.125	-2.1344051623460256	0.08016278030603771
2.135	-2.0998905942493966	0.08582020140419108
2.145	-2.0654902481808834	0.08792974825434997
2.155	-2.031216333740336	0.08850507921348422
2.165	-1.997080964031218	0.0910940685295883
2.175	-1.9630961484183558	0.09339539236612528
2.185	-1.9292737853623585	0.09953225593022386
2.195	-1.8956256553353064	0.09780626305282113
2.205	-1.8621634138221048	0.1005870293553033
2.215	-1.8288985844119456	0.11075120963334158
2.225	-1.7958425519842072	0.11228542552436621
2.235	-1.7630065559930403	0.11094298661971966
2.245	-1.7304016838548943	0.11957295100673328
2.255	-1.6980388644430833	0.12446326415937434
2.265	-1.6659288616934746	0.12570981457083186
2.275	-1.6340822683252947	0.13136723566898525
2.285	-1.6025094996809441	0.133189117039577
2.295	-1.5712207876886994	0.1420108584129687
2.305	-1.5402261749519857	0.13884653813773037
2.315	-1.5095355089689657	0.1457505096473413
2.325	-1.479158436485947	0.15332570060927547
2.335	-1.449104397988171	0.15112026526592756
2.345	-1.4193826223313097	0.16799664006719864
2.355	-1.3900021215170508	0.166462424176174
2.365	-1.3609716856159024	0.1674213091080644
2.375	-1.332299877840409	0.17346228417897394
2.385	-1.3039950297717147	0.17020207541054658
2.395	-1.276065236742443	0.17710604692015747
2.405	-1.2485183533786788	0.18602367678673823
2.415	-1.2213619893037286	0.18276346801831087
2.425	-1.1946035050063195	0.1940783102146176
2.435	-1.168250007875641	0.19983161980596004
2.445	-1.1423083484056908	0.1971467419966669
2.455	-1.1167851165711133	0.21105057350907774
2.465	-1.091686638376745	0.20980402309762022
2.475	-1.0670189725828703	0.21085879652269968
2.485	-1.0427879076081208	0.21776276803231057
2.495	-1.0189989586118249	0.2244749625555434
2.505	-0.9956573647575011	0.22735161735121462
2.515	-0.9727680866590558	0.23703635516330768
2.525	-0.9503358040111469	0.23550213927228303
2.535	-0.9283649134050298	0.25084429818252946
2.545	-0.9068595263311168	0.24863886283918155
2.555	-0.8858234673693091	0.2500771902370172
2.565	-0.8652602725680878	0.2704055507930937
2.575	-0.845173188013193	0.27165210120455124
2.585	-0.8255651685866154	0.2649399066813184
2.595	-0.8064388769164805	0.2770218568231375
2.605	-0.7877966825183207	0.2800902886051868
2.615	-0.76964066112804	0.2768300798367594
2.625	-0.7519725942268329	0.2881449220330662
2.635	-0.7347939687581126	0.3009939801203976
2.645	-0.71810597703645	0.2939941201175976
2.655	-0.7019095168483513	0.30166519957272087
2.665	-0.6862051917445902	0.3007063146408305
2.675	-0.6709933115237046	0.3101033869733564
2.685	-0.6562738929061118	0.31000749848016734
2.695	-0.6420466603982133	0.31614436204426594
2.705	-0.6283110473456817	0.3290893086247864
2.715	-0.6150661971750653	0.32333599903344395
2.725	-0.6023109648226548	0.3405959278074712
2.735	-0.5900439183495134	0.3265003193086823
2.745	-0.5782633407413535	0.33944526588920276
2.755	-0.5669672318919377	0.3470204568511369
2.765	-0.5561533107684518	0.3383904924641233
2.775	-0.5458190177572637	0.34682867986475885
2.785	-0.5359615171883234	0.3497053346604301
2.795	-0.5265777000363485	0.3521025469901561
2.805	-0.5176641867968406	0.34682867986475885
2.815	-0.5092173305348475	0.3634173891864628
2.825	-0.5012332201042944	0.35871885302019985
2.835	-0.49370768353555716	0.3544997593198821
2.845	-0.4866362915889171	0.3621708387750053
2.855	-0.4800143614713377	0.36351327767965186
2.865	-0.47383696071396475	0.37089669165520794
2.875	-0.46809891120763725	0.37128024562796413
2.885	-0.4627947933935683	0.3707049146688299
2.895	-0.4579189506062733	0.36658170946170116
2.905	-0.45346549356573607	0.3722391305598545
2.915	-0.44942830501568687	0.37271857302579975
2.925	-0.4458010445047833	0.3752116738487148
2.935	-0.4425771533073919	0.3737733464508792
2.945	-0.43974985948058265	0.3725267960394217
2.955	-0.4373121830538371	0.38662240453821056
2.965	-0.4352569413479541	0.36562282452981076
2.975	-0.433576754419434	0.3772253322056846
2.985	-0.4322640506266979	0.37981432152178873
2.995	-0.43131107231426014	0.38422519220848456
3.005	-0.43070988161103907	0.37607467028741615
3.015	-0.4304523663388051	0.38058142946730106
3.025	-0.4305302460267715	0.37712944371249557
3.035	-0.4309350780282386	0.37674588973973944
3.045	-0.4316582637351172	0.37636233576698325
3.055	-0.4326910548861451	0.3761705587806052
3.065	-0.43402455996448097	0.3697460297369395
3.075	-0.43564975068039624	0.37473223138276957
3.085	-0.43755746853462396	0.37271857302579975
3.095	-0.43973843145798	0.3793348790558435
3.105	-0.44218324052272684	0.37175968809390936
3.115	-0.44488238672119484	0.37981432152178873
3.125	-0.4478262578070513	0.378088328644386
3.135	-0.45100514519463086	0.3667734864480792
3.145	-0.4544092509116864	0.3721432420666655
3.155	-0.45802869460085716	0.3607325113771697
3.165	-0.46185352056517526	0.36802003685953677
3.175	-0.46587370485285007	0.36380094315921896
3.185	-0.47007916237659275	0.35900651849976695
3.195	-0.47445975406270025	0.3586229645270108
3.205	-0.47900529402506153	0.36245850425457243
3.215	-0.4837055567593682	0.34471913301459994
3.225	-0.4885502843525926	0.3592941839793341
3.235	-0.49352919370298953	0.3443355790418438
3.245	-0.49863198374575135	0.3427054746576301
3.255	-0.5038483426794971	0.3554586442517725
3.265	-0.5091679551887334	0.34347258260314245
3.275	-1.0354180315311596	0.1957084145988313
3.285	-1.0488238266335186	0.1966672995307217
3.295	-1.062301980343365	0.1964755225443436
3.305	-1.0758422352643688	0.20174938966974085
3.315	-1.0894343663695416	0.19129754391213544
3.325	-1.1030681880986126	0.18899622007559846
3.335	-1.1167335614178089	0.1905304359666231
3.345	-1.1304204008374166	0.1850647918548478
3.355	-1.1441186813823798	0.1868866732254396
3.365	-1.157818445511312	0.18161280610004238
3.375	-1.1715098099793169	0.17748960089291363
3.385	-1.185182972640035	0.17959914774307253
3.395	-1.1988282191823774	0.17633893897464514
3.405	-1.2124359297974745	0.1728869532198397
3.415	-1.2259965857713748	0.17125684883562603
3.425	-1.2395007759991485	0.16070911458483159
3.435	-1.2529392034160096	0.1780649318520479
3.445	-1.2663026913412123	0.16636653568298496
3.455	-1.2795821897304671	0.1564900208845138
3.465	-1.2927687813327688	0.15821601376191655
3.475	-1.3058536877474671	0.1531339236228974
3.485	-1.3188282753776346	0.15754479430959326
3.495	-1.3316840612757026	0.15390103156840973
3.505	-1.3444127188775072	0.14594228663371936
3.515	-1.3570060836209579	0.14949016088171385
3.525	-1.3694561584455338	0.1505449343067933
3.535	-1.3817551191690227	0.14891482992257962
3.545	-1.3938953197378634	0.1457505096473413
3.555	-1.4058692973476603	0.1455587326609632
3.565	-1.4176697774304174	0.15572291293900148
3.575	-1.42928967850523	0.1462299521132865
3.585	-1.440722116889154	0.142682077865292
3.595	-1.4519604112651834	0.14249030087891393
3.605	-1.462998087104248	0.1381753186854071
3.615	-1.4738288809383402	0.1303124622439058
3.625	-1.4844467444818985	0.1362575488216263
3.635	-1.4948458485987257	0.13424389046465646
3.645	-1.5050205871118183	0.1343397789578455
3.655	-1.5149655804535453	0.13462744443741262
3.665	-1.5246756791537952	0.13165490114855236
3.675	-1.5341459671637396	0.13481922142379069
3.685	-1.5433717650130148	0.13462744443741262
3.695	-1.5523486327982516	0.12944946580520444
3.705	-1.5610723730009206	0.13021657375071677
3.715	-1.569539033132674	0.12954535429839348
3.725	-1.5777449082063884	0.1301206852575277
3.735	-1.5856865430312816	0.13299734005319894
3.745	-1.5933607343305876	0.133189117039577
3.755	-1.6007645326803757	0.12599748005039899
3.765	-1.607895244268221	0.12158660936370314
3.775	-1.6147504324705633	0.12273727128197161
3.785	-1.6213279192477184	0.12561392607764282
3.795	-1.6276257863555876	0.12733991895504554
3.805	-1.6336423763732972	0.12360026772067298
3.815	-1.639376293546043	0.12570981457083186
3.825	-1.6448264044426193	0.12427148717299626
3.835	-1.6499918384271672	0.11851817758165384
3.845	-1.6548719879448435	0.12686047648910034
3.855	-1.6594665086212126	0.12101127840456889
3.865	-1.663775319175295	0.11995650497948944
3.875	-1.6677986011463364	0.1184222890884648
3.885	-1.6715367984344685	0.1219701633364593
3.895	-1.67499061665557	0.1219701633364593
3.905	-1.678161022310761	0.11813462360889768
3.915	-1.6810492417710696	0.1174634041565744
3.925	-1.683656760077953	0.11861406607484289
3.935	-1.6859853195604737	0.11161420607204293
3.945	-1.688036918270031	0.12494270662531955
3.955	-1.6898138082337097	0.1274358074482346
3.965	-1.691318493527387	0.12177838635008122
3.975	-1.692553728169891	0.11381964141539086
3.985	-1.6935225138395982	0.11957295100673328
3.995	-1.6942280974150017	0.12618925703677705
4.005	-1.694673968340867	0.12273727128197161
4.015	-1.6948638558217426	0.12206605182964833
4.025	-1.6948017258446835	0.12638103402315515
4.035	-1.69449177803316	0.12628514552996611
4.045	-1.6939384423342678	0.12801113840736883
4.055	-1.6931463755414073	0.12417559867980722
4.065	-1.692120457654791	0.12475092963894147
4.075	-1.6908657880821478	0.13069601621666196
4.085	-1.6893876816822107	0.12695636498228938
4.095	-1.6876916646535678	0.12810702690055786
4.105	-1.685783470271653	0.1258057030640209
4.115	-1.6836690344767042	0.1338603364919003
4.125	-1.6813544913156138	0.1267645879959113
4.135	-1.678846168240738	0.13357267101233317
4.145	-1.6761505812687654	0.13021657375071677
4.155	-1.6732744300028997	0.1327096745736318
4.165	-1.6702245925216683	0.12944946580520444
4.175	-1.6670081201377522	0.133189117039577
4.185	-1.663632232030362	0.1303124622439058
4.195	-1.6601043097547044	0.13290145156000988
4.205	-1.656431891632256	0.13798354169902902
4.215	-1.6526226670255364	0.14488751320863993
4.225	-1.6486844705012451	0.14364096279718241
4.235	-1.6446252758856517	0.13462744443741262
4.245	-1.6404531902161992	0.13635343731481533
4.255	-1.6361764475933818	0.13942186909686463
4.265	-1.6318034029370112	0.13462744443741262
4.275	-1.6273425256510436	0.1357781063556811
4.285	-1.6228023932011972	0.14047664252194408
4.295	-1.6181916846096824	0.14661350608604265
4.305	-1.6135191738713996	0.1476682795111221
4.315	-1.6087937232959983	0.14786005649750017
4.325	-1.6040242767802912	0.14738061403155497
4.335	-1.599219853015516	0.14249030087891393
4.345	-1.5943895386339957	0.14584639814053033
4.355	-1.589542481299839	0.1488189414293906
4.365	-1.5846878827482807	0.16032556061207542
4.375	-1.579834991778362	0.16128444554396582
4.385	-1.5749930972036514	0.15198326170462892
4.395	-1.5701715207657656	0.1536133660888426
4.405	-1.5653796100154462	0.15351747759565357
4.415	-1.5606267311659971	0.15821601376191655
4.425	-1.5559222619238964	0.15639413239132477
4.435	-1.5512755843014012	0.1531339236228974
4.445	-1.5466960774160343	0.14977782636128098
4.455	-1.5421931102817878	0.15438047403435493
4.465	-1.5377760345968967	0.1566817978708919
4.475	-1.5334541775331216	0.16214744198266717
4.485	-1.5292368345313399	0.15754479430959326
4.495	-1.5251332621084	0.1631063269145576
4.505	-1.5211526706800504	0.16521587376471647
4.515	-1.5173042174048603	0.1566817978708919
4.525	-1.5135969990539657	0.16118855705077678
4.535	-1.510040044911468	0.16761308609444248
4.545	-1.506642309710376	0.16464054280558224
4.555	-1.503412666608805	0.16320221540774663
4.565	-1.5003599002113264	0.16665420116255208
4.575	-1.4974926996401188	0.16895552499908906
4.585	-1.4948196516607535	0.1724075107538945
4.595	-1.4923492338672277	0.17250339924708355
4.605	-1.490089807930957	0.1653117622579055
4.615	-1.4880496129183522	0.17116096034243697
4.625	-1.4862367586815284	0.16828430554676577
4.635	-1.484659219326737	0.16636653568298496
4.645	-1.4833248267649544	0.16684597814893015
4.655	-1.482241264349125	0.166462424176174
4.665	-1.4814160606024167	0.17058562938330274
4.675	-1.4808565830418141	0.1680925285603877
4.685	-1.4805700321013633	0.1745170576040534
4.695	-1.4805634351592165	0.16722953212168631
4.705	-1.4808436406727055	0.17010618691735754
4.715	-1.4814173124254435	0.1788320397975602
4.725	-1.4822909238905269	0.16396932335325895
4.735	-1.4834707527137447	0.17087329486286987
4.745	-1.484962875320663	0.1695308559582233
4.755	-1.4867731616513775	0.1704897408901137
4.765	-1.4889072700266324	0.16761308609444248
4.775	-1.4913706421489397	0.17307873020621778
4.785	-1.4941684982422139	0.16368165787369182
4.795	-1.4973058323333908	0.16396932335325895
4.805	-1.5007874076793999	0.17844848582480405
4.815	-1.5046177523427242	0.17633893897464514
4.825	-1.5088011549187599	0.1680925285603877
4.835	-1.5133416604180323	0.17259928774027258
4.845	-1.518243066306249	0.16588709321703976
4.855	-1.5235089187050805	0.16713364362849728
4.865	-1.5291425087564379	0.17135273732881506
4.875	-1.5351468691529266	0.16464054280558224
4.885	-1.541524770837027	0.16396932335325895
4.895	-1.5482787198714916	0.1643528773260151
4.905	-1.5554109544832804	0.1635857693805028
4.915	-1.56292344228329	0.1659829817102288
4.925	-1.5708178776640027	0.1626268844486124
4.935	-1.5790956793770592	0.15821601376191655
4.945	-1.5877579882926645	0.15850367924148365
4.955	-1.5968056653426028	0.15725712883002613
4.965	-1.6062392896485198	0.15658590937770284
4.975	-1.6160591568370355	0.15706535184364806
4.985	-1.6262652775430853	0.1512161537591166
4.995	-1.6368573761028151	0.1540928085547878
5.005	-1.6478348894371975	0.1600378951325083
5.015	-1.6591969661274428	0.15016138033403714
5.025	-1.6709424656831184	0.1512161537591166
5.035	-1.6830699580038044	0.1507367112931714
5.045	-1.6955777230349691	0.14517517868820703
5.055	-1.708463750618609	0.14402451676993858
5.065	-1.7217257405391109	0.13923009211048654
5.075	-1.735361102764621	0.1393259806036756
5.085	-1.7493669578841193	0.13798354169902902
5.095	-1.76374013774024	0.13299734005319894
5.105	-1.7784771862577715	0.1309836816962291
5.115	-1.7935743604676389	0.13280556306682084
5.125	-1.8090276317260323	0.1274358074482346
5.135	-1.824832687128241	0.12417559867980722
5.145	-1.8409849311165787	0.12686047648910034
5.155	-1.8574794872817586	0.1258057030640209
5.165	-1.874311200356801	0.12024417045905657
5.175	-1.8914746384025816	0.11727162717019632
5.185	-1.9089640951839033	0.11727162717019632
5.195	-1.9267735927348946	0.11909350854078808
5.205	-1.9448968841123744	0.10854577428999365
5.215	-1.9633274563357808	0.11516208032003743
5.225	-1.982058533512038	0.10538145401475532
5.235	-2.0010830801436597	0.10490201154881011
5.245	-2.0203938046183127	0.10135413730081562
5.255	-2.0399831628778626	0.10202535675313891
5.265	-2.0598433622648447	0.09723093209368688
5.275	-2.079966365544199	0.1025047992190841
5.285	-2.1003438950979754	0.1010664718212485
5.295	-2.120967437290603	0.09857337099833345
5.305	-2.141828247002191	0.09531316222990609
5.315	-2.162917352327261	0.09368305784569239
5.325	-2.1842255594361246	0.09387483483207047
5.335	-2.205743457596121	0.09435427729801568
5.345	-2.2274614243497073	0.08975162962494174
5.355	-2.2493696308463633	0.08409420852678837
5.365	-2.2714580473251402	0.08457365099273356
5.375	-2.293716448744611	0.0841900970199774
5.385	-2.316134420556848	0.07958744934690347
5.395	-2.338701364621952	0.08121755373111715
5.405	-2.361406505259614	0.07929978386733634
5.415	-2.3842388954340232	0.06951915756205423
5.425	-2.407187423068452	0.07393002824875008
5.435	-2.430240817485598	0.06836849564378575
5.445	-2.4533876559698733	0.0708615964667008
5.455	-2.476616370447567	0.06894382660291999
5.465	-2.499915254280865	0.07182048139859121
5.475	-2.52327246917155	0.06721783372551726
5.485	-2.546676052170155	0.06750549920508439
5.495	-2.570113922786274	0.06654661427319399
5.505	-2.5935738901956515	0.06098508166822965
5.515	-2.6170436605396548	0.06414940194346798
5.525	-2.6405108443125473	0.06213574358649813
5.535	-2.6639629638320774	0.058683757831692676
5.545	-2.687387460788721	0.06069741618866253
5.555	-2.710771703868896	0.057053653447478994
5.565	-2.7341029964474126	0.05667009947472283
5.575	-2.7573685843444213	0.057437207420235156
5.585	-2.7805556636419615	0.05187567481527081
5.595	-2.803651388555262	0.04976612796511193
5.605	-2.826642879353923	0.051108566869758495
5.615	-2.849517230327932	0.05130034385613657
5.625	-2.8722615177936053	0.05014968193786809
5.635	-2.894862808134407	0.04947846248554481
5.645	-2.9173081658715763	0.045930588237550314
5.655	-2.9395846617594916	0.04669769618306264
5.665	-2.9616793809007262	0.04516348029203799
5.675	-2.9835794308755896	0.0416156060440435
5.685	-3.005271949881096	0.04190327152361062
5.695	-3.02674411487416	0.04084849809853118
5.705	-3.579315779069086	0.021766687953912154
5.715	-3.5983881658883115	0.02665700110655321
5.725	-3.6172020435128545	0.021670799460723113
5.735	-3.6357448252758355	0.025506339188284727
5.745	-3.6540040038694914	0.02435567727001624
5.755	-3.671967159405536	0.02052013754245463
5.765	-3.6896219674436406	0.020711914528832708
5.775	-3.706956206982943	0.024547454256394322
5.785	-3.7239577684114447	0.02090369151521079
5.795	-3.740614661408228	0.021479022474345032
5.805	-3.7569150227934145	0.02099958000839983
5.815	-3.7728471243207857	0.02320501535174776
5.825	-3.7883993804081135	0.021766687953912154
5.835	-3.803560355800176	0.021670799460723113
5.845	-3.8183187731595107	0.019369475624186144
5.855	-3.8326635205800264	0.018602367678673824
5.865	-3.8465836590185765	0.017547594253594378
5.875	-3.860068429639712	0.016301043842136854
5.885	-3.8731072610687987	0.02023247206288751
5.895	-3.8856897765488254	0.017451705760405337
5.905	-3.8978058009962013	0.01793114822635054
5.915	-3.9094453679509478	0.016301043842136854
5.925	-3.9205987264167543	0.016876374801271098
5.935	-3.9312563475863933	0.018602367678673824
5.945	-3.941408931448086	0.016780486308082057
5.955	-3.9510474132684585	0.016972263294460138
5.965	-3.960162969947849	0.015438047403435491
5.975	-3.9687470262437197	0.015342158910246451
5.985	-3.9767912608580707	0.01706815178764918
5.995	-3.984287612384822	0.017355817267216297
6.005	-3.991228285113185	0.015821601376191652
6.015	-3.9976057546831485	0.016588709321703976
6.025	-4.003412773589311	0.016013378362569733
6.035	-4.008642376529337	0.01773937123997246
6.045	-4.013287885593438	0.017451705760405337
6.055	-4.017342915291389	0.015821601376191652
6.065	-4.020801377413634	0.016492820828514936
6.075	-4.023657485723197	0.0178352597331615
6.085	-4.025905760475157	0.016205155348947814
6.095	-4.027541032760619	0.015150381923868372
6.105	-4.028558448672132	0.016588709321703976
6.115	-4.028953473287699	0.016684597814893017
6.125	-4.02872189447057	0.015246270417057412
6.135	-4.027859826482154	0.015150381923868372
6.145	-4.026363713405494	0.01572571288300261
6.155	-4.024230332376844	0.01572571288300261
6.165	-4.021456796623051	0.01572571288300261
6.175	-4.018040558302484	0.01486271644430125
6.185	-4.013979411147478	0.016588709321703976
6.195	-4.009271492906264	0.016205155348947814
6.205	-4.003915287582597	0.017451705760405337
6.215	-3.997909627471304	0.015821601376191652
6.225	-3.991253694988199	0.017355817267216297
6.235	-3.9839470242928594	0.015917489869380692
6.245	-3.9759895027029453	0.016876374801271098
6.255	-3.9673813718988233	0.0178352597331615
6.265	-3.958123228917416	0.015246270417057412
6.275	-3.9482160269343285	0.01716404028083822
6.285	-3.937661075833403	0.015246270417057412
6.295	-3.9264600425630087	0.01773937123997246
6.305	-3.914614951278532	0.019561252610564225
6.315	-3.9021281832705808	0.018985921651429982
6.325	-3.889002476678644	0.02080780302202175
6.335	-3.875240925990024	0.019081810144619023
6.345	-3.860846981323997	0.02023247206288751
6.355	-3.8458244475013057	0.021383133981155992
6.365	-3.830177482899232	0.02023247206288751
6.375	-3.8139105980925816	0.019561252610564225
6.385	-3.797028654281079	0.02052013754245463
6.395	-3.7795368615038507	0.019273587130997104
6.405	-3.7614407766416926	0.019657141103753266
6.415	-3.7427463012080526	0.019848918090131347
6.425	-3.723459678929736	0.021383133981155992
6.435	-3.7035874931185275	0.018314702199106702
6.445	-3.683136663834941	0.021574910967534073
6.455	-3.662114444845609	0.022437907406235434
6.465	-3.6405284203757753	0.023780346310882
6.475	-3.618386501658599	0.022725572885802556
6.485	-3.595696923283091	0.02406801179044912
6.495	-3.5724682393425664	0.022917349872180637
6.505	-3.5487093193856922	0.024835119735961444
6.515	-3.5244293441722894	0.024739231242772403
6.525	-3.499637801236228	0.02445156576320528
6.535	-3.474344480257769	0.02349268083131488
6.545	-3.448559468247941	0.028670659463523058
6.555	-3.422293144547608	0.022437907406235434
6.565	-3.395556175643979	0.029245990422657298
6.575	-3.3683595098074757	0.02656111261336417
6.585	-3.3407143715519196	0.028670659463523058
6.595	-3.3126322559212267	0.03250619919108467
6.605	-3.2841249226057414	0.028287105490766896
6.615	-3.2552043898916443	0.031834979738761385
6.625	-3.225882928446779	0.029341878915846338
6.635	-3.196173054946491	0.035670519466323
6.645	-3.1660875255431353	0.033848638095731236
6.655	-3.135639329182956	0.033656861109353155
6.665	-3.10484168077422	0.03308153015021891
6.675	-3.073708014210486	0.03778006631648189
6.685	-3.0422519752531096	0.0361499619322682
6.695	-3.0104874142770637	0.04056083261896406
6.705	-2.9784283788842734	0.04027316713939694
6.715	-2.9460891063887553	0.039889613166640775
6.725	-2.9134840161780087	0.04353337590782431
6.735	-2.8806277019549897	0.043053933441879105
6.745	-2.8475349238653087	0.04525936878522703
6.755	-2.8142206005142247	0.046218253717117436
6.765	-2.780699800878058	0.05034145892424617
6.775	-2.7469877361148685	0.04727302714219688
6.785	-2.7130997512791506	0.051108566869758495
6.795	-2.6790513169454244	0.052355117281216015
6.805	-2.6448580207456454	0.054176998651807785
6.815	-2.6105355588255197	0.055231772076887224
6.825	-2.5760997272246247	0.058683757831692676
6.835	-2.5415664131855493	0.05916320029763788
6.845	-2.5069515863971663	0.06127274714779676
6.855	-2.47227129017721	0.06232752057287621
6.865	-2.437541632599408	0.06482062139579126
6.875	-2.402778777570415	0.07076570797351175
6.885	-2.3679989358619276	0.06913560358929807
6.895	-2.33321835610319	0.07287525482367065
6.905	-2.2984533157393887	0.0727793663304816
6.915	-2.2637201119612556	0.07306703181004873
6.925	-2.229035052611271	0.07795734496268979
6.935	-2.1944144470719777	0.08447776249954453
6.945	-2.1598745971417888	0.09042284907726503
6.955	-2.125431787903767	0.09080640305002119
6.965	-2.091102278592829	0.08888863318624038
6.975	-2.0569022934668872	0.0932036153797472
6.985	-2.022848012687371	0.09435427729801568
6.995	-1.988955563214593	0.10087469483487042
7.005	-1.9552410097234376	0.10614856196026763
7.015	-1.9217203455448573	0.10681978141259092
7.025	-1.8884094836385819	0.10595678497388955
7.035	-1.8553242476025082	0.11190187155161006
7.045	-1.822480362724153	0.12110716689775793
7.055	-1.7898934470795758	0.11909350854078808
7.065	-1.7575790026851554	0.12110716689775793
7.075	-1.7255524067075454	0.1274358074482346
7.085	-1.6938289027370963	0.128394692380125
7.095	-1.6624235921300328	0.13040835073709484
7.105	-1.6313514254246406	0.1398054230696208
7.115	-1.6006271938366385	0.13520277539654685
7.125	-1.5702655208388392	0.14632584060647552
7.135	-1.540280853830283	0.16329810390093566
7.145	-1.5106874558998444	0.1571612403368371
7.155	-1.481499397689272	0.16348988088731375
7.165	-1.4527305493606941	0.16416110033963704
7.175	-1.424394572673367	0.1728869532198397
7.185	-1.3965049131745322	0.17605127349507804
7.195	-1.3690747925091302	0.1821881370591766
7.205	-1.3421172008530264	0.18199636007279854
7.215	-1.3156448894743793	0.19014688199386695
7.225	-1.2896703634276325	0.19302353678953818
7.235	-1.2642058743846623	0.20846158419297367
7.245	-1.239263413607377	0.21220123542734623
7.255	-1.2148547050660814	0.20453015597222302
7.265	-1.190991198707831	0.22476262803511052
7.275	-1.1676840638788724	0.22054353433479273
7.285	-1.144944182905157	0.21651621762085305
7.295	-1.122782144834923	0.22600917844656804
7.305	-1.101208239347133	0.2233243006372749
7.315	-1.080232450829489	0.23396792338125838
7.325	-1.0598644526297114	0.24432388064567473
7.335	-1.0401136014835515	0.24700875845496786
7.345	-1.0209889321229875	0.24950185927788293
7.355	-1.0024991520679294	0.2558304998283596
7.365	-0.9846526366046275	0.26522757216088555
7.375	-0.9674574239538574	0.26177558640608006
7.385	-0.9509212106319072	0.2729945401091978
7.395	-0.9350513470071937	0.2748164214797896
7.405	-0.919854833055278	0.26618645709277594
7.415	-0.9053383143148901	0.2746246444934115
7.425	-0.89150807804748	0.2803779540847539
7.435	-0.8783700496027	0.2840217168259374
7.445	-0.8659297889920317	0.2891038069649566
7.455	-0.8541924876727505	0.2885284760058223
7.465	-0.8431629655441912	0.2960077784745675
7.475	-0.8328456681582272	0.3058842932730386
7.485	-0.8232446641456981	0.2989803217634277
7.495	-0.8143636428604255	0.3055966277934715
7.505	-0.8062059122422813	0.3025281960114222
7.515	-0.7987743969006982	0.3132677072485947
7.525	-0.7920716364198348	0.3102951639597345
7.535	-0.7860997838864798	0.3055966277934715
7.545	-0.7808606046416671	0.32228122560836453
7.555	-0.7763554752568176	0.31624025053745497
7.565	-0.7725853827350939	0.32333599903344395
7.575	-0.7695509239385279	0.31729502396253445
7.585	-0.7672523052413127	0.32141822916966317
7.595	-0.765689342409563	0.31250059930308244
7.605	-0.7648614607076694	0.31489781163280844
7.615	-0.7647676952312523	0.3197881247854495
7.625	-0.7654066914665743	0.3133635957417838
7.635	-0.7667767060761572	0.3095280560142222
7.645	-0.7688756079101755	0.3113499373848139
7.655	-0.7717008792430904	0.3241989954721453
7.665	-0.775249617234846	0.3150895886191865
7.675	-0.7795185356157983	0.3036788579296907
7.685	-0.7845039665944351	0.3117334913575701
7.695	-0.7902018629867817	0.3110622719052468
7.705	-0.7966078005662975	0.30636373573898384
7.715	-0.8037169806328703	0.3128841532758386
7.725	-0.8115242327994383	0.31729502396253445
7.735	-0.8200240179946283	0.30396652340925784
7.745	-0.8292104316796229	0.3004186491612633
7.755	-0.8390772072774084	0.28737781408755386
7.765	-0.8496177198123649	0.29140513080149355
7.775	-0.8608249897580778	0.2823916124417237
7.785	-0.8726916870910792	0.2898709149104689
7.795	-0.885210135548163	0.27740541079589365
7.805	-0.8983723170847246	0.28076150805751005
7.815	-0.912169876531491	0.27548764093211286
7.825	-0.9265941264469222	0.26522757216088555
7.835	-0.9416360521623421	0.26004959352867735
7.845	-0.957286317016866	0.27261098613644164
7.855	-0.973535267778969	0.2571729387330062
7.865	-0.9903729402515011	0.25794004667851844
7.875	-1.0077890650568126	0.25084429818252946
7.885	-1.025773073598514	0.24499510009799802
7.895	-1.0443141041963706	0.24000889845216794
7.905	-1.0634010083906258	0.23770757461563097
7.915	-1.0830223574120255	0.22322841214408587
7.925	-1.1031664488136743	0.23089949159920908
7.935	-1.1238213132607644	0.2223654157053845
7.945	-1.144974721474111	0.2206394228279818
7.955	-1.1666141913233665	0.2154614441957736
7.965	-1.1887269950656778	0.2078862532338394
7.975	-1.2113001667254264	0.20481782145179012
7.985	-1.2343205096106664	0.19263998281678202
7.995	-1.257774603961761	0.19877684638088058
8.005	-1.281648814727652	0.19110576692575737
8.015	-1.305929299465068	0.1838182414433903
8.025	-1.3306020163559875	0.18161280610004238
8.035	-1.3556527323385523	0.17346228417897394
8.045	-1.381067031346512	0.1740376151381082
8.055	-1.4068303226523602	0.17298284171302875
8.065	-1.4329278493090636	0.16684597814893015
8.075	-1.4593446966853885	0.15869545622786174
8.085	-1.4860658010897088	0.15639413239132477
8.095	-1.513075958477097	0.14670939457923168
8.105	-1.5403598332345185	0.1462299521132865
8.115	-1.5679019670388277	0.1462299521132865
8.125	-1.5956867877823018	0.13242200909406468
8.135	-1.623698618560319	0.1303124622439058
8.145	-1.651921686715807	0.14095608498788928
8.155	-1.6803401329350898	0.13050423923028387
8.165	-1.7089380203896072	0.12091538991137984
8.175	-1.7376993439180484	0.12321671374791682
8.185	-1.7666080392434653	0.12331260224110585
8.195	-1.7956479922197448	0.11391552990857991
8.205	-1.8248030481019635	0.12120305539094697
8.215	-1.8540570208350307	0.10768277785129228
8.225	-1.8833937023551128	0.11036765566058541
8.235	-1.9127968718981745	0.10480612305562108
8.245	-1.9422503053101785	0.10413490360329779
8.255	-1.9717377843532704	0.09713504360049785
8.265	-2.001243106002373	0.09732682058687593
8.275	-2.0307500917267682	0.09502549675033896
8.285	-2.060242596750896	0.09291594990018007
8.295	-2.089704519289	0.09214884195466776
8.305	-2.1191198097479935	0.08582020140419108
8.315	-2.148472479893112	0.08610786688375821
8.325	-2.177746611970807	0.08476542797911164
8.335	-2.206926367783452	0.07939567236052539
8.345	-2.2359959977104453	0.08399832003359932
8.355	-2.264939849670336	0.08054633427879387
8.365	-2.293742378018539	0.07699846003079938
8.375	-2.3223881523754093	0.07028626550756656
8.385	-2.350861866379371	0.07019037701437751
8.395	-2.3791483463598766	0.07047804249394464
8.405	-2.4072325599250055	0.06645072578000494
8.415	-2.435099624458641	0.06654661427319399
8.425	-2.4627348155220607	0.06827260715059671
8.435	-2.4901235751550277	0.06338229399795565
8.445	-2.5172515200714125	0.06616306030043782
8.455	-2.5441044497444176	0.05954675427039404
8.465	-2.570668354376653	0.05599888002239955
8.475	-2.596929422750309	0.05628654550196667
8.485	-2.622874049952748	0.061656301120552925
8.495	-2.648488844972926	0.055231772076887224
8.505	-2.673760638164177	0.05590299152921051
8.515	-2.6986764885688395	0.05168389782889273
8.525	-2.7232236911005434	0.052067451801648894
8.535	-2.7473897835797008	0.04880724303322152
8.545	-2.771162553618235	0.049190797005977685
8.555	-2.794530045349341	0.04698536166262976
8.565	-2.817480565998366	0.04679358467625168
8.575	-2.8400026922909323	0.05053323591062425
8.585	-2.862085276694512	0.04525936878522703
8.595	-2.883717453489765	0.04238271398955582
8.605	-2.9305870771065163	0.04410870686695855
8.615	-2.9532077948553663	0.03710884686415861
8.625	-2.9753472568032815	0.03931428220750653
8.635	-2.996995781670406	0.041232052071287335
8.645	-3.018143997672564	0.04171149453723254
8.655	-3.038782847500223	0.041327940564476376
8.665	-3.0589035931045925	0.04151971755085446
8.675	-3.0784978202880673	0.03739651234372573
8.685	-3.097557443096357	0.03547874247994492
8.695	-3.116074708009805	0.03547874247994492
8.705	-3.134042197931443	0.035670519466323
8.715	-3.151452835969496	0.03720473535734765
8.725	-3.1682998890122076	0.03595818494589012
8.735	-3.1845769710929375	0.03269797617746275
8.745	-3.2002780465436165	0.03308153015021891
8.755	-3.215397432934801	0.03461574604124356
8.765	-3.2299298038006663	0.03279386467065179
8.775	-3.243870191147467	0.031930868231950425
8.785	-3.2572139877440263	0.033752749602542195
8.795	-3.2699569491930562	0.03336919562978603
8.805	-3.282095195782187	0.030971983300060024
8.815	-3.2936252141137166	0.028670659463523058
8.825	-3.3045438585122637	0.02982132138179154
8.835	-3.314848352209599	0.03288975316384083
8.845	-3.324536288306091	0.0287665479567121
8.855	-3.3336056305083615	0.03001309836816962
8.865	-3.342054713642818	0.03231442220470659
8.875	-3.349882243944934	0.035191077000377796
8.885	-3.357087299124248	0.031930868231950425
8.895	-3.3636693282052024	0.030492540834114824
8.905	-3.3696281511440773	0.030876094806870983
8.915	-3.374963958222404	0.030780206313681942
8.925	-3.379677309217401	0.028095328504388815
8.935	-3.3837691323500776	0.030780206313681942
8.945	-3.3872407230118307	0.032026756725139466
8.955	-3.390093742270441	0.030492540834114824
8.965	-3.3923302151565644	0.03241031069789563
8.975	-3.393952528731907	0.0297254328886025
8.985	-3.394963429940425	0.02962954439541346
8.995	-3.395366023244026	0.028382993983955936
9.005	-3.3951637680443545	0.030204875354547703
9.015	-3.394360475892416	0.030684317820492902
9.025	-3.3929603074878774	0.031930868231950425
9.035	-3.390967769470047	0.031067871793249064
9.045	-3.3883877110026432	0.03154731425919426
9.055	-3.3852253201545874	0.03288975316384083
9.065	-3.381486120079193	0.031739091245572344
9.075	-3.3771759649942337	0.03135553727281618
9.085	-3.372301035965492	0.03442396905486548
9.095	-3.3668678364965285	0.033465084122975074
9.105	-3.360883187927494	0.031067871793249064
9.115	-3.354354224645969	0.03288975316384083
9.125	-3.3472883891128813	0.030492540834114824
9.135	-3.339693426706699	0.03327330713659699
9.145	-3.3315773803891973	0.03221853371151755
9.155	-3.322948585196182	0.03442396905486548
9.165	-3.313815662556699	0.03288975316384083
9.175	-3.3041875144443353	0.03595818494589012
9.185	-3.2940733173643175	0.037012958370969566
9.195	-3.283482516180219	0.03595818494589012
9.205	-3.272424817784198	0.03461574604124356
9.215	-3.2609101846147572	0.03950605919388461
9.225	-3.2489488280261085	0.03557463097313396
9.235	-3.2365512015133544	0.034711634534432594
9.245	-3.223727993797718	0.03873895124837229
9.255	-Inf	0.0
9.265	-Inf	0.0
9.275	-Inf	0.0
9.285	-Inf	0.0
9.295	-Inf	0.0
9.305	-Inf	0.0
9.315	-Inf	0.0
9.325	-Inf	0.0
9.335	-Inf	0.0
9.345	-Inf	0.0
9.355	-Inf	0.0
9.365	-Inf	0.0
9.375	-Inf	0.0
9.385	-Inf	0.0
9.395	-Inf	0.0
9.405	-Inf	0.0
9.415	-Inf	0.0
9.425	-Inf	0.0
9.435	-Inf	0.0
9.445	-Inf	0.0
9.455	-Inf	0.0
9.465	-Inf	0.0
9.475	-Inf	0.0
9.485	-Inf	0.0
9.495	-Inf	0.0
9.505	-Inf	0.0
9.515	-Inf	0.0
9.525	-Inf	0.0
9.535	-Inf	0.0
9.545	-Inf	0.0
9.555	-Inf	0.0
9.565	-Inf	0.0
9.575	-Inf	0.0
9.585	-Inf	0.0
9.595	-Inf	0.0
9.605	-Inf	0.0
9.615	-Inf	0.0
9.625	-Inf	0.0
9.635	-Inf	0.0
9.645	-Inf	0.0
9.655	-Inf	0.0
9.665	-Inf	0.0
9.675	-Inf	0.0
9.685	-Inf	0.0
9.695	-Inf	0.0
9.705	-Inf	0.0
9.715	-Inf	0.0
9.725	-Inf	0.0
9.735	-Inf	0.0
9.745	-Inf	0.0
9.755	-Inf	0.0
9.765	-Inf	0.0
9.775	-Inf	0.0
9.785	-Inf	0.0
9.795	-Inf	0.0
9.805	-Inf	0.0
9.815	-Inf	0.0
9.825	-Inf	0.0
9.835	-Inf	0.0
9.845	-Inf	0.0
9.855	-Inf	0.0
9.865	-Inf	0.0
9.875	-Inf	0.0
9.885	-Inf	0.0
9.895	-Inf	0.0
9.905	-Inf	0.0
9.915	-Inf	0.0
9.925	-Inf	0.0
9.935	-Inf	0.0
9.945	-Inf	0.0
9.955	-Inf	0.0
9.965	-Inf	0.0
9.975	-Inf	0.0
9.985	-Inf	0.0
9.995	-Inf	0.0
