0.005	-Inf	0.0
0.015	-Inf	0.0
0.025	-Inf	0.0
0.035	-Inf	0.0
0.045	-Inf	0.0
0.055	-Inf	0.0
0.065	-Inf	0.0
0.075	-Inf	0.0
0.085	-Inf	0.0
0.095	-Inf	0.0
0.105	-Inf	0.0
0.115	-Inf	0.0
0.125	-Inf	0.0
0.135	-Inf	0.0
0.145	-Inf	0.0
0.155	-Inf	0.0
0.165	-Inf	0.0
0.175	-Inf	0.0
0.185	-Inf	0.0
0.195	-Inf	0.0
0.205	-Inf	0.0
0.215	-Inf	0.0
0.225	-Inf	0.0
0.235	-Inf	0.0
0.245	-Inf	0.0
0.255	-Inf	0.0
0.265	-Inf	0.0
0.275	-Inf	0.0
0.285	-Inf	0.0
0.295	-Inf	0.0
0.305	-Inf	0.0
0.315	-Inf	0.0
0.325	-Inf	0.0
0.335	-Inf	0.0
0.345	-Inf	0.0
0.355	-Inf	0.0
0.365	-5.418205176761836	0.0046950013399708794
0.375	-5.396000305402661	0.004345063351898515
0.385	-5.373513275332537	0.004665839840964849
0.395	-5.3507495808947	0.004461709347922636
0.405	-5.327714893703164	0.004417967099413591
0.415	-5.304415060927654	0.004563774594443743
0.425	-5.280856103471168	0.005365715817109576
0.435	-5.25704421404083	0.005278231320091485
0.445	-5.232985755112747	0.004928293332019122
0.455	-5.208687256791645	0.004826228085498016
0.465	-5.184155414566157	0.005351135067606561
0.475	-5.15939708696066	0.005861461300212091
0.485	-5.134419293084633	0.0054094580656186214
0.495	-5.109229210080601	0.006036430294248273
0.505	-5.08383417047174	0.006153076290272394
0.515	-5.058241659410333	0.006109334041763349
0.525	-5.032459311828296	0.005919784298224152
0.535	-5.006494909491053	0.006546756526853804
0.545	-4.980356377956138	0.007348697749519637
0.555	-4.954051783437897	0.0062405607872904854
0.565	-4.927589329579801	0.007086244258465364
0.575	-4.900977354135848	0.007756958735604062
0.585	-4.874224325562694	0.0073778592485256676
0.595	-4.8473388395241095	0.007363278499022652
0.605	-4.820329615309479	0.008136058222682456
0.615	-4.7932054921681	0.008427673212742758
0.625	-4.7659754255610745	0.008369350214730698
0.635	-4.738648483332662	0.008558899958269894
0.645	-4.711233841803008	0.00851515770976085
0.655	-4.683740781784192	0.00857348070777291
0.665	-4.656178684521639	0.008850514948330198
0.675	-4.6285570275629215	0.009185872186899546
0.685	-4.600885380556081	0.009842005914535228
0.695	-4.573173400979625	0.009827425165032213
0.705	-4.545430829806384	0.010294009149128697
0.715	-4.517667487103491	0.010133620904595532
0.725	-4.489893267570756	0.010585624139189
0.735	-4.462118136019772	0.011168854119309606
0.745	-4.434352122796117	0.01205827983899353
0.755	-4.406605319147069	0.011927053093466394
0.765	-4.378887872537255	0.012481121574580971
0.775	-4.351209981914745	0.01332680504575585
0.785	-4.3235818929300835	0.012816478813150319
0.795	-4.296013893110817	0.013297643546749819
0.805	-4.268516306994092	0.01474113774754832
0.815	-4.241099491219946	0.013253901298240774
0.825	-4.213773829587908	0.013939196524882486
0.835	-4.186549728079607	0.014420361258481985
0.845	-4.159437609850038	0.015441013723693046
0.855	-4.1324479101902485	0.014551588004009122
0.865	-4.105591071464148	0.015470175222699077
0.875	-4.078877538022214	0.016301277944370942
0.885	-4.052317751094872	0.016490827687910138
0.895	-4.025922143668355	0.01621379344735285
0.905	-3.9997011353458336	0.016622054433437273
0.915	-3.9736651271966625	0.018546713367835276
0.925	-3.9478244965965814	0.018430067371811153
0.935	-3.922189592061709	0.019888142322112667
0.945	-3.8967707280792054	0.01982981932410061
0.955	-3.871578179937461	0.01901329735193176
0.965	-3.846622178558696	0.01931949309149508
0.975	-3.8219129053368324	0.01982981932410061
0.985	-3.797460486983547	0.020923375536826744
0.995	-3.773274990385355	0.021944028002037805
1.005	-3.7493664174746395	0.023475006699854396
1.015	-3.7257447001174766	0.023154230210788062
1.025	-3.7024196950211588	0.023212553208800123
1.035	-3.679401178664259	0.023897848435441835
1.045	-3.656698842252127	0.02436443241953832
1.055	-3.634322286700643	0.02535592338574335
1.065	-3.61228101765109	0.02558921537779159
1.075	-3.5905844405189713	0.025676699874809684
1.085	-3.5692418555795777	0.02784923155075894
1.095	-3.548262453093119	0.026114122359900137
1.105	-3.5276553084721938	0.02725142082113532
1.115	-3.5074293774943572	0.028344977033861456
1.125	-3.4875934915625395	0.029044853010006186
1.135	-3.468156353016023	0.03107157719092529
1.145	-3.449126530494679	0.029074014509012213
1.155	-3.4305124543591345	0.03092576969589514
1.165	-3.41232241216951	0.031042415691919262
1.175	-3.394564544225336	0.029846794232672016
1.185	-3.3772468391692403	0.033433658610413745
1.195	-3.3603771296569516	0.032981655375820276
1.205	-3.3439630880961326	0.03449805332413385
1.215	-3.328012222456537	0.03477508756469114
1.225	-3.312531872153916	0.034847991312206214
1.235	-3.2975292040101034	0.03508128330425446
1.245	-3.2830112082916276	0.03595612827443537
1.255	-3.268984694829192	0.036320647012010744
1.265	-3.255456289220296	0.03763291446728211
1.275	-3.2424324291172466	0.03610193576946552
1.285	-3.22991936060275	0.037341299477221805
1.295	-3.2179231346552317	0.03910557016708664
1.305	-3.206449603705995	0.038274467445414774
1.315	-3.195504418290251	0.03965963864820122
1.325	-3.185093023794044	0.039484669654165035
1.335	-3.1752206572990076	0.03970338089671026
1.345	-3.165892344526854	0.04068029111341227
1.355	-3.157112896885436	0.040155384131303734
1.365	-3.148886908618175	0.04086984085695147
1.375	-3.1412187540585883	0.04051990286887911
1.385	-3.1341125849915787	0.041977977819180626
1.395	-3.127572328123123	0.04193423557067158
1.405	-3.121601682659895	0.04228417355874394
1.415	-3.116204118000339	0.04244456180327711
1.425	-3.111382871538618	0.04193423557067158
1.435	-3.1071409465828173	0.040928163854963534
1.445	-3.1034811103887074	0.042269592809240926
1.455	-3.100405892310326	0.042692434544828364
1.465	-3.0979175820685456	0.040665710363909265
1.475	-3.0960182281387616	0.043421472019979125
1.485	-3.094709636258739	0.0449378699682927
1.495	-3.0939933680576095	0.04295488803588264
1.505	-3.0938707398069383	0.04372766775954244
1.515	-3.0943428212947026	0.0415697168330962
1.525	-3.095410434822974	0.043173599278427864
1.535	-3.0970741543300075	0.04280908054085249
1.545	-3.0993343046373916	0.04381515225656053
1.555	-3.102190960822816	0.043611021763518325
1.565	-3.1056439477189843	0.04251746555079219
1.575	-3.109692839539076	0.042881984288367564
1.585	-3.114336959629146	0.04212378531421078
1.595	-3.119575380347733	0.0425320463002952
1.605	-3.125406923072907	0.041700943578623334
1.615	-3.1318301583369017	0.04027203012732785
1.625	-3.1388434060884	0.04158429758259922
1.635	-3.146444736082493	0.042619530797313294
1.645	-3.154631968398226	0.04035951462434594
1.655	-3.1634026740836085	0.0416717820796173
1.665	-3.172754175927867	0.03907640866808061
1.675	-3.182683549360661	0.04100106760247861
1.685	-3.1931876234779093	0.04054906436788514
1.695	-3.2042629821937982	0.0383911134414389
1.705	-3.215905965518478	0.03789536795833638
1.715	-3.2281126709608685	0.03882853592652935
1.725	-3.240878955055957	0.03939718515714694
1.735	-3.2542004350158518	0.03645187375753788
1.745	-3.268072490503841	0.03553328653884793
1.755	-3.282490265530577	0.03681639249511326
1.765	-3.2974486704714954	0.03480424906369717
1.775	-3.312942384204467	0.03366695060246199
1.785	-3.328965856366633	0.03564993253487205
1.795	-3.3455133097293013	0.03328785111538359
1.805	-3.3625787426897054	0.03334617411339565
1.815	-3.380155931878396	0.03301081687482631
1.825	-3.3982384348809047	0.032952493876814246
1.835	-3.4168195930723324	0.03156732267402781
1.845	-3.4358925345633904	0.03140693442949464
1.855	-3.4554501772563855	0.030852865948380062
1.865	-3.475485232009578	0.029555179242611716
1.875	-3.4959902059082664	0.029423952497084578
1.885	-3.516957405640916	0.028344977033861456
1.895	-3.538378940978551	0.027688843306225775
1.905	-3.5602467283556263	0.027440970564674518
1.915	-3.5825524945504714	0.02637657585095441
1.925	-3.6052877804633967	0.02704729032809311
1.935	-3.628443944990476	0.026449479598469487
1.945	-3.6520121689909573	0.024918500900652896
1.955	-3.675983459346215	0.02385410618693279
1.965	-3.7003486531080885	0.024656047409598623
1.975	-3.725098421734438	0.023066745713769973
1.985	-3.7502232754096263	0.022221062242595093
1.995	-3.7757135674476885	0.020106853564657894
2.005	-3.801559498775801	0.020296403308197094
2.015	-3.8277511224956906	0.021681574510983532
2.025	-3.854278348520554	0.0206900835447785
2.035	-3.8811309482849983	0.019931884570621713
2.045	-3.908298559525504	0.019304912341992064
2.055	-3.9357706911288473	0.018415486622308137
2.065	-3.963536728045902	0.018153033131253864
2.075	-3.991585936268171	0.017919741139205622
2.085	-4.019907467864399	0.01618463194834682
2.095	-4.048490366074568	0.01651998918691617
2.105	-4.077323570458531	0.015513917471208123
2.115	-4.106395922096541	0.015557659719717168
2.125	-4.13569616883886	0.01533894847717194
2.135	-4.165212970601656	0.015266044729656866
2.145	-4.194934904706337	0.014274553763451835
2.155	-4.224850471259419	0.014187069266433743
2.165	-4.254948098570104	0.01377880828034932
2.175	-4.28521614860258	0.013370547294264895
2.185	-4.315642922460189	0.012247829582532729
2.195	-4.3462166658984245	0.011956214592472425
2.205	-4.376925574863897	0.012481121574580971
2.215	-4.407757801056181	0.01146046910936991
2.225	-4.4387014575096515	0.01100846587477644
2.235	-4.469744624192223	0.010614785638195031
2.245	-4.500875353618049	0.011125111870800562
2.255	-4.532081676471111	0.010294009149128697
2.265	-4.563351607236698	0.010308589898631712
2.275	-4.594673149837758	0.009448325677953819
2.285	-4.626034303273068	0.00953581017497191
2.295	-4.657423067254201	0.009521229425468895
2.305	-4.688827447838269	0.008646384455287986
2.315	-4.720235463053421	0.008660965204791002
2.325	-4.751635148514049	0.008136058222682456
2.335	-4.783014563022714	0.008311027216718636
2.345	-4.814361794155793	0.007552828242561849
2.355	-4.845664963829806	0.007829862483119137
2.365	-4.8769122338455215	0.007873604731628183
2.375	-4.908091811406768	0.007115405757471395
2.385	-4.9391919546111	0.006459272029835712
2.395	-4.970200977909307	0.006750887019896016
2.405	-5.001107257530881	0.00667798327238094
2.415	-5.031899236872562	0.00619681853878144
2.425	-5.062565431847013	0.006328045284308577
2.435	-5.093094436188892	0.006123914791266364
2.445	-5.123474926715363	0.005307392819097516
2.455	-5.153695668538366	0.005438619564624652
2.465	-5.183745520225775	0.005467781063630682
2.475	-5.213613438908792	0.00520532757257641
2.485	-5.243288485332784	0.00568649230617591
2.495	-5.272759828848984	0.004665839840964849
2.505	-5.302016752344312	0.004767905087485955
2.515	-5.3310486571068	0.005059520077546258
2.525	-5.359845067624006	0.004009706113329167
2.535	-5.3883956363119045	0.004009706113329167
2.545	-5.416690148171782	0.004374224850904546
2.555	-5.444718525372659	0.003922221616311076
2.565	-5.472470831756889	0.004068029111341228
2.575	-5.499937277266529	0.003718091123268864
2.585	-5.527108222288208	0.003441056882711576
2.595	-5.553974181914242	0.003922221616311076
2.605	-5.580525830117715	0.0036597681252568035
2.615	-5.606754003839478	0.0033098301371844397
2.625	-5.63264970698484	0.0035139606302266517
2.635	-5.658204114327989	0.003222345640166349
2.645	-5.683408575322073	0.0034993798807236368
2.655	-5.708254617813012	0.0033244108866874547
2.665	-5.732733951655191	0.0030911188946392124
2.675	-5.756838472227126	0.003032795896627152
2.685	-5.780560263845386	0.0031786033916573033
2.695	-5.803891603075007	0.0031202803936452427
2.705	-5.826824961934791	0.003047376646130167
2.715	-5.849353010995833	0.003353572385693485
2.725	-5.871468622371815	0.0024495659165065455
2.735	-5.89316487259949	0.0027120194075608184
2.745	-5.914435045408081	0.0022162739244583033
2.755	-5.935272634376116	0.0026682771590517728
2.765	-5.955671345474522	0.002464146666009561
2.775	-5.975625099494707	0.002609954161039712
2.785	-5.995128034360498	0.0026974386580578035
2.795	-6.01417450732286	0.0023475006699854397
2.805	-6.032759097036388	0.002420404417500515
2.815	-6.050876605516594	0.0021725316759492576
2.825	-6.068522059977152	0.002012143431416091
2.835	-6.085690714546281	0.0023329199204824244
2.845	-6.102378051861518	0.002420404417500515
2.855	-6.118579784542209	0.002391242918494485
2.865	-6.13429185653916	0.0016476246938407122
2.875	-6.149510444360851	0.002114208677937197
2.885	-6.164231958175837	0.0023475006699854397
2.895	-6.17845304279088	0.0020267241809191062
2.905	-6.192170578504534	0.002012143431416091
2.915	-6.205381681835938	0.0020413049304221216
2.925	-6.218083706128624	0.002260016172967349
2.935	-6.230274242029271	0.002114208677937197
2.945	-6.24195111784133	0.0018954974353919698
2.955	-6.253112399753617	0.0017496899403618184
2.965	-6.263756391943921	0.0018809166858889546
2.975	-6.273881636557884	0.0025370504135246367
2.985	-6.28348691356333	0.0020267241809191062
2.995	-6.292571240480433	0.0019684011829070457
3.005	-6.301133871988072	0.001516397948313576
3.015	-6.3091742994068705	0.0019829819324100606
3.025	-6.31669225005943	0.0019684011829070457
3.035	-6.323687686508375	0.0017788514393678487
3.045	-6.330160805672885	0.0017496899403618184
3.055	-6.336112037824428	0.001705947691852773
3.065	-6.3415420454625515	0.0015747209463256365
3.075	-6.346451722071555	0.0018517551868829244
3.085	-6.350842190759018	0.0020267241809191062
3.095	-6.354714802777194	0.0017642706898648335
3.105	-6.358071135928318	0.002391242918494485
3.115	-6.360912992854994	0.0015018171988105608
3.125	-6.363242399216851	0.001720528441355788
3.135	-6.365061601754741	0.0020267241809191062
3.145	-6.36637306624379	0.001516397948313576
3.155	-6.36717947533672	0.0019538204334040303
3.165	-6.367483726298865	0.0019392396839010154
3.175	-6.3672889286364045	0.0015018171988105608
3.185	-6.366598401619388	0.0017934321888708638
3.195	-6.365415671701158	0.0018371744373799092
3.205	-6.36374446983588	0.0016913669423497578
3.215	-6.361588728695887	0.002201693174955288
3.225	-6.358952579790668	0.0016767861928467425
3.235	-6.3558403504893155	0.0019100781848949851
3.245	-6.35225656094835	0.0015455594473196062
3.255	-6.348205920946856	0.0017496899403618184
3.265	-6.343693326630953	0.0017788514393678487
3.275	-6.338723857169627	0.001618463194834682
3.285	-6.333302771324015	0.0017496899403618184
3.295	-6.327435503932321	0.0018809166858889546
3.305	-6.321127662312501	0.0016913669423497578
3.315	-6.314385022584984	0.0016038824453316668
3.325	-6.307213525917679	0.001516397948313576
3.335	-6.299619274695595	0.001618463194834682
3.345	-6.291608528617411	0.002012143431416091
3.355	-6.283187700721399	0.001822593687876894
3.365	-6.274363353343118	0.0018954974353919698
3.375	-6.265142194007337	0.0020558856799251365
3.385	-6.255531071256688	0.0019829819324100606
3.395	-6.245536970419561	0.001808012938373879
3.405	-6.235167009319822	0.001822593687876894
3.415	-6.224428433930898	0.0017351091908588032
3.425	-6.213328613976885	0.0019392396839010154
3.435	-6.201875038483273	0.001822593687876894
3.445	-6.190075311279983	0.0019538204334040303
3.455	-6.17793714645938	0.001997562681913076
3.465	-6.165468363791961	0.0019538204334040303
3.475	-6.152676884102458	0.002114208677937197
3.485	-6.139570724609079	0.0019246589343980003
3.495	-6.12615799422865	0.002114208677937197
3.505	-6.112446888850426	0.001997562681913076
3.515	-6.098445686581346	0.002070466429428152
3.525	-6.084162742965544	0.002230854673961318
3.535	-6.069606486180879	0.002420404417500515
3.545	-6.054785412215339	0.002566211912530667
3.555	-6.039708080026101	0.002478727415512576
3.565	-6.02438310668407	0.0023183391709794094
3.575	-6.0088191625067235	0.0024349851670035305
3.585	-5.993024966182089	0.002566211912530667
3.595	-5.977009279886644	0.002478727415512576
3.605	-5.960780904400009	0.0023329199204824244
3.615	-5.944348674219173	0.0019829819324100606
3.625	-5.927721452675129	0.002770342405572879
3.635	-5.9109081270546815	0.003236926389669364
3.645	-5.893917603730204	0.002420404417500515
3.655	-5.876758803300164	0.0030036343976211216
3.665	-5.859440655743135	0.0027995039045789092
3.675	-5.841972095588089	0.0031786033916573033
3.685	-5.824362057103663	0.002493308165015591
3.695	-5.8066194695091555	0.002770342405572879
3.705	-5.788753252209922	0.0030036343976211216
3.715	-5.770772310059859	0.0030182151471241365
3.725	-5.752685528653624	0.0033973146342025306
3.735	-5.734501769651247	0.003441056882711576
3.745	-5.7162298661376845	0.003353572385693485
3.755	-5.697878618019962	0.003601445127244743
3.765	-5.679456787464401	0.003149441892651273
3.775	-5.660973094376482	0.0033244108866874547
3.785	-5.642436211925802	0.0032806686381784095
3.795	-5.6238547621186346	0.0033681531351965003
3.805	-5.605237311420432	0.0034702183817176065
3.815	-5.586592366430746	0.0037035103737658487
3.825	-5.567928369612849	0.003528541379729667
3.835	-5.549253695080388	0.0036889296242628338
3.845	-5.530576644443349	0.0037764141212809246
3.855	-5.511905442715557	0.004184675107365349
3.865	-5.493248234285876	0.004534613095437712
3.875	-5.4746130789553105	0.004257578854880425
3.885	-5.456007948042009	0.004359644101401531
3.895	-5.437440720556354	0.004505451596431682
3.905	-5.418919179448003	0.004286740353886455
3.915	-5.4004510079269625	0.004403386349910576
3.925	-5.382043785860513	0.004651259091461833
3.935	-5.363704986247881	0.0046220975924558035
3.945	-5.345441971774484	0.004928293332019122
3.955	-5.327261991447448	0.004578355343946758
3.965	-5.309172177314148	0.004665839840964849
3.975	-5.291179541265399	0.004607516842952788
3.985	-5.273290971924881	0.005249069821085455
3.995	-5.255513231626336	0.00523448907158244
4.005	-5.237852953480049	0.0053365543181035455
4.015	-5.220316638529959	0.0051470045745643485
4.025	-5.202910653002846	0.0051470045745643485
4.035	-5.1856412256508495	0.005540684811145758
4.045	-5.168514445188559	0.0056427500576668645
4.055	-5.15153625782588	0.0055261040616427426
4.065	-5.1347124648978	0.00613849554076938
4.075	-5.118048720592083	0.005467781063630682
4.085	-5.101550529775927	0.0058322998012060616
4.095	-5.0852232459224975	0.00574481530418797
4.105	-5.06907206913823	0.006415529781326667
4.115	-5.053102044291667	0.0062405607872904854
4.125	-5.037318059244651	0.006415529781326667
4.135	-5.021724843186462	0.00613849554076938
4.145	-5.006326965071594	0.006503014278344758
4.155	-4.9911288321616825	0.007071663508962349
4.165	-4.976134688672089	0.006605079524865864
4.175	-4.9613486145235255	0.006342626033811591
4.185	-4.946774524199146	0.0068092100179080765
4.195	-4.932416165707329	0.006852952266417122
4.205	-4.918277119650412	0.007567408992064865
4.215	-4.904360798399544	0.007304955501010592
4.225	-4.890670445375719	0.007246632502998531
4.235	-4.877209134437052	0.006984179011944258
4.245	-4.86397976937227	0.007625731990076925
4.255	-4.850985083500279	0.007859023982125167
4.265	-4.838227639375668	0.0071883095049864705
4.275	-4.825709828599936	0.007654893489082955
4.285	-4.8134338717381295	0.007684054988088986
4.295	-4.801401818340523	0.007888185481131198
4.305	-4.78961554706895	0.008675545954294015
4.315	-4.778076765927294	0.008223542719700546
4.325	-4.766787012595572	0.008500576960257834
4.335	-4.75574765486703	0.008354769465227683
4.345	-4.744959891187579	0.007844443232622152
4.355	-4.7344247512968	0.009229614435408592
4.365	-4.7241430969697955	0.00899632244336035
4.375	-4.714115622858966	0.008821353449324167
4.385	-4.704342857434856	0.008485996210754819
4.395	-4.694825164025064	0.008865095697833213
4.405	-4.685562741950203	0.009360841180935728
4.415	-4.676555627755831	0.00899632244336035
4.425	-4.6678036965391945	0.009273356683917638
4.435	-4.65930666336962	0.009346260431432713
4.445	-4.651064084801256	0.009448325677953819
4.455	-4.643075360476903	0.009273356683917638
4.465	-4.635339734821564	0.009856586664038243
4.475	-4.627856298824269	0.009098387689881455
4.485	-4.620623991906787	0.009769102167020153
4.495	-4.613641603877634	0.009754521417517138
4.505	-4.606907776969879	0.010148201654098547
4.515	-4.600421007961109	0.009010903192863365
4.525	-4.594179650373909	0.00947748717695985
4.535	-4.588181916755168	0.009856586664038243
4.545	-4.58242588103244	0.01038149364614679
4.555	-4.576909480945615	0.01004613640757744
4.565	-4.571630520552023	0.010133620904595532
4.575	-4.566586672803156	0.010337751397637743
4.585	-4.561775482191046	0.010279428399625683
4.595	-4.557194367462391	0.010119040155092516
4.605	-4.552840624398438	0.010323170648134728
4.615	-4.548711428658585	0.00990032891254729
4.625	-4.544803838685676	0.00998781340956538
4.635	-4.541114798670879	0.010264847650122668
4.645	-4.537641141576056	0.00990032891254729
4.655	-4.5343795922114465	0.010279428399625683
4.665	-4.531326770366521	0.01038149364614679
4.675	-4.528479193991772	0.010818916131237243
4.685	-4.525833282429235	0.010206524652110607
4.695	-4.523385359689485	0.010818916131237243
4.705	-4.521131657772811	0.010687689385710106
4.715	-4.519068320032302	0.010614785638195031
4.725	-4.517191404576508	0.010323170648134728
4.735	-4.515496887709341	0.00998781340956538
4.745	-4.513980667404879	0.010643947137201062
4.755	-4.512638566814687	0.011052208123285485
4.765	-4.5114663378052855	0.01055646264018297
4.775	-4.510459664523372	0.010862658379746289
4.785	-4.509614166986389	0.010337751397637743
4.795	-4.508925404696031	0.01089181987875232
4.805	-4.508388880272252	0.010716850884716137
4.815	-4.5080000431053815	0.010396074395649805
4.825	-4.507754293023884	0.011314661614339758
4.835	-4.507646983975337	0.010906400628255335
4.845	-4.507673427718221	0.010352332147140758
4.855	-4.507828897522029	0.00990032891254729
4.865	-4.508108631873327	0.01089181987875232
4.875	-4.50850783818528	0.010760593133225183
4.885	-4.50902169650826	0.009958651910559349
4.895	-4.509645363239091	0.011227177117321668
4.905	-4.510373974826536	0.010162782403601562
4.915	-4.511202651470607	0.011227177117321668
4.925	-4.512126500813326	0.009842005914535228
4.935	-4.5131406216185574	0.010643947137201062
4.945	-4.514240107438529	0.010162782403601562
4.955	-4.515420050264708	0.010658527886704077
4.965	-4.51667554416071	0.010687689385710106
4.975	-4.51800168887489	0.010804335381734228
4.985	-4.519393593430384	0.010658527886704077
4.995	-4.520846379690247	0.009098387689881455
5.005	-4.522355185895518	0.01049813964217091
5.015	-4.523915170173929	0.010308589898631712
5.025	-4.525521514017086	0.010585624139189
5.035	-4.527169425723938	0.010250266900619653
5.045	-4.528854143808388	0.010133620904595532
5.055	-4.530570940368942	0.009914909662050305
5.065	-4.532315124418273	0.010133620904595532
5.075	-4.534082045170713	0.011023046624279456
5.085	-4.5358670952855755	0.010643947137201062
5.095	-4.537665714064375	0.010206524652110607
5.105	-4.539473390599983	0.010833496880740258
5.115	-4.541285666875783	0.010264847650122668
5.125	-4.5430981408129805	0.009725359918511107
5.135	-4.544906469264214	0.009958651910559349
5.145	-4.5467063709516635	0.010935562127261364
5.155	-4.5484936293479254	0.010089878656086486
5.165	-4.550264095497913	0.010206524652110607
5.175	-4.55201369078014	0.010104459405589501
5.185	-4.55373840960573	0.011737503349927198
5.195	-4.555434322053612	0.010775173882728199
5.205	-4.557097576440326	0.009885748163044274
5.215	-4.558724401822977	0.009871167413541259
5.225	-4.5603111104339105	0.010162782403601562
5.235	-4.561854100045668	0.00998781340956538
5.245	-4.56334985626495	0.009929490411553318
5.255	-4.564794954754247	0.010396074395649805
5.265	-4.566186063379917	0.009856586664038243
5.275	-4.567519944285513	0.010264847650122668
5.285	-4.5687934558892564	0.009696198419505076
5.295	-4.5700035548045275	0.01055646264018297
5.305	-4.571147297682375	0.009885748163044274
5.315	-4.57222184297508	0.010294009149128697
5.325	-4.573224452619817	0.00950664867596588
5.335	-4.574152493641585	0.009710779169008091
5.345	-4.5750034396745916	0.009812844415529197
5.355	-4.575774872401318	0.010483558892667895
5.365	-4.5764644829085945	0.010060717157080455
5.375	-4.577070072960042	0.01038149364614679
5.385	-4.577589556184281	0.010512720391673926
5.395	-4.578020959178405	0.010002394159068395
5.405	-4.578362422526244	0.009623294671990001
5.415	-4.578612201730998	0.01041065514515282
5.425	-4.578768668061915	0.010221105401613622
5.435	-4.578830309314689	0.009273356683917638
5.445	-4.578795730485375	0.009798263666026182
5.455	-4.5786636543576025	0.009842005914535228
5.465	-4.578432922003038	0.00905464544137241
5.475	-4.578102493194946	0.009521229425468895
5.485	-4.577671446734917	0.010235686151116637
5.495	-4.577138980692804	0.010089878656086486
5.505	-4.5765044125599355	0.009652456170996032
5.515	-4.575767179315851	0.010279428399625683
5.525	-4.574926837408715	0.009798263666026182
5.535	-4.573983062649753	0.009812844415529197
5.545	-4.572935650021993	0.009273356683917638
5.555	-4.571784513403789	0.010352332147140758
5.565	-4.570529685207483	0.009492067926462865
5.575	-4.56917131593381	0.009842005914535228
5.585	-4.567709673642551	0.010614785638195031
5.595	-4.566145143340072	0.010366912896643774
5.605	-4.564478226284427	0.009725359918511107
5.615	-4.562709539208755	0.009550390924474924
5.625	-4.560839813463744	0.010089878656086486
5.635	-4.558869894079988	0.009944071161056334
5.645	-4.556800738751166	0.009914909662050305
5.655	-4.554633416738902	0.010162782403601562
5.665	-4.552369107700374	0.010162782403601562
5.675	-4.550009100439669	0.010337751397637743
5.685	-4.547554791583946	0.010060717157080455
5.695	-4.545007684185613	0.010964723626267395
5.705	-4.542369386251611	0.01038149364614679
5.715	-4.539641609201107	0.010687689385710106
5.725	-4.536826166252817	0.010177363153104576
5.735	-4.533924970743325	0.010512720391673926
5.745	-4.5309400343776876	0.01089181987875232
5.755	-4.527873465413815	0.010585624139189
5.765	-4.52472746678201	0.010527301141176941
5.775	-4.521504334141154	0.011227177117321668
5.785	-4.518206453873129	0.010571043389685985
5.795	-4.514836301016933	0.01100846587477644
5.805	-4.5113964371442	0.011183434868812622
5.815	-4.507889508177673	0.011285500115333729
5.825	-4.504318242154369	0.01055646264018297
5.835	-4.500685446935088	0.010964723626267395
5.845	-4.496994007862038	0.011095950371794531
5.855	-4.493246885366353	0.01097930437577041
5.865	-4.489447112527253	0.010848077630243274
5.875	-4.485597792584745	0.010935562127261364
5.885	-4.481702096407664	0.01038149364614679
5.895	-4.477763259918976	0.010920981377758349
5.905	-4.473784581480216	0.01146046910936991
5.915	-4.4697694192370365	0.010643947137201062
5.925	-4.465721188427772	0.01194163384296941
5.935	-4.461643358657036	0.011577115105394031
5.945	-4.457539451136326	0.011314661614339758
5.955	-4.453413035893644	0.01146046910936991
5.965	-4.4492677289541795	0.01143130761036388
5.975	-4.445107189494096	0.01194163384296941
5.985	-4.440935116969472	0.011824987846945289
5.995	-4.436755248222472	0.011110531121297547
6.005	-4.4325713545668535	0.011708341850921167
6.015	-4.428387238854862	0.011708341850921167
6.025	-4.424206732527659	0.012160345085514638
6.035	-4.42003369265137	0.012043699089490515
6.045	-4.415871998940866	0.01236447557855685
6.055	-4.411725550773414	0.01140214611135785
6.065	-4.407598264194304	0.01148963060837594
6.075	-4.403494068916585	0.012568606071599061
6.085	-4.399416905317026	0.01191247234396338
6.095	-4.395370721430442	0.013035190055695547
6.105	-4.3913594699444705	0.012495702324083986
6.115	-4.387387105196951	0.011620857353903077
6.125	-4.383457580177999	0.012320733330047804
6.135	-4.379574843538862	0.01236447557855685
6.145	-4.375742836609691	0.01188331084495735
6.155	-4.371965490428261	0.012291571831041773
6.165	-4.368246722781759	0.012145764336011623
6.175	-4.364590435263655	0.01239363707756288
6.185	-4.361000510347754	0.01205827983899353
6.195	-4.357480808481394	0.01242279857656891
6.205	-4.35403516519986	0.013108093803210622
6.215	-4.3506673882639815	0.012116602837005592
6.225	-4.347381254822879	0.012145764336011623
6.235	-4.3441805086038485	0.012728994316132228
6.245	-4.341068857131274	0.012160345085514638
6.255	-4.3380499689765095	0.013049770805198561
6.265	-4.335127471040595	0.012831059562653334
6.275	-4.3323049458716785	0.012349894829053834
6.285	-4.329585929018964	0.01287480181116238
6.295	-4.326973906424985	0.012801898063647303
6.305	-4.324472311858002	0.012554025322096046
6.315	-4.322084524386223	0.012656090568617153
6.325	-4.319813865895609	0.01284564031215635
6.335	-4.317663598652894	0.012947705558677455
6.345	-4.31563692291549	0.012656090568617153
6.355	-4.313736974589892	0.012145764336011623
6.365	-4.311966822940127	0.013093513053707607
6.375	-4.310329468347802	0.013458031791282986
6.385	-4.3088278401252555	0.012641509819114138
6.395	-4.30746479438324	0.012903963310168411
6.405	-4.306243111954585	0.012597767570605092
6.415	-4.305165496375203	0.012145764336011623
6.425	-4.304234571923761	0.012918544059671425
6.435	-4.303452881721339	0.013064351554701576
6.445	-4.302822885892292	0.013297643546749819
6.455	-4.302346959787548	0.013297643546749819
6.465	-4.30202739227147	0.012801898063647303
6.475	-4.301866384073428	0.012699832817126198
6.485	-4.301866046205111	0.01380796977935535
6.495	-4.302028398444643	0.012728994316132228
6.505	-4.302355367888415	0.01335596654476188
6.515	-4.3028487875716195	0.012918544059671425
6.525	-4.303510395158306	0.013560097037804092
6.535	-4.304341831701817	0.013458031791282986
6.545	-4.3053446404763545	0.012495702324083986
6.555	-4.306520265880421	0.01338512804376791
6.565	-4.307870052412789	0.01296228630818047
6.575	-4.309395243721617	0.013064351554701576
6.585	-4.311096981727309	0.012743575065635244
6.595	-4.312976305819584	0.013064351554701576
6.605	-4.315034152129274	0.013180997550725698
6.615	-4.317271352875219	0.01344345104177997
6.625	-4.319688635786631	0.013078932304204592
6.635	-4.3222866236012365	0.013633000785319168
6.645	-4.325065833639447	0.013049770805198561
6.655	-4.32802667745474	0.012102022087502577
6.665	-4.33116946056041	0.013020609306192532
6.675	-4.334494382232787	0.012233248833029713
6.685	-4.338001535390926	0.013078932304204592
6.695	-4.341690906552779	0.012218668083526698
6.705	-4.345562375867788	0.012612348320108107
6.715	-4.349615717225729	0.01287480181116238
6.725	-4.3538505984416735	0.012554025322096046
6.735	-4.358266581516827	0.012145764336011623
6.745	-4.362863122974942	0.012670671318120167
6.755	-4.367639574273978	0.011722922600424183
6.765	-4.372595182292645	0.012903963310168411
6.775	-4.3777290898913455	0.01205827983899353
6.785	-4.3830403365470465	0.012102022087502577
6.795	-4.388527859061547	0.012772736564641275
6.805	-4.3941904923425215	0.012335314079550819
6.815	-4.400026970256696	0.012524863823090017
6.825	-4.406035926554495	0.011679180351915137
6.835	-4.412215895865355	0.011416726860860864
6.845	-4.418565314762965	0.011795826347939258
6.855	-4.425082522899542	0.0110667888727885
6.865	-4.431765764208313	0.012087441337999561
6.875	-4.43861318817318	0.010818916131237243
6.885	-4.445622851164667	0.01185414934595132
6.895	-4.4527927178410565	0.01205827983899353
6.905	-4.46012066261368	0.011781245598436244
6.915	-4.467604471175202	0.010804335381734228
6.925	-4.475241842089789	0.011620857353903077
6.935	-4.483030388443896	0.011154273369806593
6.945	-4.490967639556452	0.010658527886704077
6.955	-4.499051042747178	0.010702270135213122
6.965	-4.507277965161648	0.010964723626267395
6.975	-4.515645695651786	0.011052208123285485
6.985	-4.524151446710349	0.010337751397637743
6.995	-4.532792356457967	0.010877239129249304
7.005	-4.54156549068127	0.010760593133225183
7.015	-4.550467844920577	0.009958651910559349
7.025	-4.559496346605576	0.009769102167020153
7.035	-4.568647857237443	0.010702270135213122
7.045	-4.577919174615802	0.010206524652110607
7.055	-4.587307035108803	0.010177363153104576
7.065	-4.596808115964738	0.010031555658074426
7.075	-4.606419037663424	0.009871167413541259
7.085	-4.616136366305646	0.009929490411553318
7.095	-4.62595661603892	0.009725359918511107
7.105	-4.635876251517763	0.009842005914535228
7.115	-4.645891690396664	0.009827425165032213
7.125	-4.6559993058539835	0.009069226190875425
7.135	-4.666195429144868	0.01004613640757744
7.145	-4.676476352181313	0.009360841180935728
7.155	-4.686838330137564	0.009346260431432713
7.165	-4.697277584078854	0.009492067926462865
7.175	-4.7077903036116115	0.009346260431432713
7.185	-4.71837264955321	0.008879676447336228
7.195	-4.729020756619271	0.008354769465227683
7.205	-4.7397307361266074	0.008485996210754819
7.215	-4.750498678709784	0.0081798004711915
7.225	-4.761320657049394	0.008646384455287986
7.235	-4.772192728609957	0.008617222956281955
7.245	-4.783110938385556	0.008019412226658335
7.255	-4.794071321651141	0.008369350214730698
7.265	-4.805069906717518	0.008500576960257834
7.275	-4.816102717688015	0.007654893489082955
7.285	-4.827165777214855	0.008413092463239744
7.295	-4.838255109253168	0.007465343745543758
7.305	-4.849366741810672	0.008704707453300046
7.315	-4.860496709691075	0.007771539485107076
7.325	-4.871641057229068	0.007275794002004561
7.335	-4.882795841015084	0.0076403127395799405
7.345	-4.893957132607718	0.007771539485107076
7.355	-4.90512102123189	0.007961089228646273
7.365	-4.916283616460766	0.007552828242561849
7.375	-4.927441050879535	0.007202890254489486
7.385	-4.938589482729019	0.007057082759459334
7.395	-4.94972509852727	0.006969598262441243
7.405	-4.960844115667214	0.007348697749519637
7.415	-4.971942784988433	0.0069987597614472735
7.425	-4.983017393321265	0.006546756526853804
7.435	-4.994064266001298	0.006896694514926167
7.445	-5.005079769352498	0.007246632502998531
7.455	-5.0160603131370785	0.0066196602743688795
7.465	-5.027002352970428	0.006328045284308577
7.475	-5.037902392699221	0.00670714477138697
7.485	-5.048756986741055	0.0069987597614472735
7.495	-5.059562742383878	0.005948945797230183
7.505	-5.070316322043501	0.006007268795242243
7.515	-5.081014445477605	0.005657330807169879
7.525	-5.091653891954532	0.006109334041763349
7.535	-5.102231502375354	0.005555265560648773
7.545	-5.112744181347611	0.0059781072962362125
7.555	-5.123188899209207	0.005657330807169879
7.565	-5.133562694000997	0.005701073055678925
7.575	-5.14386267338654	0.005424038815121637
7.585	-5.154086016517735	0.005628169308163849
7.595	-5.1642299758447905	0.006051011043751288
7.605	-5.174291878869354	0.006123914791266364
7.615	-5.184269129839378	0.0051470045745643485
7.625	-5.194159211384523	0.005394877316115607
7.635	-5.203959686090893	0.0054094580656186214
7.645	-5.213668198013867	0.0055261040616427426
7.655	-5.223282474127969	0.005219908322079424
7.665	-5.232800325712623	0.00568649230617591
7.675	-5.242219649672819	0.005176166073570379
7.685	-5.2515384297936265	0.004724162838976909
7.695	-5.2607547379276465	0.004913712582516106
7.705	-5.2698667351145	0.0053365543181035455
7.715	-5.278872672631483	0.00523448907158244
7.725	-5.287770892974569	0.004869970334007061
7.735	-5.296559830769051	0.004957454831025152
7.745	-5.305238013609062	0.00478248583698897
7.755	-5.313804062825329	0.0048116473359950005
7.765	-5.32225669418059	0.0042429981053774095
7.775	-5.330594718492062	0.0046950013399708794
7.785	-5.338817042180491	0.004665839840964849
7.795	-5.346922667745323	0.004709582089473895
7.805	-5.3549106941656	0.004665839840964849
7.815	-5.362780317226197	0.004184675107365349
7.825	-5.370530829769177	0.004651259091461833
7.835	-5.3781616218699355	0.004826228085498016
7.845	-5.385672180938007	0.0042429981053774095
7.855	-5.3930620917423715	0.004257578854880425
7.865	-5.40033103636118	0.004972035580528167
7.875	-5.407478794055884	0.004476290097425652
7.885	-5.414505241069762	0.004257578854880425
7.895	-5.421410350350956	0.004578355343946758
7.905	-5.428194191200133	0.0038201563697899702
7.915	-5.434856928842945	0.004403386349910576
7.925	-5.441398823927568	0.003936802365814091
7.935	-5.447820231947556	0.004009706113329167
7.945	-5.4541216025904	0.00430132110338947
7.955	-5.460303479012166	0.003601445127244743
7.965	-5.466366497038693	0.004213836606371379
7.975	-5.472311384293815	0.003616025876747758
7.985	-5.478138959255191	0.003907640866808061
7.995	-5.483850130238353	0.004607516842952788
8.005	-5.489445894309615	0.0036743488747598184
8.015	-5.494927336128581	0.0036306066262507732
8.025	-5.500295626720972	0.004315901852892485
8.035	-5.505552022182649	0.00430132110338947
8.045	-5.510697862315622	0.004213836606371379
8.055	-5.515734569197018	0.003922221616311076
8.065	-5.520663645681931	0.003878479367802031
8.075	-5.5254866738411845	0.003922221616311076
8.085	-5.530205313335049	0.00430132110338947
8.095	-5.534821299724026	0.0035868643777417276
8.105	-5.539336442717848	0.0033827338846995157
8.115	-5.54375262436388	0.0037618333717779093
8.125	-5.548071797176184	0.003718091123268864
8.135	-5.552295982206498	0.0035722836282387122
8.145	-5.5564272670584876	0.003718091123268864
8.155	-5.560467803846613	0.003995125363826152
8.165	-5.564419807101048	0.0036597681252568035
8.175	-5.568285551620069	0.004082609860844243
8.185	-5.572067370271433	0.003732671872771879
8.195	-5.575767651744259	0.0036597681252568035
8.205	-5.579388838252978	0.0035868643777417276
8.215	-5.582933423194952	0.003645187375753788
8.225	-5.586403948763414	0.0035577028787356973
8.235	-5.589803003517383	0.003543122129232682
8.245	-5.5931332199102615	0.0033827338846995157
8.255	-5.596397271778873	0.0037764141212809246
8.265	-5.599597871794672	0.0034847991312206214
8.275	-5.60273776887896	0.003936802365814091
8.285	-5.605819745583913	0.0036597681252568035
8.295	-5.608846615441278	0.003995125363826152
8.305	-5.6118212202806195	0.0036889296242628338
8.315	-5.614746427519027	0.0037035103737658487
8.325	-5.6176251274242075	0.0034993798807236368
8.335	-5.620460230352904	0.0030911188946392124
8.345	-5.623254663966636	0.0036743488747598184
8.355	-5.626011370426727	0.003441056882711576
8.365	-5.628733303570657	0.003645187375753788
8.375	-5.631423426071739	0.0034993798807236368
8.385	-5.634084706584187	0.003645187375753788
8.395	-5.636720116875626	0.0034702183817176065
8.405	-5.639332628949099	0.003353572385693485
8.415	-5.641925212156687	0.0031348611431482576
8.425	-5.644500830306798	0.004111771359850273
8.435	-5.647062438767255	0.0035868643777417276
8.445	-5.6496129815662774	0.003411895383705546
8.455	-5.652155388493474	0.0030911188946392124
8.465	-5.654692572202969	0.003222345640166349
8.475	-5.657227425320789	0.003222345640166349
8.485	-5.65976281755862	0.0032952493876814244
8.495	-5.662301592836073	0.0033827338846995157
8.505	-5.66484656641359	0.0037764141212809246
8.515	-5.667400522038073	0.0035868643777417276
8.525	-5.669966209103419	0.0032952493876814244
8.535	-5.672546339827993	0.0033244108866874547
8.545	-5.675143586451221	0.0030911188946392124
8.555	-5.677760578451343	0.0033827338846995157
8.565	-5.680399899786434	0.0033098301371844397
8.575	-5.683064086160785	0.0031056996441422274
8.585	-5.685755622318677	0.003645187375753788
8.595	-5.688476939367611	0.0034847991312206214
8.605	-5.691230412133027	0.002843246153087955
8.615	-5.694018356546554	0.003455637632214591
8.625	-5.696843027069714	0.0037035103737658487
8.635	-5.699706614155165	0.0034993798807236368
8.645	-5.702611241747353	0.0029744728986150913
8.655	-5.7055589648245455	0.0037035103737658487
8.665	-5.708551766984174	0.0026682771590517728
8.675	-5.711591558073327	0.0033973146342025306
8.685	-5.714680171866309	0.00333899163619047
8.695	-5.717819363791038	0.0031202803936452427
8.705	-5.721010808706164	0.0034847991312206214
8.715	-5.72425609873058	0.003236926389669364
8.725	-5.727556741127184	0.0036306066262507732
8.735	-5.730914156242504	0.0029307306501060457
8.745	-5.7343296755039175	0.0032952493876814244
8.755	-5.737804539476086	0.0033681531351965003
8.765	-5.741339895978227	0.0031640226421542884
8.775	-5.744936798263765	0.003032795896627152
8.785	-5.748596203263917	0.003236926389669364
8.795	-5.75231896989668	0.0029890536481181063
8.805	-5.756105857442682	0.003061957395633182
8.815	-5.759957523989318	0.0034847991312206214
8.825	-5.763874524944496	0.0031056996441422274
8.835	-5.767857311621355	0.0031202803936452427
8.845	-5.771906229895196	0.003441056882711576
8.855	-5.776021518933904	0.0029161499006030308
8.865	-5.780203310002988	0.0029890536481181063
8.875	-5.78445162534641	0.003222345640166349
8.885	-5.7887663771443	0.0027849231550758943
8.895	-5.793147366548551	0.0030911188946392124
8.905	-5.797594282797351	0.0026974386580578035
8.915	-5.802106702409525	0.002843246153087955
8.925	-5.806684088459615	0.003061957395633182
8.935	-5.811325789934502	0.002580792662033682
8.945	-5.816031041172419	0.0030182151471241365
8.955	-5.820798961384972	0.002843246153087955
8.965	-5.825628554262962	0.002945311399609061
8.975	-5.830518707666544	0.0027849231550758943
8.985	-5.835468193400327	0.003076538145136197
8.995	-5.840475667073934	0.0031056996441422274
9.005	-5.845539668048437	0.0027411809065668487
9.015	-5.850658619469083	0.0027849231550758943
9.025	-5.855830828384686	0.002886988401597
9.035	-5.86105448595392	0.0031786033916573033
9.045	-5.866327667738734	0.0031640226421542884
9.055	-5.871648334085121	0.0028286654035849395
9.065	-5.877014330591284	0.0025953734115366973
9.075	-5.882423388663276	0.002843246153087955
9.085	-5.887873126158122	0.0027120194075608184
9.095	-5.893361048114328	0.0023183391709794094
9.105	-5.898884547569683	0.002303758421476394
9.115	-5.90444090646614	0.0026391156600457425
9.125	-5.9100272966415766	0.0027120194075608184
9.135	-5.91564078090809	0.0026682771590517728
9.145	-5.921278314216489	0.002755761656069864
9.155	-5.926936744906591	0.002493308165015591
9.165	-5.932612816042797	0.0025224696640216214
9.175	-5.938303166834448	0.002886988401597
9.185	-5.94400433414037	0.0027266001570638338
9.195	-5.949712754056943	0.002653696409548758
9.205	-5.955424763588991	0.002420404417500515
9.215	-5.961136602402747	0.0026682771590517728
9.225	-5.966844414660048	0.002420404417500515
9.235	-5.972544250932893	0.0021725316759492576
9.245	-5.9782320701974525	0.002391242918494485
9.255	-5.9839037419064995	0.0020267241809191062
9.265	-5.989555048139255	0.00237666216899147
9.275	-5.995181685827537	0.0023620814194884546
9.285	-6.000779269057059	0.002420404417500515
9.295	-6.0063433314426895	0.002289177671973379
9.305	-6.011869328576389	0.002187112425452273
9.315	-6.017352640546547	0.002478727415512576
9.325	-6.02278857452733	0.0023329199204824244
9.335	-6.028172367436666	0.0025224696640216214
9.345	-6.033499188661361	0.002493308165015591
9.355	-6.038764142847897	0.0019538204334040303
9.365	-6.043962272757284	0.002201693174955288
9.375	-6.049088562182433	0.0023329199204824244
9.385	-6.0541379389263685	0.0020267241809191062
9.395	-6.059105277839574	0.002420404417500515
9.405	-6.063985403914763	0.002580792662033682
9.415	-6.068773095437267	0.002464146666009561
9.425	-6.073463087189255	0.002274596922470364
9.435	-6.0780500737058585	0.0018954974353919698
9.445	-6.082528712581377	0.002303758421476394
9.455	-6.086893627823551	0.0023329199204824244
9.465	-6.091139413253964	0.002289177671973379
9.475	-6.095260635952551	0.0021433701769432273
9.485	-6.099251839744143	0.0022162739244583033
9.495	-6.103107548724996	0.0023329199204824244
9.505	-6.106822270827134	0.002260016172967349
9.515	-6.110390501418433	0.0022454354234643335
9.525	-6.113806726936174	0.0023475006699854397
9.535	-6.117065428551948	0.002012143431416091
9.545	-6.120161085865604	0.002070466429428152
9.555	-6.123088180626024	0.002070466429428152
9.565	-6.125841200476405	0.002260016172967349
9.575	-6.128414642721784	0.002085047178931167
9.585	-6.130803018116416	0.0023183391709794094
9.595	-6.133000854668696	0.0025516311630276517
9.605	-6.135002701461239	0.002289177671973379
9.615	-6.136803132483733	0.002566211912530667
9.625	-6.138396750476144	0.0020267241809191062
9.635	-6.139778190779883	0.0023329199204824244
9.645	-Inf	0.0
9.655	-Inf	0.0
9.665	-Inf	0.0
9.675	-Inf	0.0
9.685	-Inf	0.0
9.695	-Inf	0.0
9.705	-Inf	0.0
9.715	-Inf	0.0
9.725	-Inf	0.0
9.735	-Inf	0.0
9.745	-Inf	0.0
9.755	-Inf	0.0
9.765	-Inf	0.0
9.775	-Inf	0.0
9.785	-Inf	0.0
9.795	-Inf	0.0
9.805	-Inf	0.0
9.815	-Inf	0.0
9.825	-Inf	0.0
9.835	-Inf	0.0
9.845	-Inf	0.0
9.855	-Inf	0.0
9.865	-Inf	0.0
9.875	-Inf	0.0
9.885	-Inf	0.0
9.895	-Inf	0.0
9.905	-Inf	0.0
9.915	-Inf	0.0
9.925	-Inf	0.0
9.935	-Inf	0.0
9.945	-Inf	0.0
9.955	-Inf	0.0
9.965	-Inf	0.0
9.975	-Inf	0.0
9.985	-Inf	0.0
9.995	-Inf	0.0
