0.005	-Inf	0.0
0.015	-Inf	0.0
0.025	-Inf	0.0
0.035	-Inf	0.0
0.045	-Inf	0.0
0.055	-Inf	0.0
0.065	-Inf	0.0
0.075	-Inf	0.0
0.085	-Inf	0.0
0.095	-Inf	0.0
0.105	-Inf	0.0
0.115	-Inf	0.0
0.125	-Inf	0.0
0.135	-Inf	0.0
0.145	-Inf	0.0
0.155	-Inf	0.0
0.165	-Inf	0.0
0.175	-Inf	0.0
0.185	-Inf	0.0
0.195	-Inf	0.0
0.205	-Inf	0.0
0.215	-Inf	0.0
0.225	-Inf	0.0
0.235	-Inf	0.0
0.245	-Inf	0.0
0.255	-Inf	0.0
0.265	-Inf	0.0
0.275	-Inf	0.0
0.285	-Inf	0.0
0.295	-Inf	0.0
0.305	-Inf	0.0
0.315	-Inf	0.0
0.325	-Inf	0.0
0.335	-Inf	0.0
0.345	-Inf	0.0
0.355	-Inf	0.0
0.365	-Inf	0.0
0.375	-Inf	0.0
0.385	-Inf	0.0
0.395	-Inf	0.0
0.405	-Inf	0.0
0.415	-Inf	0.0
0.425	-Inf	0.0
0.435	-Inf	0.0
0.445	-Inf	0.0
0.455	-Inf	0.0
0.465	-Inf	0.0
0.475	-Inf	0.0
0.485	-Inf	0.0
0.495	-Inf	0.0
0.505	-Inf	0.0
0.515	-Inf	0.0
0.525	-Inf	0.0
0.535	-Inf	0.0
0.545	-Inf	0.0
0.555	-Inf	0.0
0.565	-Inf	0.0
0.575	-Inf	0.0
0.585	-Inf	0.0
0.595	-Inf	0.0
0.605	-Inf	0.0
0.615	-Inf	0.0
0.625	-Inf	0.0
0.635	-Inf	0.0
0.645	-Inf	0.0
0.655	-Inf	0.0
0.665	-Inf	0.0
0.675	-Inf	0.0
0.685	-Inf	0.0
0.695	-Inf	0.0
0.705	-Inf	0.0
0.715	-Inf	0.0
0.725	-Inf	0.0
0.735	-Inf	0.0
0.745	-Inf	0.0
0.755	-Inf	0.0
0.765	-Inf	0.0
0.775	-Inf	0.0
0.785	-Inf	0.0
0.795	-Inf	0.0
0.805	-Inf	0.0
0.815	-Inf	0.0
0.825	-Inf	0.0
0.835	-0.6043214491550581	0.3651669168375105
0.845	-0.601047786597614	0.36779239795692564
0.855	-0.5978914489998817	0.37019283783753376
0.865	-0.5948530281580134	0.36764237046438764
0.875	-0.5919330640222563	0.3665171642703526
0.885	-0.5891320444255792	0.3775441849718961
0.895	-0.5864504048475219	0.3704178790763408
0.905	-0.5838885282134274	0.3689926178972297
0.915	-0.5814467447292118	0.3618663120016743
0.925	-0.5791253317517933	0.37829432243458616
0.935	-0.5769245136952719	0.36981776910618874
0.945	-0.574844461972944	0.36824248043453967
0.955	-0.5728852949751879	0.3684675216733467
0.965	-0.5710470780832521	0.3576655422106101
0.975	-0.5693298237189404	0.37439360762859797
0.985	-0.5677334914301675	0.37394352515098395
0.995	-0.5662579880123338	0.37356845641963893
1.005	-0.5649031676654424	0.37401853889725295
1.015	-0.5636688321868559	0.3650168893449725
1.025	-0.5625547311995687	0.35916581713599016
1.035	-0.5615605624158391	0.36359162816586144
1.045	-0.5606859719360118	0.3615662570165983
1.055	-0.5599305545823235	0.3496390713598267
1.065	-0.5592938542674702	0.355790198553885
1.075	-0.5587753643976883	0.35248959371804883
1.085	-0.5583745283100727	0.3400373118373942
1.095	-0.5580907397438359	0.35729047347926507
1.105	-0.5579233433451896	0.3533897586732769
1.115	-0.5578716352054984	0.3602910233300252
1.125	-0.5579348634323459	0.3515144150165518
1.135	-0.5581122287531128	0.3520395112404348
1.145	-0.5584028851506623	0.3473886589717566
1.155	-0.5588059405306872	0.34911397513594367
1.165	-0.5593204574202705	0.34888893389713665
1.175	-0.559945453697168	0.3583406659270311
1.185	-0.5606799033493197	0.34648849401652854
1.195	-0.5615227372640602	0.34678854900160455
1.205	-0.5624728440464868	0.3452882740762245
1.215	-0.5635290708664196	0.34476317785234145
1.225	-0.5646902243333667	0.34273780670307835
1.235	-0.5659550713988926	0.33508640458364
1.245	-0.5673223402857579	0.3438630128971134
1.255	-0.5687907214431991	0.33583654204633
1.265	-0.5703588685276699	0.3299104560910787
1.275	-0.5720253994083788	0.34078744930008426
1.285	-0.5737888971969143	0.33013549732988573
1.295	-0.575647911300248	0.3254096313149385
1.305	-0.5776009584963773	0.3277350574492776
1.315	-0.5796465240318699	0.3332110609269149
1.325	-0.5817830627405328	0.3293853598671957
1.335	-0.5840090001824323	0.3216589440014883
1.345	-0.5863227338024772	0.3270599337328566
1.355	-0.5887226341077418	0.32480952134478647
1.365	-0.591207045862719	0.3230091914343304
1.375	-0.5937742893016651	0.3213588890164123
1.385	-0.5964226613571826	0.3318608134940728
1.395	-0.5991504369041878	0.31333241816562885
1.405	-0.601955870018391	0.3129573494342838
1.415	-0.6048371952484033	0.316708036747734
1.425	-0.6077926289005777	0.3080814559267986
1.435	-0.6108203703356903	0.3068062222402255
1.445	-0.6139186032765387	0.3122822257178628
1.455	-0.617085497125546	0.29742950395660006
1.465	-0.6203192082914424	0.296304297762565
1.475	-0.6236178815240841	0.30530594731484545
1.485	-0.6269796512564759	0.30110517752378124
1.495	-0.6304026429530469	0.3047058373446934
1.505	-0.6338849744632246	0.29667936649391
1.515	-0.6374247573793529	0.29532911906106796
1.525	-0.6410200983979981	0.2900031430759687
1.535	-0.644669100683667	0.29682939398644803
1.545	-0.648369865233979	0.29495405032972294
1.555	-0.6521204922453232	0.2903782118073137
1.565	-0.6559190824780246	0.2819766722251853
1.575	-0.6597637386200527	0.2820516859714543
1.585	-0.6636525666483002	0.2855773320460975
1.595	-0.6675836771864634	0.27702576497143105
1.605	-0.6715551868585459	0.2774758474490451
1.615	-0.6755652196370366	0.2825017684490683
1.625	-0.6796119081847752	0.27207485771767675
1.635	-0.6836933951895594	0.27162477524006273
1.645	-0.6878078346905332	0.276800723732624
1.655	-0.6919533933953973	0.26832417040422657
1.665	-0.6961282519875008	0.26824915665795757
1.675	-0.7003306064218675	0.2625481119415133
1.685	-0.7045586692092269	0.2653236205534664
1.695	-0.7088106706871108	0.2646484968370454
1.705	-0.7130848602771135	0.2588724383743321
1.715	-0.7173795077273808	0.25189615997131476
1.725	-0.7216929043394419	0.2549717235683439
1.735	-0.7260233641784879	0.2611228507624022
1.745	-0.7303692252662056	0.24979577507578266
1.755	-0.7347288507553038	0.2506209262847417
1.765	-0.739100630084865	0.24979577507578266
1.775	-0.7434829801156828	0.24469484032949038
1.785	-0.7478743462447339	0.236968424463783
1.795	-0.7522732034979788	0.23381784712048484
1.805	-0.7566780576006757	0.2412442080011162
1.815	-0.7610874460244038	0.23741850694139702
1.825	-0.7654999390100393	0.23546814953840292
1.835	-0.7699141405658908	0.23966891932946713
1.845	-0.7743286894402801	0.23351779213540882
1.855	-0.7787422600678006	0.24019401555335015
1.865	-0.7831535634885769	0.23539313579213392
1.875	-0.7875613482397923	0.23636831449363097
1.885	-0.7919644012188374	0.237118451956321
1.895	-0.7963615485174026	0.23201751721002875
1.905	-0.8007516562258719	0.23419291585182986
1.915	-0.8051336312074134	0.23434294334436787
1.925	-0.8095064218411419	0.2331427234040638
1.935	-0.8138690187337994	0.22856688488165458
1.945	-0.818220455399364	0.23659335573243798
1.955	-0.8225598089060804	0.2311173522548007
1.965	-0.8268862004903603	0.23029220104584167
1.975	-0.8311987961370922	0.23344277838913982
1.985	-0.8354968071258593	0.23786858941901104
1.995	-0.8397794905426302	0.2289419536129996
2.005	-0.8440461497564988	0.2332177371503328
2.015	-0.848296134861047	0.23134239349360772
2.025	-0.8525288430799869	0.23194250346375975
2.035	-0.8567437191366868	0.23666836947870698
2.045	-0.8609402555872819	0.23179247597122174
2.055	-0.8651179931170381	0.2267665549711985
2.065	-0.8692765207997051	0.23629330074736196
2.075	-0.8734154763195876	0.2267665549711985
2.085	-0.8775345461561074	0.22834184364284757
2.095	-0.8816334657306563	0.2289419536129996
2.105	-0.8857120195155385	0.2268415687174675
2.115	-0.889770041104875	0.2310423385085317
2.125	-0.8938074132473101	0.22309088140401728
2.135	-0.8978240678404448	0.22774173367269554
2.145	-0.9018199858868943	0.2236159776279003
2.155	-0.9057951974119312	0.22939203609061362
2.165	-0.9097497813426972	0.22654151373239148
2.175	-0.9136838653489578	0.22444112883685938
2.185	-0.9175976256454588	0.2291669948518066
2.195	-0.9214912867559122	0.2213655652398302
2.205	-0.9253651212387147	0.22076545526967817
2.215	-0.9292194493744818	0.22571636252343244
2.225	-0.9330546388155514	0.2231658951502863
2.235	-0.9368711041976068	0.217464850433842
2.245	-0.9406693067136005	0.2192651803442981
2.255	-0.944449753650205	0.2212905514935612
2.265	-0.9482129978870082	0.21611460300099994
2.275	-0.9519596373587431	0.2234659501353623
2.285	-0.9556903144808117	0.22819181615030956
2.295	-0.9594057155384491	0.2072629809412575
2.305	-0.963106570039843	0.2269165824637365
2.315	-0.9667936500335959	0.2195652353293741
2.325	-0.9704677693909051	0.21393920435919883
2.335	-0.9741297830528848	0.2152894517920409
2.345	-0.9777805862434807	0.217464850433842
2.355	-0.9814211136484174	0.21633964423980695
2.365	-0.9850523385607014	0.21979027656818112
2.375	-0.9886752719931624	0.21371416312039182
2.385	-0.992290961758598	0.2134891218815848
2.395	-0.9959004915180603	0.21491438306069588
2.405	-0.9995049797978789	0.21228890194128075
2.415	-1.0031055789760344	0.217239809195035
2.425	-1.0067034742384897	0.217464850433842
2.435	-1.0102998825061555	0.21213887444874274
2.445	-1.0138960513331376	0.20876325586663758
2.455	-1.0174932577769806	0.2151394242995029
2.465	-1.0210928072416086	0.22001531780698813
2.475	-1.0246960322937015	0.21656468547861396
2.485	-1.028304291453261	0.21086364076216968
2.495	-1.0319189679591405	0.2071879671949885
2.505	-1.0355414685103326	0.21183881946366673
2.515	-1.0391732219838137	0.2113887369860527
2.525	-1.0428156781297988	0.2131140531502398
2.535	-1.0464703062452227	0.20973843456813462
2.545	-1.0501385938263312	0.2113887369860527
2.555	-1.05382204520126	0.2069629259561815
2.565	-1.057522180143481	0.21453931432935086
2.575	-1.061240532467048	0.20418741734422835
2.585	-1.0649786486045456	0.20478752731438038
2.595	-1.0687380861687001	0.19811130389643902
2.605	-1.0725204124985857	0.20846320088156156
2.615	-1.0763272031914088	0.2115387644785907
2.625	-1.0801600406208314	0.20621278849349145
2.635	-1.0840205124428381	0.20636281598602946
2.645	-1.087910210090138	0.21266397067262577
2.655	-1.0918307272561105	0.20763804967260252
2.665	-1.0957836583693248	0.2049375548069184
2.675	-1.0997705970596507	0.2033622661352693
2.685	-1.1037931346170105	0.20568769226960842
2.695	-1.1078528584438092	0.20561267852333942
2.705	-1.1119513505020964	0.19803629015017002
2.715	-1.1160901857565246	0.19931152383674308
2.725	-1.1202709306141667	0.20396237610542134
2.735	-1.1244951413622577	0.20433744483676636
2.745	-1.1287643626049404	0.20486254106064938
2.755	-1.1330801257000966	0.20778807716514053
2.765	-1.137443947197333	0.19616094649344493
2.775	-1.1418573272782193	0.20073678501585415
2.785	-1.1463217481998549	0.2053126235382634
2.795	-1.150838672742849	0.19676105646359696
2.805	-1.1554095426648123	0.19916149634420507
2.815	-1.1600357771604244	0.1936854928665678
2.825	-1.16471877132919	0.20276215616511728
2.835	-1.1694598946519354	0.1957108640158309
2.845	-1.1742604894771538	0.19496072655314087
2.855	-1.17912186951825	0.19878642761286006
2.865	-1.1840453183627813	0.19833634513524603
2.875	-1.1890320879947418	0.18798444815012352
2.885	-1.194083397330966	0.19121003923969068
2.895	-1.1992004307727009	0.19466067156806485
2.905	-1.204384336773396	0.19248527292626375
2.915	-1.20963622642376	0.1876843931650475
2.925	-1.2149571720551045	0.19668604271732795
2.935	-1.2203482058620154	0.19075995676207666
2.945	-1.2258103185453493	0.19466067156806485
2.955	-1.231344457976576	0.1913600667322287
2.965	-1.2369515278844487	0.1917351354635737
2.975	-1.2426323865649875	0.19075995676207666
2.985	-1.2483878456157522	0.18640915947847445
2.995	-1.254218668695346	0.19256028667253275
3.005	-1.260125570309113	0.18483387080682537
3.015	-1.2661092146219404	0.17965792231426408
3.025	-1.2721702142990892	0.18400871959786633
3.035	-1.2783091293759503	0.19090998425461467
3.045	-1.2845264661576081	0.1873093244337025
3.055	-1.2908226761490773	0.1812332109859132
3.065	-1.2971981550170555	0.19196017670238072
3.075	-1.3036532415840398	0.18603409074712943
3.085	-1.310188216855592	0.1814582522247202
3.095	-1.316803303081577	0.1852839532844394
3.105	-1.323498662852116	0.17658235871723493
3.115	-1.3302743982290401	0.1738818638515508
3.125	-1.3371305499135453	0.1760572624933519
3.135	-1.3440670964507884	0.17860772986649803
3.145	-1.3510839534720942	0.177932606150077
3.155	-1.3581809729754508	0.17455698756797183
3.165	-1.3653579426449418	0.17553216626946888
3.175	-1.3726145852097211	0.17223156143363272
3.185	-1.3799505578431537	0.17358180886647478
3.195	-1.3873654516026732	0.17245660267243973
3.205	-1.394858790910922	0.16645550297091943
3.215	-1.402430033078693	0.16307988438881427
3.225	-1.4100785678701773	0.16855588786645154
3.235	-1.4178037171109825	0.16285484315000726
3.245	-1.4256047343393872	0.16833084662764453
3.255	-1.4334808045012404	0.16945605282167958
3.265	-1.4414310436889042	0.16908098409033456
3.275	-1.4494544989246152	0.1698311215530246
3.285	-1.457550147988601	0.16405506309031131
3.295	-1.465716899292263	0.16495522804553936
3.305	-1.4739535917967261	0.15857905961267402
3.315	-1.4822589949769933	0.16232974692612423
3.325	-1.4906318088319552	0.15932919707536405
3.335	-1.4990706639404427	0.15902914209028804
3.345	-1.5075741215635052	0.15520344103056885
3.355	-1.516140673793052	0.15467834480668582
3.365	-1.5247687437469781	0.15520344103056885
3.375	-1.533456685810854	0.1564786747171419
3.385	-1.542202785926252	0.14747702516486147
3.395	-1.551005261925712	0.14972743755293158
3.405	-1.5598622639143709	0.15107768498577365
3.415	-1.5687718746982078	0.1519778499410017
3.425	-1.5777321102588515	0.14905231383651055
3.435	-1.5867409202748664	0.14762705265739948
3.445	-1.595796188689373	0.1481521488812825
3.455	-1.6048957343238917	0.1422260629260312
3.465	-1.6140373115381956	0.14732699767232346
3.475	-1.6232186109359876	0.13960058180661608
3.485	-1.6324372601161532	0.14087581549318914
3.495	-1.6416908244693251	0.1417759804484172
3.505	-1.6509768080194636	0.138250334373774
3.515	-1.6602926543101326	0.14237609041856922
3.525	-1.6696357473351027	0.13870041685138804
3.535	-1.679003412512917	0.13307438588121273
3.545	-1.6883929177049972	0.13592490823943487
3.555	-1.6978014742768452	0.13367449585136476
3.565	-1.7072262382018883	0.13569986700062786
3.575	-1.716664311207456	0.13494972953793782
3.585	-1.7261127419623685	0.1285735611050725
3.595	-1.735568527305595	0.1322492346722537
3.605	-1.745028613515385	0.12917367107522454
3.615	-1.754489897618285	0.13307438588121273
3.625	-1.7639492287373955	0.1285735611050725
3.635	-1.7734034094792144	0.1305239185080666
3.645	-1.7828491973583853	0.12122221397071013
3.655	-1.79228330625963	0.12204736517966917
3.665	-1.8017024079361472	0.12497290128416033
3.675	-1.811103133543698	0.11694643043337692
3.685	-1.8204820752096071	0.12167229644832415
3.695	-1.8298357876358669	0.12519794252296734
3.705	-1.8391607897355118	0.12032204901548209
3.715	-1.8484535663014041	0.11192050943335367
3.725	-1.857710569706572	0.11904681532890903
3.735	-1.8669282216351661	0.118521719105026
3.745	-1.8761029148431543	0.1124456056572367
3.755	-1.885231014947776	0.1166463754483009
3.765	-1.8943088622448203	0.11229557816469869
3.775	-1.9033327735527263	0.10944505580647654
3.785	-1.9122990440825196	0.11589623798561087
3.795	-1.9212039493325461	0.11102034447812562
3.805	-1.9300437470069882	0.10629447846317838
3.815	-1.9388146789570762	0.1065945334482544
3.825	-1.9475129731439498	0.10441913480645329
3.835	-1.9561348456220644	0.11214555067216068
3.845	-1.9646765025420363	0.10171863994076916
3.855	-1.9731341421718116	0.1045691622989913
3.865	-1.9815039569350186	0.10831984961244148
3.875	-1.9897821354653584	0.10524428601541233
3.885	-1.9979648646758714	0.10036839250792708
3.895	-2.006048331841892	0.09361715534371674
3.905	-2.01402872669653	0.10029337876165807
3.915	-2.0219022435374567	0.09811798011985697
3.925	-2.0296650833437995	0.10014335126912007
3.935	-2.0373134559019297	0.09804296637358796
3.945	-2.0448435819389053	0.1026938186422662
3.955	-2.0522516952623473	0.09256696289595069
3.965	-2.0595340449055004	0.09654269144820789
3.975	-2.0666868972762287	0.098943131328816
3.985	-2.0737065383086906	0.09991831003031305
3.995	-2.0805892756164432	0.10126855746315513
4.005	-2.0873314406456935	0.0969177601795529
4.015	-2.0939293908274474	0.09826800761239497
4.025	-2.100379511727274	0.09511743026909682
4.035	-2.1066782191914064	0.0967677326870149
4.045	-2.1128219614879242	0.09406723782133077
4.055	-2.118807221441722	0.09519244401536582
4.065	-2.124630518562004	0.09361715534371674
4.075	-2.1302884111610103	0.09699277392582191
4.085	-2.1357774984627333	0.09429227906013778
4.095	-2.141094422700322	0.09054159174668759
4.105	-2.1462358712009246	0.09189183917952966
4.115	-2.15119857845671	0.09009150926907356
4.125	-2.1559793281807944	0.08971644053772854
4.135	-2.160574955346833	0.09301704537356471
4.145	-2.164982348211031	0.09204186667206767
4.155	-2.169198450315318	0.0848405470302433
4.165	-2.173220262470486	0.09001649552280455
4.175	-2.1770448447180297	0.08739101440338942
4.185	-2.1806693182695076	0.09189183917952966
4.195	-2.1840908674222024	0.08551567074666433
4.205	-2.187306741449898	0.08619079446308536
4.215	-2.1903142564675817	0.08724098691085141
4.225	-2.1931107972689157	0.0848405470302433
4.235	-2.19569381913531	0.09024153676161156
4.245	-2.198060849615465	0.08604076697054736
4.255	-2.200209490274247	0.08829117935861747
4.265	-2.2021374184097957	0.08574071198547134
4.275	-2.2038423887377534	0.08746602814965843
4.285	-2.205322235041548	0.08356531334367023
4.295	-2.20657487178766	0.08986646803026654
4.305	-2.207598295704834	0.08806613811981046
4.315	-2.2083905873262006	0.08401539582128426
4.325	-2.20894991249331	0.08371534083620824
4.335	-2.2092745238210876	0.08259013464217319
4.345	-2.2093627621227405	0.08679090443323739
4.355	-2.209213057793672	0.08559068449293333
4.365	-2.2088239321534813	0.08514060201531931
4.375	-2.208193998745151	0.0848405470302433
4.385	-2.2073219645905264	0.08956641304519053
4.395	-2.2062066314012516	0.0828901896272492
4.405	-2.2048468967443187	0.08589073947800935
4.415	-2.2032417551614216	0.08446547829889828
4.425	-2.2013902992413468	0.08379035458247724
4.435	-2.199291720644619	0.08379035458247724
4.445	-2.1969453110797	0.0849905745227813
4.455	-2.194350463230008	0.08679090443323739
4.465	-2.1915066716311076	0.08941638555265252
4.475	-2.1884135334973984	0.08806613811981046
4.485	-2.1850707494976906	0.08746602814965843
4.495	-2.1814781244790713	0.08611578071681636
4.505	-2.1776355681384976	0.08836619310488647
4.515	-2.173543095641577	0.08799112437354145
4.525	-2.169200828188038	0.08551567074666433
4.535	-2.1646089935233923	0.08716597316458241
4.545	-2.159767926396364	0.09144175670191564
4.555	-2.154678068961659	0.08649084944816138
4.565	-2.1493399711276933	0.08791611062727245
4.575	-2.1437542908489085	0.08266514838844219
4.585	-2.137921794362376	0.08881627558250049
4.595	-2.131843356368376	0.08521561576158831
4.605	-2.125519960154703	0.0849155607765123
4.615	-2.1189526976644673	0.09219189416460567
4.625	-2.1121427695071766	0.09346712785117874
4.635	-2.1050914849129656	0.09196685292579866
4.645	-2.0978002616298177	0.09369216908998575
4.655	-2.090270625763679	0.09789293888104995
4.665	-2.0825042115614147	0.09376718283625475
4.675	-2.074502761136544	0.09624263646313187
4.685	-2.0662681241377823	0.08994148177653555
4.695	-2.057802257360399	0.09361715534371674
4.705	-2.049107224300472	0.09624263646313187
4.715	-2.040185194652109	0.09181682543326065
4.725	-2.0310384437477897	0.09811798011985697
4.735	-2.0216693519419873	0.09204186667206767
4.745	-2.012080403938249	0.10179365368703816
4.755	-2.0022741880599733	0.09624263646313187
4.765	-1.9922533954651407	0.098793103836278
4.775	-1.9820208193052924	0.09226690791087468
4.785	-1.9715793538290851	0.10419409356764628
4.795	-1.9609319934307625	0.10419409356764628
4.805	-1.9500818316439443	0.10149359870196215
4.815	-1.9390320600811597	0.10224373616465218
4.825	-1.9277859673195579	0.10636949220944739
4.835	-1.916346937733299	0.10914500082140052
4.845	-1.9047184502731205	0.10696960217959942
4.855	-1.8929040771936405	0.11012017952289757
4.865	-1.880907482728965	0.10719464341840643
4.875	-1.8687324217172105	0.11177048194081565
4.885	-1.8563827381745686	0.10786976713482746
4.895	-1.8438623638195928	0.10734467091094443
4.905	-1.831175316548386	0.11214555067216068
4.915	-1.818325698861428	0.11837169161248799
4.925	-1.8053176962427875	0.11132039946320163
4.935	-1.7921555754924907	0.11807163662741198
4.945	-1.7788436830128806	0.12129722771697914
4.955	-1.7653864430497679	0.11837169161248799
4.965	-1.7517883558892686	0.12294753013489723
4.975	-1.7380539960111927	0.12122221397071013
4.985	-1.7241880101999114	0.12332259886624225
4.995	-1.7101951156136335	0.1244478050602773
5.005	-1.6960800978130712	0.1304489047617976
5.015	-1.6818478087504596	0.13149909720956365
5.025	-1.6675031647199696	0.12692325868715443
5.035	-1.6530511442705285	0.13127405597075664
5.045	-1.6384967860821096	0.1365250182095869
5.055	-1.62384518680659	0.12452281880654631
5.065	-1.609101498874252	0.14102584298572715
5.075	-1.5942709282670677	0.14140091171707217
5.085	-1.579358732259895	0.13539981201555185
5.095	-1.5643702171307672	0.14087581549318914
5.105	-1.5493107358414417	0.13524978452301384
5.115	-1.534185685689404	0.14485154404544634
5.125	-1.5190005059325498	0.14725198392605446
5.135	-1.503760675387782	0.14980245129920058
5.145	-1.4884717100047726	0.1442514340752943
5.155	-1.4731391604161281	0.1564786747171419
5.165	-1.457768609465288	0.1521278774335397
5.175	-1.442365669713384	0.1519778499410017
5.185	-1.4269359809264321	0.14942738256785557
5.195	-1.4114852075441242	0.15917916958282605
5.205	-1.3960190361315916	0.1635299668664283
5.215	-1.3805431728154383	0.16240476067239323
5.225	-1.3650633407054245	0.16743068167241648
5.235	-1.3495852773031678	0.16810580538883751
5.245	-1.3341147318992066	0.16915599783660357
5.255	-1.3186574629598031	0.16893095659779656
5.265	-1.3032192355049044	0.1679557778962995
5.275	-1.287805818478609	0.1718564927022877
5.285	-1.2724229821135706	0.18108318349337518
5.295	-1.2570764952906994	0.17688241370231095
5.305	-1.241772122895618	0.18213337594114123
5.315	-1.2265156231732168	0.18100816974710615
5.325	-1.2113127450817809	0.178082633642615
5.335	-1.1961692256480545	0.18640915947847445
5.345	-1.1810907873246579	0.1876843931650475
5.355	-1.1660831353513017	0.1897097643143106
5.365	-1.151151955121168	0.19271031416507076
5.375	-1.136302909553896	0.2014869224785442
5.385	-1.1215416364765478	0.19608593274717592
5.395	-1.1068737460139868	0.20126188123973718
5.405	-1.0923048179900583	0.20613777474722245
5.415	-1.0778403993409407	0.20763804967260252
5.425	-1.0634860015420786	0.20381234861288333
5.435	-1.0492470980500863	0.2111636957472457
5.445	-1.035129121760953	0.21618961674726894
5.455	-1.0211374624859564	0.20771306341887152
5.465	-1.0072774644466191	0.22069044152340916
5.475	-0.993554423790047	0.22369099137416934
5.485	-0.979973586125997	0.2353181220458649
5.495	-0.9665401440870026	0.22414107385178336
5.505	-0.9532592349128355	0.23411790210556085
5.515	-0.9401359380606304	0.23201751721002875
5.525	-0.9271752728419625	0.23666836947870698
5.535	-0.9143821960881053	0.23344277838913982
5.545	-0.9017615998447734	0.24822048640413358
5.555	-0.8893183090975455	0.2428945104190343
5.565	-0.8770570795292302	0.24807045891159557
5.575	-0.8649825953103365	0.24739533519517454
5.585	-0.8530994669238542	0.2527963249265428
5.595	-0.8414122290255343	0.2485955551354786
5.605	-0.829925338340766	0.2545966548369989
5.615	-0.8186431715992328	0.2587974246280631
5.625	-0.8075700235084045	0.25797227341910406
5.635	-0.7967101047669934	0.25129605000116273
5.645	-0.7860675401194038	0.26562367553854244
5.655	-0.7756463664522498	0.27184981647886974
5.665	-0.765450530933923	0.27575053128485794
5.675	-0.7554838891982221	0.27597557252366495
5.685	-0.7457502035730283	0.2732750776579808
5.695	-0.7362531413549385	0.2692243353594546
5.705	-0.7269962731308046	0.2855773320460975
5.715	-0.7179830711470483	0.28730264821028456
5.725	-0.7092169077276386	0.2840020433744484
5.735	-0.7007010537415521	0.2780009436729281
5.745	-0.6924386771205526	0.2875276894490916
5.755	-0.6844328414280422	0.2903782118073137
5.765	-0.6766865044797594	0.2944289541058399
5.775	-0.6692025170170587	0.2900031430759687
5.785	-0.6619836214334407	0.29690440773271704
5.795	-0.6550324505550313	0.2945789815983779
5.805	-0.6483515264756201	0.2940538853744949
5.815	-0.6419432594468857	0.3004300538073602
5.825	-0.6358099468243749	0.30313054867304434
5.835	-0.6299537720697798	0.3026804661954303
5.845	-0.6243768038100274	0.2984796964043661
5.855	-0.6190809949536735	0.2980296139267521
5.865	-0.6140681818650318	0.3064311535088805
5.875	-0.6093400835964689	0.296229284016296
5.885	-0.6048983011792559	0.3086065521506816
5.895	-0.6007443169733104	0.30935668961337165
5.905	-0.5968794940761645	0.3023804112103543
5.915	-0.5933050757914416	0.30950671710590966
5.925	-0.5900221851570945	0.32075877904626027
5.935	-0.5870318245336164	0.3085315384044126
5.945	-0.5843348752524324	0.3080814559267986
5.955	-0.5819320973246012	0.31115701952382774
5.965	-0.5798241292099605	0.30320556241931335
5.975	-0.5780114876467997	0.31123203327009674
5.985	-0.5764945675421084	0.30770638719545357
5.995	-0.5752736419224193	0.30365564489692737
6.005	-0.5743488619452335	0.3104818958074067
6.015	-0.5737202569709775	0.3088315933894886
6.025	-0.5733877346954044	0.30305553492677534
6.035	-0.5733510813423301	0.3215839302552193
6.045	-0.5736099619165482	0.3023804112103543
6.055	-0.5741639205167437	0.31363247315070486
6.065	-0.5750123807081859	0.3080064421805296
6.075	-0.5761546459549536	0.3086815658969506
6.085	-0.5775899001114041	0.30350561740438936
6.095	-0.5793172079725784	0.3129573494342838
6.105	-0.5813355158831832	0.3027554799416993
6.115	-0.5836436524047779	0.3125822807029388
6.125	-0.5862403290407507	0.3087565796432196
6.135	-0.5891241410186333	0.30725630471783955
6.145	-0.5922935681292849	0.31145707450890375
6.155	-0.595746975622435	0.3044057823596174
6.165	-0.5994826151580401	0.3024554249566233
6.175	-0.6034986258128939	0.3023053974640853
6.185	-0.6077930351418849	0.3107819507924827
6.195	-0.612363760293267	0.296604352747641
6.205	-0.6172086091772939	0.29945487510586316
6.215	-0.6223252816875176	0.29285366543419084
6.225	-0.6277113709740411	0.29667936649391
6.235	-0.6333643647679724	0.29682939398644803
6.245	-0.6392816467563078	0.2837770021356414
6.255	-0.6454604980064461	0.3023053974640853
6.265	-0.6518980984395005	0.29127837676254176
6.275	-0.6585915283515522	0.29075328053865873
6.285	-0.6655377699819671	0.2881277994192436
6.295	-0.6727337091278781	0.2865525107475945
6.305	-0.6801761368038737	0.2837019883893724
6.315	-0.6878617509459737	0.27852603989681113
6.325	-0.6957871581588846	0.2924035829565768
6.335	-0.7039488755055416	0.2839270296281794
6.345	-0.7123433323379165	0.28317689216548936
6.355	-0.7209668721680388	0.2780009436729281
6.365	-0.7298157545781577	0.2774008337027761
6.375	-0.7388861571689621	0.27402521512067085
6.385	-0.7481741775447605	0.2668989092251155
6.395	-0.7576758353344569	0.26809912916541956
6.405	-0.7673870742472133	0.27410022886693985
6.415	-0.7773037641616192	0.2611228507624022
6.425	-0.7874217032471794	0.26427342810570037
6.435	-0.7977366201169183	0.2653986342997354
6.445	-0.8082441760099172	0.25542180604595793
6.455	-0.8189399670024994	0.25542180604595793
6.465	-0.829819526246873	0.2548216960758059
6.475	-0.840878326235943	0.2530213661653498
6.485	-0.8521117810930181	0.23749352068766602
6.495	-0.8635152488851445	0.2466451977324845
6.505	-0.8750840339587724	0.2511460225086247
6.515	-0.8868133892964305	0.24079412552350218
6.525	-0.8986985188931017	0.23846869938916307
6.535	-0.9107345801509887	0.23659335573243798
6.545	-0.9229166862913232	0.23824365815035606
6.555	-0.935239908781867	0.22084046901594717
6.565	-0.9476992797787844	0.23719346570259
6.575	-0.9602897945815034	0.2329926959115258
6.585	-0.9730064140992389	0.2332177371503328
6.595	-0.985844067327782	0.2249662250607424
6.605	-0.9987976538352126	0.2196402490756431
6.615	-1.0118620462551426	0.22039038653833315
6.625	-1.0250320927861505	0.21776490541891802
6.635	-1.0383026196960103	0.21693975420995898
6.645	-1.0516684338293343	0.21221388819501175
6.655	-1.065124325117288	0.2152894517920409
6.665	-1.0786650690879682	0.20883826961290658
6.675	-1.0922854293761157	0.20081179876212316
6.685	-1.105980160230764	0.20283716991138628
6.695	-1.1197440090194581	0.19841135888151504
6.705	-1.133571718727712	0.20096182625466116
6.715	-1.1474580304523476	0.19188516295611172
6.725	-1.1613976858873216	0.19863640012032205
6.735	-1.17538542980077	0.19668604271732795
6.745	-1.1894160125018831	0.18880959935908256
6.755	-1.2034841922962976	0.1875343656725095
6.765	-1.2175847379287177	0.18310855464263828
6.775	-1.2317124310114276	0.1874593519262405
6.785	-1.2458620684373973	0.18610910449339843
6.795	-1.2600284647767226	0.18438378832921135
6.805	-1.2742064546551295	0.17485704255304785
6.815	-1.2883908951132321	0.18303354089636928
6.825	-1.302576667945365	0.17463200131424084
6.835	-1.3167586820167252	0.17530712503066187
6.845	-1.3309318755575907	0.17095632774705966
6.855	-1.345091218433455	0.1696060803142176
6.865	-1.3592317143898587	0.1677307366574925
6.875	-1.3733484032707837	0.15925418332909505
6.885	-1.387436363209399	0.15557850976191387
6.895	-1.4014907127901206	0.16300487064254526
6.905	-1.4155066131807703	0.1559535784932589
6.915	-1.4294792702338186	0.15752886716490797
6.925	-1.4434039365555997	0.15325308362757475
6.935	-1.4572759135424513	0.15362815235891977
6.945	-1.4710905533827543	0.14657686020963342
6.955	-1.4848432610238627	0.14650184646336442
6.965	-1.4985294961029416	0.1502525337768146
6.975	-1.5121447748407273	0.15160278120965667
6.985	-1.5256846718972916	0.14507658528425335
6.995	-1.5391448221888986	0.13584989449316587
7.005	-1.552520922665043	0.14560168150813638
7.015	-1.5658087340448121	0.14237609041856922
7.025	-1.579004082511735	0.13817532062750498
7.035	-1.5921028613662986	0.1367500594483939
7.045	-1.6051010326353463	0.13855038935885003
7.055	-1.617994628637606	0.1346496745528618
7.065	-1.6307797535045818	0.13134906971702565
7.075	-1.6434525846561399	0.12902364358268653
7.085	-1.6560093742300945	0.13539981201555185
7.095	-1.6684464504651462	0.13284934464240572
7.105	-1.6807602190365434	0.12489788753789133
7.115	-1.6929471643438738	0.13367449585136476
7.125	-1.70500385075046	0.12587306623938838
7.135	-1.716926923773763	0.12242243391101419
7.145	-1.7287131112263399	0.12549799750804336
7.155	-1.7403592243068684	0.12257246140355221
7.165	-1.7518621586407788	0.118521719105026
7.175	-1.7632188952701147	0.11417092182142378
7.185	-1.7744265015922083	0.11822166411994998
7.195	-1.7854821322468366	0.1204720765080201
7.205	-1.7963830299515366	0.11267064689604371
7.215	-1.807126526284784	0.12017202152294408
7.225	-1.817710042416801	0.11184549568708467
7.235	-1.8281310897877328	0.1164963479557629
7.245	-1.83838727073302	0.11589623798561087
7.255	-1.8484762790558227	0.11897180158264002
7.265	-1.858395900546312	0.1123705919109677
7.275	-1.8681440134477882	0.1144709768064998
7.285	-1.8777185888695218	0.10741968465721344
7.295	-1.8871176911462897	0.11019519326916657
7.305	-1.8963394781446052	0.10689458843333041
7.315	-1.905382201515679	0.10756971214975145
7.325	-1.9142442068951424	0.11184549568708467
7.335	-1.922923934049639	0.10891995958259351
7.345	-1.931419916970427	0.10644450595571639
7.355	-1.9397307839140925	0.10404406607510827
7.365	-1.9478552573906094	0.09939321380643003
7.375	-1.9557921540989256	0.10389403858257026
7.385	-1.9635403848103328	0.1009685024780791
7.395	-1.9710989541999004	0.09939321380643003
7.405	-1.9784669606262537	0.10689458843333041
7.415	-1.985643595860071	0.1009685024780791
7.425	-1.992628144761624	0.10561935474675735
7.435	-1.9994199849077694	0.09909315882135401
7.445	-2.0060185861688336	0.09999332377658206
7.455	-2.012423510235811	0.09946822755269903
7.465	-2.0186344100983726	0.10209370867211418
7.475	-2.0246510294741884	0.09856806259747099
7.485	-2.0304732021901066	0.0966927189407459
7.495	-2.0361008515157306	0.09849304885120198
7.505	-2.04153398945002	0.098868117582547
7.515	-2.0467727159614912	0.10389403858257026
7.525	-2.0518172181826797	0.10329392861241823
7.535	-2.056667769559547	0.09504241652282781
7.545	-2.061324728956487	0.09504241652282781
7.555	-2.0657885397176825	0.09721781516462892
7.565	-2.070059728685541	0.09376718283625475
7.575	-2.0741389051769623	0.09459233404521379
7.585	-2.0780267599182647	0.09429227906013778
7.595	-2.0817240639395305	0.09564252649297984
7.605	-2.085231667429239	0.09759288389597394
7.615	-2.0885504985500285	0.0927169903884887
7.625	-2.091681562216475	0.0968427464332839
7.635	-2.094625938835759	0.09961825504523704
7.645	-2.097384783012162	0.09571754023924885
7.655	-2.0999593222163124	0.09451732029894479
7.665	-2.1023508554201342	0.09586756773178685
7.675	-2.10456075169849	0.09136674295564663
7.685	-2.1065904487984657	0.09376718283625475
7.695	-2.108441451677356	0.09421726531386877
7.705	-2.1101153310103116	0.09579255398551785
7.715	-2.111613721668745	0.09864307634373999
7.725	-2.1129383211705024	0.09189183917952966
7.735	-2.1140908881028815	0.0948173752840208
7.745	-2.115073240519581	0.09129172920937763
7.755	-2.1158872543126543	0.09091666047803261
7.765	-2.1165348615606017	0.09324208661237172
7.775	-2.1170180488536716	0.09309205911983372
7.785	-2.1173388555975414	0.0967677326870149
7.795	-2.1174993722964675	0.0947423615377518
7.805	-2.1175017388170936	0.09324208661237172
7.815	-2.117348142634033	0.09361715534371674
7.825	-2.117040817058396	0.09391721032879276
7.835	-2.1165820394504378	0.09226690791087468
7.845	-2.115974129417488	0.0948173752840208
7.855	-2.1152194469983328	0.09601759522432486
7.865	-2.1143203908352675	0.09721781516462892
7.875	-2.1132793963349488	0.09601759522432486
7.885	-2.1120989338192855	0.09226690791087468
7.895	-2.110781506667543	0.0907666329854946
7.905	-2.1093296494508396	0.09594258147805586
7.915	-2.1077459260602565	0.09219189416460567
7.925	-2.106032927829729	0.09369216908998575
7.935	-2.1041932716549354	0.09766789764224294
7.945	-2.1022295981093535	0.09594258147805586
7.955	-2.100144569558708	0.09309205911983372
7.965	-2.097940868274948	0.09714280141835992
7.975	-2.095621194550989	0.09391721032879276
7.985	-2.093188264817363	0.09534247150790383
7.995	-2.0906448097619754	0.09639266395566988
8.005	-2.08799357245411	0.098943131328816
8.015	-2.085237306473883	0.09706778767209091
8.025	-2.082378774048258	0.09909315882135401
8.035	-2.0794207441948096	0.0948923890302898
8.045	-2.076365990874346	0.09699277392582191
8.055	-2.0732172911535294	0.09391721032879276
8.065	-2.0699774233786195	0.09729282891089792
8.075	-2.0666491653614427	0.0946673477914828
8.085	-2.0632352925786854	0.09736784265716693
8.095	-2.059738576385601	0.09916817256762302
8.105	-2.0561617822451965	0.09916817256762302
8.115	-2.0525076679739636	0.10029337876165807
8.125	-2.0487789820052047	0.09609260897059387
8.135	-2.0449784616709765	0.10051842000046508
8.145	-2.0411088315036707	0.09991831003031305
8.155	-2.03717280155823	0.09789293888104995
8.165	-2.033173065755991	0.10494423103033632
8.175	-2.0291123002511195	0.10404406607510827
8.185	-2.024993161820573	0.10524428601541233
8.195	-2.0208182862785486	0.10636949220944739
8.205	-2.0165902869162995	0.10314390111988023
8.215	-2.0123117529682393	0.10059343374673409
8.225	-2.007985248105201	0.10584439598556436
8.235	-2.0036133089556905	0.10216872241838318
8.245	-1.9991984436559853	0.10644450595571639
8.255	-1.9947431304298828	0.1045691622989913
8.265	-1.9902498161989017	0.10922001456766953
8.275	-1.98572091522367	0.11034522076170458
8.285	-1.9811588077772935	0.11499607303038283
8.295	-1.9765658388513887	0.10952006955274554
8.305	-1.971944316895497	0.10231874991092119
8.315	-1.9672965125905655	0.1085448908512485
8.325	-1.9626246576571094	0.1106452757467806
8.335	-1.9579309436987413	0.11124538571693263
8.345	-1.953217521081608	0.10741968465721344
8.355	-1.9484864978503553	0.10891995958259351
8.365	-1.9437399386811565	0.1143959630602308
8.375	-1.9389798638723361	0.11432094931396179
8.385	-1.9342082483730767	0.11417092182142378
8.395	-1.9294270208507005	0.11319574311992674
8.405	-1.9246380627969615	0.11184549568708467
8.415	-1.919843207673765	0.11544615550799685
8.425	-1.915044240098732	0.1123705919109677
8.435	-1.910242895070936	0.11717147167218393
8.445	-1.9054408572371855	0.11522111426918984
8.455	-1.9006397601991483	0.11319574311992674
8.465	-1.8958411858616082	0.11792160913487397
8.475	-1.891046663822096	0.11799662288114297
8.485	-1.8862576708021455	0.12197235143340017
8.495	-1.8814756301203581	0.12099717273190312
8.505	-1.8767019112074461	0.11702144417964593
8.515	-1.8719378291634312	0.12129722771697914
8.525	-1.8671846443570508	0.12879860234387952
8.535	-1.8624435620675395	0.1260981074781954
8.545	-1.8577157321687787	0.13187416594090867
8.555	-1.8530022488558848	0.12024703526921308
8.565	-1.8483041504142321	0.1242977775677393
8.575	-1.8436224190308712	0.12039706276175109
8.585	-1.8389579806483167	0.12879860234387952
8.595	-1.834311704860605	0.12962375355283856
8.605	-1.8296844048515237	0.13157411095583266
8.615	-1.8250768373748683	0.1284235336125345
8.625	-1.8204897027765887	0.13344945461255775
8.635	-1.8159236450586007	0.13209920717971568
8.645	-1.8113792519840741	0.13299937213494373
8.655	-1.806857055223948	0.13517477077674483
8.665	-1.802357530544389	0.1306739460006046
8.675	-1.7978810980349165	0.1367500594483939
8.685	-1.793428122376863	0.13922551307527106
8.695	-1.7889989131518216	0.13870041685138804
8.705	-1.784593725189696	0.13690008694093192
8.715	-1.7802127589559897	0.13104901473194963
8.725	-1.7758561609778587	0.13682507319466292
8.735	-1.7715240243085262	0.1400506642842301
8.745	-1.7672163890295554	0.14575170900067438
8.755	-1.7629332427905022	0.1401256780304991
8.765	-1.7586745213854118	0.14492655779171534
8.775	-1.7544401093656286	0.14087581549318914
8.785	-1.7502298406883456	0.14320124162752826
8.795	-1.7460434994003111	0.14650184646336442
8.805	-1.7418808203560734	0.14275115914991424
8.815	-1.7377414899701327	0.14935236882158656
8.825	-1.7336251470023623	0.1481521488812825
8.835	-1.7295313833759993	0.14740201141859247
8.845	-1.7254597450275397	0.14950239631412457
8.855	-1.721409732787794	0.14672688770217143
8.865	-1.7173808032934006	0.14972743755293158
8.875	-1.713372369928029	0.15970426580670907
8.885	-1.7093838037925055	0.14777708014993748
8.895	-1.705414434703083	0.1542282623290718
8.905	-1.7014635522170405	0.15055258876189062
8.915	-1.6975304066848005	0.15265297365742272
8.925	-1.6936142103277332	0.15812897713506
8.935	-1.689714138340791	0.15497839979176184
8.945	-1.6858293300190934	0.1524279324186157
8.955	-1.6819588899076252	0.1540032210902648
8.965	-1.6781018889731079	0.15700377094102494
8.975	-1.6742573657971702	0.15940421082163306
8.985	-1.6704243277898971	0.1542282623290718
8.995	-1.6666017524228076	0.16075445825447515
9.005	-1.6627885884803495	0.15497839979176184
9.015	-1.65898375732895	0.16623046173211242
9.025	-1.6551861542026574	0.16270481565746925
9.035	-1.6513946495044052	0.1597792795529781
9.045	-1.6476080901219436	0.15947922456790206
9.055	-1.6438253007574226	0.1637550081052353
9.065	-1.6400450852696582	0.16345495312015929
9.075	-1.6362662280280844	0.1657053655082294
9.085	-1.6324874952773656	0.16840586037391353
9.095	-1.6287076365116921	0.17088131400079065
9.105	-1.6249253858577282	0.17238158892617073
9.115	-1.6211394634652034	0.17058125901571464
9.125	-1.61734857690412	0.16938103907541058
9.135	-1.613551422567574	0.16518026928434637
9.145	-1.6097466870791521	0.1716314514634807
9.155	-1.6059330487038852	0.1719315064485567
9.165	-1.6021091787617405	0.17050624526944563
9.175	-Inf	0.0
9.185	-Inf	0.0
9.195	-Inf	0.0
9.205	-Inf	0.0
9.215	-Inf	0.0
9.225	-Inf	0.0
9.235	-Inf	0.0
9.245	-Inf	0.0
9.255	-Inf	0.0
9.265	-Inf	0.0
9.275	-Inf	0.0
9.285	-Inf	0.0
9.295	-Inf	0.0
9.305	-Inf	0.0
9.315	-Inf	0.0
9.325	-Inf	0.0
9.335	-Inf	0.0
9.345	-Inf	0.0
9.355	-Inf	0.0
9.365	-Inf	0.0
9.375	-Inf	0.0
9.385	-Inf	0.0
9.395	-Inf	0.0
9.405	-Inf	0.0
9.415	-Inf	0.0
9.425	-Inf	0.0
9.435	-Inf	0.0
9.445	-Inf	0.0
9.455	-Inf	0.0
9.465	-Inf	0.0
9.475	-Inf	0.0
9.485	-Inf	0.0
9.495	-Inf	0.0
9.505	-Inf	0.0
9.515	-Inf	0.0
9.525	-Inf	0.0
9.535	-Inf	0.0
9.545	-Inf	0.0
9.555	-Inf	0.0
9.565	-Inf	0.0
9.575	-Inf	0.0
9.585	-Inf	0.0
9.595	-Inf	0.0
9.605	-Inf	0.0
9.615	-Inf	0.0
9.625	-Inf	0.0
9.635	-Inf	0.0
9.645	-Inf	0.0
9.655	-Inf	0.0
9.665	-Inf	0.0
9.675	-Inf	0.0
9.685	-Inf	0.0
9.695	-Inf	0.0
9.705	-Inf	0.0
9.715	-Inf	0.0
9.725	-Inf	0.0
9.735	-Inf	0.0
9.745	-Inf	0.0
9.755	-Inf	0.0
9.765	-Inf	0.0
9.775	-Inf	0.0
9.785	-Inf	0.0
9.795	-Inf	0.0
9.805	-Inf	0.0
9.815	-Inf	0.0
9.825	-Inf	0.0
9.835	-Inf	0.0
9.845	-Inf	0.0
9.855	-Inf	0.0
9.865	-Inf	0.0
9.875	-Inf	0.0
9.885	-Inf	0.0
9.895	-Inf	0.0
9.905	-Inf	0.0
9.915	-Inf	0.0
9.925	-Inf	0.0
9.935	-Inf	0.0
9.945	-Inf	0.0
9.955	-Inf	0.0
9.965	-Inf	0.0
9.975	-Inf	0.0
9.985	-Inf	0.0
9.995	-Inf	0.0
