0.005	-Inf	0.0
0.015	-Inf	0.0
0.025	-Inf	0.0
0.035	-Inf	0.0
0.045	-Inf	0.0
0.055	-Inf	0.0
0.065	-Inf	0.0
0.075	-Inf	0.0
0.085	-Inf	0.0
0.095	-Inf	0.0
0.105	-Inf	0.0
0.115	-Inf	0.0
0.125	-Inf	0.0
0.135	-Inf	0.0
0.145	-Inf	0.0
0.155	-Inf	0.0
0.165	-Inf	0.0
0.175	-Inf	0.0
0.185	-Inf	0.0
0.195	-Inf	0.0
0.205	-Inf	0.0
0.215	-Inf	0.0
0.225	-Inf	0.0
0.235	-Inf	0.0
0.245	-Inf	0.0
0.255	-Inf	0.0
0.265	-Inf	0.0
0.275	-Inf	0.0
0.285	-Inf	0.0
0.295	-Inf	0.0
0.305	-Inf	0.0
0.315	-Inf	0.0
0.325	-Inf	0.0
0.335	-Inf	0.0
0.345	-Inf	0.0
0.355	-Inf	0.0
0.365	-Inf	0.0
0.375	-Inf	0.0
0.385	-Inf	0.0
0.395	-Inf	0.0
0.405	-Inf	0.0
0.415	-Inf	0.0
0.425	-Inf	0.0
0.435	-Inf	0.0
0.445	-Inf	0.0
0.455	-Inf	0.0
0.465	-Inf	0.0
0.475	-Inf	0.0
0.485	-Inf	0.0
0.495	-Inf	0.0
0.505	-Inf	0.0
0.515	-Inf	0.0
0.525	-Inf	0.0
0.535	-Inf	0.0
0.545	-Inf	0.0
0.555	-Inf	0.0
0.565	-Inf	0.0
0.575	-Inf	0.0
0.585	-Inf	0.0
0.595	-Inf	0.0
0.605	-Inf	0.0
0.615	-Inf	0.0
0.625	-Inf	0.0
0.635	-Inf	0.0
0.645	-Inf	0.0
0.655	-Inf	0.0
0.665	-Inf	0.0
0.675	-Inf	0.0
0.685	-Inf	0.0
0.695	-Inf	0.0
0.705	-Inf	0.0
0.715	-Inf	0.0
0.725	-Inf	0.0
0.735	-Inf	0.0
0.745	-Inf	0.0
0.755	-Inf	0.0
0.765	-Inf	0.0
0.775	-Inf	0.0
0.785	-Inf	0.0
0.795	-Inf	0.0
0.805	-Inf	0.0
0.815	-Inf	0.0
0.825	-Inf	0.0
0.835	-Inf	0.0
0.845	-Inf	0.0
0.855	-Inf	0.0
0.865	-Inf	0.0
0.875	-Inf	0.0
0.885	-Inf	0.0
0.895	-Inf	0.0
0.905	-Inf	0.0
0.915	-Inf	0.0
0.925	-Inf	0.0
0.935	-Inf	0.0
0.945	-Inf	0.0
0.955	-Inf	0.0
0.965	-Inf	0.0
0.975	-Inf	0.0
0.985	-Inf	0.0
0.995	-0.37201511577927415	0.3425714743468673
1.005	-0.3552025128004317	0.3507775590935793
1.015	-0.33831797067555114	0.3639333457510065
1.025	-0.321373552830075	0.3744840261396363
1.035	-0.30438135691304724	0.35494572912365524
1.045	-0.2873535068618087	0.37721938772187363
1.055	-0.2703021449508801	0.378912706796592
1.065	-0.2532394238301835	0.3781311749159527
1.075	-0.23617749855775183	0.37995474930411094
1.085	-0.21912851863209465	0.38855159999114264
1.095	-0.2021046200293627	0.3764378558412344
1.105	-0.185117917250477	0.3907659403196205
1.115	-0.16818049538336444	0.40196789727544957
1.125	-0.15130440218544094	0.4127790882909591
1.135	-0.13450164019145827	0.4082201523205635
1.145	-0.11778415885183421	0.4063965779324053
1.155	-0.1011638467065423	0.41356062017159834
1.165	-0.08465252359963027	0.41147653515656035
1.175	-0.06826193293940958	0.42762819402310465
1.185	-0.052003734009315905	0.4307543215456616
1.195	-0.03588949433442218	0.4323173853069401
1.205	-0.019930682108543596	0.43296866187413946
1.215	-0.004138658686835273	0.44143525724773125
1.225	0.011475328851264177	0.44846904417348443
1.235	0.02690015506391963	0.42880049184406355
1.245	0.042124823428864755	0.4475572569794053
1.255	0.057138473540722046	0.46930989432386416
1.265	0.07193038821902775	0.4656627455475477
1.275	0.08649000052235195	0.4397419381730129
1.285	0.10080690066398357	0.46904938369698446
1.295	0.11487084282469456	0.46852836244322493
1.305	0.12867175185817525	0.45901972456211415
1.315	0.14219972988480534	0.4764739365630572
1.325	0.15544506276947823	0.5001804036091142
1.335	0.16839822647929586	0.4858523191307281
1.345	0.1810498933170097	0.5103403180574243
1.355	0.19339093802617024	0.5113823605649434
1.365	0.20541244376403467	0.5104705733708642
1.375	0.21710570793835343	0.48858768071296543
1.385	0.22846224790426362	0.5211515090729338
1.395	0.23947380651758632	0.5151597646546996
1.405	0.2501323575409388	0.5188069134310161
1.415	0.26043011089914275	0.5388662317007566
1.425	0.27035951778053147	0.529227338506206
1.435	0.2799132755808409	0.5464210398802692
1.445	0.2890843326864739	0.534437551043801
1.455	0.29786589309404193	0.5486353802087471
1.465	0.3062514208631706	0.5544968693135415
1.475	0.3142346443996896	0.5544968693135415
1.485	0.32180956056641485	0.5586650393436174
1.495	0.32897043861885716	0.5341770404169212
1.505	0.33571182396328636	0.5464210398802692
1.515	0.34202854173472047	0.5656988262693705
1.525	0.3479157001924968	0.5668711240903295
1.535	0.35336869393121706	0.5494169120893864
1.545	0.3583832069049758	0.5528035502388231
1.555	0.3629552152628905	0.5401687848351554
1.565	0.36708098999409006	0.5654383156424908
1.575	0.37075709938042456	0.5544968693135415
1.585	0.37398041125529013	0.5627029540602535
1.595	0.37674809506709583	0.5731233791354433
1.605	0.37905762374600377	0.561139890298975
1.615	0.380906775372724	0.5547573799404212
1.625	0.3822936346482553	0.5561901883882598
1.635	0.38321659416360215	0.5649172943887313
1.645	0.38367435546861944	0.5716905706876048
1.655	0.3836659299392704	0.5542363586866617
1.665	0.3831906394427125	0.5472025717609085
1.675	0.38224811679975124	0.5552784011941807
1.685	0.38083830604434094	0.5494169120893864
1.695	0.3789614624799339	0.5378241891932376
1.705	0.37661815253261366	0.5482446142684275
1.715	0.3738092534010815	0.5455092526861902
1.725	0.37053595250369004	0.5465512951937092
1.735	0.36679974672285337	0.5275340194314876
1.745	0.36260244144729237	0.517895126236937
1.755	0.35794614941270303	0.5116428711918231
1.765	0.3528332893415671	0.5169833390428579
1.775	0.34726658438295	0.5268827428642883
1.785	0.3412490603532683	0.5061721480273483
1.795	0.3347840437791258	0.5162018071622186
1.805	0.3278751597434536	0.49015074447424395
1.815	0.32052632953631377	0.4991383611015952
1.825	0.31274176811184917	0.4772554684436965
1.835	0.3045259813529952	0.4840287447425699
1.845	0.29588376314567966	0.4814236384737724
1.855	0.2868201922643756	0.46409968178626926
1.865	0.2773406290709802	0.4627971286518705
1.875	0.26745071202912346	0.46019202238307305
1.885	0.25715635403612114	0.43856964035205404
1.895	0.246463738574911	0.45810793736803507
1.905	0.23537931568842407	0.44039321474021226
1.915	0.22390979777895587	0.44495215071060784
1.925	0.21206215523522232	0.429321513097823
1.935	0.19984361188988742	0.43361993844133884
1.945	0.187261640310467	0.4239810452467882
1.955	0.17432395692661223	0.4136908754850382
1.965	0.16103851699689997	0.4122580670371996
1.975	0.1474135094183313	0.3979299825588135
1.985	0.1334573513818733	0.3856859830954654
1.995	0.11917868287745692	0.38216908963258883
2.005	0.10458636105195007	0.39285002533465846
2.015	0.08968945442372195	0.37761015366219325
2.025	0.07449723695750038	0.3865977702895445
2.035	0.059019182003319404	0.3727907070649179
2.045	0.04326495610344816	0.377870664289073
2.055	0.02724441267126282	0.36523589888540525
2.065	0.010967585546123815	0.35689955882525337
2.075	-0.0055553175716165915	0.35390368661613625
2.085	-0.022313921801246583	0.3477816868844622
2.095	-0.03929769187370524	0.3454370912425445
2.105	-0.056495939030577425	0.34765143157102235
2.115	-0.07389782802568184	0.3415294318393483
2.125	-0.09149238422470551	0.32537777297280396
2.135	-0.10926850079837958	0.3329325811523166
2.145	-0.12721494600452338	0.3248567517190445
2.155	-0.14532037055430108	0.3159993904051331
2.165	-0.16357331505796202	0.31560862446481347
2.175	-0.18196221754524067	0.3110496884944179
2.185	-0.20047542105562466	0.2962005827622723
2.195	-0.2191011812935606	0.2973728805832312
2.205	-0.237827674343714	0.2835658173586046
2.215	-0.25664300444127497	0.3007595187326679
2.225	-0.27553521179233587	0.290339093657478
2.235	-0.2944922804392903	0.2868222001946014
2.245	-0.3135021461661879	0.2793976473285286
2.255	-0.3325527044389447	0.279006881388209
2.265	-0.3516318183753048	0.2741874347909337
2.275	-0.3707273267393928	0.26962849882053813
2.285	-0.38982705195572326	0.2559516909093514
2.295	-0.40891880813747583	0.26363675440230394
2.305	-0.42799040912386666	0.25386760589431345
2.315	-0.4470296765214268	0.2545188824615128
2.325	-0.4660244477439911	0.2539978612077533
2.335	-0.4849625840461994	0.2623342012679052
2.345	-0.5038319785453369	0.25035071243143686
2.355	-0.5226205642263012	0.23797645765464887
2.365	-0.541316321924554	0.2442287126997628
2.375	-0.5599072882818494	0.23719492577400964
2.385	-0.5783815636696463	0.2431866701922438
2.395	-0.5967273200750272	0.2373251810874495
2.405	-0.6149328089440361	0.23693441514712987
2.415	-0.632986368977377	0.22742577726601912
2.425	-0.6508764338733719	0.22651399007194
2.435	-0.6685915400132125	0.22794679851977862
2.445	-0.6861203340834786	0.22325760723594315
2.455	-0.7034515806310091	0.21934994783274694
2.465	-0.7205741695451974	0.22247607535530392
2.475	-0.7374771234628725	0.2137489693548324
2.485	-0.7541496050909402	0.20619416117531972
2.495	-0.7705809244420323	0.21856841595210771
2.505	-0.7867605459784554	0.21309769278763302
2.515	-0.8026780956597923	0.2077572249365982
2.525	-0.8183233678895641	0.2047613527274811
2.535	-0.8336863323564363	0.21257667153387352
2.545	-0.8487571407654951	0.19238709795069314
2.555	-0.8635261334552177	0.19512245953293048
2.565	-0.8779838458958094	0.19876960830924695
2.575	-0.8921210150646697	0.1828784600695824
2.585	-0.9059285856948052	0.19903011893612668
2.595	-0.9193977163921294	0.19981165081676594
2.605	-0.9325197856176084	0.19473169359261086
2.615	-0.9452863975303716	0.19264760857757288
2.625	-0.9576893876879207	0.1848322897711805
2.635	-0.969720828599717	0.19277786389101276
2.645	-0.981373035130491	0.1916055660700539
2.655	-0.9926385697497095	0.19564348078668997
2.665	-1.0035102476237707	0.19199633201037353
2.675	-1.013981141547526	0.18952148105501593
2.685	-1.0240445867119154	0.18339948132334188
2.695	-1.0336941853045345	0.18561382165181972
2.705	-1.0429238109400942	0.17753799221854757
2.715	-1.0517276129178381	0.18209692818894313
2.725	-1.0601000203030815	0.1694621627852754
2.735	-1.0680357458301515	0.18444152383086085
2.745	-1.075529789624133	0.16907139684495578
2.755	-1.0825774427389163	0.1837902472636615
2.765	-1.0891742905091806	0.17949182192014568
2.775	-1.095316215714056	0.1738908434422311
2.785	-1.100999401550327	0.1802733538007849
2.795	-1.1062203344131558	0.1777985028454273
2.805	-1.1109758064824453	0.1724580349943925
2.815	-1.1152629181130573	0.1748026306363102
2.825	-1.1190790800272477	0.16828986496431655
2.835	-1.1224220153078006	0.17402109875567098
2.845	-1.125289761190465	0.1714159924868735
2.855	-1.127680670654427	0.17024369466591466
2.865	-1.1295934138096866	0.16763858839711718
2.875	-1.1310269790803296	0.16685705651647795
2.885	-1.1319806741828127	0.16438220556112035
2.895	-1.1324541268985198	0.1710252265465539
2.905	-1.1324472856399752	0.17701697096478808
2.915	-1.1319604198102233	0.17402109875567098
2.925	-1.130994119955027	0.16959241809871528
2.935	-1.129549297707665	0.161646843978883
2.945	-1.1276271855262368	0.16477297150143996
2.955	-1.1252293362235224	0.17753799221854757
2.965	-1.1223576222895773	0.171937013740633
2.975	-1.1190142350073589	0.17844977941262669
2.985	-1.1152016833618463	0.1758446731438292
2.995	-1.1109227927432104	0.17454212000943048
3.005	-1.1061807034447446	0.1724580349943925
3.015	-1.1009788689563973	0.182227183502383
3.025	-1.0953210540548692	0.17258829030783238
3.035	-1.089211332691371	0.18248769412926275
3.045	-1.0826540856782754	0.1798825878604653
3.055	-1.0756539981760147	0.16763858839711718
3.065	-1.068216056981708	0.1848322897711805
3.075	-1.0603455476211288	0.1823574388158229
3.085	-1.05204805124576	0.18756765135341782
3.095	-1.043329441336776	0.18652560884589883
3.105	-1.034195880217971	0.19447118296573113
3.115	-1.0246538153797056	0.18691637478621845
3.125	-1.0147099756161362	0.18704663009965833
3.135	-1.0043713669780536	0.1887399491743767
3.145	-0.9936452685438115	0.19186607669693365
3.155	-0.9825392280109315	0.19499220421949062
3.165	-0.9710610571110734	0.19981165081676594
3.175	-0.959218826851209	0.19720654454796846
3.185	-0.9470208625839047	0.1994208848764463
3.195	-0.934475738909762	0.2004629273839653
3.205	-0.9215922744151617	0.19903011893612668
3.215	-0.9083795262485612	0.2073664589962786
3.225	-0.8948467845386979	0.204891608040921
3.235	-0.8810035666581779	0.21505152248923112
3.245	-0.8668596113359717	0.19903011893612668
3.255	-0.8524248726225169	0.2033285442796425
3.265	-0.8377095137111435	0.2087992674441172
3.275	-0.8227239006196991	0.203849565533402
3.285	-0.8074785957362819	0.21244641622043367
3.295	-0.7919843512331337	0.21101360777259506
3.305	-0.7762521023527724	0.22195505410154442
3.315	-0.7602929605705973	0.2181776500117881
3.325	-0.7441182066382077	0.214139735295152
3.335	-0.7277392835118033	0.2192196925193071
3.345	-0.7111677891700956	0.2210432669074653
3.355	-0.6944154693262212	0.24253539362504442
3.365	-0.6774942100382436	0.24149335111752546
3.375	-0.6604160302228641	0.23445956419177227
3.385	-0.6431930740770393	0.23784620234120898
3.395	-0.6258376034122999	0.2545188824615128
3.405	-0.60836198990654	0.246052287087921
3.415	-0.5907787072782004	0.25087173368519633
3.425	-0.5731003233877399	0.25230454213303494
3.435	-0.5553394922713687	0.2593383290587881
3.445	-0.5375089461120991	0.2627249672082248
3.455	-0.5196214871531312	0.28030943452260776
3.465	-0.5016899795587061	0.27627151980597164
3.475	-0.48372734122755323	0.2659813500442217
3.485	-0.4657465355641045	0.28122122171668684
3.495	-0.44776056321266866	0.2839565832989242
3.505	-0.4297824537598196	0.2938559871203546
3.515	-0.4118252574101916	0.2907298595977976
3.525	-0.39390203664102924	0.30870509285250014
3.535	-0.37602585784069	0.29164164679187676
3.545	-0.35820978293647754	0.3033646250014653
3.555	-0.34046686101705553	0.29007858303059825
3.565	-0.3228101199547834	0.2898180724037185
3.575	-0.30525255803328666	0.3041461568821046
3.585	-0.2878071355855732	0.3145665819572945
3.595	-0.27048676664800436	0.30883534816594005
3.605	-0.25330431063545233	0.3093563694196995
3.615	-0.23627256404289	0.32251215607712674
3.625	-0.2194042521787361	0.3118312203750571
3.635	-0.20271202093521073	0.3262895601668831
3.645	-0.18620842860091597	0.32160036888304766
3.655	-0.1699059377209079	0.3380125383764717
3.665	-0.15381690700939832	0.34061764464526917
3.675	-0.13795358332028546	0.352080112227978
3.685	-0.1223280936806338	0.3371007511823926
3.695	-0.10695243739217353	0.3337141130329559
3.705	-0.09183847820589142	0.34126892121246855
3.715	-0.07699793657470722	0.34413453810814576
3.725	-0.0624423819891915	0.34165968715278816
3.735	-0.048183225401258634	0.3506473037801394
3.745	-0.0342317117406471	0.35507598443709515
3.755	-0.02059891252903323	0.36810151578108247
3.765	-0.007295718596487144	0.3777404089756331
3.775	0.005667167095027903	0.36771074984076285
3.785	0.01827923651652008	0.3753958133337154
3.795	0.030530183520626974	0.36132823948220905
3.805	0.042409910669627515	0.3688830476617217
3.815	0.053908535938360536	0.3720091751842787
3.825	0.06501639928776559	0.37865219616971224
3.835	0.07572406910478446	0.3935013019018578
3.845	0.08602234850445656	0.40314019509640847
3.855	0.09590228149014246	0.397408961305054
3.865	0.10535515896787084	0.40314019509640847
3.875	0.11437252461091674	0.3983207484991331
3.885	0.12294618057080953	0.40053508882761096
3.895	0.13106819303103168	0.4048335141711268
3.905	0.13873089759982837	0.41746827957479454
3.915	0.14592690453857282	0.4117370457834401
3.925	0.15264910382230068	0.42124568366455084
3.935	0.15889067002909862	0.4142118967387977
3.945	0.1646450670551206	0.41629598175383564
3.955	0.16990605265216374	0.42319951336614897
3.965	0.17466768278479972	0.43791836378485466
3.975	0.17892431580419166	0.42632564088870595
3.985	0.18267061643583615	0.4220272155451901
3.995	0.1859015595785921	0.41681700300759517
4.005	0.18861243391244786	0.41994313053015214
4.015	0.19079884531265234	0.4091319395146426
4.025	0.19245672006789183	0.42280874742582936
4.035	0.19358230790035924	0.4133001095447186
4.045	0.19417218478568044	0.42098517303767113
4.055	0.1942232555707697	0.4377881084714148
4.065	0.19373275638782705	0.42632564088870595
4.075	0.19269825686281927	0.4067873438727249
4.085	0.1911176621169014	0.4092621948280825
4.095	0.18898921455937923	0.43218712999350023
4.105	0.18631149547093284	0.4126488329775192
4.115	0.18308342637596509	0.416947258321035
4.125	0.17930427020305117	0.41238832235063944
4.135	0.17497363223262075	0.4196826199032724
4.145	0.5814906587798709	0.6067292500029307
4.155	0.5692211618290051	0.594094484599263
4.165	0.556401059303535	0.6128512497346048
4.175	0.5430313310893792	0.5769007832251997
4.185	0.5291133009497162	0.5805479320015161
4.195	0.514648636185064	0.574556187583282
4.205	0.4996393470781939	0.5758587407176807
4.215	0.48408778612405223	0.5607491243586553
4.225	0.4679966470450556	0.5488958908356268
4.235	0.4513689635922	0.5448579761189908
4.245	0.4342081081326057	0.5391267423276364
4.255	0.41651779002420064	0.5409503167157946
4.265	0.3983020537784592	0.5162018071622186
4.275	0.37956527701215426	0.49991989298223444
4.285	0.36031216818929823	0.505520871460149
4.295	0.34054776415449717	0.49744504202687684
4.305	0.3202774274591619	0.48767589351888635
4.315	0.29950684348207535	0.4918440635489623
4.325	0.2782420173460012	0.45914997987555406
4.335	0.25648927063208204	0.45563308641267747
4.345	0.23425523789399694	0.4413050019342914
4.355	0.21154686297387493	0.44325883163588947
4.365	0.18837139512216483	0.42528359838118696
4.375	0.16473638492372777	0.41772879020167425
4.385	0.14064968003257972	0.42697691745590527
4.395	0.11611942071783077	0.4062663226189654
4.405	0.0911540352234429	0.3920684934540192
4.415	0.06576223494462685	0.3905054296927407
4.425	0.039953009423707164	0.37474453676651603
4.435	0.013735621168514234	0.3684922817214021
4.445	-0.012880399703608103	0.35286164410861726
4.455	-0.0398852609929472	0.34582785718286413
4.465	-0.06726891411239688	0.33736126180927234
4.475	-0.09502105994679	0.31977679449488944
4.485	-0.12313115487307813	0.3208188370024084
4.495	-0.15158841693767555	0.30818407159874067
4.505	-0.18038183218725357	0.3139153053900951
4.515	0.6246003289729807	0.6928280121866871
4.525	0.5966482584263402	0.6809747786636586
4.535	0.5683944030252726	0.6769368639470226
4.545	0.5398506384821865	0.6409863974376174
4.555	0.5110290386917278	0.6215783557350762
4.565	0.48194186856342375	0.6236624407501142
4.575	0.45260157672973067	0.6072502712566902
4.585	0.4230207881339564	0.5798966554343168
4.595	0.3932122965025726	0.572472102568244
4.605	0.36318905670657153	0.5810689532552756
4.615	0.3329641770165035	0.5427738911039528
4.625	0.30255091125596245	0.5258407003567692
4.635	0.2719626508583644	0.5122941477590224
4.645	0.2412129168318532	0.506562913967668
4.655	0.21031535163731235	0.4884574253995256
4.665	0.17928371098446455	0.47842776626465533
4.675	0.14813185555107788	0.4642299370997091
4.685	0.11687374263044747	0.4634484052190699
4.695	0.0855234177122306	0.4401327041133325
4.705	0.054095006001870005	0.4295820237247028
4.715	0.022602703883799286	0.417989300828554
4.725	-0.008939229666260207	0.4083504076340034
4.735	-0.04051648171463637	0.38672802560298436
4.745	-0.0721146940433316	0.38816083405082297
4.755	-0.10371947185860114	0.3783916855428325
4.765	-0.13531639252906166	0.3636728351241268
4.775	-0.16689101434794457	0.34895398470542105
4.785	-0.1984288853140712	0.34165968715278816
4.795	-0.2299155519261294	0.3261593048534432
4.805	-0.26133656798477023	0.32212139013680713
4.815	-0.29267750339709464	0.32160036888304766
4.825	-0.32392395297805837	0.3004990081057881
4.835	-0.35506154524336775	0.28447760455268367
4.845	-0.3860759511883669	0.2878642427021204
4.855	-0.4169528930475077	0.27874637076132924
4.865	-0.4476781530289189	0.27952790264196853
4.875	-0.47823758201871647	0.2645485415963831
4.885	-0.508617108249581	0.2387579895352881
4.895	-0.5388027459282391	0.25477939308839254
4.905	-0.5687806038165053	0.2560819462227913
4.915	-0.5985368937604986	0.2437076914460033
4.925	-0.6280579391627822	0.23081241541545583
4.935	-0.6573301833921125	0.22078275628058555
4.945	-0.6863401981255599	0.2216945434746647
4.955	-0.7150746916178328	0.22273658598218365
4.965	-0.7435205168926275	0.20593365054843998
4.975	-0.7716646798509026	0.20905977807099696
4.985	-0.7994943472910213	0.20124445926460455
4.995	-0.8269968548357545	0.2054126292946805
5.005	-0.8541597147612037	0.19186607669693365
5.015	-0.880970623722749	0.1871768854130982
5.025	-0.907417470373186	0.18691637478621845
5.035	-0.9334883428683096	0.18248769412926275
5.045	-0.9591715362552415	0.16868063090463617
5.055	-0.9844555597388727	0.17610518377070897
5.065	-1.0093291438218843	0.17675646033790832
5.075	-1.033781247313869	0.16138633335200325
5.085	-1.0578010642051676	0.17076471591967415
5.095	-1.0813780304011096	0.16294939711328174
5.105	-1.1045018303124214	0.16099556741168364
5.115	-1.1271624032976986	0.152398716724652
5.125	-1.1493499499538693	0.14367161072418047
5.135	-1.1710549382507056	0.14927258920209502
5.145	-1.1922681095055219	0.1479700360676963
5.155	-1.2129804841943321	0.15018437639617413
5.165	-1.2331833675957493	0.1499238657692944
5.175	-1.252868355264141	0.138982419440345
5.185	-1.2720273383285399	0.1434111000973007
5.195	-1.290652508613988	0.14067573851506338
5.205	-1.30873636358207	0.13676807911186717
5.215	-1.3262717110875413	0.13429322815650957
5.225	-1.3432516739480027	0.1340327175296298
5.235	-1.3596696943237494	0.1292132709323545
5.245	-1.3755195379050176	0.13103684532051274
5.255	-1.3907952979039737	0.12465433496195893
5.265	-1.40549139884889	0.11996514367812348
5.275	-1.4196026001781061	0.11214982487173107
5.285	-1.4331239996314833	0.11944412242436399
5.295	-1.4460510364371864	0.11319186737925006
5.305	-1.4583794942917367	0.11475493114052854
5.315	-1.4701055041314426	0.10798165484165512
5.325	-1.481225546693411	0.11241033549861082
5.335	-1.491736454864491	0.10381348481157918
5.345	-1.5016354158166252	0.11149854830453171
5.355	-1.5109199729272182	0.10472527200565829
5.365	-1.5195880274832558	0.10602782514005701
5.375	-1.5276378401680697	0.10641859108037664
5.385	-1.5350680323297392	0.1036832294981393
5.395	-1.5418775870302808	0.10055710197558233
5.405	-1.548065849874914	0.10198991042342094
5.415	-1.5536325296208089	0.10003608072182284
5.425	-1.5585776985648787	0.10055710197558233
5.435	-1.562901792710302	0.09690995319926587
5.445	-1.5666056117116058	0.09547714475142727
5.455	-1.5696903185982687	0.09326280442294942
5.465	-1.572157439276961	0.10185965510998107
5.475	-1.574008861812636	0.09391408099014878
5.485	-1.5752468354888731	0.09547714475142727
5.495	-1.575873969647977	0.09182999597511081
5.505	-1.5758932323114787	0.0909182087810317
5.515	-1.5753079485818238	0.09808225102022473
5.525	-1.5741217988261869	0.09274178316918992
5.535	-1.572338816643441	0.08818284719879435
5.545	-1.5699633866155023	0.09169974066167094
5.555	-1.5670002418443492	0.09951505946806334
5.565	-1.563454461276204	0.08857361313911397
5.575	-1.5593314668144287	0.09495612349766777
5.585	-1.554637020222895	0.1006873572890222
5.595	-1.5493772198216647	0.09912429352774373
5.605	-1.5435584969769423	0.09443510224390828
5.615	-1.5371876123874468	0.09860327227398423
5.625	-1.5302716521694086	0.09951505946806334
5.635	-1.522818023742553	0.09443510224390828
5.645	-1.5148344515195702	0.09612842131862663
5.655	-1.5063289724016735	0.09990582540838297
5.665	-1.4973099310829456	0.09599816600518676
5.675	-1.4877859751663585	0.09808225102022473
5.685	-1.4777660500943997	0.09808225102022473
5.695	-1.4672593938974048	0.09651918725894626
5.705	-1.4562755317627503	0.09209050660199056
5.715	-1.4448242704282546	0.09430484693046841
5.725	-1.4329156924031676	0.09222076191543042
5.735	-0.4330003063345027	0.2442287126997628
5.745	-0.4281977704739368	0.2534768399539938
5.755	-0.4229697597775932	0.24084207455032608
5.765	-0.41732739872762736	0.25386760589431345
5.775	-0.41128205622330904	0.23589237263961088
5.785	-0.40484533884508744	0.23940926610248747
5.795	-0.3980290839729941	0.2534768399539938
5.805	-0.3908453527636061	0.2417538617444052
5.815	-0.3833064229898626	0.24696407428200012
5.825	-0.375424781748104	0.2461825424013609
5.835	-0.36721311803679035	0.23901850016216786
5.845	-0.35868431521145105	0.22768628789289885
5.855	-0.34985144332048845	0.23354777699769316
5.865	-0.34072775132649546	0.22990062822137672
5.875	-0.33132665921787463	0.24136309580408558
5.885	-0.3216617500156075	0.24032105329656658
5.895	-0.31174676168001525	0.23641339389337038
5.905	-0.30159557892252065	0.23393854293801278
5.915	-0.29122222492741223	0.23667390452025014
5.925	-0.2806408529886847	0.2412328404906457
5.935	-0.2698657380670496	0.23498058544553177
5.945	-0.25891126827237254	0.2348503301320919
5.955	-0.24779193627667462	0.24279590425192418
5.965	-0.23652233066300565	0.23953952141592735
5.975	-0.22511712721549848	0.2532163293271141
5.985	-0.2135910801559474	0.23940926610248747
5.995	-0.20195901333224542	0.24579177646104128
6.005	-0.19023581136414747	0.23315701105737355
6.015	-0.17843641075177297	0.2442287126997628
6.025	-0.16657579095224995	0.25282556338679446
6.035	-0.15466896543007236	0.25308607401367417
6.045	-0.14273097268659674	0.23419905356489254
6.055	-0.13077686727417548	0.24487998926696217
6.065	-0.11882171080050108	0.24774560616263938
6.075	-0.1068805629286419	0.2582962865512691
6.085	-0.0949684723782821	0.24487998926696217
6.095	-0.08310046793371983	0.2467035636551204
6.105	-0.07129154946415095	0.24344718081912356
6.115	-0.059556678961687814	0.249178414610478
6.125	-0.0479107716026953	0.24292615956536406
6.135	-0.03636868683787586	0.25334658464055393
6.145	-0.024945219516606	0.24592203177448116
6.155	-0.013655091050918777	0.25022045711799695
6.165	-0.002512940624643356	0.24084207455032608
6.175	0.9847925560281615	0.664171843229915
6.185	1.0024312894738454	0.6458058440348927
6.195	1.0198787078171239	0.6605246944535984
6.205	1.0371205876056067	0.6675584813793516
6.215	1.054142830705286	0.6563565244235225
6.225	1.0709314727086938	0.662999545408956
6.235	1.0874726912609451	0.6794117149023801
6.245	1.103752814298601	0.6743317576782251
6.255	1.119758328196254	0.677457885200782
6.265	1.1354758858158636	0.6854034593206143
6.275	1.1508923144538832	0.6924372462463675
6.285	1.1659946236813497	0.7045509903962757
6.295	1.180770013072098	0.7049417563365953
6.305	1.1952058798143508	0.7078073732322725
6.315	1.2092898262010685	0.7182277983074624
6.325	1.2230096669944168	0.7218749470837789
6.335	1.2363534366598876	0.7223959683375384
6.345	1.2493093964656197	0.7093704369935511
6.355	1.261866041442576	0.7326861380992884
6.365	1.2740121072013126	0.7514429032346301
6.375	1.2857365766011868	0.7332071593530478
6.385	1.2970286862679372	0.7384173718906428
6.395	1.3078779329555834	0.7489680522792725
6.405	1.3182740797488437	0.743367073801358
6.415	1.3282071621022333	0.771111455564051
6.425	1.337667493712174	0.7862210719230763
6.435	1.3466456722184994	0.7665525195936554
6.445	1.3551325847319449	0.7860908166096365
6.455	1.363119413184168	0.7764519234150858
6.465	1.370597639497117	0.7742375830866081
6.475	1.3775590505685524	0.7795780509376429
6.485	1.3839957430707017	0.7799688168779625
6.495	1.3899001280591383	0.7936456247891491
6.505	1.3952649353890723	0.7879143909977947
6.515	1.4000832179363942	0.7888261781918738
6.525	1.4043483556208767	0.7932548588488295
6.535	1.4080540592291433	0.7729350299522093
6.545	1.4111943740350597	0.7955994544907473
6.555	1.4137636832153728	0.7849185187886777
6.565	1.415756711058544	0.7527454563690289
6.575	1.4171685259648354	0.7717627321312505
6.585	1.417994543235865	0.756783371085665
6.595	1.4182305276519354	0.7709812002506111
6.605	1.4178725958356293	0.7760611574747662
6.615	1.4169172184002363	0.7459721800701554
6.625	1.4153612218817542	0.7645986898920574
6.635	1.413201790453332	0.7576951582797441
6.645	1.410436467421131	0.7446696269357568
6.655	1.4070631565007587	0.7468839672642346
6.665	1.4030801228735275	0.7483167757120732
6.675	1.3984859940219536	0.7385476272040826
6.685	1.3932797603440297	0.7018156288140384
6.695	1.387460775545958	0.7131478410833073
6.705	1.3810287568131545	0.7352912443680858
6.715	1.3739837847594782	0.7014248628737187
6.725	1.3663263031547794	0.6930885228135668
6.735	1.35805711843099	0.7179672876805827
6.745	1.349177398967134	0.698038224724282
6.755	1.3396886741537375	0.6869665230818928
6.765	1.3295928332373026	0.6889203527834908
6.775	1.318892123945603	0.6893111187238105
6.785	1.3075891508947235	0.687748054962532
6.795	1.295686873778875	0.6663861835583927
6.805	1.2831886053441814	0.6493227374977694
6.815	1.2700980091477452	0.6418981846316966
6.825	1.2564190971034368	0.6491924821843295
6.835	1.2421562268159834	0.6446335462139339
6.845	1.2273140987050821	0.6088133350179686
6.855	1.2118977529213604	0.6244439726307535
6.865	1.1959125660561611	0.6138932922421237
6.875	1.1793642476472348	0.5934432080320636
6.885	1.1622588364825903	0.5860186551659908
6.895	1.1446026967048095	0.5819807404493548
6.905	1.1264025137183291	0.5591860605973769
6.915	1.1076652899022723	0.553845592746342
6.925	1.0883983401315176	0.54563950799963
6.935	1.0686092871088715	0.5469420611340288
6.945	1.048306056511271	0.5444672101786712
6.955	1.0274968719530735	0.5112521052515034
6.965	1.006190249769607	0.5258407003567692
6.975	0.9843949936242811	0.5064326586542282
6.985	0.9621201889426392	0.4977055526537566
6.995	0.9393751971768454	0.4945794251311996
7.005	0.9161696499042116	0.4815538937872123
7.015	0.8925134427634878	0.46540223492066796
7.025	0.8684167292326965	0.4751713834286585
7.035	0.8438899142524366	0.46748631993570594
7.045	0.8189436476986254	0.46006176706963314
7.055	0.8606238125028262	0.4661837668013072
7.065	0.8428608934970994	0.4760831706227376
7.075	0.8247118747133193	0.4681375965029053
7.085	0.8061883176302864	0.45862895862179454
7.095	0.7873019939139114	0.4359645340832566
7.105	0.7680648780756305	0.4376578531579749
7.115	0.7484891400106988	0.44104449130741163
7.125	0.7285871374209922	0.4156447051866363
7.135	0.7083714081271022	0.4112160245296806
7.145	0.6878546622744963	0.40053508882761096
7.155	0.667049774438579	0.39871151443945274
7.165	0.6459697756336449	0.3905054296927407
7.175	0.6246278452306429	0.4000140675738515
7.185	0.6030373027888131	0.37800091960251286
7.195	0.5812115998063058	0.3773496430353135
7.205	0.5591643113948886	0.39493411034969644
7.215	0.5369091278839548	0.38008500461755085
7.225	0.5144598463590166	0.3699250901692407
7.235	0.4918303621400183	0.37305121769179767
7.245	0.4690346602046986	0.3674502392138831
7.255	0.44608680656236777	0.36836202640796223
7.265	0.4230009395834799	0.3753958133337154
7.275	0.3997912612903685	0.35781134601933245
7.285	0.3764720286145292	0.3651056435719654
7.295	0.3530575446259422	0.35846262258653183
7.305	0.3295621497398367	0.36419385637788626
7.315	0.3060002129063415	0.35494572912365524
7.325	0.28238612278854885	0.35103806972045903
7.335	0.258734278934396	0.35038679315325966
7.345	0.23505908294786465	0.34126892121246855
7.355	0.2113749296649931	0.35533649506397486
7.365	0.18769619834014534	0.341789942466228
7.375	0.1640372438479676	0.33527717679423436
7.385	0.14041238790654853	0.3273316026744021
7.395	0.11683591032714866	0.32107934762928814
7.405	0.0933220402959605	0.3182137307336109
7.415	0.06988494769325651	0.3094866247331394
7.425	0.04653873445529577	0.33670998524207296
7.435	0.023297425984370734	0.31508760321105395
7.445	0.00017496261221894294	0.3032343696880255
7.455	-0.022814808877835602	0.3089656034793799
7.465	-0.04565814366487636	0.3085748375390603
7.475	-0.06834140723524473	0.2956795615085128
7.485	-0.09085108365316916	0.2908601149112375
7.495	-0.11317378375202908	0.2895575617768388
7.505	-0.13529625324124087	0.2976333912101109
7.515	-0.15720538072377266	0.2835658173586046
7.525	-0.17888820561931396	0.27353615822373434
7.535	-0.20033192598828253	0.2782253495075698
7.545	-0.2215239062518395	0.28030943452260776
7.555	-0.2424516848031465	0.26194343532758557
7.565	-0.2631029815052278	0.26467879690982293
7.575	-0.28346570507081326	0.2754899879253324
7.585	-0.30352796031966783	0.2624644565813451
7.595	-0.32327805530890663	0.24969943586423748
7.605	-0.34270450833200794	0.24930866992391787
7.615	-0.3617960547821603	0.2504809677448767
7.625	-0.3805416538758123	0.2461825424013609
7.635	-0.3989304952322973	0.24097232986376596
7.645	-0.41695200530550325	0.24435896801320267
7.655	-0.4345958536636889	0.24891790398359823
7.665	-0.451851959113611	0.2422748829981647
7.675	-0.468710495665253	0.2426656489384843
7.685	-0.48516189833350565	0.23472007481865204
7.695	-0.5011968687732906	0.24540101052072166
7.705	-0.5168063807447292	0.22924935165417734
7.715	-0.5319816854050263	0.22898884102729758
7.725	-0.5467143164238635	0.22950986228105708
7.735	-0.5609960949192588	0.23068216010201595
7.745	-0.5748191342108654	0.23055190478857607
7.755	-0.5881758443878886	0.22898884102729758
7.765	-0.6010589366888762	0.22026173502682606
7.775	-0.6134614276907444	0.214139735295152
7.785	-0.6253766433045468	0.20085369332428493
7.795	-0.6367982225756209	0.2121859055935539
7.805	-0.6477201212858377	0.21205565028011403
7.815	-0.6581366153558187	0.20554288460812037
7.825	-0.6680423040451481	0.1994208848764463
7.835	-0.6774321129486582	0.19564348078668997
7.845	-0.6863012967870765	0.19955114018988618
7.855	-0.6946454419903885	0.20202599114524378
7.865	-0.7024604690724386	0.19434092765229125
7.875	-0.7097426347954168	0.18730714072653806
7.885	-0.7164885341229827	0.19355939577165202
7.895	-0.7226951019609617	0.19030301293565516
7.905	-0.7283596146846258	0.18900045980125643
7.915	-0.7334796914517611	0.17858003472606654
7.925	-0.7380532953008028	0.1798825878604653
7.935	-0.7420787340335058	0.17805901347230707
7.945	-0.7455546608817127	0.16959241809871528
7.955	-0.7484800749579381	0.17206726905407288
7.965	-0.7508543214896272	0.16881088621807605
7.975	-0.75267709183706	0.16920165215839567
7.985	-0.7539484232950336	0.17180675842719312
7.995	-0.7546686986785719	0.17128573717343365
8.005	-0.7548386456930598	0.1636006736804811
8.015	-0.7544593360893216	0.15734841863536717
8.025	-0.7535321846043167	0.15943250365040515
8.035	-0.7520589476882293	0.16959241809871528
8.045	-0.750041722018901	0.15734841863536717
8.055	-0.7474829428046534	0.16868063090463617
8.065	-0.7443853818767027	0.18053386442766464
8.075	-0.740752145572491	0.18144565162174378
8.085	-0.7365866724113787	0.17310931156159187
8.095	-0.7318927305643109	0.17206726905407288
8.105	-0.7266744151191327	0.18209692818894313
8.115	-0.7209361451434393	0.18900045980125643
8.125	-0.7146826605468855	0.18808867260717732
8.135	-0.707919018745081	0.1867861194727786
8.145	-0.7006505911272729	0.1901727576222153
8.155	-0.6928830593301479	0.18808867260717732
8.165	-0.6846224113202318	0.20202599114524378
8.175	-0.6758749372874444	0.19876960830924695
8.185	-0.6666472253525256	0.20411007616028176
8.195	-0.6569461570911149	0.21544228842955074
8.205	-0.6467789028774463	0.21114386308603492
8.215	-0.6361529170506719	0.21544228842955074
8.225	-0.6250759329069515	0.22390888380314253
8.235	-0.6135559575206017	0.22130377753434505
8.245	-0.6016012663976176	0.2245601603703419
8.255	-0.5892203979650705	0.22273658598218365
8.265	-0.576422147899938	0.22937960696761722
8.275	-0.5632155633009991	0.23211496854985456
8.285	-0.5496099367076146	0.24149335111752546
8.295	-0.5356147999692025	0.2461825424013609
8.305	-0.5212399179693866	0.25412811652119316
8.315	-0.5064952822088237	0.2549096484018324
8.325	-0.4913911042508736	0.25230454213303494
8.335	-0.4759378090343004	0.2581660312378293
8.345	-0.46014602805730087	0.2609013928200666
8.355	-0.4440265924372071	0.27431769010437357
8.365	-0.42759052585036406	0.27588075386565203
8.375	-0.4108490373566486	0.27848586013444954
8.385	-0.3938135141132479	0.28174224297044637
8.395	-0.3764955139823419	0.28617092362740204
8.405	-0.3589067580374326	0.30922611410625966
8.415	-0.3410591229730609	0.30883534816594005
8.425	-0.32296463342281373	0.32355419858464574
8.435	-0.30463545419047644	0.3258987942265635
8.445	-0.2860838823992661	0.3272013473609622
8.455	-0.2673223395642102	0.33814279368991157
8.465	-0.24836336359265182	0.3597651757209306
8.475	-0.22921960071800002	0.3630215585569274
8.485	-0.20990379737184323	0.3548154738102154
8.495	-0.19042879199960794	0.3651056435719654
8.505	-0.17080750682491186	0.3820388343191489
8.515	-0.15105293956792823	0.37721938772187363
8.525	-0.13117815512288644	0.39311053596153817
8.535	-0.11119627720013059	0.4060058119920857
8.545	-0.09112047993790456	0.4181195561419939
8.555	-0.0709639794892653	0.4194221092763926
8.565	-0.050740025589404825	0.4258046196349464
8.575	-0.03046189310873089	0.4461244485315667
8.585	-0.010142873597043037	0.4515951716960414
8.595	0.010203733175821045	0.4646207030400287
8.605	0.030564627677591147	0.4824656809812914
8.615	0.05092651906401391	0.4799908300259338
8.625	0.07127613361681978	0.5021342333107123
8.635	0.09160022316393998	0.5086469989827059
8.645	0.11188557347659037	0.5115126158783831
8.655	0.13211901263797712	0.5501984439700256
8.665	0.15228741937833656	0.5634844859408927
8.675	0.17237773137106455	0.5733838897623231
8.685	0.19237695348468764	0.5710392941204053
8.695	0.21227216598554927	0.582762272329994
8.705	0.2320505326859869	0.6021703140325352
8.715	0.2516993090329043	0.596048314300861
8.725	0.2712058501316602	0.6193640154065985
8.735	0.29055761870025665	0.6560960137966427
8.745	0.3097421929487907	0.6471083971692915
8.755	0.3287472743792727	0.6752435448723042
8.765	0.3475606955008774	0.6868362677684529
8.775	0.3661704274558738	0.7037694585156364
8.785	0.38456458755136014	0.7123663092026681
8.795	0.40273144669215805	0.7595187326679023
8.805	0.4206594367102198	0.7462326906970352
8.815	0.4383371575859254	0.7471444778911144
8.825	0.45575338455681613	0.7656407323995764
8.835	0.47289707510928486	0.8023727307896207
8.845	0.4897573758488789	0.8286843041044751
8.855	0.5063236292449562	0.8241253681340796
8.865	0.5225853802454699	0.8437939204635004
8.875	0.5385323827577722	0.8582522602553264
8.885	0.5541546059914138	0.873101365987472
8.895	0.5694422406590145	0.9005852371232853
8.905	0.5843857050313357	0.9042323858996018
8.915	0.5989756508428085	0.9203840447661461
8.925	0.6132029690438852	0.9546411922008328
8.935	0.6270587953966106	1.0012725944123075
8.945	0.6405345159100244	0.9726164254555353
8.955	0.6536217721119587	1.002835658173586
8.965	0.6663124661540691	0.9930665096655955
8.975	0.6785987657468942	1.0372230609217126
8.985	0.6904731089219376	1.0340969333991556
8.995	0.7019282086178729	1.0301892739959595
9.005	0.7129570570880162	1.0700473999085607
9.015	-Inf	0.0
9.025	-Inf	0.0
9.035	-Inf	0.0
9.045	-Inf	0.0
9.055	-Inf	0.0
9.065	-Inf	0.0
9.075	-Inf	0.0
9.085	-Inf	0.0
9.095	-Inf	0.0
9.105	-Inf	0.0
9.115	-Inf	0.0
9.125	-Inf	0.0
9.135	-Inf	0.0
9.145	-Inf	0.0
9.155	-Inf	0.0
9.165	-Inf	0.0
9.175	-Inf	0.0
9.185	-Inf	0.0
9.195	-Inf	0.0
9.205	-Inf	0.0
9.215	-Inf	0.0
9.225	-Inf	0.0
9.235	-Inf	0.0
9.245	-Inf	0.0
9.255	-Inf	0.0
9.265	-Inf	0.0
9.275	-Inf	0.0
9.285	-Inf	0.0
9.295	-Inf	0.0
9.305	-Inf	0.0
9.315	-Inf	0.0
9.325	-Inf	0.0
9.335	-Inf	0.0
9.345	-Inf	0.0
9.355	-Inf	0.0
9.365	-Inf	0.0
9.375	-Inf	0.0
9.385	-Inf	0.0
9.395	-Inf	0.0
9.405	-Inf	0.0
9.415	-Inf	0.0
9.425	-Inf	0.0
9.435	-Inf	0.0
9.445	-Inf	0.0
9.455	-Inf	0.0
9.465	-Inf	0.0
9.475	-Inf	0.0
9.485	-Inf	0.0
9.495	-Inf	0.0
9.505	-Inf	0.0
9.515	-Inf	0.0
9.525	-Inf	0.0
9.535	-Inf	0.0
9.545	-Inf	0.0
9.555	-Inf	0.0
9.565	-Inf	0.0
9.575	-Inf	0.0
9.585	-Inf	0.0
9.595	-Inf	0.0
9.605	-Inf	0.0
9.615	-Inf	0.0
9.625	-Inf	0.0
9.635	-Inf	0.0
9.645	-Inf	0.0
9.655	-Inf	0.0
9.665	-Inf	0.0
9.675	-Inf	0.0
9.685	-Inf	0.0
9.695	-Inf	0.0
9.705	-Inf	0.0
9.715	-Inf	0.0
9.725	-Inf	0.0
9.735	-Inf	0.0
9.745	-Inf	0.0
9.755	-Inf	0.0
9.765	-Inf	0.0
9.775	-Inf	0.0
9.785	-Inf	0.0
9.795	-Inf	0.0
9.805	-Inf	0.0
9.815	-Inf	0.0
9.825	-Inf	0.0
9.835	-Inf	0.0
9.845	-Inf	0.0
9.855	-Inf	0.0
9.865	-Inf	0.0
9.875	-Inf	0.0
9.885	-Inf	0.0
9.895	-Inf	0.0
9.905	-Inf	0.0
9.915	-Inf	0.0
9.925	-Inf	0.0
9.935	-Inf	0.0
9.945	-Inf	0.0
9.955	-Inf	0.0
9.965	-Inf	0.0
9.975	-Inf	0.0
9.985	-Inf	0.0
9.995	-Inf	0.0
