0.005	-Inf	0.0
0.015	-Inf	0.0
0.025	-Inf	0.0
0.035	-Inf	0.0
0.045	-Inf	0.0
0.055	-Inf	0.0
0.065	-Inf	0.0
0.075	-Inf	0.0
0.085	-Inf	0.0
0.095	-Inf	0.0
0.105	-Inf	0.0
0.115	-Inf	0.0
0.125	-Inf	0.0
0.135	-Inf	0.0
0.145	-Inf	0.0
0.155	-Inf	0.0
0.165	-Inf	0.0
0.175	-Inf	0.0
0.185	-Inf	0.0
0.195	-Inf	0.0
0.205	-Inf	0.0
0.215	-Inf	0.0
0.225	-Inf	0.0
0.235	-Inf	0.0
0.245	-Inf	0.0
0.255	-Inf	0.0
0.265	-Inf	0.0
0.275	-Inf	0.0
0.285	-Inf	0.0
0.295	-Inf	0.0
0.305	-Inf	0.0
0.315	-Inf	0.0
0.325	-Inf	0.0
0.335	0.9923655604366317	0.5936856145866828
0.345	0.9764536534689354	0.5999976181118772
0.355	0.9610164320289645	0.581061607536294
0.365	0.9460597794473098	0.5755832648540498
0.375	0.9315893047066588	0.5761787368847284
0.385	0.9176103404990126	0.5423559255421773
0.395	0.9041279414520427	0.5250872366524943
0.405	0.8911468825251454	0.5421177367299057
0.415	0.8786716575756492	0.5249681422463587
0.425	0.8667064780954972	0.5237771981850012
0.435	0.8552552721186628	0.5399740374194624
0.445	0.8443216832994107	0.5069848869198613
0.455	0.8339090701614427	0.4922171805590291
0.465	0.8240205055178331	0.5016256386437529
0.475	0.8146587760615871	0.5088903974180332
0.485	0.8058263821265108	0.5000774113639882
0.495	0.7975255376180224	0.5006728833946669
0.505	0.7897581701133871	0.49829099527195203
0.515	0.7825259211307909	0.4841187609417985
0.525	0.7758301465665323	0.4799504567270475
0.535	0.7696719172995463	0.47185203710981694
0.545	0.7640520199623386	0.47173294270368116
0.555	0.7589709578773287	0.4681601105196089
0.565	0.7544289521574921	0.4686364881441518
0.575	0.7504259429701019	0.48102230638226917
0.585	0.7469615909622549	0.46970833779937354
0.595	0.7440352788467881	0.4660164112091655
0.605	0.7416461131470937	0.44958138316243285
0.615	0.7397929260992226	0.4418402467636095
0.625	0.7384742777096134	0.44529398454154606
0.635	0.7376884579666563	0.4642299951171293
0.645	0.73743348920422	0.44041111388998055
0.655	0.7377071286151939	0.4587516524348851
0.665	0.7385068709129947	0.43660009289363677
0.675	0.7398299511388939	0.4383865089856729
0.685	0.7416733476129662	0.43767194254885844
0.695	0.744033785026339	0.43600462086295805
0.705	0.746907737672363	0.41706861028737474
0.715	0.7502914328142458	0.42445246346779086
0.725	1.635940761869695	0.955732609239344
0.735	1.6390748703111586	0.9392975811926113
0.745	1.642705956526413	0.9095239796586754
0.755	1.6468292959728625	0.9090476020341324
0.765	1.6514399358710516	0.9083330355973179
0.775	1.6565326993349778	0.8848714375885763
0.785	1.662102189619484	0.8998773327616801
0.795	1.6681427944817044	0.8597425178939344
0.805	1.674648690653453	0.873914752224088
0.815	1.6816138484213765	0.8453320947515095
0.825	1.6890320363116516	0.85902795145712
0.835	1.6968968258759385	0.8044827134469493
0.845	1.7052015965752494	0.8138911715316731
0.855	1.7139395407583335	0.8112710945966867
0.865	1.7231036687311454	0.8038872414162707
0.875	1.7326868139138898	0.791144139959746
0.885	1.7426816380821162	0.7612514440196744
0.895	1.7530806366882783	0.7680398251694117
0.905	1.7638761442601267	0.7430299998809056
0.915	1.7750603398722906	0.7481510593447425
0.925	1.786625252687327	0.7252849333666797
0.935	1.7985627675625249	0.7461264544404349
0.945	1.8108646307186884	0.7402908285397835
0.955	1.8235224554671146	0.7307632760489239
0.965	1.8365277279909313	0.7388616956661544
0.975	1.8498718131769698	0.6837209856253051
0.985	1.8635459604942928	0.710279038193576
0.995	1.8775413099154978	0.6990841640168161
1.005	1.8918488978768928	0.6994414472352233
1.015	1.9064596632736317	0.6853883073112055
1.025	1.9213644534858774	0.6891993283075494
1.035	1.936554030432061	0.6862219681541557
1.045	1.9520190766452905	0.6637131253945001
1.055	1.9677502013689634	0.676813510069432
1.065	1.9837379466676368	0.6821727583455405
1.075	1.9999727935492073	0.6634749365822287
1.085	2.016445168094446	0.6705015065442376
1.095	2.0331454475899764	0.6581156883061202
1.105	2.050063966660737	0.6585920659306632
1.115	2.0671910233980317	0.6337013350482927
1.125	2.084516885479254	0.6483499470029892
1.135	2.1020317962754005	0.6261983874617408
1.145	2.1197259809424995	0.6403706217918944
1.155	2.137589652493114	0.6183381566567818
1.165	2.155613017844089	0.6206009503733609
1.175	2.173786283836741	0.6136934748174878
1.185	2.192099663225725	0.6319149189562566
1.195	2.2105433806328336	0.5983302964259768
1.205	2.2291076784620287	0.585706289375588
1.215	2.2477828227720185	0.5838007788774161
1.225	2.2665591091027633	0.5849917229387736
1.235	2.285426868252299	0.5783224361951719
1.245	2.304376472000344	0.5868972334369454
1.255	2.3233983387751573	0.5537889885312086
1.265	2.3424829392602122	0.5842771565019591
1.275	2.361620801937251	0.5593864256195886
1.285	2.380802518562374	0.5822525515976514
1.295	2.400018749571837	0.5743923207926923
1.305	2.4192602294143226	0.5723677158883846
1.315	2.438517771806471	0.523419914966594
1.325	2.4577822749085403	0.5537889885312086
1.335	2.47704472641711	0.5601009920564031
1.345	2.4962962085718208	0.5552181214048376
1.355	2.5155279030732003	0.5733204711374706
1.365	2.5347310959086755	0.5558135934355163
1.375	2.553897182083974	0.5660557123631903
1.385	2.573017670257154	0.5843962509080948
1.395	2.5920841872725893	0.607976943322972
1.405	2.611088482592312	0.5770123977276786
1.415	2.630022432622185	0.589398215965796
1.425	2.648878044930432	0.6005930901425559
1.435	2.667647462356185	0.614050758035895
1.445	2.6863229670057223	0.5927328593375969
1.455	2.7048969841341965	0.5878499886860313
1.465	2.7233620859107184	0.5955911250848547
1.475	2.741710995064729	0.6090487929781938
1.485	2.759936588411727	0.5917801040885109
1.495	2.7780319002564204	0.6098824538211439
1.505	2.795990125671558	0.6234592161206187
1.515	2.813804623650677	0.6146462300665737
1.525	2.8314689201332084	0.6121452475377231
1.535	2.8489767109003377	0.614050758035895
1.545	2.8663218643402395	0.6213155168101754
1.555	2.883498424081303	0.6435861707575594
1.565	2.9005006114920815	0.6285802755844557
1.575	2.9173228280468257	0.6452534924434599
1.585	2.9339596575554996	0.6310812581133064
1.595	2.9504058682573038	0.6483499470029892
1.605	2.966656414776818	0.6529946288422832
1.615	2.9827064399419765	0.6200054783426822
1.625	2.998551276463147	0.6397751497612156
1.635	3.0141864484727394	0.6695487512951516
1.645	3.0296076729248202	0.6493027022520752
1.655	3.0448108608542963	0.6360832231710076
1.665	3.059792118495384	0.6602593876165636
1.675	3.074547748259108	0.6672859575785725
1.685	3.0890742495697054	0.6612121428656496
1.695	3.1033683195599013	0.6462062476925459
1.705	3.1174268536251266	0.6407279050103016
1.715	3.1312469458367946	0.6426334155084735
1.725	3.1448258892149283	0.6490645134398036
1.735	3.1581611758604504	0.6503745519072969
1.745	3.171250496947584	0.6543046673097764
1.755	3.1840917425768804	0.6599021043981563
1.765	3.196683001489516	0.6844355520621196
1.775	3.209022560643546	0.6853883073112055
1.785	3.22110890465294	0.6934867269284362
1.795	3.232940715090291	0.7017042409518024
1.805	3.244516869654165	0.7078971500708611
1.815	3.2558364412021934	0.7164719473126346
1.825	3.26689869665106	0.7471983040956566
1.835	3.2777030957446165	0.7506520418735931
1.845	3.2882492896914917	0.733026069765503
1.855	3.298537119673602	0.7446973215668059
1.865	3.308566615227063	0.7650624650160182
1.875	3.318337992497101	0.7779246608786785
1.885	3.3278516523686514	0.761846916050353
1.895	3.33710817847435	0.8037681470101349
1.905	3.3461083350818015	0.79578882179904
1.915	3.354853064862009	0.7928114616456464
1.925	3.3633434865409386	0.7993616539831123
1.935	3.3715808924363144	0.7856657972775019
1.945	3.3795667458817507	0.7904295735229315
1.955	3.3873026785404337	0.8079364512248859
1.965	3.3947904876106425	0.8193695142139173
1.975	3.4020321329254513	0.8109138113782794
1.985	3.4090297339490063	0.8063882239451212
1.995	3.415785566671892	0.8125811330641799
2.005	3.4223020604081063	0.825086045708433
2.015	3.4285817944962416	0.7956697273929043
2.025	3.434627494907568	0.8402110352876725
2.035	3.4404420307637147	0.8128193218764513
2.045	3.446028410766728	0.8038872414162707
2.055	3.4513897795443604	0.8109138113782794
2.065	3.456529413913466	0.800433503638334
2.075	3.4614507190644144	0.8178212869341527
2.085	3.466157224669556	0.8365191086974644
2.095	3.470652580918726	0.8193695142139173
2.105	3.4749405544848795	0.8166303428727952
2.115	3.479025024422966	0.816273059654388
2.125	3.4829099780052233	0.8265151785820619
2.135	3.4865995064960336	0.8484285493110388
2.145	3.490097800869632	0.8393773744447223
2.155	3.4934091474738755	0.8057927519144426
2.165	3.4965379236434027	0.8135338883132659
2.175	3.499488593265472	0.8262769897697905
2.185	3.502265702301865	0.8196077030261888
2.195	3.504873874270189	0.8091273952862433
2.205	3.5073178056879817	0.7888813462431669
2.215	3.5096022614830478	0.7820929650934295
2.225	3.5117320703734385	0.8181785701525599
2.235	3.513712120220504	0.7919778008026962
2.245	3.5155473533585226	0.7953124441744971
2.255	3.517242761904317	0.7743518286946062
2.265	3.5188033830503507	0.7736372622577917
2.275	3.5202342943448137	0.747912870532471
2.285	3.5215406089621233	0.7970988602665332
2.295	3.5227274709673515	0.7924541784272392
2.305	3.5238000505780764	0.7753045839436921
2.315	3.5247635394270826	0.7699453356675836
2.325	3.5256231458294254	0.7843557588100086
2.335	3.5263840900572907	0.7524384579656292
2.345	3.527051599626113	0.7315969368918741
2.355	3.527630904595364	0.7323115033286886
2.365	3.5281272328874667	0.7606559719889956
2.375	3.528545805628192	0.7423154334440911
2.385	3.5288918325119423	0.7407672061643265
2.395	3.5291705071952695	0.7181392689985351
2.405	3.529387002721968	0.7666106922957828
2.415	3.5295464669830223	0.7020615241702096
2.425	3.5296540182147007	0.7332642585777746
2.435	3.529714740538045	0.7301678040182452
2.445	3.529733679542924	0.7264758774280371
2.455	3.529715837919873	0.724213083711458
2.465	3.5296661711428117	0.7321924089225529
2.475	3.529589583205742	0.690271177962771
2.485	3.5294909224164934	0.7093262829444901
2.495	3.529374977250491	0.7017042409518024
2.505	3.5292464722675274	0.7179010801862636
2.515	3.5291100640944313	0.728857765550752
2.525	3.5289703374765082	0.6959877094572867
2.535	3.5288318014005347	0.7049197899174675
2.545	3.5286988852920835	0.6924148772732144
2.555	3.5285759352898607	0.7058725451665535
2.565	3.528467210599689	0.6900329891504995
2.575	3.528376879930723	0.68610287374802
2.585	3.5283090180164116	0.6853883073112055
2.595	3.528267602222654	0.6808627198780473
2.605	3.5282565092455362	0.6772898876939749
2.615	3.528279511900985	0.6641895030190431
2.625	3.5283402760085623	0.6639513142067717
2.635	3.528442357371623	0.6604975764288351
2.645	3.5285891988559124	0.6801481534412328
2.655	3.528784127568663	0.6784808317553324
2.665	3.5290303521401567	0.6866983457786987
2.675	3.5293309601096365	0.6887229506830064
2.685	3.5296889154173923	0.6678814296092512
2.695	3.530107056004745	0.6595448211797491
2.705	3.530588091523609	0.670739695356509
2.715	3.531134601157187	0.6735979611037669
2.725	3.531749031553321	0.6585920659306632
2.735	3.5324336948719006	0.6497790798766181
2.745	3.533190766947662	0.6651422582681291
2.755	3.5340222855696437	0.6626412757392784
2.765	3.5349301488784475	0.6709778841687806
2.775	3.5359161138824	0.6481117581907178
2.785	3.536981795093598	0.6604975764288351
2.795	3.5381286632847617	0.6550192337465909
2.805	3.539358044367699	0.6744316219467171
2.815	3.540671118394134	0.6596639155858849
2.825	3.542068918679532	0.6718115450117308
2.835	3.543552331050486	0.661926709302464
2.845	3.545122093216134	0.6490645134398036
2.855	3.5467787942639766	0.6473971917539033
2.865	3.5485228742804056	0.6841973632498481
2.875	3.5503546240961237	0.6859837793418843
2.885	3.5522741851565764	0.6514464015625185
2.895	3.554281549517421	0.6741934331344456
2.905	3.5563765599649555	0.685626496123477
2.915	3.55855891026136	0.6646658806435861
2.925	3.5608281455144932	0.6740743387283099
2.935	3.563183662671916	0.6850310240927983
2.945	3.565624711138712	0.6911048388057213
2.955	3.568150393518594	0.6977741255493229
2.965	3.5707596664776937	0.6881274786523276
2.975	3.5734513417303346	0.724213083711458
2.985	3.576224087146032	0.6938440101468434
2.995	3.579076427976831	0.7021806185763454
3.005	3.582006748204048	0.7332642585777746
3.015	3.585013292003372	0.6875320066216489
3.025	3.588094165327213	0.7315969368918741
3.035	3.5912473376030696	0.724213083711458
3.045	3.5944706435466585	0.7086117165076756
3.055	3.597761785088416	0.6918194052425357
3.065	3.601118333411912	0.7080162444769968
3.075	3.604537731102668	0.7294532375814308
3.085	3.6080172944057396	0.705634356354282
3.095	3.6115542155903957	0.7126609263162909
3.105	3.6151455654201077	0.7263567830219014
3.115	3.618788295726028	0.7446973215668059
3.125	3.6224792420820053	0.7435063775054485
3.135	3.6262151265791873	0.7356461467004894
3.145	3.629992560698117	0.7046816011051961
3.155	3.633808048276193	0.7327878809532316
3.165	3.6376579885683062	0.7318351257041457
3.175	3.6415386793983675	0.7139709647837841
3.185	3.6454463203993988	0.7320733145164171
3.195	3.6493770163397725	0.7248085557421368
3.205	3.653326780533165	0.7218311955887431
3.215	3.657291538329667	0.7464837376588421
3.225	3.6612671306854843	0.7324305977348243
3.235	3.665249317808594	0.7554158181190229
3.245	3.669233782877635	0.7493420034060999
3.255	3.6732161358313107	0.7407672061643265
3.265	3.6771919172254877	0.7742327342884704
3.275	3.681156602155123	0.7213548179642002
3.285	3.6851056042381467	0.7445782271606702
3.295	3.6890342796583377	0.7407672061643265
3.305	3.6929379312641992	0.7533912132147152
3.315	3.6968118127208003	0.7382662236354758
3.325	3.700651132711533	0.7710171853228053
3.335	3.7044510591866238	0.7458882656281633
3.345	3.7082067236553087	0.7606559719889956
3.355	3.711913225518462	0.7464837376588421
3.365	3.7155656364384573	0.757678611835602
3.375	3.7191590047430396	0.7663725034835113
3.385	3.7226883598599407	0.7594650279276381
3.395	3.7261487167789227	0.7745900175068776
3.405	3.729535080537959	0.7593459335215025
3.415	3.7328424507301965	0.7812593042504793
3.425	3.7360658260283595	0.7661343146712398
3.435	3.7392002087232217	0.7687543916062262
3.445	3.7422406092727574	0.7755427727559636
3.455	3.7451820508585825	0.76137053842581
3.465	3.748019573946283	0.7556540069312944
3.475	3.7507482408462254	0.7687543916062262
3.485	3.753363140271424	0.7756618671620993
3.495	3.755859391889064	0.7630378601117105
3.505	3.7582321508622547	0.7804256434075291
3.515	3.760476612378615	0.7849512308406873
3.525	3.762588016162256	0.7868567413388593
3.535	3.7645616509658266	0.7856657972775019
3.545	3.766392859039141	0.796265199423583
3.555	3.768077040571095	0.7672061643264615
3.565	3.7696096581014693	0.7795919825645788
3.575	3.7709862408992882	0.7604177831767241
3.585	3.772202389304389	0.7719699405718913
3.595	3.7732537790289484	0.7648242762037466
3.605	3.774136165415616	0.7595841223337739
3.615	3.774845387649064	0.7800683601891218
3.625	3.7753773729177107	0.7420772446318196
3.635	3.775728140522396	0.762323293674896
3.645	3.7758938059288867	0.7588695558969595
3.655	3.7758705847610647	0.7729226958209772
3.665	3.775654796731725	0.7712553741350768
3.675	3.7752428695079083	0.7616087272380816
3.685	3.774631342507794	0.7820929650934295
3.695	3.773816870626167	0.7570831398049233
3.705	3.772796227885537	0.7654197482344254
3.715	3.771566311010075	0.7804256434075291
3.725	3.770124142919504	0.7745900175068776
3.735	3.768466876140187	0.7767337168173211
3.745	3.766591796130733	0.7607750663951314
3.755	3.7644963245194023	0.7463646432527064
3.765	3.76217802225076	0.7412435837888693
3.775	3.7596345926390096	0.7604177831767241
3.785	3.7568638843255333	0.7441018495361272
3.795	3.7538638941382096	0.7542248740576655
3.805	3.7506327698501885	0.756725856586516
3.815	3.7471688128357985	0.757678611835602
3.825	3.7434704806213674	0.7487465313754212
3.835	3.7395363893288547	0.734455202639132
3.845	3.735365316010157	0.7494610978122357
3.855	3.7309562008701165	0.7317160312980099
3.865	3.7263081493762984	0.7289768599568878
3.875	3.7214204342536594	0.7545821572760727
3.885	3.7162924973623603	0.7358843355127609
3.895	3.710923951456985	0.7388616956661544
3.905	3.7053145818255917	0.7404099229459191
3.915	3.6994643478069893	0.7152810032512772
3.925	3.693373384184845	0.7299296152059737
3.935	3.6870420024572166	0.7220693844010146
3.945	3.6804706919801955	0.7389807900722902
3.955	3.6736601209845077	0.7286195767384805
3.965	3.666611137463896	0.7290959543630235
3.975	3.6593247699342744	0.7037288458561101
3.985	3.651802228062712	0.7329069753593673
3.995	3.6440449031653794	0.7181392689985351
4.005	3.6360543685736673	0.7231412340562363
4.015	3.6278323798678382	0.7140900591899197
4.025	3.619380874977592	0.7360034299188967
4.035	3.610701974149038	0.719568401872164
4.045	3.601797979777703	0.7126609263162909
4.055	3.592671376107213	0.7234985172746435
4.065	3.583324828793455	0.6978932199554586
4.075	3.573761184334079	0.7196874962782998
4.085	3.5639834693632926	0.7193302130598925
4.095	3.553994889812003	0.7220693844010146
4.105	3.543798829933465	0.7126609263162909
4.115	3.5333988511946592	0.7331451641716388
4.125	3.522798691033725	0.7319542201102813
4.135	3.5120022614839033	0.7379089404170686
4.145	3.5010136476644607	0.743268188693177
4.155	3.4898371061392535	0.7451736991913489
4.165	3.4784770631435866	0.7342170138268604
4.175	3.466938112680193	0.7027760906070242
4.185	3.4552250144851975	0.7207593459335214
4.195	3.4433426918650527	0.7033715626377028
4.205	3.431296229405516	0.7239748948991865
4.215	3.419090870553794	0.7270713494587159
4.225	3.4067320150751437	0.7080162444769968
4.235	3.394225216385228	0.6970595591125084
4.245	3.3815761787596683	0.7244512725237295
4.255	3.368790754422278	0.6995605416413591
4.265	3.3558749405136092	0.7396953565091047
4.275	3.34283487594145	0.7398144509152405
4.285	3.3296768381150756	0.6940821989591148
4.295	3.316407239565062	0.7352888634820822
4.305	3.3030326244506267	0.7463646432527064
4.315	3.289559664956484	0.7194493074660283
4.325	3.2759951575813204	0.7193302130598925
4.335	3.262346019320035	0.7050388843236033
4.345	3.248619283742021	0.7038479402622458
4.355	3.234822096967793	0.719092024247621
4.365	3.220961713546356	0.6926530660854859
4.375	3.207045492235788	0.7032524682315671
4.385	3.1930808916895788	0.7049197899174675
4.395	3.1790754660513385	0.7002751080781735
4.405	3.165036860460539	0.6701442233258303
4.415	3.1509728064720637	0.6952731430204723
4.425	3.136891117392337	0.6962258982695582
4.435	3.122799683534939	0.700513296890445
4.445	3.108706467398633	0.6825300415639477
4.455	3.094619498770789	0.6942012933652506
4.465	3.080546869759268	0.6771707932878392
4.475	3.0664967297558707	0.7059916395726892
4.485	3.05247728033451	0.7090880941322185
4.495	3.0384967700873293	0.6961068038634225
4.505	3.0245634894020204	0.6677623352031155
4.515	3.0106857651836583	0.6931294437100288
4.525	2.996871955524413	0.6715733561994592
4.535	2.9831304443245266	0.7000369192659021
4.545	2.9694696358680117	0.6783617373491967
4.555	2.955897949356546	0.6764562268510248
4.565	2.9424238134050755	0.695392237426608
4.575	2.9290556605026943	0.6874129122155131
4.585	2.966809957873622	0.7119463598794764
4.595	2.955748275810775	0.7001560136720377
4.605	2.944817841672411	0.7084926221015398
4.615	2.934027047484388	0.7169483249371776
4.625	2.9233842610565643	0.6997987304536305
4.635	2.912897820311552	0.7217121011826074
4.645	2.9025760276043533	0.6925339716793502
4.655	2.8924271440366827	0.7145664368144627
4.665	2.8824593837696932	0.6975359367370514
4.675	2.8726809083388973	0.6836018912191694
4.685	2.86309982097507	0.6784808317553324
4.695	2.8537241609348873	0.6811009086903188
4.705	2.844561897845141	0.6895566115259566
4.715	2.8356209260642538	0.6843164576559838
4.725	2.826909059064957	0.6820536639394047
4.735	2.8184340238418626	0.6864601569664273
4.745	2.8102034553477266	0.6663332023294866
4.755	2.802224890962183	0.6658568247049436
4.765	2.7945057649966913	0.6426334155084735
4.775	2.7870534032394683	0.6743125275405814
4.785	2.7798750175440983	0.6403706217918944
4.795	2.7729777004655722	0.6715733561994592
4.805	2.766368419947416	0.6553765169649981
4.815	2.760054014063581	0.6372741672323651
4.825	2.754041185818774	0.6562101778079483
4.835	2.7483364980107603	0.6600211988042921
4.845	2.742946368158313	0.6175044958138316
4.855	2.7378770634982885	0.6115497755070444
4.865	2.7331346960553784	0.6494217966582109
4.875	2.7287252177880053	0.6388223945121297
4.885	2.7246544158137787	0.6416806602593875
4.895	2.7209279077179502	0.618695439875189
4.905	2.717551136948147	0.6383460168875867
4.915	2.7145293682987743	0.6173854014076958
4.925	2.71186768348824	0.5924946705253253
4.935	2.709570976832289	0.6178617790322388
4.945	2.7076439510165438	0.6057141496063929
4.955	2.706091112971354	0.6238164993390259
4.965	2.7049167698519905	0.6077387545107006
4.975	2.7041250251271762	0.6196481951242749
4.985	2.703719774778831	0.5979730132075696
4.995	2.7037047036158897	0.6160753629402026
5.005	2.7040832817050147	0.5978539188014338
5.015	2.7048587609208488	0.5926137649314611
5.025	2.7060341716185063	0.5772505865399502
5.035	2.707612319430865	0.5958293138971262
5.045	2.709595782193139	0.5988066740505198
5.055	2.7119869069971685	0.6052377719818499
5.065	2.7147878073778062	0.6103588314456869
5.075	2.718000360633593	0.6014267509855061
5.085	2.721626205284014	0.595472030678719
5.095	2.725666738665346	0.5969011635523479
5.105	2.730123114667185	0.5914228208701037
5.115	2.7349962416115816	0.6017840342039134
5.125	2.740286780276612	0.6008312789548275
5.135	2.7459951420661874	0.5878499886860313
5.145	2.7521214873277513	0.6209582335917682
5.155	2.758665723819482	0.6061905272309359
5.165	2.765627505328474	0.621910988840854
5.175	2.773006230441297	0.6044041111388998
5.185	2.780801041468292	0.6208391391856324
5.195	2.789010823522764	0.6132170971929448
5.205	2.79763420375622	0.5914228208701037
5.215	2.8066695507507	0.6078578489168364
5.225	2.816114974069084	0.6014267509855061
5.235	2.8259683239642355	0.5873736110614884
5.245	2.8362271912477306	0.623340121714483
5.255	2.8468889073187587	0.6236974049328903
5.265	2.857950544353759	0.6238164993390259
5.275	2.8694089156572553	0.5989257684566556
5.285	2.8812605761741388	0.6253647266187906
5.295	2.893501823163728	0.6175044958138316
5.305	2.9061286970356623	0.608453320947515
5.315	2.919136982347694	0.6283420867721843
5.325	2.932522208965284	0.6485881358152606
5.335	2.946279653382869	0.6546619505281837
5.345	2.9604043402064493	0.6658568247049436
5.355	2.9748910437971765	0.6590684435552061
5.365	2.989734290075453	0.6235783105267545
5.375	3.004928358484909	0.6683578072337941
5.385	3.0204672841156395	0.6408469994164373
5.395	3.036344859985871	0.6575202162754414
5.405	3.0525546394811434	0.6466826253170888
5.415	3.0690899389500865	0.6745507163528528
5.425	3.085943840455651	0.6490645134398036
5.435	3.1031091946806004	0.6610930484595138
5.445	3.1205786239859714	0.656805649838627
5.455	3.1383445256211644	0.6419188490716591
5.465	3.15639907508408	0.6658568247049436
5.475	3.174734229629811	0.6936058213345718
5.485	3.193341731926156	0.6709778841687806
5.495	3.2122131138541423	0.6715733561994592
5.505	3.2313397004517785	0.6796717758166898
5.515	3.2507126139989957	0.671216072981052
5.525	3.27032277824172	0.690271177962771
5.535	3.290160922752944	0.7043243178867888
5.545	3.3102175874285686	0.7069443948217752
5.555	3.330483127115637	0.7007514857027165
5.565	3.3509477163705634	0.7157573808758202
5.575	3.3716013543448757	0.6951540486143365
5.585	3.3924338697958296	0.7126609263162909
5.595	3.413434926219232	0.6943203877713863
5.605	3.4345940271017636	0.707063489227911
5.615	3.4559005212898755	0.7174247025617206
5.625	3.4773436084723994	0.7204020627151142
5.635	3.4989123447738795	0.711708171067205
5.645	3.520595648455509	0.729810520799838
5.655	3.542382305720548	0.7181392689985351
5.665	3.564260976621034	0.7374325627925256
5.675	3.5862202010624413	0.7673252587325973
5.685	3.6082484049029695	0.734455202639132
5.695	3.6303339061440103	0.76137053842581
5.705	3.6524649212083578	0.7463646432527064
5.715	3.674629571302528	0.7460073600342991
5.725	3.696815888859658	0.7719699405718913
5.735	3.719011824059269	0.7661343146712398
5.745	3.7412052514201637	0.7527957411840365
5.755	3.76338397646273	0.7522002691533578
5.765	3.7855357424367604	0.7496992866245071
5.775	3.8076482371109455	0.7809020210320721
5.785	3.82970909962009	0.7672061643264615
5.795	3.8517059273661234	0.7469601152833851
5.805	3.8736262829688326	0.7814974930627507
5.815	3.895457701262319	0.7751854895375564
5.825	3.9171876963330403	0.7577977062417378
5.835	3.9388037685953723	0.7934069336763252
5.845	3.9602934119004756	0.7754236783498278
5.855	3.9816441206742943	0.7543439684638011
5.865	4.0028433970805075	0.7750663951314206
5.875	4.023878758204166	0.7624423880810318
5.885	4.044737743251733	0.7600604999583169
5.895	4.065407920763287	0.7769719056295925
5.905	4.085876895832593	0.792573272833375
5.915	4.1061323173306565	0.7898341014922529
5.925	4.126161885128541	0.7943596889254111
5.935	4.145953357315053	0.7934069336763252
5.945	4.165494557404942	0.7866185525265877
5.955	4.184773381533322	0.7915014231781533
5.965	4.203777805631951	0.810675622566008
5.975	4.2224958925829945	0.8090083008801076
5.985	4.240915799345979	0.8036490526039991
5.995	4.259025784053586	0.8024581085426417
6.005	4.276814213071956	0.8197267974323246
6.015	4.294269568021205	0.8088892064739719
6.025	4.311380452751866	0.7745900175068776
6.035	4.328135600272943	0.762799671299439
6.045	4.344523879627364	0.7849512308406873
6.055	4.3605343027105885	0.8029344861671847
6.065	4.3761560310281284	0.8099610561291936
6.075	4.39137838238784	0.806030940726714
6.085	4.406190837522834	0.7806638322198005
6.095	4.42058304664086	0.7955506329867685
6.105	4.434544835896116	0.792573272833375
6.115	4.448066213779428	0.7993616539831123
6.125	4.461137377422792	0.782807531530244
6.135	4.473748718814339	0.7868567413388593
6.145	4.485890830919793	0.7657770314528326
6.155	4.49755451370658	0.7907868567413388
6.165	4.50873078006676	0.7905486679290673
6.175	4.519410861635017	0.7810211154382078
6.185	4.529586214498045	0.7678016363571403
6.195	4.539248524791632	0.7985279931401621
6.205	4.5483897141818845	0.7955506329867685
6.215	4.557001945227094	0.7773291888479997
6.225	4.565077626616734	0.7637524265485249
6.235	4.572609418284248	0.7661343146712398
6.245	4.57959023639028	0.7703026188859908
6.255	4.586013258173124	0.7617278216442173
6.265	4.591871926663178	0.7726845070087057
6.275	4.597159955258343	0.7751854895375564
6.285	4.601871332157328	0.7464837376588421
6.295	4.606000324647908	0.773041790227113
6.305	4.609541483247305	0.7638715209546607
6.315	4.612489645691866	0.773994545476199
6.325	4.6148399407734	0.7598223111460454
6.335	4.616587792019522	0.7749473007252848
6.345	4.617728921215526	0.7697071468553122
6.355	4.61825935176531	0.7466028320649778
6.365	4.618175411889082	0.7650624650160182
6.375	4.617473737655544	0.7550585349006157
6.385	4.616151275846448	0.7564876677742446
6.395	4.614205286651453	0.7712553741350768
6.405	4.611633346191335	0.7688734860123619
6.415	4.608433348867697	0.7782819440970857
6.425	4.60460350953743	0.7843557588100086
6.435	4.600142365510267	0.7694689580430406
6.445	4.595048778367859	0.7845939476222801
6.455	4.589321935602986	0.796265199423583
6.465	4.582961352077502	0.8076982624126144
6.475	4.575966871297785	0.7566067621803804
6.485	4.568338666506622	0.7848321364345516
6.495	4.560077241590422	0.7959079162051758
6.505	4.551183431800913	0.8032917693855919
6.515	4.541658404290465	0.8049590910714923
6.525	4.531503658460408	0.8140102659378088
6.535	4.520721026121674	0.8035299581978633
6.545	4.509312671467374	0.8186549477771028
6.555	4.497281090856894	0.8099610561291936
6.565	4.484629112411264	0.814367549156216
6.575	4.471359895419692	0.8330653709195278
6.585	4.457476929557175	0.7961461050174473
6.595	4.442984033913341	0.8247287624900258
6.605	4.427885355832649	0.8109138113782794
6.615	4.412185369566323	0.8096037729107863
6.625	4.3958888747363645	0.7811402098443435
6.635	4.379000994612245	0.8316362380458989
6.645	4.361527174200883	0.8167494372789309
6.655	4.34347317815066	0.8175830981218811
6.665	4.3248450884703775	0.8244905736777542
6.675	4.305649302064065	0.8173449093096097
6.685	4.285892528082805	0.8228232519918539
6.695	4.265581785094724	0.8068646015696642
6.705	4.244724398074474	0.8168685316850667
6.715	4.223327995213572	0.8057927519144426
6.725	4.201400504553246	0.8156775876237092
6.735	4.178950150441253	0.8205604582752747
6.745	4.155985449814532	0.820917741493682
6.755	4.132515208309503	0.8137720771255373
6.765	4.108548516201889	0.8048399966653565
6.775	4.084094744178232	0.8140102659378088
6.785	4.059163538941163	0.7941215001131396
6.795	4.033764818650714	0.8129384162825871
6.805	4.0079087682039924	0.8037681470101349
6.815	3.981605834355763	0.7969797658603974
6.825	3.9548667206823596	0.8021008253242344
6.835	3.927702382391635	0.8167494372789309
6.845	3.9001240209817443	0.8510486262460252
6.855	3.872143078751463	0.8259197065513832
6.865	3.8437712331650826	0.8135338883132659
6.875	3.815020391074808	0.7894768182738456
6.885	3.785902682803857	0.7867376469327235
6.895	3.756430456093301	0.792096895208832
6.905	3.7266162699160876	0.7844748532161444
6.915	3.696472888161478	0.8001953148260625
6.925	3.666013273193346	0.8191313254016458
6.935	3.635250579285919	0.802339014136506
6.945	3.6041981459404635	0.7954315385806328
6.955	3.57286949108665	0.7695880524491764
6.965	3.5412783041722546	0.7856657972775019
6.975	3.509438439145088	0.8017435421058272
6.985	3.4773639073309677	0.805078185477628
6.995	3.445068870211682	0.7626805768933033
7.005	3.412567632106937	0.7948360665499541
7.015	3.3798746327643943	0.7950742553622255
7.025	3.3470044398618732	0.7723272237902985
7.035	3.3139717414259064	0.7732799790393845
7.045	3.2807913381708995	0.7433872830993128
7.055	3.2474781357631373	0.76137053842581
7.065	3.2140471370140204	0.7591077447092309
7.075	3.180513434006877	0.7326687865470958
7.085	3.1468922001617727	0.7463646432527064
7.095	3.1131986822427695	0.7452927935974847
7.105	3.079448192312175	0.7450546047852131
7.115	3.0456560996363087	0.7319542201102813
7.125	3.0118378225472795	0.7161146640942274
7.135	2.978008820265498	0.6993223528290876
7.145	2.944184584687483	0.7037288458561101
7.155	2.910380632143574	0.7082544332892683
7.165	2.876612495130342	0.6981314087677302
7.175	2.8428957140222875	0.7062298283849607
7.185	2.8092458287675717	0.7030142794192956
7.195	2.7756783705725345	0.693963104552979
7.205	2.7422088535797107	0.6688341848583371
7.215	2.7088527665440827	0.6732406778853597
7.225	2.675625564512322	0.6744316219467171
7.235	2.642542660509821	0.6616885204901926
7.245	2.6096194172402	0.6715733561994592
7.255	2.576871138802049	0.6600211988042921
7.265	2.54431306242773	0.643347981945288
7.275	2.511960350248886	0.6513273071563828
7.285	2.4798280810933866	0.625245632212655
7.295	2.447931242318498	0.6220300832469898
7.305	2.416284721684889	0.6240546881512975
7.315	2.384903299276173	0.6158371741279312
7.325	2.3538016394686814	0.6051186775757142
7.335	2.322994282956019	0.6016649397977777
7.345	2.2924956388330315	0.5767742089154072
7.355	2.2623199767437967	0.5617683137423035
7.365	2.2324814190981184	0.5497397787225934
7.375	2.156994720796594	0.5348529779556254
7.385	2.129128894855414	0.5185370443150285
7.395	2.1016415804682427	0.5198470827825217
7.405	2.0745462347995183	0.5160360617861779
7.415	2.047856130045572	0.5041266211726034
7.425	2.021584346155194	0.5006728833946669
7.435	1.9957437636493172	0.5103195302916621
7.445	1.9703470565439085	0.5135350792573272
7.455	1.9454066853802776	0.49483725749401547
7.465	1.9209348903667527	0.4767349077613824
7.475	1.8969436846358114	0.48971619803017846
7.485	1.87344484762051	0.4749484916693463
7.495	1.8504499185541343	0.46470637274167226
7.505	1.8279701900968193	0.47137565948527393
7.515	1.8060167020928573	0.4633963342741791
7.525	1.784600235462388	0.4592280300594281
7.535	1.7637313062309734	0.4585134636226136
7.545	1.743420159700582	0.4418402467636095
7.555	1.723676764765404	0.44505579572927456
7.565	1.7045108083758027	0.4412447747329308
7.575	1.6859316901536605	0.43588552645682227
7.585	1.6679485171622561	0.44684221182131073
7.595	1.6505700988337948	0.4362428096752295
7.605	1.633804942057497	0.43957745304703033
7.615	1.617661246431211	0.41968868722236113
7.625	1.6021468996792885	0.44315028523110267
7.635	1.5872694732394437	0.43171722224207126
7.645	1.5730362180212096	0.44041111388998055
7.655	1.5594540603384854	0.4392201698286231
7.665	1.5465295980185756	0.4412447747329308
7.675	1.5342690966900303	0.43612371526909377
7.685	1.5226784862514953	0.46077625733919275
7.695	1.5117633575236629	0.46732644967665865
7.705	1.5015289590863081	0.4405302082961163
7.715	1.4919801943023039	0.45887074684102086
7.725	1.4831216185304004	0.43743375373658694
7.735	1.4749574365284164	0.44993866638084007
7.745	1.4674915000484225	0.470422904236188
7.755	1.4607273056253591	0.4454130789476818
7.765	1.4546679925604091	0.45756070837352764
7.775	1.449316341100376	0.4519632712851477
7.785	1.444674770814164	0.46696916645825143
7.795	1.4407453391673584	0.4759012469184322
7.805	1.4375297402957816	0.45779889718579914
7.815	1.4350293039788151	0.4617290125882787
7.825	1.4332449948131125	0.44338847404337417
7.835	1.4321774115872579	0.4633963342741791
7.845	1.4318267868577796	0.4688746769564233
7.855	1.4321929867268353	0.4641109007109936
7.865	1.4332755108217246	0.4642299951171293
7.875	1.4350734924763433	0.4517250824728762
7.885	1.4375856991144969	0.4566079531244417
7.895	1.4408105328349134	0.44064930270225205
7.905	1.4447460311976923	0.45613157549989874
7.915	1.4493898682117716	0.4589898412471566
7.925	1.4547393555229093	0.4570843307489847
7.935	1.4607914438015435	0.44481760691700306
7.945	1.467542724329789	0.44743768385198945
7.955	1.4749894307866935	0.44422213488632434
7.965	1.4831274412308046	0.4524396489096907
7.975	1.491952280278925	0.45077232722379024
7.985	1.5014591214798707	0.4667309776459799
7.995	1.5116427898818954	0.4660164112091655
8.005	1.5224977647923843	0.4639918063048578
8.015	1.5340181827282229	0.460657162933057
8.025	1.546197840555245	0.4678028273012016
8.035	1.5590301988149489	0.47578215251229644
8.045	1.5725083852366337	0.47661581335524666
8.055	1.5866251984329918	0.499720128145581
8.065	1.6013731117770325	0.5143687401002774
8.075	1.6167442774581846	0.5269927471506662
8.085	1.632730530715261	0.5230626317481868
8.095	1.6493233942439023	0.545690568913978
8.105	1.6665140827759972	0.5416413591053628
8.115	1.6842935078284818	0.546166946538521
8.125	1.702652282618825	0.5504543451594078
8.135	1.7215807271444103	0.5745114151988281
8.145	1.7410688734229098	0.5913037264639679
8.155	1.7611064708907227	0.5779651529767647
8.165	1.7816829919563515	0.613574380411352
8.175	1.8027876377055532	0.5897554991842032
8.185	1.8244093437550997	0.6291757476151345
8.195	1.846536786251713	0.6194100063120035
8.205	1.869158388012826	0.61726630700156
8.215	1.8922623248056323	0.6269129538985553
8.225	1.9158365317608836	0.6509700239379755
8.235	1.9398687099177259	0.6604975764288351
8.245	1.9643463328959219	0.6402515273857586
8.255	1.9892566536915899	0.6493027022520752
8.265	2.0145867115925578	0.6678814296092512
8.275	2.040323339209544	0.6631176533638214
8.285	2.0664531696189443	0.680029059035097
8.295	2.0929626436133226	0.681458191908726
8.305	2.1198380170553675	0.6961068038634225
8.315	2.1470653683311816	0.6963449926756939
8.325	2.1746306058986247	0.6937249157407076
8.335	2.202519475926398	0.6995605416413591
8.345	2.2307175700195447	0.7088499053199471
8.355	2.2592103330269673	0.715876475281956
8.365	2.287983070926447	0.7030142794192956
8.375	2.317020958782739	0.7082544332892683
8.385	2.346309048774201	0.7304059928305167
8.395	2.3758322782833408	0.7125418319101551
8.405	2.4055754780467162	0.7207593459335214
8.415	2.4355233803595375	0.7410053949765979
8.425	2.4656606273302706	0.7183774578108065
8.435	2.4959717791805858	0.7258804053973584
8.445	2.526441322585932	0.7179010801862636
8.455	2.5570536790519283	0.7077780556647254
8.465	2.587793213321866	0.7050388843236033
8.475	2.6186442418105553	0.7377898460109328
8.485	2.649591041059666	0.7199256850905712
8.495	2.680617856209797	0.7114699822549334
8.505	2.7117089094844857	0.6646658806435861
8.515	2.742848408681242	0.6837209856253051
8.525	2.7740205556649937	0.6778853597246537
8.535	2.805209554858835	0.6725261114485452
8.545	2.8363996217275678	0.6791953981921468
8.555	2.867574991249011	0.6426334155084735
8.565	2.8987199263683783	0.6250074434003834
8.575	2.9298187264309483	0.6188145342813247
8.585	2.9608557355882175	0.6101206426334155
8.595	2.9918153511727867	0.5820143627853799
8.605	3.0226820320373076	0.5729631879190634
8.615	3.053440306852747	0.5680803172674979
8.625	3.0840747823612196	0.5571236319030095
8.635	3.114570151578908	0.5005537889885312
8.645	3.1449112019442786	0.46899377136255904
8.655	3.175082823407103	0.4538687817833196
8.665	3.2050700164537425	0.45374968737718385
8.675	3.234857900064137	0.43088356139912104
8.685	3.264431719596059	0.44970047756856857
8.695	3.293776854592248	0.45827527481034214
8.705	3.322878826506025	0.4666118832398442
8.715	3.351723306341014	0.5044839043910108
8.725	3.380296122200817	0.5160360617861779
8.735	3.408583266744343	0.5216334988745578
8.745	3.4365709045426627	0.5576000095275524
8.755	3.464245379333295	0.6026176950468636
8.765	3.4915932211678875	0.5922564817130539
8.775	3.5186011534493677	0.608929698572058
8.785	3.545256099854581	0.6351304679219216
8.795	3.571545191138659	0.6703824121381018
8.805	3.597455771817333	0.7115890766610692
8.815	3.6229754067235165	0.7034906570438386
8.825	3.648091887434541	0.7394571676968332
8.835	3.672793238566524	0.7645860873914752
8.845	3.6970677239323857	0.7749473007252848
8.855	3.7209038525602427	0.8074600736003429
8.865	3.7442903845687736	0.8389009968201793
8.875	3.767216336896438	0.8487858325294461
8.885	3.7896709888814235	0.9027355985089379
8.895	3.811643887689287	0.9079757523789107
8.905	3.833124853585398	0.9719294484738051
8.915	3.8541039850492953	0.9566853644884299
8.925	3.8745716637282785	1.0293329522312336
8.935	3.8945185592275138	1.0224254766753604
8.945	3.9139356337342353	1.0475543963700025
8.955	3.932814146473415	1.1260376100134575
8.965	3.9511456579927406	1.1591458549191944
8.975	3.0095265686842225	0.4410065859206593
8.985	3.02467076542575	0.493169935808115
8.995	3.0392444907680574	0.48995438684244996
9.005	3.053240549907152	0.5015065442376171
9.015	3.0666520681498817	0.5030547715173818
9.025	3.079472494130737	0.5250872366524943
9.035	3.0916956028443883	0.5341384115188109
9.045	3.1033154984923894	0.5380685269212905
9.055	3.1143266171427757	0.5468815129753355
9.065	3.12472372920117	0.5797515690688008
9.075	3.13450194169228	0.5979730132075696
9.085	3.1436567003507396	0.6065478104493431
9.095	3.1521837915203115	0.6197672895304107
9.105	3.160079343860672	0.6481117581907178
9.115	3.1673398298610107	0.6579965938999844
9.125	3.1739620671598945	0.6784808317553324
9.135	3.1799432196708546	0.7044434122929245
9.145	3.185280798513363	0.702418807388617
9.155	3.1899726627489313	0.7265949718341729
9.165	3.1940170199221662	0.7394571676968332
9.175	3.1974124264067694	0.7383853180416116
9.185	3.200157787556561	0.7723272237902985
9.195	3.2022523576617274	0.7757809615682351
9.205	3.2036957397105876	0.8121047554396369
9.215	3.204487884957329	0.8293734443293198
9.225	3.2046290922962264	0.8396155632569937
9.235	3.204120007443009	0.8598616123000702
9.245	3.2029616219241372	0.8979718222635082
9.255	3.201155271874857	0.8938035180487571
9.265	3.198702636647024	0.9246489692379148
9.275	3.1956057372277846	0.9220288923029285
9.285	3.191866934470337	0.959424535829552
9.295	3.1874889271380633	0.9537080043350363
9.305	3.182474749763477	0.9778841687805923
9.315	3.1768277703234933	1.0049185989734062
9.325	3.170551687732672	1.038026843879143
9.335	3.1636505291561754	1.043624280967523
9.345	3.156128647144273	1.0311193683232698
9.355	3.1479907165903276	1.0583919873283552
9.365	3.1392417315143484	1.0413614872509438
9.375	3.1298870016742146	1.0679195398192145
9.385	3.1199321490068446	1.0682768230376218
9.395	3.109383103901627	1.085426417521169
9.405	3.098246101308583	1.1068634106256028
9.415	3.0865276766837386	1.0970976693224719
9.425	3.074234661774398	1.136517917753403
9.435	3.0613741802469763	1.1012659735372228
9.445	3.0479536431602012	1.108173449093096
9.455	3.0339807442866062	1.1331832743816022
9.465	3.0194634552852566	1.1329450855693306
9.475	3.0044100207287725	1.119368323269856
9.485	2.9888289529877947	1.1534293234246786
9.495	2.972729026976112	1.1865375683304153
9.505	2.9561192747597222	1.1585503828885155
9.515	2.93900898003325	1.1633141591339453
9.525	2.9214076724670823	1.2175021139257087
9.535	2.903325121928837	1.1828456417402073
9.545	2.884771332582651	1.1883239844224516
9.555	2.865756536870008	1.2328652923172199
9.565	2.8462911893757905	1.2331034811294912
9.575	2.8263859605833224	1.259780628103898
9.585	2.806051730522255	1.2395345790608214
9.595	2.785299582313212	1.2646634987554632
9.605	2.7641407956130584	1.263472554694106
9.615	2.7425868399648863	1.2893160408255624
9.625	2.7206493680567303	1.2233377398263603
9.635	2.6983402088930797	1.2888396632010193
9.645	2.6756713608833786	1.2845522645801326
9.655	2.652654984851672	1.3261162123215071
9.665	2.6293033969716113	1.30896661783796
9.675	-Inf	0.0
9.685	-Inf	0.0
9.695	-Inf	0.0
9.705	-Inf	0.0
9.715	-Inf	0.0
9.725	-Inf	0.0
9.735	-Inf	0.0
9.745	-Inf	0.0
9.755	-Inf	0.0
9.765	-Inf	0.0
9.775	-Inf	0.0
9.785	-Inf	0.0
9.795	-Inf	0.0
9.805	-Inf	0.0
9.815	-Inf	0.0
9.825	-Inf	0.0
9.835	-Inf	0.0
9.845	-Inf	0.0
9.855	-Inf	0.0
9.865	-Inf	0.0
9.875	-Inf	0.0
9.885	-Inf	0.0
9.895	-Inf	0.0
9.905	-Inf	0.0
9.915	-Inf	0.0
9.925	-Inf	0.0
9.935	-Inf	0.0
9.945	-Inf	0.0
9.955	-Inf	0.0
9.965	-Inf	0.0
9.975	-Inf	0.0
9.985	-Inf	0.0
9.995	-Inf	0.0
