0.005	-Inf	0.0
0.015	-Inf	0.0
0.025	-Inf	0.0
0.035	-Inf	0.0
0.045	-Inf	0.0
0.055	-Inf	0.0
0.065	-Inf	0.0
0.075	-Inf	0.0
0.085	-Inf	0.0
0.095	-Inf	0.0
0.105	-Inf	0.0
0.115	-Inf	0.0
0.125	-Inf	0.0
0.135	-Inf	0.0
0.145	-Inf	0.0
0.155	-Inf	0.0
0.165	-Inf	0.0
0.175	-Inf	0.0
0.185	-Inf	0.0
0.195	-Inf	0.0
0.205	-Inf	0.0
0.215	-Inf	0.0
0.225	-Inf	0.0
0.235	-Inf	0.0
0.245	-Inf	0.0
0.255	-Inf	0.0
0.265	-Inf	0.0
0.275	-Inf	0.0
0.285	-Inf	0.0
0.295	-Inf	0.0
0.305	-Inf	0.0
0.315	-Inf	0.0
0.325	-Inf	0.0
0.335	-Inf	0.0
0.345	-Inf	0.0
0.355	-Inf	0.0
0.365	-Inf	0.0
0.375	-Inf	0.0
0.385	-Inf	0.0
0.395	-Inf	0.0
0.405	-Inf	0.0
0.415	-Inf	0.0
0.425	-Inf	0.0
0.435	-Inf	0.0
0.445	-Inf	0.0
0.455	-Inf	0.0
0.465	-Inf	0.0
0.475	-Inf	0.0
0.485	-Inf	0.0
0.495	-Inf	0.0
0.505	-Inf	0.0
0.515	-Inf	0.0
0.525	2.3647976762809657	1.4649350026022956
0.535	2.384570729667544	1.4689846847022507
0.545	2.4042300731101296	1.426688004991608
0.555	2.423769310680395	1.506481741183317
0.565	2.4431820936066124	1.455485744369067
0.575	2.462462122934218	1.4841334955206016
0.585	2.481603152158313	1.5025820473092861
0.595	2.500598989826951	1.4614852734060375
0.605	2.5194435021140213	1.493432765527906
0.615	2.538130615360595	1.4557857208209155
0.625	2.5566543185836137	1.4728843785762817
0.635	2.5750086659507967	1.4785839311614037
0.645	2.5931877792207025	1.482183648583586
0.655	2.6111858501468634	1.520580634420198
0.665	2.6289971428449492	1.5039319413426044
0.675	2.6466159961219478	1.5078316352166354
0.685	2.664036825766348	1.5186307874831824
0.695	2.68125412679836	1.5577777144494156
0.705	2.6982624756792015	1.5001822356944978
0.715	2.715056532478537	1.4820336603576618
0.725	2.73163104299914	1.4587854853394007
0.735	2.747980840857914	1.4218883817620316
0.745	2.7641008495224004	1.3947405128697397
0.755	2.7799860843019406	1.3368450576629733
0.765	2.7956316542926882	1.3650428441367353
0.775	2.811032764275683	1.3239460702334866
0.785	2.826184716567229	1.3420946455703227
0.795	2.841082912820849	1.3098471769966056
0.805	2.855722855780108	1.2510517924342939
0.815	2.87010015098163	1.2663505914785689
0.825	2.884210508407657	1.2566013567934917
0.835	2.8980497440875235	1.156109245424234
0.845	2.911613781647465	1.1760576794721613
0.855	2.9248986538081696	1.1592589981686436
0.865	2.9379005038295616	1.1324111057282003
0.875	2.95061558690228	1.1049632603840598
0.885	2.9630402714853945	1.1201120712024106
0.895	2.975171040589879	1.0703159801955546
0.905	2.9870044930074466	1.0214198185442442
0.915	2.9985373444843226	0.9999715022370743
0.925	3.0097664288396113	1.0121205485369398
0.935	3.020688699027905	0.9620244810782352
0.945	3.031301228145833	0.9456757644524904
0.955	3.0416012103822676	0.9615745164004625
0.965	3.0515859619119445	0.908628672649197
0.975	3.0612529217322675	0.8819307684346778
0.985	3.0705996524431143	0.8280849953278667
0.995	3.079623840969479	0.8337845479129887
1.005	3.0883232992268175	0.7926877740097402
1.015	3.096695964728995	0.7919378328801189
1.025	3.1047399011387617	0.7794888101284049
1.035	3.1124532987607116	0.7374921068696106
1.045	3.1198344749767077	0.7349423070288982
1.055	3.1268818746237894	0.7241431547623511
1.065	3.1335940703146044	0.7196435079846232
1.075	3.1399697627004346	0.7005950032922416
1.085	3.1460077806769142	0.6909957568330886
1.095	3.151707081532578	0.6367000190485046
1.105	3.1570667510403805	0.6519988180927797
1.115	3.1620860034923823	0.624400984522715
1.125	3.1667641816778183	0.6146517498376377
1.135	3.1711007568047735	0.5906536336897553
1.145	3.175095328365747	0.6049025151525604
1.155	3.1787476239473955	0.5585561533419626
1.165	3.182057498984776	0.5543564830160832
1.175	3.185024936460434	0.5728050348047677
1.185	3.187650046548719	0.5110098857239707
1.195	3.1899330662057177	0.5521066596272193
1.205	3.1918743587052383	0.5200091792794265
1.215	3.1934744131212964	0.49121143990196764
1.225	3.1947338437575765	0.4903115105464221
1.235	3.1956533895243653	0.47921238182802645
1.245	3.1962339132635	0.4549142892282955
1.255	3.1964764010218545	0.46286366520228156
1.265	3.1963819612739606	0.44801483083577937
1.275	3.195951824094341	0.4310661613063374
1.285	3.1951873402801896	0.4157673622620624
1.295	3.194089980425018	0.4085679274176977
1.305	3.192661333943956	0.3947690106326653
1.315	3.1909031080513652	0.3908693167586344
1.325	3.18881712669149	0.38306992901057263
1.335	3.1864053294228554	0.3626715302848726
1.345	3.1836697702571657	0.34497291962580934
1.355	3.180612616453468	0.35862184818491744
1.365	3.1772361472683506	0.33687355542589903
1.375	3.1735427526630025	0.33942335526661155
1.385	3.1695349319679247	0.32472450912603357
1.395	3.165215292506154	0.3206748270260784
1.405	3.1605865481758295	0.3103256394373041
1.415	3.1556515179929994	0.30792582782251593
1.425	3.1504131245955254	0.2993764989448328
1.435	3.144874392709003	0.29877654604113574
1.445	3.139038447575606	0.28242782941539085
1.455	3.1329085133467878	0.27687826505619306
1.465	3.1264879114407753	0.25842971326750847
1.475	3.1197800588658238	0.24823051390465847
1.485	3.11278846651018	0.24868047858243125
1.495	3.1055167373997588	0.24703060809726435
1.505	3.0979685649244977	0.22708217404933712
1.515	3.0901477310344148	0.23473157357147462
1.525	3.082058104406358	0.2152331042013202
1.535	3.073703638582486	0.25423004294162904
1.545	3.065088370081495	0.27702825328211733
1.555	3.0562164164836414	0.28977725248567987
1.565	3.0470919744905913	0.3088257571780615
1.575	3.037719317961159	0.32862420300006445
1.585	3.0281027959239903	0.33297386155186814
1.595	3.0182468305682515	0.35187237801832555
1.605	3.0081559152133917	0.35907181286269024
1.615	2.997834612259056	0.3500725193072344
1.625	2.9872875511162267	0.3685210710959189
1.635	2.9765194261206647	0.39416905772896826
1.645	2.9655349944297464	0.39431904595489253
1.655	2.9543390739037654	0.4043682570918183
1.665	2.942936540972799	0.41291758596950134
1.675	2.9313323284902237	0.41651730339168375
1.685	2.9195314235739565	0.44546503099506685
1.695	3.835921797582821	1.0952140256989826
1.705	3.8226875183717564	1.1412604110577318
1.715	3.8092718119192783	1.1460600342873084
1.725	3.795679860606609	1.1256616355616083
1.735	3.7819168901397306	1.1972060193274827
1.745	3.7679881673397984	1.1382606465392466
1.755	3.7538989979288475	1.1808573027017377
1.765	3.739654724311878	1.1639086331722959
1.775	3.7252607233563495	1.1904565491608907
1.785	3.7107224041701814	1.2176044180531826
1.795	3.696045205879272	1.2320032877419123
1.805	3.68123459540561	1.1885067022238753
1.815	3.6662960652469896	1.1964560781978615
1.825	3.651235131259382	1.22735365273826
1.835	3.63605733044296	1.24775205146396
1.845	3.620768218732813	1.2105549714347423
1.855	3.605373368795326	1.2266037116086386
1.865	3.5898783678312367	1.2096550420791967
1.875	3.574288815386347	1.2005057602978166
1.885	3.5586103211708537	1.2431024164603077
1.895	3.5428485028882672	1.1601589275241893
1.905	3.5270089840748544	1.2050054070755445
1.915	3.511097391950561	1.1870068199646326
1.925	3.4951193552823074	1.1874567846424056
1.935	3.4790805022606044	1.1654085154315386
1.945	3.4629864583903505	1.1558092689723856
1.955	3.446842844396711	1.1723079738240547
1.965	3.4306552741469503	1.1787574675387982
1.975	3.4144293525890608	1.1997558191681952
1.985	3.3981706737080284	1.160608892201962
1.995	3.381884818500561	1.1144125186172884
2.005	3.3655773529690887	1.1286614000800936
2.015	3.3492538261358114	1.1262615884653053
2.025	3.332919768077593	1.1285114118541693
2.035	3.0520165676103383	0.8550828759942344
2.045	3.0362802498803383	0.8343845008166858
2.055	3.020549858161074	0.8193856782242593
2.065	3.004830827539694	0.8015370793392718
2.075	2.9891285646708043	0.7839884569061328
2.085	2.97344844595164	0.8183357606427895
2.095	2.9577958157229847	0.8159359490280013
2.105	2.942175984496481	0.7965874678837711
2.115	2.926594227208944	0.7691396225396305
2.125	2.911055781504272	0.7637400464063571
2.135	2.8955658460435165	0.7634400699545085
2.145	2.880129578843672	0.7437916123584298
2.155	2.8647520956457284	0.7422917300991871
2.165	2.8494384683124707	0.7173936845957591
2.175	2.834193723256556	0.7125940613661828
2.185	2.819022839899305	0.693545556673801
2.195	2.8039307491606897	0.6896458627997701
2.205	2.788922331980929	0.6734471343999495
2.215	2.774002417874113	0.6854461924738907
2.225	2.759175783514241	0.6737471108517981
2.235	2.744447151354053	0.6825964161813297
2.245	2.7298211882769863	0.6417996187299296
2.255	2.7153025042826013	0.6359500779188834
2.265	2.70089565120578	0.6486990771224458
2.275	2.6866051214699747	0.6361000661448076
2.285	2.672435346874776	0.6375999484040502
2.295	2.658390697418063	0.6392498188892172
2.305	2.6444754801529187	0.6277007254930488
2.315	2.6306939380795606	0.5936533982082406
2.325	2.617050249072425	0.5956032451452561
2.335	2.603548524842605	0.578054622712117
2.345	2.590192809935747	0.5867539398157244
2.355	2.576987080765557	0.5560063535012502
2.365	2.563935244682988	0.5524066360790677
2.375	2.5510411390812133	0.5441572836532331
2.385	2.538308530536424	0.5437073189754604
2.395	2.5257411139845036	0.545207201234703
2.405	2.5133425119335877	0.5419074602643692
2.415	2.5011162737125123	0.5168594265350169
2.425	2.489065874755145	0.5062102624943942
2.435	2.4771947159205183	0.5173093912127897
2.445	2.465506122848759	0.4988608394241052
2.455	2.4540033453526857	0.4928613103871346
2.465	2.442689556845022	0.49166140457974045
2.475	2.43156785380107	0.4789124053761779
2.485	2.4206412552567347	0.4814622052168904
2.495	2.4099127023417406	0.4549142892282955
2.505	2.399385057847871	0.47966234650579925
2.515	2.389061105832038	0.44546503099506685
2.525	2.3789435512539834	0.4576140772949323
2.535	2.369035019648387	0.45476430100237125
2.545	2.359338056831147	0.4447150898654455
2.555	2.3498551286395637	0.4207169737175631
2.565	2.3405886207061797	0.42146691484718446
2.575	2.3315408382659615	0.4234167617841999
2.585	2.3227140059965485	0.4277664203360036
2.595	2.314110267891218	0.4076679980621521
2.605	2.30573168716428	0.4375156550210808
2.615	2.297580246188498	0.44426512518767275
2.625	2.2896578464642325	0.4199670325879418
2.635	2.281966308619886	0.40481822176959104
2.645	2.274507372443288	0.4066180804806822
2.655	2.2672826969436213	0.4175672209731536
2.665	2.260293860443449	0.41336755064727415
2.675	2.2535423607004486	0.38501977594758807
2.685	2.2470296150583984	0.4196670561360933
2.695	2.2407569606269706	0.42206686775088154
2.705	2.2347256544898735	0.4178671974250021
2.715	2.228936873940868	0.44171532534696023
2.725	2.223391716747182	0.45191452470981025
2.735	2.2180912014398397	0.4751626997280713
2.745	2.213036267630386	0.4826621110242846
2.755	2.2082277763535165	0.4886616400612552
2.765	2.2036665104350908	0.491961381031589
2.775	2.199353174885	0.502160580394439
2.785	2.195288397314365	0.5147595913720773
2.795	2.1914727283765125	0.5155095325016986
2.805	2.1879066422311966	0.5414574955865964
2.815	2.184590537031504	0.5411575191347479
2.825	2.18152473543289	0.5429573778458391
2.835	2.178709485123777	0.5570562710827199
2.845	2.17614495937715	0.554806447693856
2.855	2.1738312576225693	0.5822542930379965
2.865	2.171768406038038	0.5761047757751017
2.875	2.1699563581611256	0.5947033157897105
2.885	2.1683949955187725	0.6169015732265016
2.895	2.167084128275188	0.6386498659855201
2.905	2.1660234958972473	0.63969978356699
2.915	2.165212767836812	0.6143517733857892
2.925	2.1646515442293537	0.6247009609745634
2.935	2.164339356608312	0.6479491359928246
2.945	2.1642756686345805	0.6563484766445834
2.955	2.1644598768405334	0.6557485237408863
2.965	2.164891311387983	0.6894958745738459
2.975	2.1655692368394983	0.6587482882593716
2.985	2.1664928529424676	0.6879959923146033
2.995	2.167661295425331	0.6948954507071194
3.005	2.1690736368053867	0.6953454153848923
3.015	2.1707288872075825	0.7190435550809261
3.025	2.1726259951937172	0.7277428721845335
3.035	2.174763848601452	0.7365921775140651
3.045	2.17714127539258	0.7139439553995011
3.055	2.1797570445099557	0.7283428250882306
3.065	2.1826098667425313	0.7109441908810158
3.075	2.1856983955979246	0.6927956155441797
3.085	2.189021228181963	0.730292672025246
3.095	2.1925769060846516	0.6971452740959834
3.105	2.1963639162720074	0.7097442850736216
3.115	2.200380691983225	0.7077944381366063
3.125	2.2046256136326323	0.7172436963698349
3.135	2.2090970097159075	0.724593119440124
3.145	2.213793157720037	0.7145439083031981
3.155	2.2187122850364878	0.7095942968476974
3.165	2.2238525698771046	0.6872460511849819
3.175	2.2292121421922113	0.7005950032922416
3.185	2.2347890845904392	0.6737471108517981
3.195	2.240581433259792	0.6617480527778569
3.205	2.2465871788894765	0.6866460982812849
3.215	2.2528042675920195	0.6918956861886342
3.225	2.259230601825245	0.6869460747331334
3.235	2.265864041313625	0.6597982058408415
3.245	2.2727024039686015	0.6696974287518429
3.255	2.2797434668074303	0.6513988651890826
3.265	2.2869849668701394	0.6546986061594164
3.275	2.294424602134187	0.6623480056815539
3.285	2.3020600324264446	0.6218511846820024
3.295	2.3098888803320805	0.6500489711557642
3.305	2.3179087321000202	0.6420995951817782
3.315	2.326117138544566	0.6387998542114444
3.325	2.334511615942875	0.625600890330109
3.335	2.343089646927915	0.6287506430745186
3.345	2.351848681376597	0.6405997129225355
3.355	2.360786137292749	0.5924534924008464
3.365	2.3698994016846333	0.6281506901708216
3.375	2.3791858314367214	0.6280007019448973
3.385	2.3886427541754287	0.647649159540976
3.395	2.398267469128551	0.6265008196856546
3.405	2.4080572479781446	0.6399997600188385
3.415	2.418009335706606	0.5900536807860582
3.425	2.4281209514357096	0.6368500072744289
3.435	2.4383892892584003	0.6498989829298399
3.445	2.4488115190631166	0.6235010551671694
3.455	2.4593847873504537	0.6393998071151414
3.465	2.4701062180419946	0.6169015732265016
3.475	2.480972913281124	0.6137518204820921
3.485	2.4919819542256736	0.6127019029006222
3.495	2.503130401832251	0.6193013848412899
3.505	2.5144152976321217	0.630700490011534
3.515	2.5258336644985317	0.6125519146746979
3.525	2.537382507405331	0.6390998306632929
3.535	2.5490588141768438	0.6248509492004877
3.545	2.5608595562288645	0.6203513024227598
3.555	2.5727816893007343	0.6130018793524707
3.565	2.584822154178423	0.620501290648684
3.575	2.596977877408568	0.613151867578395
3.585	2.6092457720034345	0.6152517027413348
3.595	2.621622738136792	0.6004028683748325
3.605	2.6341056638306473	0.6109020441895311
3.615	2.6466914256328904	0.6179514908079715
3.625	2.6593768892858143	0.6230510904893966
3.635	2.672158910385546	0.6064023974118031
3.645	2.6850343350324337	0.6085022325747428
3.655	2.698000000472414	0.6190014083894414
3.665	2.71105273572941	0.611951961771001
3.675	2.724189362228835	0.6190014083894414
3.685	2.737406694412279	0.6274007490412002
3.695	2.7507015403434303	0.6113520088673039
3.705	2.7640707023053688	0.6268007961375032
3.715	2.777510977389297	0.6080522678969701
3.725	2.791019158074833	0.6337002545300193
3.735	2.8045920328019953	0.6178015025820472
3.745	2.8182263865349966	0.6247009609745634
3.755	2.8319190013179822	0.6142017851598649
3.765	2.8456666568228726	0.6340002309818679
3.775	2.859466130889456	0.622751114037548
3.785	2.8733142000578895	0.6274007490412002
3.795	2.887207640093788	0.635200136789262
3.805	2.901143226506073	0.6461492772817333
3.815	2.9151177350577546	0.6485490888965215
3.825	2.9291279422698624	0.6459992890558091
3.835	2.9431706259186985	0.6734471343999495
3.845	2.9572425655266215	0.6509489005113098
3.855	2.9713405428465762	0.654998582611265
3.865	2.9854613423405825	0.6364000425966562
3.875	2.9996017516523867	0.6474991713150517
3.885	3.0137585620745324	0.6665476760074334
3.895	3.0279285690100393	0.6870960629590577
3.905	3.0421085724289485	0.6767468753702833
3.915	3.0562953773199655	0.692945603770104
3.925	3.070485794137449	0.6816964868257841
3.935	3.0846766392439564	0.6861961336035121
3.945	3.098864735348635	0.6791466869850716
3.955	3.113046911941684	0.6870960629590577
3.965	3.127220005725131	0.6864961100553606
3.975	3.1413808610401945	0.6903958039293915
3.985	3.155526330291484	0.7278928604104578
3.995	3.1696532743682693	0.7211433902438658
4.005	3.183758563063103	0.703144803132954
4.015	3.1978390754880515	0.7473913297806122
4.025	3.211891700488759	0.7521909530101887
4.035	3.225913337056645	0.7479912826843093
4.045	3.2399008947394607	0.7538408234953555
4.055	3.253851294050466	0.7458914475213695
4.065	3.2677614668764887	0.7737892575432828
4.075	3.2816283568851206	0.7932877269134372
4.085	3.295448919931269	0.7935877033652857
4.095	3.3092201244633666	0.8168358783835469
4.105	3.3229389519294372	0.8063367025688483
4.115	3.336602397183281	0.8370842888833226
4.125	3.3502074688910177	0.8250852308093815
4.135	3.363751189938223	0.841883912112899
4.145	3.3772305978378934	0.8555328406720072
4.155	3.390642745139457	0.8433837943721417
4.165	3.4039846998390613	0.8694817456829638
4.175	3.4172535457913695	0.8789310039161925
4.185	3.43044638312305	0.8720315455236763
4.195	3.4435603286482013	0.8921299677975278
4.205	3.4565925162858835	0.8595825227719623
4.215	3.469540097479977	0.8682818398755697
4.225	3.4824002416215545	0.8862804269864815
4.235	3.4951701364739387	0.8988794379641197
4.245	3.5078469886006327	0.8828306977902234
4.255	3.5204280237963075	0.9198777895935168
4.265	3.532910487520973	0.9201777660453654
4.275	3.545291645337532	0.9308269300859882
4.285	3.557568783352827	0.9369764473488831
4.295	3.569739208662355	0.9395262471895955
4.305	3.5818002497987544	0.9221276129823808
4.315	3.593749257184192	0.9423760234821565
4.325	3.1723085068251615	0.6217011964560781
4.335	3.18084161628328	0.6122519382228495
4.345	3.189254879179037	0.6172015496783502
4.355	3.1975457380986403	0.6245509727486391
4.365	3.205711659842102	0.5954532569193318
4.375	3.213750135901169	0.62845066662267
4.385	3.221658682941765	0.6387998542114444
4.395	3.2294348432910045	0.6383498895336716
4.405	3.237076185428803	0.6292006077522914
4.415	3.244580304484133	0.6317504075930039
4.425	3.2519448227359273	0.6322003722707767
4.435	3.2591673901186384	0.6662476995555848
4.445	3.266245684732463	0.6630979468111753
4.455	3.2731774133582	0.6705973581073885
4.465	3.2799603119767418	0.6662476995555848
4.475	3.286592146293139	0.6359500779188834
4.485	3.2930707122652114	0.6573983942260532
4.495	3.299393836636627	0.6612980881000841
4.505	3.305559377474417	0.6659477231037363
4.515	3.3115652247108063	0.6530487356742495
4.525	3.317409300689292	0.6614480763260083
4.535	3.3230895607148687	0.6678975700407518
4.545	3.32860399360828	0.6659477231037363
4.555	3.333950622264175	0.6689474876222216
4.565	3.3391275042130415	0.6891958981219973
4.575	3.344132732186753	0.6695474405259186
4.585	3.348964434687592	0.6723972168184797
4.595	3.3536207765605712	0.6965453211922864
4.605	3.358099959568864	0.675396981336965
4.615	3.362400222972178	0.6998450621626202
4.625	3.366519844107845	0.6960953565145136
4.635	3.3704571389744293	0.7034447795848026
4.645	3.374210462817626	0.6804965810183901
4.655	3.3777782107182213	0.6696974287518429
4.665	3.381158818181861	0.6690974758481458
4.675	3.384350761730381	0.6774968164999047
4.685	3.38735255949443	0.693545556673801
4.695	3.390162771807109	0.6849962277961179
4.705	3.39278000179835	0.6698474169777672
4.715	3.3952028959897222	0.6794466634369202
4.725	3.3974301448893796	0.667447605362979
4.735	3.39946048358682	0.6546986061594164
4.745	3.401292692347143	0.6699974052036914
4.755	3.402925597204468	0.6821464515035569
4.765	3.4043580705541667	0.6567984413223561
4.775	3.405589031743569	0.6828963926331783
4.785	3.4066174476607753	0.6729971697221767
4.795	3.407442333321209	0.6695474405259186
4.805	3.4080627524515346	0.6875460276368305
4.815	3.40847781807056	0.6779467811776775
4.825	3.40868669306672	0.6818464750517084
4.835	3.408688590771769	0.6692474640740701
4.845	3.4084827755302354	0.6846962513442694
4.855	3.408068563264275	0.6860461453775878
4.865	3.4074453220334595	0.6864961100553606
4.875	3.4066124725891074	0.6804965810183901
4.885	3.4055694889227075	0.6945954742552709
4.895	3.4043158988080053	0.6623480056815539
4.905	3.4028512843363146	0.6807965574702385
4.915	3.4011752824445955	0.6941455095774981
4.925	3.399287585435863	0.6960953565145136
4.935	3.397187941491455	0.6897958510256944
4.945	3.39487615517471	0.6783967458554503
4.955	3.392352087925592	0.6680475582666761
4.965	3.3896156585457864	0.6917456979627099
4.975	3.3866668436738108	0.6705973581073885
4.985	3.383505678249651	0.6818464750517084
4.995	3.3801322559684728	0.6774968164999047
5.005	3.3765467297229037	0.6759969342406621
5.015	3.372749312033436	0.6528987474483252
5.025	3.368740275466451	0.6824464279554054
5.035	3.3645199530393963	0.672547205044404
5.045	3.3600887386126312	0.6713472992370099
5.055	3.3554470872674678	0.6485490888965215
5.065	3.3505955156699208	0.6690974758481458
5.075	3.3455346024196904	0.6627979703593267
5.085	3.340264988383902	0.6824464279554054
5.095	3.334787377015134	0.6635479114889481
5.105	3.329102534653244	0.6804965810183901
5.115	3.323211290810539	0.6569484295482804
5.125	3.3171145384398137	0.6777967929517532
5.135	3.310813234184791	0.7050946500699694
5.145	3.3043083986125157	0.7140939436254253
5.155	3.2976011164272205	0.695195427158968
5.165	3.2906925366652393	0.714993872980971
5.175	3.2835838728704996	0.7191935433068504
5.185	3.2762764032501637	0.7205434373401688
5.195	3.2687714708099675	0.703144803132954
5.205	3.261070483468856	0.7305926484770945
5.215	3.2531749141524493	0.7119941084624857
5.225	3.245086300864948	0.7226432725031084
5.235	3.236806246739083	0.761490223017493
5.245	3.22833642006366	0.7230932371808813
5.255	3.2196785542883433	0.7568405880138409
5.265	3.210834448005291	0.755190717528674
5.275	3.201805964907234	0.781288668839496
5.285	3.192595033721668	0.7986873030467108
5.295	3.183203648120771	0.7716894223803431
5.305	3.17363386660672	0.7796387983543291
5.315	3.16388781237204	0.8025869969207416
5.325	3.153967673134704	0.7991372677244836
5.335	3.143875700947607	0.7872881978764666
5.345	3.133614211982154	0.7742392222210556
5.355	3.1231855862856612	0.7946376209467556
5.365	3.1125922675122677	0.770489516572949
5.375	3.1018367626271077	0.7787388689987835
5.385	3.0909216415834817	0.7575905291434621
5.395	3.079849536972776	0.8075366083762424
5.405	3.068623143646917	0.7553407057545982
5.415	3.0572452183131285	0.7628401170508115
5.425	3.0457185791007753	0.7719893988321916
5.435	3.0340461051001544	0.7592403996286291
5.445	3.0222307358730016	0.7487412238139306
5.455	3.0102754709345945	0.7695895872174033
5.465	2.9981833692072857	0.7589404231767806
5.475	2.985957548445347	0.7376420950955349
5.485	2.9736011846310086	0.7370421421918378
5.495	2.9611175113416026	0.7406418596140203
5.505	2.948509819087718	0.7559406586582953
5.515	2.9357814546222953	0.7350922952548224
5.525	2.9229358202206446	0.7428916830028842
5.535	2.9099763729313186	0.7577405173693864
5.545	2.896906623797849	0.7091443321699246
5.555	2.883730137051318	0.7214433666957143
5.565	2.870450529273849	0.7322425189622614
5.575	2.8570714685329595	0.7073444734588334
5.585	2.8435966734868985	0.738242047999232
5.595	2.8300299124610464	0.718443602177229
5.605	2.8163750024953895	0.7235432018586541
5.615	2.8026358083632728	0.6914457215108614
5.625	2.7888162415614888	0.718443602177229
5.635	2.774920259271873	0.7190435550809261
5.645	2.7609518632945536	0.7502411060731732
5.655	2.7469150989530724	0.7086943674921519
5.665	2.7328140539715102	0.746191423973218
5.675	2.7186528573238875	0.7244431312141997
5.685	2.7044356780560665	0.7188935668550018
5.695	2.6901667240803824	0.7250430841178966
5.705	2.6758502409432996	0.692345650866407
5.715	2.6614905105663746	0.7317925542844886
5.725	2.6470918499608396	0.6884459569923761
5.735	2.6326586099161133	0.6767468753702833
5.745	2.618195173662633	0.7140939436254253
5.755	2.6037059555093056	0.6941455095774981
5.765	2.589195399456003	0.722943248954957
5.775	2.574667977781511	0.6947454624811952
5.785	2.56012818960731	0.6791466869850716
5.795	2.545580559437651	0.6845462631183452
5.805	2.53102963567638	0.6701473934296157
5.815	2.5164799891209753	0.6890459098960731
5.825	2.5019362114342916	0.7106442144291673
5.835	2.4874029135945133	0.6924956390923312
5.845	2.4728847243238445	0.6620480292297054
5.855	2.4583862884964915	0.673147157948101
5.865	2.4439122655264676	0.6977452269996804
5.875	2.429467327735804	0.6714972874629341
5.885	2.4150561587037895	0.682746404407254
5.895	2.4006834515978044	0.6722472285925555
5.905	2.3863539074863875	0.6678975700407518
5.915	2.372072233635202	0.655598535514962
5.925	2.3578431417865175	0.6566484530964318
5.935	2.3436713464228855	0.6612980881000841
5.945	2.3295615630157336	0.6494490182520671
5.955	2.3155185062595343	0.6659477231037363
5.965	2.3015468882922683	0.6668476524592819
5.975	2.2876514169029423	0.6531987239001737
5.985	2.2738367937268857	0.6510988887372341
5.995	2.2601077124295665	0.6722472285925555
6.005	2.2464688568797175	0.6671476289111304
6.015	2.2329248993125734	0.6824464279554054
6.025	2.2194804984839465	0.6516988416409312
6.035	2.206140297816037	0.6783967458554503
6.045	2.192908923535729	0.6767468753702833
6.055	2.1797909828062183	0.6777967929517532
6.065	2.166791061852836	0.6708973345592371
6.075	2.1539137240839015	0.6873960394109062
6.085	2.1411635082074514	0.70089497974409
6.095	2.12854492634474	0.6714972874629341
6.105	2.1160624621413917	0.6713472992370099
6.115	1.6417170217013746	0.4388655490543992
6.125	1.630575277378436	0.43451589050259554
6.135	1.619582911892675	0.40901789209547046
6.145	1.6087442760826982	0.4423152782506573
6.155	1.5980636828631836	0.4456150192209911
6.165	1.5875454053408125	0.44156533712103596
6.175	1.577193674934203	0.4384155843766264
6.185	1.567012679498797	0.4409653842173389
6.195	1.5570065614576505	0.44321520760620287
6.205	1.5471794159390544	0.4162173269398352
6.215	1.5375352889219394	0.4349658551803683
6.225	1.528078175390024	0.4252166204952911
6.235	1.5188120174956576	0.4456150192209911
6.245	1.5097407027343033	0.4418653135728845
6.255	1.5008680621306394	0.4385655726025507
6.265	1.4921978684372206	0.472162935209586
6.275	1.483733834346673	0.4645135356874485
6.285	1.475479610718373	0.44636496035061246
6.295	1.4674387848205654	0.46226371229858454
6.305	1.4596148785889027	0.4559642068097654
6.315	1.4520113469023272	0.46601341794669116
6.325	1.4446315758772874	0.4729128763392073
6.335	1.4374788811812012	0.431966090661883
6.345	1.430556506366151	0.4607638300393419
6.355	1.4238676212237262	0.47486272327622275
6.365	1.417415320161976	0.44546503099506685
6.375	1.4112026206053854	0.47246291166143456
6.385	1.4052324614188159	0.4696131353688735
6.395	1.3995077013563364	0.5057602978166214
6.405	1.39403111753585	0.4576140772949323
6.415	1.388805403940435	0.4730628645651316
6.425	1.3838331699472892	0.47966234650579925
6.435	1.379116938885185	0.4760626290836169
6.445	1.374659146621307	0.4799623229576478
6.455	1.3704621401783526	0.476662581987314
6.465	1.3665281763827477	0.4957110866796956
6.475	1.3628594205448525	0.5074101683017883
6.485	1.3594579451719717	0.4994607923278022
6.495	1.3563257287150248	0.48836166360940664
6.505	1.3534646543496767	0.4963110395833927
6.515	1.3508765087927368	0.4930112986130588
6.525	1.3485629811546247	0.5150595678239258
6.535	1.3465256618286794	0.4982608865204081
6.545	1.344766041418062	0.4859618519946184
6.555	1.3432855097010195	0.5006606981351963
6.565	1.342085354635226	0.5074101683017883
6.575	1.3411667614019338	0.47711254666508673
6.585	1.3405308114906154	0.4915114163538162
6.595	1.3401784818248075	0.4804122876354206
6.605	1.3401106439297887	0.5089100505610309
6.615	1.3403280631427683	0.5119098150795163
6.625	1.3408313978662116	0.5126597562091375
6.635	1.3416211988648945	0.4781624642465566
6.645	1.342697908607301	0.4864118166723912
6.655	1.344061860651924	0.5089100505610309
6.665	1.3457132790790325	0.5269086376719427
6.675	1.3476522779684208	0.5134096973387589
6.685	1.3498788609236694	0.5000607452314992
6.695	1.3523929206433971	0.48671179312423973
6.705	1.3551942385399638	0.5108598974980464
6.715	1.358282484406101	0.5224089908942148
6.725	1.3616572161298546	0.5048603684610757
6.735	1.3653178794582708	0.5228589555719876
6.745	1.369263807810185	0.5102599445943493
6.755	1.3734942221384836	0.5237588849275332
6.765	1.378008230842155	0.5171594029868655
6.775	1.382804829728446	0.5044104037833029
6.785	1.3878829020254053	0.5096599916906522
6.795	1.3932412184450556	0.514609603146153
6.805	1.3988784372974683	0.5143096266943045
6.815	1.4047931046558964	0.503810450879606
6.825	1.4109836545731775	0.5159594971794714
6.835	1.4174484093495827	0.5042604155573787
6.845	1.4241855798521812	0.5153595442757744
6.855	1.431193265885902	0.5456571659124758
6.865	1.4384694566162988	0.4979609100685596
6.875	1.446012031044143	0.5273586023497155
6.885	1.4538187585317892	0.5048603684610757
6.895	1.4618872993814025	0.5222590026682905
6.905	1.4702152054649364	0.5320082373533678
6.915	1.478799920905867	0.5173093912127897
6.925	1.487638782812571	0.5140096502424559
6.935	1.496729022063251	0.5188092734720324
6.945	1.506067764142276	0.5231589320238361
6.955	1.515652030027747	0.5240588613793816
6.965	1.525478737130156	0.5182093205683354
6.975	1.5355447002818474	0.505010356687
6.985	1.5458466327770946	0.5165594500831684
6.995	1.5563811474624987	0.5086100741091824
7.005	1.5671447578774127	0.5266086612200942
7.015	1.5781338794440563	0.5158095089535472
7.025	1.589344830706987	0.5245088260571544
7.035	1.6007738346215399	0.5357579430014744
7.045	1.6124170198908039	0.5353079783237016
7.055	1.6242704223507642	0.540107601553278
7.065	1.6363299864030707	0.5431073660717634
7.075	1.6485915664949995	0.5393576604236567
7.085	1.6610509286460893	0.5426574013939905
7.095	1.6737037520208902	0.5278085670274884
7.105	1.6865456305472701	0.5362079076792471
7.115	1.6995720745796974	0.5518066831753707
7.125	1.7127785126068749	0.5470070599457942
7.135	1.7261602930030662	0.5615559178604479
7.145	1.7397126858224798	0.5147595913720773
7.155	1.7534308846359923	0.5542064947901589
7.165	1.7673100084094922	0.540107601553278
7.175	1.7813451034231278	0.5333581313866861
7.185	1.795531145230667	0.549706848012431
7.195	1.80986304065819	0.5320082373533678
7.205	1.8243356298412905	0.5341080725163074
7.215	1.8389436882999879	0.5434073425236119
7.225	1.8536819290504285	0.5594560826975082
7.235	1.8685450047525582	0.5342580607422317
7.245	1.8835275098928044	0.5386077192940354
7.255	1.8986239830009144	0.5390576839718082
7.265	1.9138289088999203	0.532758178482989
7.275	1.9291367209883297	0.5242088496053059
7.285	1.9445418035535273	0.5305083550941251
7.295	1.9600384941153874	0.5263086847682457
7.305	1.9756210857990708	0.5189592616979567
7.315	1.9912838297359525	0.5306583433200494
7.325	2.0070209374916392	0.5399576133273538
7.335	2.0228265835199615	0.522558979120139
7.345	2.0386949076418976	0.5405575662310508
7.355	2.0546200175482405	0.5278085670274884
7.365	2.0705959913249363	0.5351579900977773
7.375	2.086616879999929	0.5317082609015192
7.385	2.1026767101103383	0.5446072483310059
7.395	2.1187694862888082	0.5234589084756847
7.405	2.134889193867829	0.5272086141237913
7.415	2.151029801500834	0.5320082373533678
7.425	2.1671852637988316	0.5564563181790229
7.435	2.183349523981393	0.5473070363976428
7.445	2.199516516540704	0.5464071070420972
7.455	2.2156801699174395	0.540107601553278
7.465	2.2318344091872415	0.5773046815824957
7.475	2.247973158756466	0.5764047522269501
7.485	2.264090345065954	0.5654556117344788
7.495	2.280179899301546	0.5819543165861479
7.505	2.296235760110017	0.5819543165861479
7.515	2.312251876319134	0.5966531627267259
7.525	2.3282222096605487	0.5843541282009361
7.535	2.344140737494183	0.5971031274044987
7.545	2.360001455532784	0.6287506430745186
7.555	2.375798380565373	0.6146517498376377
7.565	2.3915255531781665	0.6510988887372341
7.575	2.407177040471736	0.6587482882593716
7.585	2.422746938773018	0.6401497482447628
7.595	2.438229376340841	0.6534987003520223
7.605	2.453618516063639	0.6573983942260532
7.615	2.4689085581480343	0.6764468989184349
7.625	2.4840937427969236	0.6758469460147378
7.635	2.4991683528757367	0.7068945087810606
7.645	2.514126716565576	0.6893458863479216
7.655	2.5289632100018284	0.6996950739366959
7.665	2.5436722598970047	0.7332924365437312
7.675	2.5582483461464394	0.7349423070288982
7.685	2.572686004415536	0.7436416241325056
7.695	2.5869798287072485	0.7473913297806122
7.705	2.601124473908512	0.7394419538066261
7.715	2.6151146583142992	0.7748391751247526
7.725	2.628945166128009	0.7542907881731283
7.735	2.6426108499369527	0.7641900110841299
7.745	2.6561066331615772	0.780088763032102
7.755	2.6694275124772537	0.8045368438577571
7.765	2.6825685602073235	0.7943376444949071
7.775	2.6955249266861703	0.7952375738504527
7.785	2.708291842591088	0.8000371970800292
7.795	2.720864621241741	0.8295848775871093
7.805	2.733238660865998	0.7934377151393615
7.815	2.7454094468309402	0.8439837472758388
7.825	2.757372553837903	0.8246352661316086
7.835	2.769123648080349	0.8174358312872438
7.845	2.7806584893634527	0.8193856782242593
7.855	2.791972933184268	0.8405340180795807
7.865	2.8030629327713563	0.8490833469572638
7.875	2.813924541082791	0.826585113068624
7.885	2.8245539127614587	0.8564327700275528
7.895	2.8349473060466117	0.8592825463201138
7.905	2.8451010846406133	0.8606324403534322
7.915	2.855011719529892	0.8592825463201138
7.925	2.8646757907590774	0.83558440662408
7.935	2.8740899891573695	0.8778810863347226
7.945	2.8832511180161746	0.861682357934902
7.955	2.892156094717086	0.8630322519682204
7.965	2.900801952309297	0.8943797911863918
7.975	2.909185841035579	0.8768311687532528
7.985	2.917305029805934	0.8577826640608711
7.995	2.925156907618133	0.8703816750385094
8.005	2.932738984924296	0.8636322048719175
8.015	2.9400488949427372	0.8570327229312499
8.025	2.9470843949143326	0.8525330761535219
8.035	2.9538433673026665	0.8852305094050117
8.045	2.960323820937253	0.8718815572977521
8.055	2.868504601925195	0.8070866436984696
8.065	2.8738202573502942	0.8114363022502733
8.075	2.87885218927021	0.7992872559504078
8.085	2.8835989222489307	0.7761890691580711
8.095	2.888059112055989	0.7980873501430137
8.105	2.892231546454952	0.7781389160950865
8.115	2.8961151459308385	0.8007871382096505
8.125	2.8997089643560123	0.792537785783816
8.135	2.9030121895940955	0.7836884804542843
8.145	2.906024144041492	0.8048368203096057
8.155	2.9087442851061396	0.7709394812507218
8.165	2.911172205623143	0.7460414357472938
8.175	2.913307634206956	0.7554906939805225
8.185	2.9151504355398323	0.7757391044802983
8.195	2.916700610596297	0.7238431783105026
8.205	2.9179582968033966	0.7680897049581608
8.215	2.918923768136538	0.7218933313734871
8.225	2.919597435150772	0.7412418125177173
8.235	2.919979844947377	0.7365921775140651
8.245	2.9200716810756466	0.6977452269996804
8.255	2.9198737633698366	0.7197934962105474
8.265	2.919387047721213	0.6749470166591922
8.275	2.9186126257852343	0.7046446853921967
8.285	2.917551724623876	0.7082444028143791
8.295	2.91620570628319	0.6759969342406621
8.305	2.9145760673061725	0.6618980410037811
8.315	2.912664438181108	0.6498989829298399
8.325	2.910472582725523	0.655598535514962
8.335	2.9080023974059803	0.6420995951817782
8.345	2.9052559105939126	0.6125519146746979
8.355	2.9022352817578048	0.6139018087080164
8.365	2.8989428005919615	0.5587061415678869
8.375	2.8953808860822683	0.5840541517490877
8.385	2.891552085509239	0.5636557530233877
8.395	2.8874590733887686	0.553156577208689
8.405	2.8831046503510587	0.5375578017125655
8.415	2.8784917419580918	0.5138596620165317
8.425	2.8736233974602348	0.4871617578020125
8.435	2.868502788492421	0.487461734253861
8.445	2.8631332077105185	0.46301365342820583
8.455	2.8575180673684177	0.45671414793938675
8.465	2.8516608978365214	0.43121614953226167
8.475	2.8455653460622097	0.4141174917768955
8.485	2.83923517397299	0.38891946982161896
8.495	2.8326742568230783	0.39926865741039325
8.505	2.82588658148404	0.41081775080656163
8.515	2.8188762446804043	0.426866490980458
8.525	2.8116474511708676	0.43076618485448886
8.535	2.80420451187609	0.43406592582482273
8.545	2.796551841953783	0.4388655490543992
8.555	2.7886939588220807	0.4300162437248676
8.565	2.780635480132011	0.45416434809867423
8.575	2.772381121690037	0.44261525470250584
8.585	2.7639356953316656	0.46496350036522127
8.595	2.7553041067470185	0.4624137005245088
8.605	2.7464913532594504	0.46886319423925216
8.615	2.7375025215581963	0.47921238182802645
8.625	2.72834278538617	0.48956156941680073
8.635	2.7190174031838996	0.48131221699096616
8.645	2.7095317156908196	0.49541111022784706
8.655	2.699891143504944	0.5161094854053956
8.665	2.6901011846021152	0.5077101447536368
8.675	2.6801674118160412	0.5155095325016986
8.685	2.6700954702802253	0.5284085199311853
8.695	2.6598910748330713	0.5240588613793816
8.705	2.64956000738735	0.5429573778458391
8.715	2.639108114265349	0.5389076957458839
8.725	2.6285413035008522	0.5518066831753707
8.735	2.6178655421094015	0.5485069422050368
8.745	2.6070868533279636	0.5582561768901141
8.755	2.5962113138255023	0.5785045873898899
8.765	2.5852450508856424	0.5831542223935421
8.775	2.5741942395628805	0.5569062828567957
8.785	2.5630650998136373	0.6025027035377722
8.795	2.551863893603617	0.5948533040156347
8.805	2.540596921992773	0.5896037161082854
8.815	2.529270522199324	0.611951961771001
8.825	2.5178910646443047	0.6217011964560781
8.835	2.506464949977924	0.5909536101416039
8.845	2.494998606089382	0.6133018558043193
8.855	2.4834984851013315	0.6146517498376377
8.865	2.471971060350725	0.657848358903826
8.875	2.4604228233572596	0.6564984648705077
8.885	2.448860280781083	0.647649159540976
8.895	2.4372899513711093	0.6387998542114444
8.905	2.4257183629054717	0.7044946971662724
8.915	2.414152049125656	0.6941455095774981
8.925	2.402597546665681	0.6875460276368305
8.935	2.391061391977994	0.7050946500699694
8.945	2.3795501182573515	0.6891958981219973
8.955	2.368070252364447	0.722943248954957
8.965	2.3566283117505473	0.7236931900845783
8.975	2.3452308013848264	0.7284928133141548
8.985	2.33388421068576	0.7595403760804776
8.995	2.322595010458139	0.7290927662178518
9.005	2.3113696498372325	0.7772389867395408
9.015	2.300214553241514	0.7716894223803431
9.025	2.289136117335503	0.7794888101284049
9.035	2.278140708004155	0.786388268520921
9.045	2.267234657340367	0.7820386099691173
9.055	2.256424260646943	0.8022870204688931
9.065	2.2457157734546263	0.8328846185574432
9.075	2.2351154085575424	0.8333345832352159
9.085	2.224629333067554	0.8163859137057741
9.095	2.2142636654890016	0.8502832527646579
9.105	2.204024472815186	0.8705316632644337
9.115	2.1939177676480806	0.8474334764720969
9.125	2.183949505342623	0.8823807331124506
9.135	2.174125581177056	0.8789310039161925
9.145	2.1644518275506464	0.9065288374862572
9.155	2.154934011210167	0.9453757880006419
9.165	2.1455778305064834	0.9402761883192169
9.175	2.136388912682655	0.9207777189490625
9.185	2.1273728111947707	0.9413261059006868
9.195	2.118535003066929	0.9806230210928442
9.205	2.1098808862815663	0.9966717612667405
9.215	2.1014157772065127	0.9518252817153853
9.225	2.0931449080599	1.0001214904629985
9.235	2.0850734244143	0.9773232801225104
9.245	2.077206382741201	1.040018358558853
9.255	2.0695487479970556	1.0487176756624603
9.265	2.0621053912521203	1.047967734532839
9.275	2.0548810873631713	1.0707659448733273
9.285	2.0478805126912714	1.1030134134470444
9.295	2.0411082428656737	1.0584669103475377
9.305	2.0345687505950028	1.1201120712024106
9.315	2.0282664035266764	1.1352608820207613
9.325	2.022205462155727	1.1603089157501136
9.335	2.0163900777839285	1.2026055954607562
9.345	2.010824290530287	1.1844570201239202
9.355	2.0055120273938165	1.1964560781978615
9.365	2.0004571003695797	1.2213541237012893
9.375	1.9956632046188432	1.2435523811380806
9.385	1.991133916694264	1.2771497437451158
9.395	1.9868726928209843	1.2934984603708608
9.405	1.982882867234382	1.3092472240929085
9.415	1.9791676505753708	1.3542436918701881
9.425	1.9757301283439301	1.3744921023699639
9.435	1.9725732594116545	1.3312954933037755
9.445	1.9696998745940113	1.3810915843106315
9.455	1.9671126752829955	1.4134890411102727
9.465	1.964814232140808	1.4343374045137456
9.475	1.9628069838551803	1.4539858621098243
9.485	-Inf	0.0
9.495	-Inf	0.0
9.505	-Inf	0.0
9.515	-Inf	0.0
9.525	-Inf	0.0
9.535	-Inf	0.0
9.545	-Inf	0.0
9.555	-Inf	0.0
9.565	-Inf	0.0
9.575	-Inf	0.0
9.585	-Inf	0.0
9.595	-Inf	0.0
9.605	-Inf	0.0
9.615	-Inf	0.0
9.625	-Inf	0.0
9.635	-Inf	0.0
9.645	-Inf	0.0
9.655	-Inf	0.0
9.665	-Inf	0.0
9.675	-Inf	0.0
9.685	-Inf	0.0
9.695	-Inf	0.0
9.705	-Inf	0.0
9.715	-Inf	0.0
9.725	-Inf	0.0
9.735	-Inf	0.0
9.745	-Inf	0.0
9.755	-Inf	0.0
9.765	-Inf	0.0
9.775	-Inf	0.0
9.785	-Inf	0.0
9.795	-Inf	0.0
9.805	-Inf	0.0
9.815	-Inf	0.0
9.825	-Inf	0.0
9.835	-Inf	0.0
9.845	-Inf	0.0
9.855	-Inf	0.0
9.865	-Inf	0.0
9.875	-Inf	0.0
9.885	-Inf	0.0
9.895	-Inf	0.0
9.905	-Inf	0.0
9.915	-Inf	0.0
9.925	-Inf	0.0
9.935	-Inf	0.0
9.945	-Inf	0.0
9.955	-Inf	0.0
9.965	-Inf	0.0
9.975	-Inf	0.0
9.985	-Inf	0.0
9.995	-Inf	0.0
