0.005	-Inf	0.0
0.015	-5.910665886221002	0.0028148386500791945
0.025	-5.911835404018306	0.0028780145798814705
0.035	-5.913273668395225	0.0026533890516955995
0.045	-5.914980812860437	0.002505978548823622
0.055	-5.9169567663549305	0.0028920536753930877
0.065	-5.919201252974046	0.002807819102323386
0.075	-5.921713791831238	0.0026463695039397914
0.085	-5.924493697063728	0.0027306040770094927
0.095	-5.927540077980166	0.0028218581978350027
0.105	-5.930851839350289	0.002765701815788535
0.115	-5.934427681836484	0.002660408599451408
0.125	-5.938266102567063	0.0025551153831142813
0.135	-5.942365395850992	0.002260294377370326
0.145	-5.946723654033666	0.002625310860672366
0.155	-5.951338768493288	0.0025551153831142813
0.165	-5.956208430777271	0.0024989590010678136
0.175	-5.961330133878019	0.0026323304084281745
0.185	-5.966701173647334	0.0028709950321256623
0.195	-5.972318650348611	0.002491939453312005
0.205	-5.978179470345879	0.0023024116639051764
0.215	-5.984280347928678	0.0027095454337420673
0.225	-5.990617807271656	0.002372607141463261
0.235	-5.997188184527661	0.002281353020637751
0.245	-6.003987630053072	0.002323470307172602
0.255	-6.0110121107639465	0.002309431211660985
0.265	-6.018257412621552	0.002541076287602664
0.275	-6.025719143245699	0.002569154478625898
0.285	-6.033392734654249	0.002414724427998112
0.295	-6.041273446127066	0.0026463695039397914
0.305	-6.049356367192608	0.002190098899812241
0.315	-6.057636420735258	0.0024077048802423036
0.325	-6.066108366221427	0.002267313925126134
0.335	-6.074766803042388	0.0024077048802423036
0.345	-6.083606173971681	0.0022883725683935595
0.355	-6.0926207687349185	0.0023936657847306864
0.365	-6.101804727689675	0.002260294377370326
0.375	-6.111152045613119	0.002218177090835475
0.385	-6.120656575594959	0.0021690402565448155
0.395	-6.1303120330331895	0.0021690402565448155
0.405	-6.140111999730075	0.002267313925126134
0.415	-6.1500499280857275	0.002323470307172602
0.425	-6.160119145386572	0.0021058643267425395
0.435	-6.170312858185931	0.002386646236974878
0.445	-6.1806241567738915	0.0019514342761147532
0.455	-6.191046019733564	0.0020918252312309227
0.465	-6.201571318580775	0.002190098899812241
0.475	-6.2121928224841785	0.001916336537335711
0.485	-6.2229032030627405	0.0018601801552892432
0.495	-6.233695039257444	0.002133942517765773
0.505	-6.244560822274072	0.0018671997030450516
0.515	-6.255492960593831	0.0018812387985566686
0.525	-6.266483785048562	0.0020005711104054123
0.535	-6.277525553957203	0.0016776719136382232
0.545	-6.288610458320174	0.0018601801552892432
0.555	-6.299730627068269	0.0018180628687543925
0.565	-6.310878132362621	0.0018180628687543925
0.575	-6.3220449949422886	0.001797004225486967
0.585	-6.333223189515916	0.0020005711104054123
0.595	-6.3444046501939795	0.0018671997030450516
0.605	-6.355581275958012	0.0015723786973010961
0.615	-6.366744936163227	0.0017408478434404993
0.625	-6.377887476070927	0.001733828295684691
0.635	-6.389000722407038	0.0016285350793475639
0.645	-6.400076488943125	0.0016144959838359468
0.655	-6.411106582096184	0.0015513200540336707
0.665	-6.42208280654354	0.0015232418630104368
0.675	-6.432996970849122	0.001558339601789479
0.685	-6.4438408930974	0.0015513200540336707
0.695	-6.454606406531255	0.001705750104661457
0.705	-6.465285365190045	0.0014741050287197777
0.715	-6.475869649544136	0.0016144959838359468
0.725	-6.486351172122138	0.0014811245764755861
0.735	-6.496721883127133	0.001403909551161693
0.745	-6.506973776038142	0.0014741050287197777
0.755	-6.517098893193106	0.0014319877421849268
0.765	-6.527089331349671	0.0014249681944291184
0.775	-6.536937247220044	0.0015934373405685216
0.785	-6.546634862976254	0.0013407336213594168
0.795	-6.556174471722113	0.0013898704556500761
0.805	-6.565548442928233	0.0013688118123826507
0.815	-6.57474922782644	0.0014249681944291184
0.825	-6.583769364759987	0.0016215155315917554
0.835	-6.5926014844859555	0.0013688118123826507
0.845	-6.601238315426293	0.001403909551161693
0.855	-6.6096726888639346	0.001375831360138459
0.865	-6.617897544080536	0.0013617922646268423
0.875	-6.625905933432308	0.001403909551161693
0.885	-6.6336910273605625	0.0010599517111270782
0.895	-6.6412461193335455	0.001284577239312949
0.905	-6.648564630716226	0.0013898704556500761
0.915	-6.6556401155647285	0.0013477531691152252
0.925	-6.662466265342134	0.0012424599527780982
0.935	-6.669036913552466	0.0011371667364409714
0.945	-6.675346040289662	0.001270538143801332
0.955	-6.681387776698446	0.001298616334824566
0.965	-6.687156409344035	0.0013196749780919914
0.975	-6.692646384487668	0.0011582253797083966
0.985	-6.697852312265037	0.001116108093173546
0.995	-6.702768970764713	0.0014460268376965439
1.005	-6.707391310003762	0.0012635185960455236
1.015	-6.711714455797786	0.001102068997661929
1.025	-6.715733713522706	0.0011582253797083966
1.035	-6.719444571765643	0.001193323118487439
1.045	-6.722842705862366	0.0012635185960455236
1.055	-6.725923981318813	0.0011863035707316305
1.065	-6.728684457114262	0.0013056358825803745
1.075	-6.731120388883842	0.001312655430336183
1.085	-6.733228231978088	0.0011512058319525882
1.095	-6.735004644397387	0.0010810103543945036
1.105	-6.736446489599192	0.0013688118123826507
1.115	-6.737550839175986	0.001284577239312949
1.125	-6.738314975402038	0.0011371667364409714
1.135	-6.738736393647119	0.001312655430336183
1.145	-6.738812804655369	0.0012284208572664814
1.155	-6.7385421366876495	0.001179284022975822
1.165	-6.73792253752575	0.0012284208572664814
1.175	-6.736952376336969	0.000982736685813185
1.185	-6.735630245397594	0.0011512058319525882
1.195	-6.733954961673985	0.0012354404050222898
1.205	-6.731925568259982	0.0011582253797083966
1.215	-6.729541335669498	0.0010950494499061205
1.225	-6.7268017629832215	0.0012284208572664814
1.235	-6.723706578848468	0.0013196749780919914
1.245	-6.720255742331283	0.0012494795005339068
1.255	-6.716449443620049	0.0011441862841967798
1.265	-6.712288104579853	0.0011371667364409714
1.275	-6.7077723791570865	0.0011371667364409714
1.285	-6.702903153633723	0.0013547727168710336
1.295	-6.697681546730909	0.0012284208572664814
1.305	-6.692108909561552	0.001298616334824566
1.315	-6.686186825431689	0.0011512058319525882
1.325	-6.679917109490552	0.0011722644752200136
1.335	-6.673301808229285	0.0012143817617548643
1.345	-6.666343198828419	0.001179284022975822
1.355	-6.659043788354289	0.0012494795005339068
1.365	-6.651406312804658	0.0012775576915571407
1.375	-6.64343373600393	0.0013337140736036084
1.385	-6.635129248348434	0.0013968900034058845
1.395	-6.626496265402352	0.001312655430336183
1.405	-6.617538426344933	0.0014390072899407352
1.415	-6.6082595922697935	0.0013337140736036084
1.425	-6.598663844337141	0.001270538143801332
1.435	-6.588755481779877	0.0012564990482897152
1.445	-6.57853901976465	0.0012143817617548643
1.455	-6.56801918710897	0.0014460268376965439
1.465	-6.557200923855655	0.001375831360138459
1.475	-6.5460893787059256	0.0014530463854523523
1.485	-6.534689906312571	0.0013337140736036084
1.495	-6.523008064434703	0.0015372809585220539
1.505	-6.511049610955707	0.0015302614107662452
1.515	-6.49882050076609	0.001298616334824566
1.525	-6.486326882512987	0.0014811245764755861
1.535	-6.4735750952182265	0.00160045688832433
1.545	-6.4605716647668885	0.0016215155315917554
1.555	-6.447323300268421	0.001495163671987203
1.565	-6.43383689029241	0.0014109290989175014
1.575	-6.420119498981251	0.0015723786973010961
1.585	-6.406178362041976	0.001558339601789479
1.595	-6.392020882619638	0.0016566132703707977
1.605	-6.37765462705468	0.0016776719136382232
1.615	-6.36308732052682	0.0016636328181266061
1.625	-6.3483268425880715	0.0015372809585220539
1.635	-6.333381222587539	0.001916336537335711
1.645	-6.318258634990784	0.0018601801552892432
1.655	-6.302967394596525	0.00178296512997535
1.665	-6.287515951653618	0.0018671997030450516
1.675	-6.27191288688122	0.001958453823870562
1.685	-6.256166906395186	0.0018391215120218177
1.695	-6.240286836543778	0.001825082416510201
1.705	-6.224281618655815	0.00205672749245188
1.715	-6.208160303704501	0.0018952778940682855
1.725	-6.1919320468901455	0.002260294377370326
1.735	-6.175606102145145	0.0020707665879634973
1.745	-6.159191816564548	0.001916336537335711
1.755	-6.142698624765674	0.002126922970009965
1.765	-6.126136043180216	0.002267313925126134
1.775	-6.109513664282361	0.0024077048802423036
1.785	-6.092841150756515	0.002218177090835475
1.795	-6.0761282296081776	0.002309431211660985
1.805	-6.059384686221702	0.002386646236974878
1.815	-6.042620358368527	0.0024708808100445795
1.825	-6.0258451301696825	0.0024989590010678136
1.835	-6.009068926016277	0.0024989590010678136
1.845	-5.992301704451767	0.0024849199055561964
1.855	-5.975553452019816	0.0024708808100445795
1.865	-5.958834177081597	0.002611271765160749
1.875	-5.942153903606395	0.0028148386500791945
1.885	-5.925522664939378	0.0028007995545675773
1.895	-5.9089504975504825	0.002758682268032727
1.905	-5.89244743476829	0.002449822166777154
1.915	-5.876023500502867	0.0027095454337420673
1.925	-5.859688702961498	0.0028288777455908114
1.935	-5.843453028361265	0.0028218581978350027
1.945	-5.827326434642455	0.0030886010125557245
1.955	-5.811318845186741	0.002807819102323386
1.965	-5.7954401425441375	0.0028920536753930877
1.975	-5.779700162172653	0.003116679203578958
1.985	-5.764108686194665	0.00301840553499764
1.995	-5.74867543717391	0.0034465979481019563
2.005	-5.733410071917112	0.00310965965582315
2.015	-5.718322175304127	0.003032444630509257
2.025	-5.703421254150568	0.003320246088497404
2.035	-5.688716731106814	0.0032711092542067445
2.045	-5.67421793859729	0.003460637043613573
2.055	-5.65993411280391	0.0034395784003461477
2.065	-5.645874387697489	0.003516793425660041
2.075	-5.632047789121017	0.0035659302599507
2.085	-5.618463228928513	0.003832673074671422
2.095	-5.605129499183295	0.0036220866419971677
2.105	-5.592055266419347	0.0035799693554623173
2.115	-5.579249065969498	0.0039028685522295064
2.125	-5.566719296364096	0.0036712234762878273
2.135	-5.554474213803742	0.003825653526915613
2.145	-5.5425219267097265	0.0037624775971133373
2.155	-5.530870390355643	0.003895849004473698
2.165	-5.519527401583701	0.00416259181919442
2.175	-5.50850059360917	0.004338080513089631
2.185	-5.497797430916316	0.004583764684542927
2.195	-5.487425204249198	0.004373178251868674
2.205	-5.477391025700565	0.00420470910572927
2.215	-5.467701823902114	0.004401256442891907
2.225	-5.45836433931921	0.003987103125299208
2.235	-5.449385119653234	0.004450393277182566
2.245	-5.440770515354529	0.003895849004473698
2.255	-5.432526675248949	0.004429334633915141
2.265	-5.424659542280901	0.00443635418167095
2.275	-5.417174849375702	0.004576745136787119
2.285	-5.410078115424027	0.004675018805368437
2.295	-5.403374641391103	0.004267885035531546
2.305	-5.397069506553304	0.0042327872967525045
2.315	-5.391167564864625	0.004611842875566162
2.325	-5.385673441455542	0.004450393277182566
2.335	-5.380591529266603	0.004478471468205801
2.345	-5.375925985819046	0.004457412824938375
2.355	-5.371680730124663	0.004703096996391672
2.365	-5.367859439737036	0.004604823327810353
2.375	-5.364465547946177	0.00461886242332197
2.385	-5.361502241118528	0.004906663881310117
2.395	-5.358972456184183	0.004534627850252268
2.405	-5.356878878273131	0.004541647398008076
2.415	-5.3552239385021485	0.004660979709856821
2.425	-5.354009811913997	0.0047803120217055645
2.435	-5.353238415570373	0.005082152575205328
2.445	-5.3529114068000485	0.004604823327810353
2.455	-5.353030181603486	0.004794351117217182
2.465	-5.353595873215163	0.0045978037800545445
2.475	-5.354609350824698	0.00471011654414748
2.485	-5.356071218457822	0.004667999257612629
2.495	-5.357981814018087	0.00471011654414748
2.505	-5.360341208490166	0.004562706041275502
2.515	-5.363149205305425	0.0048224293082404154
2.525	-5.366405339870429	0.004773292473949756
2.535	-5.3701088792588685	0.004443373729426758
2.545	-5.374258822067342	0.004429334633915141
2.555	-5.378853898435325	0.0046890579008800545
2.565	-5.383892570229495	0.004646940614345204
2.575	-5.389373031392591	0.004513569206984843
2.585	-5.395293208456761	0.004478471468205801
2.595	-5.40165076122135	0.004295963226554781
2.605	-5.408443083594902	0.004576745136787119
2.615	-5.41566730460111	0.004260865487775738
2.625	-5.423320289548301	0.004359139156357056
2.635	-5.4313986413619615	0.004288943678798972
2.645	-5.439898702079699	0.004183650462461845
2.655	-5.448816554507948	0.004422315086159333
2.665	-5.458148024039611	0.004211728653485079
2.675	-5.467888680631729	0.004064318150613101
2.685	-5.478033840942185	0.004366158704112865
2.695	-5.488578570624329	0.004295963226554781
2.705	-5.499517686778331	0.0039590249342759745
2.715	-5.510845760557961	0.003867770813450464
2.725	-5.522557119931394	0.003966044482031783
2.735	-5.534645852594533	0.003699301667311061
2.745	-5.547105809035305	0.003727379858334295
2.755	-5.559930605747177	0.0036291061897529764
2.765	-5.573113628590179	0.004057298602857293
2.775	-5.586648036297512	0.003650164833020402
2.785	-5.600526764125799	0.003650164833020402
2.795	-5.614742527646932	0.0036010279987297423
2.805	-5.629287826679345	0.0034044806615671054
2.815	-5.644154949356504	0.0033132265407415954
2.825	-5.659335976330272	0.003278128801962553
2.835	-5.674822785106779	0.003376402470543872
2.845	-5.6906070545122525	0.003397461113811297
2.855	-5.706680269286294	0.0032289919676718936
2.865	-5.7230337247999135	0.0033553438272764463
2.875	-5.739658531895584	0.0030394641782650654
2.885	-5.756545621846545	0.003306206992985787
2.895	-5.773685751432415	0.0029622491529511723
2.905	-5.791069508128195	0.0030464837260208736
2.915	-5.808687315403599	0.00292715141417213
2.925	-5.826529438129627	0.0027446431725211095
2.935	-5.844585988089199	0.0029201318664163214
2.945	-5.862846929588589	0.0029973468917302145
2.955	-5.881302085166405	0.0028709950321256623
2.965	-5.899941141396667	0.002611271765160749
2.975	-5.918753654782637	0.002576174026381707
2.985	-5.937729057737846	0.0024357830712655373
2.995	-5.956856664650807	0.0025551153831142813
3.005	-5.976125678029789	0.0026463695039397914
3.015	-5.995525194724037	0.002576174026381707
3.025	-6.015044212217669	0.002218177090835475
3.035	-6.0346716349925735	0.0023796266892190695
3.045	-6.054396280956457	0.0023304898549284104
3.055	-6.074206887932202	0.0022743334728819427
3.065	-6.094092120204692	0.002358568045951644
3.075	-6.1140405751211455	0.0022883725683935595
3.085	-6.134040789740998	0.0021830793520564327
3.095	-6.154081247531385	0.002007590658161221
3.105	-6.174150385104147	0.0020707665879634973
3.115	-6.194236598990341	0.0021128838744983477
3.125	-6.214328252448175	0.002225196638591283
3.135	-6.234413682300252	0.002035668849184455
3.145	-6.254481205795998	0.0020146102059170295
3.155	-6.274519127495154	0.0017268087479288823
3.165	-6.294515746168145	0.0018110433209985839
3.175	-6.314459361709175	0.0016706523658824145
3.185	-6.334338282057849	0.0019093169895799025
3.195	-6.354140830125122	0.0017197892001730739
3.205	-6.373855350719418	0.0015372809585220539
3.215	-6.3934702174686455	0.0015162223152546284
3.225	-6.412973839733991	0.0016566132703707977
3.235	-6.432354669511194	0.0014249681944291184
3.245	-6.451601208315208	0.00150920276749882
3.255	-6.470702014043953	0.0015934373405685216
3.265	-6.489645707817073	0.0013266945258477998
3.275	-6.5084209807854565	0.0017619064867079248
3.285	-6.5270166009074	0.0014109290989175014
3.295	-6.545421419687278	0.001375831360138459
3.305	-6.563624378872593	0.0014811245764755861
3.315	-6.581614517105301	0.0014600659332081607
3.325	-6.599380976523356	0.0015162223152546284
3.335	-6.61691300930844	0.001270538143801332
3.345	-6.6341999841758215	0.0013266945258477998
3.355	-6.651231392802421	0.0011090885454177375
3.365	-6.667996856189086	0.0010810103543945036
3.375	-6.6844861309531876	0.001375831360138459
3.385	-6.700689115547686	0.0012915967870687575
3.395	-6.7165958564027886	0.001221401309510673
3.405	-6.732196553986482	0.0011231276409293543
3.415	-6.747481568780145	0.0012494795005339068
3.425	-6.762441427165584	0.001116108093173546
3.435	-6.777066827219861	0.0009265803037667174
3.445	-6.7913486444143025	0.0011652449274642052
3.455	-6.805277937214206	0.0010950494499061205
3.465	-6.818845952575726	0.001116108093173546
3.475	-6.832044131336588	0.000996775781324802
3.485	-6.844864113497227	0.0009897562335689936
3.495	-6.857297743389131	0.0012424599527780982
3.505	-6.8693370747271105	0.0011231276409293543
3.515	-6.880974375542417	0.0009897562335689936
3.525	-6.892202132993572	0.000996775781324802
3.535	-6.90301305805195	0.0010669712588828866
3.545	-6.913400090059177	0.001024853972348036
3.555	-6.923356401153457	0.0010529321633712698
3.565	-6.932875400562131	0.0009476389470341427
3.575	-6.941950738757675	0.000996775781324802
3.585	-6.950576311474622	0.000982736685813185
3.595	-6.9587462635848025	0.0009546584947899512
3.605	-6.966454992828499	0.000996775781324802
3.615	-6.9736971533991525	0.0008844630172318666
3.625	-6.980467659379336	0.0008563848262086327
3.635	-6.986761688025825	0.000982736685813185
3.645	-6.992574682901672	0.0008985021127434835
3.655	-6.997902356853279	0.0009406193992783343
3.665	-7.002740694830569	0.0009335998515225258
3.675	-7.007085956548453	0.0009125412082551005
3.685	-7.010934678987847	0.0009616780425457597
3.695	-7.014283678734652	0.0010599517111270782
3.705	-7.017130054155162	0.0008353261829412073
3.715	-7.0194711874064595	0.0008212870874295903
3.725	-7.021304746280514	0.0009476389470341427
3.735	-7.022628685880717	0.0007932088964063565
3.745	-7.023441250129757	0.0010178344245922275
3.755	-7.02374097310781	0.0008283066351853989
3.765	-7.0235266802201215	0.0009265803037667174
3.775	-7.022797489193161	0.0010037953290806105
3.785	-7.021552810898663	0.0009616780425457597
3.795	-7.019792350004906	0.0008774434694760581
3.805	-7.017516105454769	0.001088029902150312
3.815	-7.014724370770141	0.0009125412082551005
3.825	-7.0114177341823956	0.0008072479919179734
3.835	-7.007597078588754	0.0008985021127434835
3.845	-7.003263581334447	0.0010178344245922275
3.855	-6.998418713820696	0.000982736685813185
3.865	-6.993064240938658	0.0009686975903015682
3.875	-6.987202220329555	0.0008774434694760581
3.885	-6.980835001471332	0.0008985021127434835
3.895	-6.973965224592305	0.0009406193992783343
3.905	-6.966595819412326	0.0008563848262086327
3.915	-6.958730003712144	0.0011090885454177375
3.925	-6.9503712817317105	0.0009616780425457597
3.935	-6.9415234423982985	0.0009335998515225258
3.945	-6.932190557385405	0.001088029902150312
3.955	-6.9223769790035	0.0008353261829412073
3.965	-6.912087337923822	0.0011512058319525882
3.975	-6.901326540736448	0.0009125412082551005
3.985	-6.890099767344074	0.0009686975903015682
3.995	-6.87841246819293	0.0009897562335689936
4.005	-6.866270361342444	0.0011441862841967798
4.015	-6.853679429375303	0.001024853972348036
4.025	-6.840645916149695	0.001116108093173546
4.035	-6.827176323395612	0.0010178344245922275
4.045	-6.813277407157138	0.0010599517111270782
4.055	-6.798956174082831	0.0012354404050222898
4.065	-6.784219877566308	0.001088029902150312
4.075	-6.769076013739293	0.0012494795005339068
4.085	-6.753532317319454	0.001130147188685163
4.095	-6.73759675731545	0.0011231276409293543
4.105	-6.721277532591706	0.0010599517111270782
4.115	-6.7045830672954825	0.0012494795005339068
4.125	-6.68752200614895	0.0012284208572664814
4.135	-6.670103209608996	0.0012424599527780982
4.145	-6.652335748897635	0.0013898704556500761
4.155	-6.634228900905924	0.0012564990482897152
4.165	-6.615792142974384	0.001375831360138459
4.175	-6.597035147552991	0.001403909551161693
4.185	-6.5779677767439075	0.0012564990482897152
4.195	-6.558600076730157	0.0012915967870687575
4.205	-6.538942272093524	0.0012915967870687575
4.215	-6.519004760025045	0.0016987305569056484
4.225	-6.498798104431513	0.0013688118123826507
4.235	-6.478333029941477	0.0015934373405685216
4.245	-6.457620415814296	0.0014319877421849268
4.255	-6.436671289755829	0.0014249681944291184
4.265	-6.4154968216444415	0.0016425741748591807
4.275	-6.39410831717106	0.0014600659332081607
4.285	-6.372517211397032	0.0015653591495452877
4.295	-6.350735062233598	0.0016495937226149893
4.305	-6.328773543846877	0.0018180628687543925
4.315	-6.306644439992272	0.0017689260344637332
4.325	-6.284359637282255	0.0019373951806031364
4.335	-6.261931118391497	0.0020637470402076886
4.345	-6.239370955203475	0.00196547337162637
4.355	-6.216691301902507	0.0020216297536728377
4.365	-6.193904388015448	0.002084805683475114
4.375	-6.171022511407079	0.002218177090835475
4.385	-6.148058031233443	0.0021550011610331986
4.395	-6.125023360857279	0.0018812387985566686
4.405	-6.101930960729771	0.0021550011610331986
4.415	-6.078793331242881	0.0022111575430796664
4.425	-6.055623005556486	0.002232216186347092
4.435	-6.032432542404625	0.002442802619021346
4.445	-6.009234518885137	0.002316450759416793
4.455	-5.9860415232369535	0.0026955063382304504
4.465	-5.962866147609412	0.0026814672427188336
4.475	-5.939720980827835	0.0027306040770094927
4.485	-5.916618601159747	0.0026955063382304504
4.495	-5.893571569085989	0.0026323304084281745
4.505	-5.8705924200810955	0.0028780145798814705
4.515	-5.84769365740718	0.0030745619170441077
4.525	-5.8248877449256815	0.0031447573946021923
4.535	-5.802187099931231	0.003172835585625426
4.545	-5.779604086011895	0.0028709950321256623
4.555	-5.75715100594011	0.0031307182990905754
4.565	-5.734840094598472	0.0033483242795206377
4.575	-5.712683511944681	0.0033623633750322545
4.585	-5.690693336019756	0.0034044806615671054
4.595	-5.668881556003748	0.0032640897064509363
4.605	-5.647260065323089	0.0035097738779042323
4.615	-5.625840654813635	0.0036922821195552527
4.625	-5.604635005943523	0.0037835362403807627
4.635	-5.583654684099896	0.003636125737508785
4.645	-5.562911131943439	0.003944985838764357
4.655	-5.542415662834751	0.00407133769836891
4.665	-5.522179454336415	0.003734399406090103
4.675	-5.502213541794667	0.003987103125299208
4.685	-5.482528812004488	0.004338080513089631
4.695	-5.463135996961879	0.004611842875566162
4.705	-5.444045667707037	0.004274904583287355
4.715	-5.425268228262109	0.0043240414175780145
4.725	-5.4068139096671075	0.00443635418167095
4.735	-5.388692764117579	0.004492510563717417
4.745	-5.370914659207456	0.004422315086159333
4.755	-5.353489272280549	0.005018976645403053
4.765	-5.336426084894028	0.0049136834290659254
4.775	-5.319734377397175	0.004703096996391672
4.785	-5.303423223628638	0.004843487951507841
4.795	-5.2875014857353095	0.004857527047019457
4.805	-5.271977809115928	0.005306778103391199
4.815	-5.256860617492378	0.005271680364612157
4.825	-5.242158108111632	0.00544014951075156
4.835	-5.227878247081135	0.005636696847914197
4.845	-5.214028764840432	0.005489286345042219
4.855	-5.200617151771688	0.0056437163956700055
4.865	-5.1876506539517075	0.005089172122961137
4.875	-5.175136269047936	0.005398032224216709
4.885	-5.163080742360897	0.005770068255274558
4.895	-5.151490563015365	0.005973635140193004
4.905	-5.140371960302517	0.005861322376100068
4.915	-5.129730900175234	0.005896420114879111
4.925	-5.119573081898572	0.0058051659940536
4.935	-5.109903934857387	0.006212299763890492
4.945	-5.100728615522979	0.006135084738576598
4.955	-5.0920520045805056	0.006121045643064981
4.965	-5.083878704218859	0.006212299763890492
4.975	-5.076213035584556	0.006549238056169297
4.985	-5.069059036401141	0.00612806519082079
4.995	-5.062420458755445	0.006394808005541512
5.005	-5.056300767051996	0.0059174787581465355
5.015	-5.05070313613674	0.006170182477355641
5.025	-5.04563044959113	0.0058332441850768345
5.035	-5.041085298197583	0.006443944839832171
5.045	-5.037069978577106	0.006717707202308701
5.055	-5.033586491999908	0.006422886196564745
5.065	-5.030636543369601	0.006135084738576598
5.075	-5.02822154038157	0.005952576496925578
5.085	-5.026342592855924	0.006240377954913725
5.095	-5.025000512245384	0.006387788457785703
5.105	-5.0241958113183305	0.006935313182738764
5.115	-5.0239287040171146	0.006942332730494572
5.125	-5.024199105491688	0.00631057343247181
5.135	-5.025006632308421	0.006500101221878638
5.145	-5.026350602833941	0.005938537401413961
5.155	-5.028230037793677	0.006598374890459957
5.165	-5.030643661004711	0.006535198960657681
5.175	-5.033589900282413	0.006022771974483663
5.185	-5.037066888520258	0.006338651623495044
5.195	-5.041072464942086	0.006794922227622594
5.205	-5.045604176526001	0.006457983935343787
5.215	-5.050659279598945	0.006394808005541512
5.225	-5.056234741600965	0.006549238056169297
5.235	-5.062327243017983	0.006394808005541512
5.245	-5.068933179481874	0.006387788457785703
5.255	-5.076048664036502	0.006001713331216237
5.265	-5.083669529568266	0.006317592980227618
5.275	-5.091791331399637	0.006008732878972046
5.285	-5.100409350044043	0.006184221572867257
5.295	-5.109518594120372	0.006142104286332406
5.305	-5.11911380342527	0.005994693783460429
5.315	-5.129189452161306	0.0062193193116463
5.325	-5.139739752318994	0.005987674235704621
5.335	-5.1507586572105595	0.006092967452041747
5.345	-5.162239865153261	0.005699872777716474
5.355	-5.174176823299968	0.005727950968739707
5.365	-5.186562731614627	0.005720931420983899
5.375	-5.199390546990139	0.005229563078077306
5.385	-5.212652987506129	0.005047054836426286
5.395	-5.2263425368239425	0.005334856294414434
5.405	-5.2404514487161755	0.0050049375498914354
5.415	-5.254971751727936	0.0050540743841820945
5.425	-5.2698952539669826	0.004878585690286883
5.435	-5.285213548019748	0.004976859358868202
5.445	-5.3009180159902884	0.004864546594775266
5.455	-5.316999834658994	0.004969839811112393
5.465	-5.333449980757942	0.0045065496592290345
5.475	-5.350259236359639	0.004948781167844967
5.485	-5.367418194375842	0.004752233830682331
5.495	-5.3849172641630965	0.004548666945763885
5.505	-5.402746677231555	0.0044152955384035245
5.515	-5.420896493053609	0.004246826392264121
5.525	-5.439356604968726	0.0041345136281711855
5.535	-5.458116746180949	0.0040432595073456755
5.545	-5.47716649584536	0.004429334633915141
5.555	-5.496495285239793	0.004169611366950228
5.565	-5.516092404018044	0.0040502790551014845
5.575	-5.535947006540775	0.004015181316322442
5.585	-5.556048118280248	0.003727379858334295
5.595	-5.57638464229496	0.0037063212150668695
5.605	-5.5969453657703205	0.0036150670942413595
5.615	-5.617718966621297	0.0036782430240436354
5.625	-5.638694020153105	0.003516793425660041
5.635	-5.659859005775836	0.0033553438272764463
5.645	-5.681202313768994	0.0035238129734158495
5.655	-5.702712252091794	0.0033132265407415954
5.665	-5.724377053235143	0.003320246088497404
5.675	-5.746184881111137	0.0030394641782650654
5.685	-5.768123837975875	0.0032289919676718936
5.695	-5.790181971381436	0.0031658160378696177
5.705	-5.812347281152824	0.002807819102323386
5.715	-5.834607726385636	0.0030394641782650654
5.725	-5.85695123246025	0.002751662720276918
5.735	-5.879365698068293	0.002660408599451408
5.745	-5.901839002247149	0.002667428147207217
5.755	-5.924359011418289	0.0025621349308700895
5.765	-5.94691358642518	0.002793780006811769
5.775	-5.969490589566503	0.002534056739846856
5.785	-5.992077891620501	0.0027376236247653014
5.795	-6.01466337885622	0.002442802619021346
5.805	-6.037234960027429	0.0021690402565448155
5.815	-6.05978057334502	0.002316450759416793
5.825	-6.082288193423719	0.002176059804300624
5.835	-6.1047458381989586	0.0020216297536728377
5.845	-6.1271415758097465	0.0021128838744983477
5.855	-6.149463531443426	0.0020637470402076886
5.865	-6.171699894138257	0.002049707944696072
5.875	-6.193838923539745	0.0020216297536728377
5.885	-6.215868956606668	0.002140962065521582
5.895	-6.2377784142628565	0.0018671997030450516
5.905	-6.259555807990721	0.00205672749245188
5.915	-6.281189746362632	0.0020707665879634973
5.925	-6.3026689415062584	0.0019022974418240939
5.935	-6.323982215500076	0.0018742192508008602
5.945	-6.345118506695169	0.0018110433209985839
5.955	-6.366066875959666	0.0017689260344637332
5.965	-6.386816512842092	0.0017899846777311586
5.975	-6.4073567416499815	0.0015162223152546284
5.985	-6.427677027440166	0.0016636328181266061
5.995	-6.447766981917269	0.0015443005062778623
6.005	-6.467616369236862	0.0014881441242313945
6.015	-6.487215111709907	0.0014530463854523523
6.025	-6.506553295405184	0.001403909551161693
6.035	-6.525621175646339	0.0015021832197430116
6.045	-6.544409182400419	0.001586417792812713
6.055	-6.562907925554728	0.0013968900034058845
6.065	-6.58110820007891	0.001375831360138459
6.075	-6.599000991069284	0.0014390072899407352
6.085	-6.616577478672524	0.0012915967870687575
6.095	-6.633829042885807	0.0013617922646268423
6.105	-6.650747268230658	0.0012284208572664814
6.115	-6.667323948297844	0.0013266945258477998
6.125	-6.683551090160684	0.001284577239312949
6.135	-6.699420918654226	0.0013617922646268423
6.145	-6.714925880517907	0.0013266945258477998
6.155	-6.730058648399304	0.0010950494499061205
6.165	-6.7448121247167085	0.001403909551161693
6.175	-6.759179445378384	0.0012915967870687575
6.185	-6.7731539833563765	0.0010037953290806105
6.195	-6.786729352112896	0.0011441862841967798
6.205	-6.799899408877381	0.001116108093173546
6.215	-6.812658257772416	0.0012635185960455236
6.225	-6.8250002527868014	0.001024853972348036
6.235	-6.836920000594141	0.0010810103543945036
6.245	-6.848412363215427	0.0010669712588828866
6.255	-6.8594724605242146	0.0010599517111270782
6.265	-6.8700956725930284	0.0009757171380573766
6.275	-6.880277641879788	0.0008493652784528242
6.285	-6.890014275253122	0.001088029902150312
6.295	-6.899301745855554	0.000982736685813185
6.305	-6.908136494803582	0.0010599517111270782
6.315	-6.916515232723897	0.0008563848262086327
6.325	-6.924434941124949	0.0008985021127434835
6.335	-6.931892873603283	0.000996775781324802
6.345	-6.9388865568840865	0.0010388930678596527
6.355	-6.945413791695566	0.0008563848262086327
6.365	-6.951472653476804	0.001024853972348036
6.375	-6.9570614929189	0.0009546584947899512
6.385	-6.962178936339294	0.001024853972348036
6.395	-6.966823885889238	0.0009757171380573766
6.405	-6.970995519594538	0.0009265803037667174
6.415	-6.9746932912297535	0.0009546584947899512
6.425	-6.977916930026149	0.0009335998515225258
6.435	-6.980666440213813	0.0008072479919179734
6.445	-6.982942100398454	0.0008774434694760581
6.455	-6.98474446277345	0.0008774434694760581
6.465	-6.986074352167893	0.0008142675396737819
6.475	-6.9869328649314335	0.0008142675396737819
6.485	-6.987321367656799	0.0008072479919179734
6.495	-6.987241495741043	0.0009616780425457597
6.505	-6.986695151786595	0.0008634043739644411
6.515	-6.985684503843328	0.000982736685813185
6.525	-6.984211983492949	0.0007861893486505481
6.535	-6.982280283777102	0.0009055216604992919
6.545	-6.979892356970682	0.0008774434694760581
6.555	-6.977051412201938	0.0009546584947899512
6.565	-6.97376091292106	0.0010318735201038443
6.575	-6.970024574219011	0.000996775781324802
6.585	-6.965846359998453	0.0010108148768364189
6.595	-6.961230479998768	0.0008844630172318666
6.605	-6.956181386677146	0.0008704239217202497
6.615	-6.950703771947925	0.0009406193992783343
6.625	-6.944802563782368	0.0008142675396737819
6.635	-6.938482922671177	0.0010599517111270782
6.645	-6.931750237952137	0.0009476389470341427
6.655	-6.924610124005325	0.0009406193992783343
6.665	-6.917068416318459	0.0010178344245922275
6.675	-6.909131167424972	0.0011231276409293543
6.685	-6.900804642717521	0.0009686975903015682
6.695	-6.892095316139708	0.0009546584947899512
6.705	-6.883009865758831	0.0010037953290806105
6.715	-6.873555169222595	0.001102068997661929
6.725	-6.863738299102762	0.0010178344245922275
6.735	-6.853566518128772	0.0010739908066386952
6.745	-6.84304727431447	0.0010108148768364189
6.755	-6.832188195981103	0.0010318735201038443
6.765	-6.820997086679806	0.0010037953290806105
6.775	-6.809481920016913	0.0011441862841967798
6.785	-6.797650834385409	0.0011652449274642052
6.795	-6.785512127605936	0.0012635185960455236
6.805	-6.773074251480825	0.001024853972348036
6.815	-6.7603458062646595	0.0010318735201038443
6.825	-6.747335535054903	0.0010669712588828866
6.835	-6.734052318106235	0.001193323118487439
6.845	-6.720505167072202	0.0011863035707316305
6.855	-6.706703219177902	0.0011652449274642052
6.865	-6.6926557313274015	0.0011652449274642052
6.875	-6.678372074149654	0.0010318735201038443
6.885	-6.663861725986745	0.0012284208572664814
6.895	-6.649134266828235	0.0013477531691152252
6.905	-6.63419937219551	0.0012775576915571407
6.915	-6.6190668069799985	0.0012284208572664814
6.925	-6.603746419239153	0.0014319877421849268
6.935	-6.588248133954144	0.001495163671987203
6.945	-6.572581946753219	0.0013266945258477998
6.955	-6.556757917604663	0.001558339601789479
6.965	-6.540786164483353	0.001403909551161693
6.975	-6.524676857014927	0.0013196749780919914
6.985	-6.508440210101521	0.0013477531691152252
6.995	-6.492086477533112	0.0015513200540336707
7.005	-6.475625945588454	0.0016144959838359468
7.015	-6.459068926629652	0.0014460268376965439
7.025	-6.4424257526943585	0.0018110433209985839
7.035	-6.425706769089612	0.0016074764360801384
7.045	-6.408922327991321	0.001558339601789479
7.055	-6.392082782053368	0.001586417792812713
7.065	-6.375198478030358	0.0016074764360801384
7.075	-6.358279750417944	0.0016987305569056484
7.085	-6.341336915114697	0.0018110433209985839
7.095	-6.324380263109444	0.0018321019642660093
7.105	-6.307420054198017	0.0017408478434404993
7.115	-6.290466510733285	0.0018391215120218177
7.125	-6.273529811412311	0.0017619064867079248
7.135	-6.256620085104522	0.001916336537335711
7.145	-6.2397474047246755	0.001825082416510201
7.155	-6.222921781154358	0.0019865320148937955
7.165	-6.206153157215828	0.0018812387985566686
7.175	-6.189451401701856	0.0019724929193821786
7.185	-6.172826303465204	0.001993551562649604
7.195	-6.156287565571435	0.002190098899812241
7.205	-6.139844799518555	0.00196547337162637
7.215	-6.123507519527054	0.0021479816132773904
7.225	-6.107285136903806	0.002133942517765773
7.235	-6.091186954483277	0.002386646236974878
7.245	-6.0752221611494015	0.0022532748296145173
7.255	-6.059399826441433	0.002520017644335239
7.265	-6.043728895247067	0.002414724427998112
7.275	-6.0282181825860235	0.002491939453312005
7.285	-6.012876368487198	0.002400685332486495
7.295	-5.997711992962527	0.0027095454337420673
7.305	-5.982733451080519	0.0025480958353584727
7.315	-5.967948988142434	0.0026393499561839827
7.325	-5.9533666949639805	0.0026323304084281745
7.335	-5.938994503265334	0.002674447694963025
7.345	-5.924840181172216	0.002688486790474642
7.355	-5.910911328830691	0.0028288777455908114
7.365	-5.897215374138296	0.0024217439757539204
7.375	-5.883759568593954	0.003081581464799916
7.385	-5.87055098326916	0.0026533890516955995
7.395	-5.857596504902762	0.002976288248462789
7.405	-5.844902832121618	0.00301840553499764
7.415	-5.832476471789301	0.002934170961927938
7.425	-5.820323735484964	0.0028639754843698536
7.435	-5.808450736114399	0.00292715141417213
7.445	-5.796863384655182	0.003460637043613573
7.455	-5.78556738703779	0.0030394641782650654
7.465	-5.7745682411644115	0.003250050610939319
7.475	-5.763871234067132	0.0030745619170441077
7.485	-5.753481439207067	0.003214952872160277
7.495	-5.743403713915922	0.002934170961927938
7.505	-5.733642696981364	0.0032219724199160854
7.515	-5.724202806377511	0.0035308325211716577
7.525	-5.715088237141742	0.0031658160378696177
7.535	-5.706302959398916	0.003172835585625426
7.545	-5.6978507165340355	0.0031307182990905754
7.555	-5.689735023514265	0.0031026401080673414
7.565	-5.6819591653611115	0.0033483242795206377
7.575	-5.674526195773499	0.0033553438272764463
7.585	-5.667438935902369	0.0033553438272764463
7.595	-5.660699973277325	0.0036291061897529764
7.605	-5.654311660885747	0.003334285184009021
7.615	-5.648276116404728	0.0035238129734158495
7.625	-5.6425952215860455	0.003551891164439083
7.635	-5.637270621794315	0.003376402470543872
7.645	-5.632303725698358	0.0035799693554623173
7.655	-5.6276957051157375	0.0036922821195552527
7.665	-5.623447495010274	0.0035378520689274663
7.675	-5.619559793642322	0.0034536174958577645
7.685	-5.616033062871427	0.0035448716166832745
7.695	-5.6128675286109155	0.003741418953845912
7.705	-5.6100631814338895	0.003467656591369382
7.715	-5.6076197773299565	0.0035799693554623173
7.725	-5.605536838611967	0.003741418953845912
7.735	-5.603813654971926	0.0037624775971133373
7.745	-5.60244928468515	0.003727379858334295
7.755	-5.601442555961627	0.003516793425660041
7.765	-5.600792068443492	0.00393094674325274
7.775	-5.6004961948473815	0.003832673074671422
7.785	-5.600553082750382	0.0037835362403807627
7.795	-5.600960656518171	0.0035378520689274663
7.805	-5.601716619373875	0.0038467121701830386
7.815	-5.6028184556060685	0.003734399406090103
7.825	-5.604263432914255	0.00338342201829968
7.835	-5.606048604890098	0.0033132265407415954
7.845	-5.608170813632548	0.0036220866419971677
7.855	-5.6106266924949715	0.0036642039285320186
7.865	-5.6134126689622805	0.003467656591369382
7.875	-5.616524967655979	0.003685262571799444
7.885	-5.619959613464969	0.003502754330148424
7.895	-5.62371243479988	0.0036782430240436354
7.905	-5.627779066968618	0.003516793425660041
7.915	-5.6321549556707105	0.0037624775971133373
7.925	-5.63683536060805	0.003397461113811297
7.935	-5.641815359209412	0.003411500209322914
7.945	-5.647089850466215	0.003278128801962553
7.955	-5.652653558876819	0.0035238129734158495
7.965	-5.658501038496616	0.0037063212150668695
7.975	-5.664626677091107	0.00329216789747417
7.985	-5.6710247003891	0.003376402470543872
7.995	-5.6776891764331054	0.00365718438077621
8.005	-5.684614020023912	0.003488715234636807
8.015	-5.691792997256324	0.003488715234636807
8.025	-5.699219730142911	0.003425539304834531
8.035	-5.706887701322678	0.0032711092542067445
8.045	-5.71479025885138	0.0034957347823926154
8.055	-5.722920621070264	0.003158796490113809
8.065	-5.731271881549912	0.0032640897064509363
8.075	-5.7398370141058335	0.0031026401080673414
8.085	-5.748608877882447	0.0033132265407415954
8.095	-5.757580222501946	0.003116679203578958
8.105	-5.766743693274667	0.0032991874452299786
8.115	-5.776091836467355	0.0032360115154277023
8.125	-5.785617104625873	0.0029973468917302145
8.135	-5.7953118619487105	0.0030605228215324905
8.145	-5.805168389707731	0.002849936388858237
8.155	-5.815178891712508	0.002899073223148896
8.165	-5.8253354998146	0.0030464837260208736
8.175	-5.835630279448101	0.002765701815788535
8.185	-5.846055235202727	0.0028780145798814705
8.195	-5.8566023164258	0.0030745619170441077
8.205	-5.867263422849315	0.002765701815788535
8.215	-5.878030410238413	0.0025551153831142813
8.225	-5.888895096057487	0.002660408599451408
8.235	-5.899849265150152	0.002520017644335239
8.245	-5.910884675429339	0.0027235845292536845
8.255	-5.921993063573726	0.0026323304084281745
8.265	-5.933166150726743	0.0026042522174049404
8.275	-5.944395648194414	0.0025621349308700895
8.285	-5.955673263138231	0.002597232669649132
8.295	-5.966990704259343	0.0025551153831142813
8.305	-5.978339687470294	0.002232216186347092
8.315	-5.989711941550612	0.002667428147207217
8.325	-6.001099213782493	0.002281353020637751
8.335	-6.012493275562896	0.0023796266892190695
8.345	-6.0238859279883785	0.002204137995323858
8.355	-6.035269007409008	0.002491939453312005
8.365	-6.0466343909477	0.002520017644335239
8.375	-6.057974001981388	0.0023655875937074527
8.385	-6.06927981558044	0.002442802619021346
8.395	-6.080543863902775	0.0022462552818587086
8.405	-6.091758241539147	0.002534056739846856
8.415	-6.102915110806153	0.0023304898549284104
8.425	-6.114006706983465	0.0022462552818587086
8.435	-6.125025343491924	0.0023375094026842186
8.445	-6.135963417009135	0.002126922970009965
8.455	-6.146813412519211	0.0020637470402076886
8.465	-6.157567908293421	0.002007590658161221
8.475	-6.168219580798517	0.00196547337162637
8.485	-6.178761209529556	0.0021830793520564327
8.495	-6.1891856817640996	0.0019865320148937955
8.505	-6.1994859972347385	0.0021690402565448155
8.515	-6.209655272716902	0.0017478673911963077
8.525	-6.219686746529044	0.0019022974418240939
8.535	-6.229573782942262	0.0022462552818587086
8.545	-6.23930987649657	0.0016846914613940316
8.555	-6.248888656221023	0.0018110433209985839
8.565	-6.2583038897550125	0.0017759455822195416
8.575	-6.267549487368093	0.0019373951806031364
8.585	-6.276619505875781	0.0019444147283589448
8.595	-6.28550815244882	0.0017759455822195416
8.605	-6.294209788313514	0.0016425741748591807
8.615	-6.302718932340769	0.0018812387985566686
8.625	-6.311030264521547	0.001733828295684691
8.635	-6.319138629326592	0.0018040237732427754
8.645	-6.327039038948265	0.0016285350793475639
8.655	-6.334726676422456	0.0017408478434404993
8.665	-6.342196898628639	0.0019795124671379873
8.675	-6.349445239166176	0.0016074764360801384
8.685	-6.356467411105072	0.0016355546271033723
8.695	-6.363259309609494	0.0017689260344637332
8.705	-6.369817014432419	0.0015793982450569045
8.715	-6.376136792279863	0.0016636328181266061
8.725	-6.382215099043265	0.0015653591495452877
8.735	-6.388048581898648	0.001733828295684691
8.745	-6.3936340812712915	0.0018461410597776264
8.755	-6.39896863266473	0.0016636328181266061
8.765	-6.404049468352982	0.0016285350793475639
8.775	-6.40887401893502	0.00160045688832433
8.785	-6.413439914750564	0.0014460268376965439
8.795	-6.417744987156373	0.0016566132703707977
8.805	-6.421787269662333	0.0017689260344637332
8.815	-6.425564998926682	0.0014530463854523523
8.825	-6.429076615609869	0.0016846914613940316
8.835	-6.432320765086561	0.0015232418630104368
8.845	-6.435296298015486	0.0015372809585220539
8.855	-6.438002270766843	0.00160045688832433
8.865	-6.440437945707107	0.001558339601789479
8.875	-6.442602791341181	0.0013266945258477998
8.885	-6.444496482311914	0.0015232418630104368
8.895	-6.446118899257105	0.0014530463854523523
8.905	-6.447470128524214	0.0014109290989175014
8.915	-6.448550461743104	0.0016215155315917554
8.925	-6.44936039525718	0.00141794864667331
8.935	-6.449900629413468	0.0013056358825803745
8.945	-6.450172067712212	0.0013898704556500761
8.955	-6.450175815816644	0.0014460268376965439
8.965	-6.449913180423752	0.0016215155315917554
8.975	-6.449385667996876	0.0014319877421849268
8.985	-6.448594983361117	0.0014881441242313945
8.995	-6.4475430281625865	0.0016776719136382232
9.005	-6.4462318991926635	0.0015232418630104368
9.015	-6.444663886578453	0.001586417792812713
9.025	-6.442841471840802	0.00141794864667331
9.035	-6.440767325821251	0.00160045688832433
9.045	-6.438444306479414	0.001467085480963969
9.055	-6.435875456562375	0.00150920276749882
9.065	-6.433064001147749	0.0015723786973010961
9.075	-6.430013345062162	0.0017619064867079248
9.085	-6.426727070176957	0.0015793982450569045
9.095	-6.423208932583065	0.0014811245764755861
9.105	-6.419462859646978	0.0015302614107662452
9.115	-6.415492946949938	0.0015372809585220539
9.125	-6.411303455112453	0.0014390072899407352
9.135	-6.406898806506349	0.0014741050287197777
9.145	-6.402283581856681	0.0015934373405685216
9.155	-6.3974625167358266	0.0015372809585220539
9.165	-6.392440497952228	0.0015443005062778623
9.175	-6.38722255983625	0.0017478673911963077
9.185	-6.381813880425761	0.0016355546271033723
9.195	-6.376219777554036	0.0016495937226149893
9.205	-6.370445704842709	0.0016285350793475639
9.215	-6.364497247602522	0.0018671997030450516
9.225	-6.358380118644682	0.0016706523658824145
9.235	-6.352100154005742	0.0017689260344637332
9.245	-6.345663308588898	0.0016987305569056484
9.255	-6.339075651724726	0.0019514342761147532
9.265	-6.332343362654403	0.0020005711104054123
9.275	-6.325472725938463	0.0015302614107662452
9.285	-6.3184701267943035	0.0018461410597776264
9.295	-6.311342046365578	0.0017759455822195416
9.305	-6.304095056926731	0.0016846914613940316
9.315	-6.296735817025936	0.0018461410597776264
9.325	-6.28927106656978	0.0019373951806031364
9.335	-6.2817076218530445	0.0018180628687543925
9.345	-6.274052370536947	0.0017899846777311586
9.355	-6.266312266579292	0.0017619064867079248
9.365	-6.258494325119997	0.0018952778940682855
9.375	-6.250605617325455	0.0018391215120218177
9.385	-6.2426532651952575	0.0018671997030450516
9.395	-6.234644436334818	0.0017759455822195416
9.405	-6.226586338697457	0.001993551562649604
9.415	-6.218486215299488	0.0019373951806031364
9.425	-6.21035133891199	0.00205672749245188
9.435	-6.202189006732777	0.0020707665879634973
9.445	-6.194006535042238	0.0020286493014286464
9.455	-6.185811253846706	0.0018952778940682855
9.465	-6.17761050151293	0.0017689260344637332
9.475	-6.169411619397381	0.0020005711104054123
9.485	-6.161221946473956	0.0021550011610331986
9.495	-6.153048813963816	0.002042688396940263
9.505	-6.144899539970926	0.002035668849184455
9.515	-6.1367814241270375	0.0020637470402076886
9.525	-6.128701742249636	0.00205672749245188
9.535	-6.120667741016621	0.002133942517765773
9.545	-6.112686632661202	0.0020707665879634973
9.555	-6.104765589690729	0.002267313925126134
9.565	-6.096911739632971	0.002260294377370326
9.575	-6.089132159813465	0.0021479816132773904
9.585	-6.08143387216745	0.0023024116639051764
9.595	-6.073823838089937	0.0021199034222541564
9.605	-6.06630895332742	0.0024989590010678136
9.615	-6.058896042914665	0.0024568417145329627
9.625	-6.051591856160106	0.002520017644335239
9.635	-6.044403061683146	0.002442802619021346
9.645	-6.037336242506857	0.0023936657847306864
9.655	-6.030397891209333	0.0024077048802423036
9.665	-6.023594405137059	0.002267313925126134
9.675	-6.016932081683529	0.0025551153831142813
9.685	-6.010417113636328	0.0026955063382304504
9.695	-6.004055584595885	0.0023936657847306864
9.705	-5.997853464468976	0.0025551153831142813
9.715	-5.9918166050401105	0.002491939453312005
9.725	-5.985950735623785	0.002716564981497876
9.735	-5.980261458800584	0.002449822166777154
9.745	-5.974754246240063	0.002576174026381707
9.755	-5.9694344346132615	0.002477900357800388
9.765	-5.964307221597654	0.0026814672427188336
9.775	-5.959377661977257	0.002576174026381707
9.785	-5.954650663840607	0.0027235845292536845
9.795	-5.950130984879191	0.0025902131218933236
9.805	-5.945823228788889	0.0026182913129165573
9.815	-5.941731841776909	0.0028007995545675773
9.825	-5.937861109176611	0.0024077048802423036
9.835	-5.934215152172572	0.002688486790474642
9.845	-5.9307979246381555	0.0027376236247653014
9.855	-5.927613210087758	0.0025902131218933236
9.865	-5.924664618745872	0.0029552296051953636
9.875	-5.9219555847349925	0.0028288777455908114
9.885	-5.919489363384318	0.002716564981497876
9.895	-5.917269028661139	0.002414724427998112
9.905	-5.915297470726709	0.0027306040770094927
9.915	-5.9135773936183105	0.002534056739846856
9.925	-5.912111313059145	0.002807819102323386
9.935	-5.910901554397613	0.0025270371920910473
9.945	-5.909950250677425	0.0027376236247653014
9.955	-5.909259340839938	0.0024989590010678136
9.965	-5.9088305680599955	0.002449822166777154
9.975	-5.908665478216477	0.0027376236247653014
9.985	-5.908765418498663	0.002667428147207217
9.995	-Inf	0.0
