0.005	-Inf	0.0
0.015	-Inf	0.0
0.025	-Inf	0.0
0.035	-Inf	0.0
0.045	-Inf	0.0
0.055	-Inf	0.0
0.065	-Inf	0.0
0.075	-Inf	0.0
0.085	-Inf	0.0
0.095	-Inf	0.0
0.105	-Inf	0.0
0.115	-Inf	0.0
0.125	-Inf	0.0
0.135	-Inf	0.0
0.145	-Inf	0.0
0.155	-Inf	0.0
0.165	-Inf	0.0
0.175	-Inf	0.0
0.185	-Inf	0.0
0.195	-Inf	0.0
0.205	-Inf	0.0
0.215	-Inf	0.0
0.225	-Inf	0.0
0.235	-Inf	0.0
0.245	-Inf	0.0
0.255	-Inf	0.0
0.265	-Inf	0.0
0.275	-Inf	0.0
0.285	-Inf	0.0
0.295	-Inf	0.0
0.305	-Inf	0.0
0.315	-Inf	0.0
0.325	-Inf	0.0
0.335	-Inf	0.0
0.345	-Inf	0.0
0.355	-Inf	0.0
0.365	-Inf	0.0
0.375	-Inf	0.0
0.385	-Inf	0.0
0.395	-Inf	0.0
0.405	-Inf	0.0
0.415	-Inf	0.0
0.425	-Inf	0.0
0.435	-Inf	0.0
0.445	-Inf	0.0
0.455	-Inf	0.0
0.465	-Inf	0.0
0.475	-Inf	0.0
0.485	-Inf	0.0
0.495	-Inf	0.0
0.505	-Inf	0.0
0.515	-Inf	0.0
0.525	-Inf	0.0
0.535	-Inf	0.0
0.545	-Inf	0.0
0.555	-Inf	0.0
0.565	-6.097851779396104	0.002313178990320502
0.575	-6.084534768875039	0.002390284956664519
0.585	-6.071507179287243	0.0023286001835893058
0.595	-6.058772830126929	0.0025059439061805443
0.605	-6.046335386901047	0.0025213650994493474
0.615	-6.034198359361996	0.0022129412340732807
0.625	-6.022365099818778	0.0023671531667613143
0.635	-6.010838801527623	0.002513654502814946
0.645	-5.9996224971630285	0.002814367771556611
0.655	-5.988719057370156	0.0025984710657933644
0.665	-5.978131189399449	0.0027141300153093895
0.675	-5.967861435824325	0.002397995553298921
0.685	-5.957912173342732	0.0024288379398365273
0.695	-5.948285611663303	0.002914605527803833
0.705	-5.938983792476851	0.002552207485986954
0.715	-5.930008588513807	0.0028760525446318245
0.725	-5.921361702688274	0.0026138922590621676
0.735	-5.913044667329213	0.002536786292718151
0.745	-5.905058843499323	0.0027372618052125945
0.755	-5.897405420402046	0.0028991843345350294
0.765	-5.890085414877165	0.002822078368191013
0.775	-5.883099670985336	0.0026678664355029792
0.785	-5.876448859681909	0.0027141300153093895
0.795	-5.8701334785803025	0.0028452101580942178
0.805	-5.864153851805181	0.0028529207547286196
0.815	-5.858510129935599	0.002914605527803833
0.825	-5.85320229003827	0.002675577032137381
0.835	-5.848230135791021	0.0028991843345350294
0.845	-5.843593297696503	0.0027141300153093895
0.855	-5.839291233386106	0.0027526829984813976
0.865	-5.835323228014051	0.002698708822040586
0.875	-5.8316883947415326	0.002930026721072636
0.885	-5.828385675310751	0.0027218406119437913
0.895	-5.82541384070863	0.002891473737900628
0.905	-5.822771491919966	0.0029223161244382348
0.915	-5.820457060769685	0.0028606313513630213
0.925	-5.818468810853873	0.0030688174604918666
0.935	-5.816804838559154	0.0031613446201046867
0.945	-5.815463074169976	0.0029223161244382348
0.955	-5.81444128306329	0.0028991843345350294
0.965	-5.81373706699009	0.0028529207547286196
0.975	-5.8133478654431885	0.0028529207547286196
0.985	-5.813270957110607	0.00303797507395426
0.995	-5.813503461413868	0.002937737317707038
1.005	-5.8140423401304595	0.0028837631412662263
1.015	-5.814884399099672	0.0027064194186749877
1.025	-5.81602629001099	0.003076528057126268
1.035	-5.817464512274141	0.003053396267223063
1.045	-5.819195414969884	0.0028760525446318245
1.055	-5.821215198880568	0.0028991843345350294
1.065	-5.823519918599439	0.0030688174604918666
1.075	-5.826105484717641	0.0028452101580942178
1.085	-5.828967666087807	0.0031844764100078917
1.095	-5.8321020921630895	0.002683287628771783
1.105	-5.835504255410447	0.0029685797042446446
1.115	-5.839169513796957	0.0025984710657933644
1.125	-5.843093093347878	0.003076528057126268
1.135	-5.847270090775158	0.0026370240489653725
1.145	-5.851695476175025	0.0028606313513630213
1.155	-5.856364095793292	0.0027603935951157994
1.165	-5.861270674856914	0.0027064194186749877
1.175	-5.86640982047037	0.0028606313513630213
1.185	-5.87177602457534	0.0027372618052125945
1.195	-5.877363666972135	0.0026370240489653725
1.205	-5.883167018401344	0.0025907604691589627
1.215	-5.8891802436840415	0.0025984710657933644
1.225	-5.895397404918943	0.0028297889648254146
1.235	-5.90181246473484	0.0026138922590621676
1.245	-5.9084192895965835	0.002459680326374134
1.255	-5.915211653162905	0.002544496889352553
1.265	-5.922183239694302	0.0024905227129117407
1.275	-5.929327647509177	0.002698708822040586
1.285	-5.936638392486445	0.002683287628771783
1.295	-5.944108911612726	0.002397995553298921
1.305	-5.951732566572262	0.002397995553298921
1.315	-5.959502647377663	0.002583049872524561
1.325	-5.967412376039564	0.0025290756960837492
1.335	-5.975454910273216	0.0026909982254061846
1.345	-5.983623347240095	0.002559918082621356
1.355	-5.9919107273225	0.0025676286792557577
1.365	-6.000310037929153	0.0025907604691589627
1.375	-6.00881421732977	0.002575339275890159
1.385	-6.017416158516569	0.002205230637438879
1.395	-6.026108713090643	0.0024828121162773394
1.405	-6.034884695171143	0.0023594425701269125
1.415	-6.043736885325173	0.0022669154105140923
1.425	-6.0526580345162975	0.002297757797051699
1.435	-6.061640868069558	0.002182098847535674
1.445	-6.070678089650881	0.0022823366037828955
1.455	-6.079762385258728	0.002421127343202126
1.465	-6.088886427225878	0.0022514942172452888
1.475	-6.098042878229181	0.002158967057632469
1.485	-6.107224395305132	0.0023671531667613143
1.495	-6.1164236338691245	0.002182098847535674
1.505	-6.125633251736218	0.002174388250901272
1.515	-6.134845913141255	0.002104992881191657
1.525	-6.1440542927561905	0.0021281246710948623
1.535	-6.1532510797024385	0.0021358352677292637
1.545	-6.1624289815561255	0.002158967057632469
1.555	-6.171580728344053	0.002035597511482042
1.565	-6.180699076528247	0.002174388250901272
1.575	-6.189776812976936	0.0019739127384068287
1.585	-6.198806758919835	0.002158967057632469
1.595	-6.207781773885579	0.0021127034778260587
1.605	-6.216694759619217	0.002104992881191657
1.615	-6.225538663977628	0.0020124657215788372
1.625	-6.234306484800774	0.002043308108116444
1.635	-6.242991273756702	0.001989333931675632
1.645	-6.251586140158213	0.00170404185620277
1.655	-6.260084254749151	0.001827411402353197
1.665	-6.268478853458254	0.0018428325956220003
1.675	-6.2767632411185605	0.0020278869148476404
1.685	-6.284930795150342	0.0017965690158155902
1.695	-6.292974969205591	0.0019970445283100336
1.705	-6.300889296772097	0.0018582537888908036
1.715	-6.308667394735138	0.001919938561966017
1.725	-6.316302966894904	0.00170404185620277
1.735	-6.323789807437725	0.001827411402353197
1.745	-6.331121804359233	0.0018119902090843935
1.755	-6.338292942837616	0.001773437225912385
1.765	-6.3452973085551365	0.0018197008057187951
1.775	-6.352129090966123	0.0016115146965899499
1.785	-6.358782586509671	0.0019816233350412305
1.795	-6.365252201765307	0.0017965690158155902
1.805	-6.371532456549924	0.0018351219989875985
1.815	-6.377617986954319	0.0018197008057187951
1.825	-6.38350354831767	0.0016038040999555483
1.835	-6.3891840181383674	0.0016731994696651633
1.845	-6.3946543989196325	0.0016500676797619584
1.855	-6.399909820948358	0.001827411402353197
1.865	-6.404945545005701	0.001588382906686745
1.875	-6.409756965007953	0.0016038040999555483
1.885	-6.4143396105762625	0.0014804345538051214
1.895	-6.418689149533821	0.0015344087302459333
1.905	-6.422801390329182	0.0018119902090843935
1.915	-6.42667228438438	0.0015806723100523434
1.925	-6.4302979283666115	0.0017503054360091801
1.935	-6.4336745663822414	0.0015806723100523434
1.945	-6.4367985920919555	0.00151898753697713
1.955	-6.439666550745915	0.0016500676797619584
1.965	-6.4422751411378405	0.0017348842427403767
1.975	-6.444621217476948	0.0015035663437083266
1.985	-6.446701791176751	0.0015806723100523434
1.995	-6.448514032559765	0.0015575405201491382
2.005	-6.450055272477196	0.001680910066299565
2.015	-6.451323003842753	0.001634646486493155
2.025	-6.4523148830797625	0.0015806723100523434
2.035	-6.453028731480805	0.0014264603773643098
2.045	-6.453462536479165	0.0015806723100523434
2.055	-6.453614452831402	0.001634646486493155
2.065	-6.453482803710423	0.0016269358898587532
2.075	-6.453066081708474	0.0016269358898587532
2.085	-6.452362949749529	0.0016423570831275566
2.095	-6.45137224191058	0.0014958557470739248
2.105	-6.450092964151417	0.00156525111678354
2.115	-6.448524294952507	0.0016192252932243517
2.125	-6.446665585860636	0.0016115146965899499
2.135	-6.444516361942053	0.0016423570831275566
2.145	-6.442076322142869	0.0015575405201491382
2.155	-6.43934533955654	0.0017657266292779835
2.165	-6.436323461598305	0.0014418815706331131
2.175	-6.433010910086511	0.00156525111678354
2.185	-6.429408081230779	0.0015960935033211467
2.195	-6.425515545527052	0.0015575405201491382
2.205	-6.4213340475596	0.00151898753697713
2.215	-6.416864505710097	0.0015344087302459333
2.225	-6.412108011773963	0.0014495921672675147
2.235	-6.407065830484178	0.0016038040999555483
2.245	-6.401739398942867	0.0015344087302459333
2.255	-6.396130325960972	0.001588382906686745
2.265	-6.390240391306384	0.001989333931675632
2.275	-6.384071544860981	0.0017117524528371718
2.285	-6.377625905687026	0.0018890961754284103
2.295	-6.3709057610034785	0.0015344087302459333
2.305	-6.36391356507276	0.0015575405201491382
2.315	-6.356651937998639	0.0017348842427403767
2.325	-6.349123664435864	0.0016886206629339667
2.335	-6.3413316922123055	0.0017965690158155902
2.345	-6.333279130864337	0.0016115146965899499
2.355	-6.324969250086304	0.0018890961754284103
2.365	-6.316405478094907	0.001758016032643582
2.375	-6.307591399909437	0.0018351219989875985
2.385	-6.29853075554879	0.0018659643855252052
2.395	-6.289227438146274	0.0018582537888908036
2.405	-6.2796854919832406	0.002043308108116444
2.415	-6.269909110442621	0.0019507809485036236
2.425	-6.25990263388352	0.0018428325956220003
2.435	-6.249670547437996	0.0020510187047508453
2.445	-6.239217478731283	0.001919938561966017
2.455	-6.228548195526661	0.0019970445283100336
2.465	-6.217667603296317	0.001827411402353197
2.475	-6.206580742719492	0.0021281246710948623
2.485	-6.195292787109294	0.0021666776542668704
2.495	-6.183809039769594	0.0021204140744604605
2.505	-6.172134931283448	0.0019816233350412305
2.515	-6.160276016734522	0.002043308108116444
2.525	-6.148237972863037	0.0021666776542668704
2.535	-6.136026595157803	0.0020741504946540507
2.545	-6.123647794885903	0.0020201763182132386
2.555	-6.111107596061661	0.0022592048138796905
2.565	-6.0984121323565486	0.0021666776542668704
2.575	-6.085567643951701	0.0021512564609980672
2.585	-6.072580474334753	0.0022900472004172973
2.595	-6.059457067042741	0.0022592048138796905
2.605	-6.046203962352858	0.0024519697297397326
2.615	-6.032827793922799	0.0023286001835893058
2.625	-6.019335285382596	0.001966202141772427
2.635	-6.0057332468797195	0.0024905227129117407
2.645	-5.992028571579363	0.002683287628771783
2.655	-5.9782282321217775	0.0023286001835893058
2.665	-5.964339277038584	0.002513654502814946
2.675	-5.9503688271299815	0.002536786292718151
2.685	-5.936324071804832	0.0027526829984813976
2.695	-5.922212265385575	0.0027064194186749877
2.705	-5.908040723379952	0.002675577032137381
2.715	-5.893816818721592	0.0027141300153093895
2.725	-5.879547977981403	0.0027603935951157994
2.735	-5.865241677551907	0.0028529207547286196
2.745	-5.850905439806454	0.002914605527803833
2.755	-5.83654682923547	0.003246161183083105
2.765	-5.822173448561737	0.0031073704436638747
2.775	-5.807792934836839	0.003076528057126268
2.785	-5.793412955520829	0.0029223161244382348
2.795	-5.7790412045472035	0.002930026721072636
2.805	-5.764685398375318	0.0033463989393303266
2.815	-5.750353272032322	0.003169055216739088
2.825	-5.736052575146719	0.0030842386537606697
2.835	-5.721791067975679	0.0031921870066422935
2.845	-5.707576517428199	0.00326929297298631
2.855	-5.693416693086222	0.003554585048459172
2.865	-5.679319363225831	0.0033541095359647284
2.875	-5.665292290840633	0.0034929002753839584
2.885	-5.651343229669396	0.0034466366955775486
2.895	-5.637479920230085	0.003384951922502335
2.905	-5.623710085862363	0.0035622956450935737
2.915	-5.6100414287806455	0.0033386883426959253
2.925	-5.596481626139777	0.0038938513003728458
2.935	-5.583038326115411	0.003762771157588017
2.945	-5.569719144001145	0.004017220846523273
2.955	-5.556531658324436	0.0040249314431576744
2.965	-5.543483406983368	0.0038013241407600256
2.975	-5.5305818834062235	0.003747349964319214
2.985	-5.517834532735943	0.003963246670082461
2.995	-5.505248748041389	0.004032642039792075
3.005	-5.4928318665574105	0.0039863784599856655
3.015	-5.480591165955662	0.004217696359017716
3.025	-5.468533860648106	0.003747349964319214
3.035	-5.456667098125079	0.004125169199404896
3.045	-5.444997955329861	0.003963246670082461
3.055	-5.433533435071583	0.004055773829695281
3.065	-5.422280462478287	0.004425882468146561
3.075	-5.411245881492033	0.004572383804200193
3.085	-5.40043645140776	0.004765148720060235
3.095	-5.38985884345772	0.00464948977054421
3.105	-5.379519637443208	0.004780569913329038
3.115	-5.3694253184152885	0.004610936787372202
3.125	-5.359582273406208	0.00478828050996344
3.135	-5.349996788213139	0.004718885140253825
3.145	-5.340675044235882	0.004942492442651473
3.155	-5.331623115370093	0.0044181718715121596
3.165	-5.322846964957607	0.00501959840899549
3.175	-5.31435244279538	0.00488080766957626
3.185	-5.306145282204516	0.004772859316694637
3.195	-5.2982310971608415	0.004888518266210662
3.205	-5.290615379488451	0.005081283182070704
3.215	-5.2833034961175835	0.005166099745049122
3.225	-5.276300686408172	0.00515838914841472
3.235	-5.2696120595403935	0.005150678551780318
3.245	-5.263242591973436	0.005119836165242712
3.255	-5.257197124973759	0.005142967955145917
3.265	-5.251480362214	0.005266337501296344
3.275	-5.246096867443661	0.005104414971973908
3.285	-5.2410510622327156	0.0052509163080275405
3.295	-5.236347223789163	0.005220073921489933
3.305	-5.231989482851562	0.005351154064274762
3.315	-5.22798182165751	0.005274048097930745
3.325	-5.224328071989036	0.0053357328710059585
3.335	-5.22103191329572	0.005659577929650829
3.345	-5.218096870896474	0.005520787190231599
3.355	-5.215526314260729	0.00511212556860831
3.365	-5.213323455369784	0.0054899448036939925
3.375	-5.211491347159054	0.005505365996962795
3.385	-5.210032882041871	0.00538970704744677
3.395	-5.208950790515443	0.005212363324855532
3.405	-5.208247639849565	0.005536208383500402
3.415	-5.207925832858594	0.005428260030618779
3.425	-5.207987606757175	0.005227784518124335
3.435	-5.2084350321001605	0.005613314349844419
3.445	-5.209270011807093	0.005397417644081172
3.455	-5.210494280271598	0.005274048097930745
3.465	-5.212109402555991	0.005304890484468352
3.475	-5.214116773671334	0.0056904203161884355
3.485	-5.216517617943143	0.005366575257543566
3.495	-5.219312988462899	0.005636446139747624
3.505	-5.2225037666254694	0.005181520938317925
3.515	-5.226090661752503	0.005528497786866001
3.525	-5.230074210801788	0.005289469291199549
3.535	-5.234454778162584	0.005358864660909164
3.545	-5.23923255553678	0.00501959840899549
3.555	-5.244407561905815	0.004888518266210662
3.565	-5.249979643583137	0.005328022274371557
3.575	-5.255948474352019	0.0050581513921674984
3.585	-5.262313555688417	0.005119836165242712
3.595	-5.269074217068619	0.004795991106597842
3.605	-5.276229616361262	0.004811412299866645
3.615	-5.283778740303363	0.005119836165242712
3.625	-5.291720405059899	0.0050967043753395065
3.635	-5.300053256866419	0.004680332157081816
3.645	-5.308775772754208	0.00455696261093139
3.655	-5.317886261357361	0.005050440795533097
3.665	-5.327382863801193	0.00455696261093139
3.675	-5.337263554671283	0.0047343063335226285
3.685	-5.347526143062466	0.004718885140253825
3.695	-5.358168273707024	0.00501959840899549
3.705	-5.369187428181258	0.0049347818460170716
3.715	-5.380580926189649	0.004487567241221775
3.725	-5.392345926925714	0.004703463946985021
3.735	-5.404479430508625	0.004156011585942502
3.745	-5.416978279494697	0.004078905619598486
3.755	-5.429839160462707	0.004279381132092929
3.765	-5.443058605672037	0.0045800944008345945
3.775	-5.456632994792568	0.004194564569114511
3.785	-5.470558556705265	0.004009510249888871
3.795	-5.484831371372249	0.004171432779211306
3.805	-5.499447371775268	0.0038167453340288288
3.815	-5.514402345921293	0.003970957266716863
3.825	-5.529691938914051	0.004279381132092929
3.835	-5.5453116550902015	0.0036085592248999835
3.845	-5.561256860218879	0.003523742661921565
3.855	-5.577522783763246	0.003647112208071992
3.865	-5.594104521202707	0.0038167453340288288
3.875	-5.6109970364144	0.003932404283544854
3.885	-5.6281951641125545	0.003770481754222419
3.895	-5.645693612344241	0.003623980418168787
3.905	-5.663486965040077	0.0034003731157711383
3.915	-5.681569684618362	0.0031921870066422935
3.925	-5.699936114641148	0.0031844764100078917
3.935	-5.718580482520697	0.0031613446201046867
3.945	-5.737496902274726	0.00336182013259913
3.955	-5.756679377328892	0.003014843284051055
3.965	-5.776121803364899	0.0029840008975134482
3.975	-5.7958179712125695	0.0028991843345350294
3.985	-5.815761569784278	0.002891473737900628
3.995	-5.835946189050042	0.0028760525446318245
4.005	-5.856365323051605	0.002606181662427766
4.015	-5.877012372953834	0.0027449724018469963
4.025	-5.897880650131661	0.002822078368191013
4.035	-5.918963379290929	0.002775814788384603
4.045	-5.940253701621312	0.002397995553298921
4.055	-5.96174467797964	0.002513654502814946
4.065	-5.983429292101801	0.002313178990320502
4.075	-6.005300453841514	0.0024751015196429376
4.085	-6.0273510024341315	0.0022900472004172973
4.095	-6.049573709783752	0.0023363107802237076
4.105	-6.0719612837717865	0.002305468393686101
4.115	-6.09450637158522	0.0022206518307076825
4.125	-6.117201563062786	0.0020741504946540507
4.135	-6.140039394057181	0.002228362427342084
4.145	-6.1630123498115985	0.002205230637438879
4.155	-6.186112868348699	0.001943070351869222
4.165	-6.209333343870255	0.002043308108116444
4.175	-6.232666130165667	0.001773437225912385
4.185	-6.25610354402751	0.001634646486493155
4.195	-6.27963786867235	0.0019507809485036236
4.205	-6.303261357164996	0.0015344087302459333
4.215	-6.3269662358444485	0.0017503054360091801
4.225	-6.350744707749698	0.0015498299235147367
4.235	-6.374588956043639	0.0018042796124499918
4.245	-6.398491147433312	0.0015806723100523434
4.255	-6.422443435584732	0.0016423570831275566
4.265	-6.446437964530522	0.0016500676797619584
4.275	-6.470466872068639	0.0015498299235147367
4.285	-6.494522293150451	0.0015035663437083266
4.295	-6.518596363256484	0.0013879073941923015
4.305	-6.542681221758073	0.0014573027639019165
4.315	-6.566769015263315	0.0012645378480418746
4.325	-6.590851900945576	0.0013724862009234981
4.335	-6.61492204985298	0.0011874318816978578
4.345	-6.638971650197186	0.0012336954615042679
4.355	-6.662992910619849	0.0012182742682354645
4.365	-6.686978063435205	0.0009869563692034144
4.375	-6.710919367847159	0.0011488788985258495
4.385	-6.73480911313936	0.0011411683018914477
4.395	-6.758639621836711	0.0011797212850634562
4.405	-6.7824032528368	0.0010717729321818327
4.415	-6.806092404509786	0.0011103259153538412
4.425	-6.829699517765282	0.0010563517389130294
4.435	-6.853217079084774	0.0012182742682354645
4.445	-6.876637623518196	0.001017798755741021
4.455	-6.899953737643238	0.0009869563692034144
4.465	-6.923158062486114	0.0010332199490098244
4.475	-6.946243296402343	0.0008944292095905942
4.485	-6.969202197916376	0.0007479278735369624
4.495	-6.99202758851868	0.0010949047220850379
4.505	-7.014712355419144	0.0008867186129561925
4.515	-7.0372494542555195	0.0007479278735369624
4.525	-7.05963191175577	0.0009406927893970043
4.535	-7.081852828353155	0.0007016642937305524
4.545	-7.103905380752967	0.0008404550331497825
4.555	-7.125782824449807	0.0008327444365153809
4.565	-7.147478496194367	0.0007710596634401674
4.575	-7.1689858164087426	0.0008404550331497825
4.585	-7.19029829154921	0.0007787702600745691
4.595	-7.211409516415652	0.0007787702600745691
4.605	-7.23231317640658	0.0007710596634401674
4.615	-7.253003049719012	0.0005782947475801255
4.625	-7.273473009492281	0.0006554007139241423
4.635	-7.293717025895023	0.000732506680268159
4.645	-7.313729168154556	0.000639979520655339
4.655	-7.333503606527936	0.0007556384701713641
4.665	-7.35303461421398	0.0006939536970961507
4.675	-7.372316569205671	0.0005088993778705105
4.685	-7.3913439560822205	0.0006785325038273474
4.695	-7.410111367740314	0.0006862431004617491
4.705	-7.428613507063959	0.0005474523610425189
4.715	-7.446845188532416	0.0005474523610425189
4.725	-7.4648013397658035	0.0005937159408489289
4.735	-7.482477003007906	0.0006554007139241423
4.745	-7.499867336545813	0.0005011887812361089
4.755	-7.516967616066072	0.0005088993778705105
4.765	-7.533773235947008	0.0005782947475801255
4.775	-7.550279710486958	0.0004857675879673055
4.785	-7.56648267506819	0.0005474523610425189
4.795	-7.582377887256331	0.0004009510249888871
4.805	-7.597961227835113	0.0005011887812361089
4.815	-7.6132287017763485	0.0005088993778705105
4.825	-7.628176439145074	0.0005166099745049122
4.835	-7.642800695939766	0.00047034639469850214
4.845	-7.657097854867713	0.0004857675879673055
4.855	-7.6710644260554925	0.00040866162162328876
4.865	-7.68469704769469	0.0003855298317200837
4.875	-7.6979924866229545	0.0004934781846017072
4.885	-7.710947638840529	0.0003932404283544854
4.895	-7.723559529962452	0.00046263579806410046
4.905	-7.7358253156066485	0.0004395040081608955
4.915	-7.747742281718189	0.00037781923508568204
4.925	-7.759307844829964	0.0003392662519136737
4.935	-7.770519552260168	0.0004857675879673055
4.945	-7.781375082246902	0.00037010863845128036
4.955	-7.79187224402033	0.00041637221825769044
4.965	-7.802008977812793	0.000331555655279272
4.975	-7.811783354807402	0.0004549252014296988
4.985	-7.821193577025549	0.0003007132687416653
4.995	-7.830237977153898	0.00040866162162328876
5.005	-7.8389150183114475	0.00041637221825769044
5.015	-7.847223293757219	0.00041637221825769044
5.025	-7.855161526539225	0.00030842386537606697
5.035	-7.862728569085389	0.00031613446201046865
5.045	-7.869923402737083	0.00028529207547286193
5.055	-7.876745137226005	0.0003392662519136737
5.065	-7.883193010095194	0.0004549252014296988
5.075	-7.889266386064875	0.00037781923508568204
5.085	-7.89496475634403	0.000331555655279272
5.095	-7.900287737888464	0.000331555655279272
5.105	-7.905235072606249	0.0004009510249888871
5.115	-7.909806626511449	0.0003007132687416653
5.125	-7.91400238882699	0.00035468744518247705
5.135	-7.917822471037666	0.0004472146047952971
5.145	-7.921267105894186	0.0004009510249888871
5.155	-7.92433664636929	0.0003855298317200837
5.165	-7.927031564566901	0.0003932404283544854
5.175	-7.929352450585354	0.00041637221825769044
5.185	-7.93130001133575	0.00035468744518247705
5.195	-7.932875069316497	0.00028529207547286193
5.205	-7.934078561345103	0.0004395040081608955
5.215	-7.934911537248369	0.000331555655279272
5.225	-7.9353751585120476	0.00037781923508568204
5.235	-7.935470696891136	0.0002930026721072636
5.245	-7.935199532981964	0.00037781923508568204
5.255	-7.934563154757198	0.0003932404283544854
5.265	-7.933563156064992	0.0003623980418168787
5.275	-7.932201235093468	0.0003855298317200837
5.285	-7.9304791928016956	0.00026216028556965695
5.295	-7.928398931318439	0.00031613446201046865
5.305	-7.925962452309877	0.0003392662519136737
5.315	-7.9231718553175225	0.0004395040081608955
5.325	-7.920029336067617	0.0004780569913329038
5.335	-7.916537184753236	0.00032384505864487033
5.345	-7.9126977842903665	0.0004857675879673055
5.355	-7.908513608549239	0.0004240828148920921
5.365	-7.903987220562186	0.0003855298317200837
5.375	-7.89912127070929	0.0003932404283544854
5.385	-7.893918494883122	0.0004395040081608955
5.395	-7.888381712633861	0.0004009510249888871
5.405	-7.882513825296041	0.0003623980418168787
5.415	-7.87631781409828	0.00030842386537606697
5.425	-7.86979673825722	0.0003007132687416653
5.435	-7.862953733057004	0.00037010863845128036
5.445	-7.855792007915547	0.00032384505864487033
5.455	-7.848314844438931	0.00037010863845128036
5.465	-7.840525594465143	0.00026216028556965695
5.475	-7.832427678098493	0.0004549252014296988
5.485	-7.824024581735946	0.00037010863845128036
5.495	-7.8153198560866475	0.0004317934115264938
5.505	-7.806317114185916	0.0003855298317200837
5.515	-7.7970200294049175	0.00040866162162328876
5.525	-7.787432333457321	0.00046263579806410046
5.535	-7.77755781440412	0.0004240828148920921
5.545	-7.767400314657876	0.00032384505864487033
5.555	-7.756963728987589	0.0005782947475801255
5.565	-7.7462520025254165	0.00046263579806410046
5.575	-7.735269128776393	0.0004472146047952971
5.585	-7.724019147632375	0.0003855298317200837
5.595	-7.712506143391366	0.0004549252014296988
5.605	-7.700734242783336	0.0003855298317200837
5.615	-7.688707613003739	0.0003932404283544854
5.625	-7.676430459755791	0.0004317934115264938
5.635	-7.6639070253026365	0.0004009510249888871
5.645	-7.651141586530503	0.00047034639469850214
5.655	-7.638138453023908	0.00046263579806410046
5.665	-7.624901965153934	0.00047034639469850214
5.675	-7.611436492180676	0.0004857675879673055
5.685	-7.597746430370807	0.0005937159408489289
5.695	-7.583836201131302	0.0005397417644081173
5.705	-7.569710249160259	0.0004240828148920921
5.715	-7.555373040615805	0.0004857675879673055
5.725	-7.540829061303976	0.0004857675879673055
5.735	-7.5260828148865135	0.0005782947475801255
5.745	-7.511138821109456	0.0005397417644081173
5.755	-7.496001614053352	0.0004857675879673055
5.765	-7.4806757404059905	0.0006322689240209373
5.775	-7.465165757758415	0.0005011887812361089
5.785	-7.449476232925035	0.0005551629576769206
5.795	-7.433611740288583	0.0006168477307521339
5.805	-7.4175768601706675	0.0005860053442145272
5.815	-7.401376177228629	0.0006245583273865356
5.825	-7.385014278879394	0.0006168477307521339
5.835	-7.368495753750955	0.0005860053442145272
5.845	-7.351825190162155	0.0006862431004617491
5.855	-7.3350071746313565	0.0006862431004617491
5.865	-7.31804629041457	0.0007710596634401674
5.875	-7.300947116073591	0.0006322689240209373
5.885	-7.283714224074691	0.0007093748903649541
5.895	-7.266352179418332	0.0006862431004617491
5.905	-7.248865538300368	0.0006708219071929457
5.915	-7.2312588468052095	0.0005860053442145272
5.925	-7.213536639631307	0.0007402172769025607
5.935	-7.195703438849346	0.0007247960836337574
5.945	-7.177763752693558	0.0006322689240209373
5.955	-7.15972207438639	0.000732506680268159
5.965	-7.1415828809968644	0.0007479278735369624
5.975	-7.123350632332906	0.0007787702600745691
5.985	-7.105029769867845	0.0007247960836337574
5.995	-6.345443614896185	0.0016192252932243517
6.005	-6.469876169372044	0.0014033285874611048
6.015	-6.594233314241076	0.001349354411020293
6.025	-6.718519407593483	0.0011951424783322596
6.035	-6.842738784336263	0.0011180365119882428
6.045	-6.966895755328174	0.0010255093523754226
6.055	-7.0909946065495655	0.0008096126466121758
6.065	-7.215039598307318	0.0006785325038273474
6.075	-7.339034964474697	0.0005397417644081173
6.085	-7.462984911766227	0.0004934781846017072
6.095	-7.586893619047306	0.0005166099745049122
6.105	-6.879854952635986	0.000994666965837816
6.115	-6.86077620323001	0.0009792457725690126
6.125	-6.841668576931933	0.0011488788985258495
6.135	-6.822536134999794	0.0009792457725690126
6.145	-6.803382907908684	0.0012028530749666612
6.155	-6.784212894866169	0.0010563517389130294
6.165	-6.76503006336126	0.0012953802345794813
6.175	-6.745838348746537	0.0012645378480418746
6.185	-6.726641653853182	0.0013416438143858914
6.195	-6.707443848638518	0.0013185120244826863
6.205	-6.68824876986571	0.0014187497807299082
6.215	-6.66906022081523	0.001326222621117088
6.225	-6.649881971027627	0.0011026153187194394
6.235	-6.630717756077226	0.0012182742682354645
6.245	-6.611571277376205	0.0013416438143858914
6.255	-6.592446202008642	0.0015035663437083266
6.265	-6.573346162593931	0.0014958557470739248
6.275	-6.554274757179157	0.0013339332177514896
6.285	-6.535235549159728	0.0014804345538051214
6.295	-6.516232067227779	0.0016886206629339667
6.305	-6.497267805347795	0.0015421193268803349
6.315	-6.478346222758685	0.0015035663437083266
6.325	-6.4594707440018695	0.0015035663437083266
6.335	-6.440644758974547	0.0017348842427403767
6.345	-6.421871623007633	0.0017348842427403767
6.355	-6.40315465696754	0.00151898753697713
6.365	-6.38449714738125	0.0017657266292779835
6.375	-6.365902346583818	0.001773437225912385
6.385	-6.347373472887656	0.0017657266292779835
6.395	-6.328913710772891	0.0017657266292779835
6.405	-6.310526211097903	0.0019507809485036236
6.415	-6.2922140913294315	0.0018813855787940086
6.425	-6.273980435791331	0.0021127034778260587
6.435	-6.255828295931301	0.0017888584191811884
6.445	-6.237760690604653	0.0019507809485036236
6.455	-6.219780606374456	0.002089571687922854
6.465	-6.201890997827084	0.0021127034778260587
6.475	-6.184094787902413	0.0019353597552348202
6.485	-6.166394868237858	0.0022900472004172973
6.495	-6.148794099525295	0.0021358352677292637
6.505	-6.131295311880125	0.002089571687922854
6.515	-6.113901305221528	0.002158967057632469
6.525	-6.096614849663137	0.002436548536470929
6.535	-6.079438685913152	0.002043308108116444
6.545	-6.0623755256831275	0.0026216028556965694
6.555	-6.045428052104487	0.002444259133105331
6.565	-6.028598920151917	0.002513654502814946
6.575	-6.011890757072762	0.002544496889352553
6.585	-5.995306162821519	0.0024057061499333223
6.595	-5.9788477104985995	0.0023363107802237076
6.605	-5.962517946792417	0.002297757797051699
6.615	-5.946319392423999	0.002513654502814946
6.625	-5.930254542593179	0.0026138922590621676
6.635	-5.91432586742555	0.002559918082621356
6.645	-5.898535812419299	0.0025907604691589627
6.655	-5.88288679889104	0.002559918082621356
6.665	-5.867381224419843	0.0028606313513630213
6.675	-5.8520214632885335	0.003030264477319858
6.685	-5.836809866921496	0.002906894931169431
6.695	-5.821748764318114	0.002768104191750201
6.705	-5.806840462481006	0.0034389260989431468
6.715	-5.792087246838243	0.0033078459561583185
6.725	-5.777491381658813	0.002937737317707038
6.735	-5.763055110460407	0.0030225538806854563
6.745	-5.748780656408841	0.003061106863857465
6.755	-5.7346702227083295	0.0033386883426959253
6.765	-5.720725992981782	0.003153634023470285
6.775	-5.706950131640456	0.0032384505864487033
6.785	-5.693344784242196	0.00354687445182477
6.795	-5.679912077837524	0.0035854274349967786
6.805	-5.666654121302882	0.0033386883426959253
6.815	-5.653573005660387	0.0034620578888463517
6.825	-5.640670804383348	0.0034235049056743436
6.835	-5.627949573686917	0.003623980418168787
6.845	-5.6154113528032825	0.003577716838362377
6.855	-5.603058164240695	0.0037550605609536153
6.865	-5.590892014025803	0.003623980418168787
6.875	-5.578914891928646	0.003739639367684812
6.885	-5.56712877166981	0.0036625334013407956
6.895	-5.55553561110912	0.0035622956450935737
6.905	-5.544137352415422	0.003770481754222419
6.915	-5.5329359222169	0.0038552983172008373
6.925	-5.521933231731446	0.0038167453340288288
6.935	-5.511131176876655	0.003863008913835239
6.945	-5.50053163835897	0.004040352636426477
6.955	-5.490136481741586	0.004009510249888871
6.965	-5.479947557490689	0.004071195022964084
6.975	-5.469966700999697	0.004194564569114511
6.985	-5.46019573259112	0.004040352636426477
6.995	-5.450636457495742	0.004248538745555323
7.005	-5.441290665808799	0.004356487098436946
7.015	-5.432160132422906	0.004664910963813013
7.025	-5.423246616937468	0.004433593064780963
7.035	-5.414551863544336	0.004456724854684168
7.045	-5.406077600889546	0.004132879796039298
7.055	-5.397825541910917	0.004125169199404896
7.065	-5.389797383651404	0.004711174543619423
7.075	-5.381994807048051	0.004718885140253825
7.085	-5.374419476696469	0.00464948977054421
7.095	-5.367073040590732	0.004664910963813013
7.105	-5.359957129838704	0.004680332157081816
7.115	-5.353073358352717	0.004849965283038654
7.125	-5.346423322515639	0.0047343063335226285
7.135	-5.340008600822369	0.004873097072941858
7.145	-5.333830753496805	0.004495277837856177
7.155	-5.327891322084365	0.004672621560447415
7.165	-5.322191829020202	0.004996466619092285
7.175	-5.316733777173228	0.004888518266210662
7.185	-5.3115186493661115	0.00511212556860831
7.195	-5.306547907871457	0.004919360652748268
7.205	-5.3018229938843735	0.004950203039285875
7.215	-5.297345326971674	0.005011887812361089
7.225	-5.293116304497975	0.0050658619888019
7.235	-5.289137301029007	0.004981045425823481
7.245	-5.285409667712438	0.00501959840899549
7.255	-5.281934731636556	0.005042730198898695
7.265	-5.278713795167206	0.0048576758796730546
7.275	-5.275748135263349	0.00497333482918908
7.285	-5.273039002771684	0.0052509163080275405
7.295	-5.270587621700768	0.005196942131586729
7.305	-5.268395188475113	0.00492707124938267
7.315	-5.266462871169741	0.004795991106597842
7.325	-5.264791808725731	0.005289469291199549
7.335	-5.263383110147277	0.0051738103416835235
7.345	-5.262237853680852	0.005042730198898695
7.355	-5.261357085977024	0.005119836165242712
7.365	-5.260741821235564	0.00497333482918908
7.375	-5.260393040334463	0.0051738103416835235
7.385	-5.260311689943502	0.004873097072941858
7.395	-5.260498681623064	0.005243205711393139
7.405	-5.260954890908863	0.004942492442651473
7.415	-5.261681156383304	0.005420549433984377
7.425	-5.26267827873422	0.005189231534952327
7.435	-5.26394701980171	0.0050658619888019
7.445	-5.265488101613872	0.005004177215726687
7.455	-5.26730220541219	0.005004177215726687
7.465	-5.269389970667408	0.00501959840899549
7.475	-5.271751994086677	0.004903939459479465
7.485	-5.274388828612842	0.00534344346764036
7.495	-5.277300982416694	0.005088993778705106
7.505	-5.28048891788306	0.005042730198898695
7.515	-5.28395305059163	0.005127546761877114
7.525	-5.287693748293376	0.004988756022457883
7.535	-5.291711329883498	0.004664910963813013
7.545	-5.296006064371815	0.0052509163080275405
7.555	-5.3005781698515095	0.00511212556860831
7.565	-5.305427812467179	0.004919360652748268
7.575	-5.310555105383158	0.004865386476307456
7.585	-5.31596010775304	0.00464948977054421
7.595	-5.321642823691389	0.004610936787372202
7.605	-5.32760320124862	0.004765148720060235
7.615	-5.333841131390023	0.0048962288628450635
7.625	-5.340356446979907	0.004595515594103398
7.635	-5.3471489217719	0.004749727526791431
7.645	-5.354218269406372	0.004410461274877758
7.655	-5.361564142415982	0.004626357980641004
7.665	-5.369186131240399	0.004564673207565791
7.675	-5.377083763251167	0.004587804997468996
7.685	-5.385256501787743	0.004441303661415365
7.695	-5.39370374520572	0.004441303661415365
7.705	-5.4024248259382714	0.004549252014296988
7.715	-5.411419009571792	0.004402750678243356
7.725	-5.4206854939367775	0.004634068577275406
7.735	-5.430223408214961	0.0043796188883401515
7.745	-5.44003181206368	0.004433593064780963
7.755	-5.450109694758526	0.004156011585942502
7.765	-5.460455974355233	0.004364197695071348
7.775	-5.471069496871846	0.004109748006136092
7.785	-5.481949035492103	0.004048063233060879
7.795	-5.493093289791091	0.004233117552286519
7.805	-5.5045008849840755	0.003940114880179256
7.815	-5.516170371199513	0.003940114880179256
7.825	-5.528100222777216	0.004048063233060879
7.835	-5.540288837592575	0.003839877123932034
7.845	-5.552734536407831	0.0038707195104696404
7.855	-5.565435562251278	0.003554585048459172
7.865	-5.578390079825338	0.003647112208071992
7.875	-5.591596174944415	0.0038167453340288288
7.885	-5.605051854003397	0.003839877123932034
7.895	-5.6187550434776945	0.004078905619598486
7.905	-5.632703589455665	0.003508321468652762
7.915	-5.646895257204302	0.0034697684854807535
7.925	-5.661327730768948	0.0033695307292335316
7.935	-5.675998612607927	0.0031921870066422935
7.945	-5.690905423262815	0.0031073704436638747
7.955	-5.706045601065156	0.0031382128302014814
7.965	-5.721416501880405	0.0031844764100078917
7.975	-5.737015398889763	0.002960869107610243
7.985	-5.752839482410697	0.0033309777460615235
7.995	-5.768885859756761	0.003153634023470285
8.005	-5.78515155513748	0.002914605527803833
8.015	-5.801633509598846	0.00303797507395426
8.025	-5.818328581005137	0.0029840008975134482
8.035	-5.835233544062615	0.002868341947997423
8.045	-5.852345090385675	0.0029917114941478496
8.055	-5.869659828606052	0.0024905227129117407
8.065	-5.88717428452555	0.0028991843345350294
8.075	-5.904884901312835	0.002791235981653406
8.085	-5.922788039744747	0.002891473737900628
8.095	-5.9408799784926165	0.002652445242234176
8.105	-5.95915691445394	0.002536786292718151
8.115	-5.977614963129896	0.0023825743600301174
8.125	-5.996250159048983	0.0025676286792557577
8.135	-6.015058456237178	0.0023594425701269125
8.145	-6.034035728734885	0.002436548536470929
8.155	-6.053177771160989	0.002297757797051699
8.165	-6.072480299324238	0.002459680326374134
8.175	-6.091938950882134	0.002274626007148494
8.185	-6.111549286047651	0.002344021376858109
8.195	-6.131306788343769	0.0022669154105140923
8.205	-6.151206865406087	0.0023825743600301174
8.215	-6.171244849833522	0.0021127034778260587
8.225	-6.191416000087219	0.0023286001835893058
8.235	-6.211715501437638	0.0020510187047508453
8.245	-6.232138466959903	0.0019122279653316153
8.255	-6.2526799385773115	0.0018659643855252052
8.265	-6.273334888152914	0.0020047551249444354
8.275	-6.294098218629208	0.001873674982159607
8.285	-6.314964765215627	0.001989333931675632
8.295	-6.335929296623811	0.0018813855787940086
8.305	-6.356986516350373	0.001773437225912385
8.315	-6.378131064006983	0.0017271736461059752
8.325	-6.399357516697478	0.002081861091288452
8.335	-6.420660390441708	0.0015421193268803349
8.345	-6.4420341416458	0.0017888584191811884
8.355	-6.463473168618485	0.0015344087302459333
8.365	-6.484971813133061	0.0017503054360091801
8.375	-6.506524362034581	0.001326222621117088
8.385	-6.528125048891838	0.0014727239571707199
8.395	-6.549768055693601	0.0014958557470739248
8.405	-6.571447514588603	0.0014187497807299082
8.415	-6.593157509668744	0.0014881451504395232
8.425	-6.614892078794867	0.0011874318816978578
8.435	-6.636645215464531	0.001303090831213883
8.445	-6.65841087072113	0.001210563671601063
8.455	-6.680182955103622	0.0013185120244826863
8.465	-6.701955340636198	0.0012336954615042679
8.475	-6.723721862857142	0.0012645378480418746
8.485	-6.745476322886079	0.0012491166547730713
8.495	-6.767212489528819	0.0012876696379450795
8.505	-6.788924101418976	0.0012414060581386697
8.515	-6.8106048691954175	0.0010794835288162345
8.525	-6.832248477714811	0.0011103259153538412
8.535	-6.85384858829811	0.001156589495160251
8.545	-6.875398841010259	0.0011257471086226444
8.555	-6.896892856971971	0.0011026153187194394
8.565	-6.918324240702632	0.0009329821927626026
8.575	-6.939686582493326	0.0009406927893970043
8.585	-6.960973460808845	0.000994666965837816
8.595	-6.9821784447176505	0.0008096126466121758
8.605	-7.003295096348666	0.0009638245793002093
8.615	-7.024316973373766	0.000948403386031406
8.625	-7.045237631514739	0.0008481656297841842
8.635	-7.066050627073655	0.0009792457725690126
8.645	-7.086749519485323	0.0007787702600745691
8.655	-7.107327873890659	0.0008327444365153809
8.665	-7.127779263729711	0.0008635868230529876
8.675	-7.148097273353063	0.0007633490668057658
8.685	-7.168275500650293	0.0008327444365153809
8.695	-7.188307559694262	0.0007479278735369624
8.705	-7.208187083399804	0.0006322689240209373
8.715	-7.2279077261955145	0.0006862431004617491
8.725	-7.247463166707275	0.000663111310558544
8.735	-7.266847110452138	0.0006939536970961507
8.745	-7.286053292541137	0.0006476901172897407
8.755	-7.305075480389656	0.0007556384701713641
8.765	-7.323907476433882	0.0005705841509457239
8.775	-7.342543120851982	0.0006476901172897407
8.785	-7.360976294288445	0.0006091371341177323
8.795	-7.37920092058021	0.000639979520655339
8.805	-7.397210969483078	0.0006245583273865356
8.815	-7.415000459396912	0.0006785325038273474
8.825	-7.432563460088162	0.0005243205711393139
8.835	-7.4498940954081885	0.0005166099745049122
8.845	-7.4669865460058755	0.0005320311677737156
8.855	-7.483835052033058	0.0005551629576769206
8.865	-7.500433915841195	0.0005551629576769206
8.875	-7.516777504667803	0.0005088993778705105
8.885	-7.532860253311085	0.0004395040081608955
8.895	-7.548676666791286	0.0005166099745049122
8.905	-7.564221322997172	0.0005320311677737156
8.915	-7.5794888753161525	0.0004317934115264938
8.925	-7.594474055246513	0.00046263579806410046
8.935	-7.609171674990183	0.0005628735543113222
8.945	-7.623576630024577	0.0004317934115264938
8.955	-7.637683901651929	0.0004240828148920921
8.965	-7.651488559524632	0.00041637221825769044
8.975	-7.664985764145061	0.0004317934115264938
8.985	-7.678170769338351	0.0004240828148920921
8.995	-7.691038924696675	0.0004549252014296988
9.005	-7.703585677993454	0.0005243205711393139
9.015	-7.71580657756611	0.0005320311677737156
9.025	-7.727697274665782	0.0004472146047952971
9.035	-7.739253525772625	0.0003855298317200837
9.045	-7.750471194875196	0.00040866162162328876
9.055	-7.761346255712498	0.000331555655279272
9.065	-7.771874793977248	0.00041637221825769044
9.075	-7.782053009478968	0.00037010863845128036
9.085	-7.791877218265505	0.0004780569913329038
9.095	-7.801343854701565	0.0003932404283544854
9.105	-7.8104494735029615	0.0004549252014296988
9.115	-7.81919075172516	0.0003932404283544854
9.125	-7.827564490704856	0.00026987088220405863
9.135	-7.835567617953239	0.00034697684854807537
9.145	-7.843197188999673	0.0003623980418168787
9.155	-7.850450389184532	0.00031613446201046865
9.165	-7.857324535399947	0.0003855298317200837
9.175	-7.863817077777237	0.00034697684854807537
9.185	-7.869925601319853	0.0004009510249888871
9.195	-7.87564782748064	0.0003623980418168787
9.205	-7.880981615682298	0.00037781923508568204
9.215	-7.885924964779904	0.0002775814788384603
9.225	-7.890476014464435	0.0003392662519136737
9.235	-7.894633046606193	0.0004395040081608955
9.245	-7.898394486537149	0.00041637221825769044
9.255	-7.901758904271152	0.000331555655279272
9.265	-7.904725015661068	0.00026216028556965695
9.275	-7.907291683491914	0.0003623980418168787
9.285	-7.909457918509029	0.00034697684854807537
9.295	-7.911222880380475	0.00032384505864487033
9.305	-7.912585878592759	0.00030842386537606697
9.315	-7.9135463732791305	0.00032384505864487033
9.325	-7.914103975979623	0.00030842386537606697
9.335	-7.914258450332123	0.0003392662519136737
9.345	-7.914009712693783	0.000331555655279272
9.355	-7.913357832692078	0.00037781923508568204
9.365	-7.912303033704882	0.00034697684854807537
9.375	-7.9108456932689935	0.00037010863845128036
9.385	-7.9089863434165055	0.0004472146047952971
9.395	-7.906725670938561	0.0004549252014296988
9.405	-7.904064517575958	0.00030842386537606697
9.415	-7.901003880136221	0.0003855298317200837
9.425	-7.897544910536658	0.0002775814788384603
9.435	-7.893688915773137	0.0003623980418168787
9.445	-Inf	0.0
9.455	-Inf	0.0
9.465	-Inf	0.0
9.475	-Inf	0.0
9.485	-Inf	0.0
9.495	-Inf	0.0
9.505	-Inf	0.0
9.515	-Inf	0.0
9.525	-Inf	0.0
9.535	-Inf	0.0
9.545	-Inf	0.0
9.555	-Inf	0.0
9.565	-Inf	0.0
9.575	-Inf	0.0
9.585	-Inf	0.0
9.595	-Inf	0.0
9.605	-Inf	0.0
9.615	-Inf	0.0
9.625	-Inf	0.0
9.635	-Inf	0.0
9.645	-Inf	0.0
9.655	-Inf	0.0
9.665	-Inf	0.0
9.675	-Inf	0.0
9.685	-Inf	0.0
9.695	-Inf	0.0
9.705	-Inf	0.0
9.715	-Inf	0.0
9.725	-Inf	0.0
9.735	-Inf	0.0
9.745	-Inf	0.0
9.755	-Inf	0.0
9.765	-Inf	0.0
9.775	-Inf	0.0
9.785	-Inf	0.0
9.795	-Inf	0.0
9.805	-Inf	0.0
9.815	-Inf	0.0
9.825	-Inf	0.0
9.835	-Inf	0.0
9.845	-Inf	0.0
9.855	-Inf	0.0
9.865	-Inf	0.0
9.875	-Inf	0.0
9.885	-Inf	0.0
9.895	-Inf	0.0
9.905	-Inf	0.0
9.915	-Inf	0.0
9.925	-Inf	0.0
9.935	-Inf	0.0
9.945	-Inf	0.0
9.955	-Inf	0.0
9.965	-Inf	0.0
9.975	-Inf	0.0
9.985	-Inf	0.0
9.995	-Inf	0.0
