0.005	-Inf	0.0
0.015	-Inf	0.0
0.025	-Inf	0.0
0.035	-Inf	0.0
0.045	-Inf	0.0
0.055	2.89005365321497	0.6868010362039553
0.065	2.895391663095819	0.742943794058977
0.075	2.900799170509692	0.7029578748792751
0.085	2.9062744458059013	0.7402359440016608
0.095	2.911815621958809	0.7468250458077969
0.105	2.9174206955745037	0.7358131222413777
0.115	2.9230875280063366	0.7270577403893889
0.125	2.928813846578698	0.7272382637265433
0.135	2.9345972459183214	0.7303071604581682
0.145	2.940435189392346	0.7027773515421206
0.155	2.946325010652302	0.7137892751085397
0.165	2.952263915283075	0.725342768686422
0.175	2.958248982555875	0.7181218352002455
0.185	2.964277167284134	0.7494426341965358
0.195	2.9703453017811943	0.7459224291220248
0.205	2.976450097918576	0.7378891406186535
0.215	2.9825881492835586	0.738520972298694
0.225	2.988755933434705	0.7511576058995026
0.235	2.9949498142539266	0.7296753287781278
0.245	3.001166044393604	0.7333760571897933
0.255	3.007400767817198	0.7467347841392197
0.265	3.01365002243175	0.7335565805269476
0.275	3.0199097428105786	0.7319318704925579
0.285	3.026175763004427	0.7317513471554036
0.295	3.032443819439254	0.7358131222413777
0.305	3.038709553898799	0.7507062975566167
0.315	3.044968516589988	0.7250719836806904
0.325	3.051216169289191	0.7417703923674733
0.335	3.0574478885672813	0.7389722806415799
0.345	3.063658969091401	0.7556706893283629
0.355	3.069844627001255	0.7241693669949183
0.365	3.0760000033577426	0.7335565805269476
0.375	3.0821201676616434	0.7532336242767784
0.385	3.0882001214400487	0.7739938080495357
0.395	3.094234801898171	0.760996127774418
0.405	3.100219085634116	0.7280506187437381
0.415	3.106147792414159	0.7513381292366571
0.425	3.112015689006017	0.7586493243914108
0.435	3.117817493067573	0.7491718491908042
0.445	3.1235478770884546	0.7507965592251938
0.455	3.1292014723818475	0.7425827473846682
0.465	3.1347728731238607	0.7533238859453556
0.475	3.140256640437757	0.7405067290073925
0.485	3.1456473065202957	0.7444782424247894
0.495	3.150939378807414	0.7358131222413777
0.505	3.1561273441764595	0.7405067290073925
0.515	3.16120567318212	0.7414996073617417
0.525	3.1661688243232065	0.7415898690303189
0.535	3.171011248337392	0.7452003357734072
0.545	3.1757273925210048	0.7424022240475138
0.555	3.180311705070939	0.7489010641850725
0.565	3.1847586394457315	0.750435512550885
0.575	3.189062658742837	0.763613716163157
0.585	3.193218240089114	0.7587395860599879
0.595	3.197219879041521	0.7547680726425909
0.605	3.2010620939950134	0.7582882777171019
0.615	3.2047394305946124	0.7517894375795431
0.625	3.2082464661486236	0.7320221321611352
0.635	3.2115778140399573	0.7411385606874329
0.645	3.2147281281325215	0.7317513471554036
0.655	3.217692107169631	0.7401456823330836
0.665	3.2204644991614	0.7367157389271498
0.675	3.223040105758067	0.7320221321611352
0.685	3.2254137866062127	0.7357228605728006
0.695	3.2275804636848524	0.7316610854868263
0.705	3.229535125618356	0.7305779454638999
0.715	3.2312728319631936	0.7457419057848703
0.725	3.2327887174655006	0.7399651589959292
0.735	3.2340779962864716	0.7531433626082013
0.745	3.235135966192601	0.7609058661058409
0.755	3.235958012707828	0.7626208378088077
0.765	3.236539613224628	0.7393333273158887
0.775	3.236876341071162	0.7557609509969402
0.785	3.2369638695315555	0.7663215662204732
0.795	3.2367979758164767	0.7497134192022674
0.805	3.2363745449811407	0.7628916228145394
0.815	3.2356895737879556	0.7579272310427931
0.825	3.2347391745110152	0.7668631362319364
0.835	3.2335195786796858	0.7509770825623483
0.845	3.232027140758605	0.7502549892137307
0.855	3.2302583417613686	0.7619890061287673
0.865	3.2282097927953197	0.7762503497639658
0.875	3.2258782385348	0.7760698264268113
0.885	3.2232605606203384	0.7747159013981533
0.895	3.220353780981241	0.7583785393856791
0.905	3.217155065079136	0.7823881432272157
0.915	3.2136617250700423	0.7744451163924216
0.925	3.2098712228825885	0.7806731715242489
0.935	3.2057811732100774	0.7867207033189216
0.945	3.201389346414098	0.7859083483017267
0.955	3.196693671337508	0.7771529664497379
0.965	3.1916922380245847	0.7626208378088077
0.975	3.1863833003462725	0.7480887091678777
0.985	3.1807652785284635	0.7104495933711831
0.995	3.174836761581318	0.7079222666510213
1.005	3.1685965096277284	0.7043117999079331
1.015	3.162043456129007	0.6871620828782641
1.025	3.1551767100060615	0.6500645370930327
1.035	3.147995557654263	0.665138235745426
1.045	3.1404994648503664	0.6452806686584408
1.055	3.132688078549874	0.6275893816173086
1.065	3.124561228573289	0.6395039218694997
1.075	3.116118929179815	0.6437462202926284
1.085	3.107361380527082	0.6441072669669372
1.095	3.0982889700155867	0.6664921607740841
1.105	3.0889022735165774	0.6612569839966062
1.115	3.079202056482224	0.668207132477051
1.125	3.0691892749369343	0.6583686106021356
1.135	3.058865076348816	0.6546678821904702
1.145	3.0482308003803005	0.6656798057568892
1.155	3.037287979517059	0.6708247208657899
1.165	3.0260383395744075	0.6738033559288378
1.175	3.0144838000804635	0.6863497278610693
1.185	3.002626474535422	0.6935706613472457
1.195	2.9904686705463512	0.6675753007970106
1.205	2.9780128898370597	0.6681168708084738
1.215	2.9652618281325727	0.6901407179413119
1.225	2.9522183749179294	0.6814755977579001
1.235	2.9388856130710233	0.6887867929126538
1.245	2.925266818369318	0.688877054581231
1.255	2.911365458870363	0.705575463268014
1.265	2.897185194166075	0.6898699329355803
1.275	2.8827298745108845	0.6967298197474479
1.285	2.868003539823873	0.6867107745353781
1.295	2.853010418565154	0.7074709583081353
1.305	2.837754926486806	0.6970006047531795
1.315	2.822241665258754	0.6698318425114407
1.325	2.8064754209700737	0.7017844731877714
1.335	2.7904611625062805	0.7016942115191942
1.345	2.774204039803245	0.7027773515421206
1.355	2.7577093819784353	0.6936609230158229
1.365	2.740982695340317	0.6869815595411097
1.375	2.7240296612767523	0.7172192185144735
1.385	2.7068561340233814	0.707380696639558
1.395	2.689468138313015	0.688425746238345
1.405	2.6718718669071433	0.6812048127521686
1.415	2.654073678010765	0.7047631082508191
1.425	2.6360800925717944	0.6934803996786685
1.435	2.6178977914664006	0.6830100461237126
1.445	2.599533612571685	0.6983545297818375
1.455	2.5809945477272054	0.7099982850282971
1.465	2.562287739586904	0.68535684950672
1.475	2.5434204783630894	0.7023260431992346
1.485	2.5244001984641704	0.6902309796098891
1.495	2.5052344750279456	0.6942024930272861
1.505	2.4859310203522864	0.689779671267003
1.515	2.466497680225141	0.6755183276318046
1.525	2.446942430155853	0.7034091832221611
1.535	2.427273371509844	0.6876133912211502
1.545	2.4074987275487922	0.6807535044092825
1.555	2.387626839378488	0.6613472456651834
1.565	2.3676661618066084	0.6613472456651834
1.575	2.3476252591127427	0.6911335962956612
1.585	2.327512800733011	0.6532236954932349
1.595	2.30733755686174	0.665138235745426
1.605	2.2871083939726438	0.6555704988762423
1.615	2.266834270262092	0.6724494309001796
1.625	2.2465242310170326	0.6628816940309958
1.635	2.226187403910238	0.6410383702353122
1.645	2.205832994225563	0.6705539358600583
1.655	2.185470280015974	0.6659505907626209
1.665	2.165108607197151	0.6719981225572936
1.675	2.144757384579489	0.6333661284062497
1.685	2.1244260788414198	0.6292140916516983
1.695	2.1041242094469466	0.6410383702353122
1.705	2.083861343510404	0.6188339997653197
1.715	2.0636470906114264	0.6219028964969446
1.725	2.043491097563194	0.6122448979591837
1.735	2.0234030431370216	0.6189242614338969
1.745	2.003392632746432	0.637427903492224
1.755	1.9834695930938462	0.6051142261415845
1.765	1.9636436667830754	0.6026771610899999
1.775	1.9439246069008291	0.5854371823917537
1.785	1.9243221715704644	0.5945536109180515
1.795	1.9048461184812353	0.601413497729919
1.805	1.8855061993963271	0.580292267282853
1.815	1.8663121546429688	0.5964491059581728
1.825	1.8472737075879404	0.5727102871223677
1.835	1.8284005591018122	0.5765012772026104
1.845	1.8097023820152618	0.5653088302990369
1.855	1.7911888155708167	0.5832709023459007
1.865	1.7728694598734032	0.581646192311511
1.875	1.754753870343071	0.5755083988482611
1.885	1.736851552173267	0.5802020056142758
1.895	1.7191719547980533	0.5613373168816399
1.905	1.7017244663716435	0.559622345178673
1.915	1.6845184082636453	0.5552897850869671
1.925	1.6675630295733903	0.5585392051557465
1.935	1.650867501666724	0.5452707398748974
1.945	1.6344409127386215	0.5431947214976216
1.955	1.6182922624049911	0.5471662349150187
1.965	1.6024304563270146	0.5556508317612759
1.975	1.5868643008713466	0.5316412279197393
1.985	1.5716024978095007	0.5478883282636363
1.995	1.55665363905972	0.5431044598290444
2.005	1.5420262014746062	0.5225247993934417
2.015	1.5277285416777688	0.5233371544106364
2.025	1.5137688909527331	0.5372374513715261
2.035	1.500155350187299	0.5117836608327542
2.045	1.4868958848765512	0.5282112845138055
2.055	1.4739983201876514	0.5090758107754381
2.065	1.4614703360895405	0.48786431865979474
2.075	1.4493194625506312	0.5165675292673461
2.085	1.4375530748075396	0.49544629882028
2.095	1.4261783887078592	0.5061874373809674
2.105	1.415202456129959	0.49932755056909983
2.115	1.4046321604827163	0.4828096652194713
2.125	1.3944742122880907	0.4741445450360596
2.135	1.3847351448493506	0.5034795873236513
2.145	1.3754213100077708	0.4832609735623573
2.155	1.3665388739905264	0.46836779824711844
2.165	1.358093813352475	0.4764010867504897
2.175	1.350091911014481	0.47261009667024706
2.185	1.3425387524008445	0.46945093827004486
2.195	1.3354397216783895	0.4652989015154934
2.205	1.328799998099653	0.4737834983617507
2.215	1.3226245524526163	0.46945093827004486
2.225	1.3169181436193136	0.46448654649829857
2.235	1.3116853152456076	0.45546037964057806
2.245	1.3069303925243625	0.45600194965204127
2.255	1.302657479094178	0.46520863984691624
2.265	1.2988704540557667	0.4682775365785412
2.275	1.2955729691080122	0.46593073319553385
2.285	1.2927684458056596	0.4499544178573685
2.295	1.2904600729405258	0.4714366949787434
2.305	1.2886508040480418	0.45365514626903397
2.315	1.2873433550408737	0.47071460163012574
2.325	1.2865402019712835	0.4719782649902066
2.335	1.2862435789238225	0.47261009667024706
2.345	1.2864554760398825	0.45266226791468467
2.355	1.2871776376755266	0.4727003583388243
2.365	1.2884115606939712	0.4518499128974898
2.375	1.2901584928940042	0.4544675012862288
2.385	1.2924194315755195	0.4390327559595267
2.395	1.2951951222433087	0.43831066261090906
2.405	1.2984860574501442	0.4460731661085487
2.415	1.302292475780093	0.45555064130915524
2.425	1.3066143609729508	0.4426432227026149
2.435	1.3114514411905833	0.4442679327370046
2.445	1.3168031884258644	0.44453871774273623
2.455	1.3226688180548505	0.45546037964057806
2.465	1.3290472885327027	0.4402061576510303
2.475	1.3359373012338298	0.4405672043253392
2.485	1.3433373004365872	0.45708508967496775
2.495	1.351245473452832	0.4433653160512325
2.505	1.3596597509025037	0.4460731661085487
2.515	1.3685778071333374	0.457175351343545
2.525	1.3779970607857368	0.4483297078229788
2.535	1.3879146755027147	0.4665625648755743
2.545	1.398327560784748	0.46006372473801554
2.555	1.4092323729893117	0.455009071297692
2.565	1.4206255164747394	0.4544675012862288
2.575	1.4325031448879963	0.47062433996154857
2.585	1.4448611625958674	0.4592513697208207
2.595	1.4576952262589442	0.46737491989276914
2.605	1.4710007465477368	0.48569803861394184
2.615	1.4847728900001673	0.4699925082815081
2.625	1.499006581019545	0.47937972181353744
2.635	1.5136965040121253	0.4766718717562213
2.645	1.5288371056632128	0.48768379532264033
2.655	1.544422597350693	0.49788336387186455
2.665	1.560446957694819	0.5110615674841366
2.675	1.5769039352429708	0.49093321539141976
2.685	1.593787051288025	0.49959833557483146
2.695	1.6110896028188963	0.4952657754831256
2.705	1.6288046656017527	0.5027574939750337
2.715	1.646925097390274	0.49607813050032046
2.725	1.66544354126331	0.5157551742501512
2.735	1.6843524290881302	0.5089855491068608
2.745	1.7036439851075111	0.5177409309588498
2.755	1.7233102296486644	0.5208098276904747
2.765	1.743342982952094	0.5412992264575003
2.775	1.7637338691182773	0.538952423074493
2.785	1.7844743201700553	0.5301067795539268
2.795	1.8055555802285417	0.5338977696341695
2.805	1.8269687098002676	0.5311899195768534
2.815	1.848704590173204	0.5434655065033532
2.825	1.8707539279192908	0.5528527200353825
2.835	1.8931072595009721	0.5346198629827871
2.845	1.9157549559791935	0.5460830948920922
2.855	1.9386872278202896	0.5577268501385517
2.865	1.9618941297990689	0.5716271470994413
2.875	1.9853655659953615	0.5783967722427317
2.885	2.009091294881321	0.5599833918529818
2.895	2.03306093449653	0.5852566590545993
2.905	2.0572639677081126	0.5796604356028126
2.915	2.081689747552849	0.6139598696621505
2.925	2.106327502658313	0.611974112953452
2.935	2.131166342740002	0.5909431441749632
2.945	2.1561952641713034	0.603579777775772
2.955	2.1814031556232365	0.599608264358375
2.965	2.206778803770699	0.6135988229878417
2.975	2.2323108990620573	0.6302069700060475
2.985	2.2579880415487645	0.6206392331368638
2.995	2.2837987467717205	0.6170287663937756
3.005	2.309731451700996	0.6327342967262093
3.015	2.3357745207256126	0.6380597351722644
3.025	2.361916251689856	0.6656798057568892
3.035	2.3881448819727926	0.6577367789220951
3.045	2.414448594607433	0.6629719556995731
3.055	2.440815524436072	0.6471761636985621
3.065	2.4672337642983098	0.6490716587386834
3.075	2.493691371248164	0.657646517253518
3.085	2.5201763727967244	0.6748864959517642
3.095	2.5466767731767916	0.6705539358600583
3.105	2.5731805596258424	0.6580075639278268
3.115	2.599675708683784	0.6635135257110363
3.125	2.62615019250181	0.6619790773452239
3.135	2.652591985158756	0.6621596006823782
3.145	2.678989068981308	0.6765112059861539
3.155	2.7053294408643973	0.6803021960663965
3.165	2.7316011185881997	0.6975421747646428
3.175	2.7577921471279963	0.6913141196328155
3.185	2.783890604953322	0.6930290913357825
3.195	2.8098846103127215	0.7195660218974809
3.205	2.835762327500505	0.7159555551543926
3.215	2.861511973101833	0.7097275000225655
3.225	2.8871218222125674	0.7203783769146757
3.235	2.912580214630215	0.7251622453492675
3.245	2.9378755610124507	0.6923972596557421
3.255	2.962996348999577	0.7182120968688227
3.265	2.987931149297416	0.7226349186291058
3.275	3.0126686217170624	0.7213712552690249
3.285	3.0371975211680193	0.7296753287781278
3.295	3.061506703601211	0.709546976685411
3.305	3.0855851318984455	0.743395102401863
3.315	3.109421881704853	0.7329247488469072
3.325	3.133006147200942	0.7399651589959292
3.335	3.1563272468109265	0.7410482990188557
3.345	3.179374628843945	0.7442977190876351
3.355	3.2021378770649487	0.7493523725279586
3.365	3.2246067161919587	0.7645163328489291
3.375	3.2467710173165143	0.7317513471554036
3.385	3.268620803244179	0.7351812905613373
3.395	3.2901462537519164	0.7721885746779915
3.405	3.3113377107593456	0.7742645930552673
3.415	3.332185683410823	0.7644260711803519
3.425	3.3526808530653596	0.7571148760255982
3.435	3.372814078191549	0.7683073229291717
3.445	3.3925763991645352	0.7608156044372637
3.455	3.4119590429623123	0.7630721461516938
3.465	3.430953427758557	0.7871720116618076
3.475	3.4495511674093557	0.7851862549531091
3.485	3.4677440758311655	0.7832907599129878
3.495	3.4855241712674903	0.7649676411918152
3.505	3.5028836804417396	0.7590103710657196
3.515	3.5198150425939034	0.7576564460370615
3.525	3.536310913398615	0.760093511088646
3.535	3.5523641687623817	0.7861791333074584
3.545	3.567967908497721	0.7854570399588408
3.555	3.583115459872072	0.7924071884392855
3.565	3.5978003810294275	0.7747159013981533
3.575	3.6120164642826667	0.7832907599129878
3.585	3.62575773927468	0.7875330583361164
3.595	3.639018476006446	0.7858180866331496
3.605	3.6517931877302763	0.784283638267337
3.615	3.6640766337065926	0.7859083483017267
3.625	3.675863821822562	0.7501647275451534
3.635	3.687150011071123	0.7731814530323408
3.645	3.6979307138889395	0.808022457103142
3.655	3.708201698351913	0.7767016581068518
3.665	3.7179589902270216	0.7831102365758333
3.675	3.727198874879242	0.7734522380380724
3.685	3.7359178990324944	0.8259845291500059
3.695	3.744112872383563	0.7881648900161569
3.705	3.751780869068096	0.7967397485309914
3.715	3.758919228977809	0.7806731715242489
3.725	3.7655255589281547	0.7892480300390833
3.735	3.771597733675789	0.7854570399588408
3.745	3.777133896785259	0.7824784048957929
3.755	3.782132461344426	0.7788679381527047
3.765	3.786592110528212	0.7866304416503443
3.775	3.790511798010381	0.8002599536055024
3.785	3.7938907482231166	0.800530738611234
3.795	3.796728456464293	0.7685781079349033
3.805	3.799024688852368	0.8046827753657855
3.815	3.8007794821289806	0.8036898970114362
3.825	3.8019931433093714	0.8033288503371273
3.835	3.8026662491808803	0.7735424997066496
3.845	3.802799645649829	0.783832329924451
3.855	3.8023944469371993	0.7641552861746203
3.865	3.8014520346236216	0.8019749253084693
3.875	3.799974056544251	0.7617182211230357
3.885	3.7979624255342235	0.7682170612605945
3.895	3.7954193180254574	0.7861791333074584
3.905	3.7923471724956426	0.7646065945175062
3.915	3.7887486877703873	0.7848252082788003
3.925	3.7846268211795278	0.7749866864038849
3.935	3.779984786568748	0.7827491899015245
3.945	3.7748260521676853	0.7468250458077969
3.955	3.7691543383158153	0.7753477330781937
3.965	3.7629736150475113	0.7658702578775871
3.975	3.7562880995377066	0.7544972876368593
3.985	3.749102253409718	0.7715567429979511
3.995	3.7414207799068318	0.7884356750218885
4.005	3.7332486209293765	0.7850959932845318
4.015	3.7245909539390403	0.7687586312720577
4.025	3.7154531887323086	0.7686683696034805
4.035	3.705840964084956	0.7711054346550651
4.045	3.6957601442695855	0.795295561833756
4.055	3.685216815448335	0.777243228118315
4.065	3.6742172819428838	0.7389722806415799
4.075	3.66276806238402	0.7811244798671348
4.085	3.6508758857430372	0.7692099396149438
4.095	3.6385476872473745	0.7786874148155503
4.105	3.625790604182915	0.7759795647582342
4.115	3.612611971585472	0.7502549892137307
4.125	3.5990193178240113	0.7294948054409734
4.135	3.5850203600782797	0.7446587657619439
4.145	3.5706229997135184	0.7496231575336902
4.155	3.5558353175550304	0.7551291193168997
4.165	3.5406655690654283	0.753053100939624
4.175	3.525122179427413	0.7380696639558079
4.185	3.5092137385350526	0.74736661581926
4.195	3.492948995896521	0.7535946709510872
4.205	3.476336855451351	0.7531433626082013
4.215	3.459386370305264	0.7326539638411755
4.225	3.4421067373857417	0.7647871178546607
4.235	3.4245072920215063	0.7319318704925579
4.245	3.406597502449137	0.7330150105154845
4.255	3.38838696425009	0.7578369693742159
4.265	3.3698853947214253	0.7335565805269476
4.275	3.351102627183603	0.7507965592251938
4.285	3.3320486052287244	0.7334663188583704
4.295	3.3127333769126257	0.7263356470407712
4.305	3.293167088894274	0.7310292538067859
4.315	3.2733599805259734	0.740326205670238
4.325	3.2533223778978515	0.7238985819891867
4.335	3.233064687840172	0.7113522100569551
4.345	3.212597391887055	0.7027773515421206
4.355	3.1919310402051284	0.7108106400454919
4.365	3.171076245490774	0.7283214037494697
4.375	3.1500436768395264	0.7158652934858154
4.385	3.128844053591285	0.6960979880674074
4.395	3.1074881391549924	0.7014234265134626
4.405	3.0859867348163785	0.7088248833367934
4.415	3.0643506735325077	0.7053949399308596
4.425	3.0425908137167226	0.7119840417369956
4.435	3.0207180330177157	0.6882452229011906
4.445	2.998743222096371	0.7063878182852088
4.455	2.9766772784040376	0.6973616514274883
4.465	2.9545310999659513	0.689328362924117
4.475	2.9323155791734115	0.688877054581231
4.485	2.9100415965884214	0.6758793743061134
4.495	2.887720014764407	0.704221538239356
4.505	2.8653616720866664	0.707380696639558
4.515	2.842977376636168	0.6715468142144075
4.525	2.8205779000803126	0.6621596006823782
4.535	2.7981739715942435	0.6689292258256686
4.545	2.7757762718162518	0.6874328678839957
4.555	2.753395426840877	0.6762404209804223
4.565	2.7310420022531616	0.659000442282176
4.575	2.7087264972076097	0.648439827058643
4.585	2.6864593385552697	0.6598127972993709
4.595	2.6642508750224048	0.6512379387845364
4.605	2.6421113714441606	0.6457319770013269
4.615	2.6200510030565676	0.6342687450920218
4.625	2.5980798498502202	0.6404065385552717
4.635	2.5762078909889414	0.6356226701206799
4.645	2.554444999296666	0.6289433066459666
4.655	2.532800935815747	0.6527723871503489
4.665	2.511285344439868	0.6362545018007203
4.675	2.4899077466246378	0.6389623518580365
4.685	2.468677536178981	0.6478982570471798
4.695	2.447603974140317	0.6529529104875033
4.705	2.4266961837364875	0.6365252868064519
4.715	2.405963145437343	0.6196463547825145
4.725	2.385413692098857	0.6130572529763786
4.735	2.365056504202557	0.6214515881540587
4.745	2.3449001051930036	0.6165774580508896
4.755	2.324952856915994	0.6154040563593859
4.765	2.3052229551601147	0.6290335683145439
4.775	2.2857184253041836	0.6161261497080035
4.785	2.266447118073081	0.5923873308721985
4.795	2.247416705404359	0.5885963407919559
4.805	2.228634676427998	0.6122448979591837
4.815	2.210108333561603	0.5817364539800883
4.825	2.191844788723217	0.5946438725866287
4.835	2.1738509596639015	0.5861592757403714
4.845	2.156133566422158	0.5800214822771214
4.855	2.1386991279021523	0.5707245304136692
4.865	2.121553958577681	0.5902210508263456
4.875	2.1047041653236844	0.5863397990775258
4.885	2.08815564437709	0.5959075359467095
4.895	2.07191407842864	0.578125987237
4.905	2.0559849338473097	0.5659406619790773
4.915	2.0403734580388324	0.5808338372943163
4.925	2.025084676939757	0.5786675572484633
4.935	2.0101233926483846	0.5644964752818421
4.945	1.995494181193874	0.5665724936591178
4.955	1.981201390444659	0.5624204569045663
4.965	1.9672491381573085	0.5680166803563531
4.975	1.9536413101668193	0.5771331088826508
4.985	1.940381558719275	0.579840958939967
4.995	1.9274733009477014	0.580292267282853
5.005	1.9149197174918833	0.569280343716434
5.015	1.9027237512627788	0.5496935616351805
5.025	1.8908881063521412	0.5552897850869671
5.035	1.8794152470877992	0.5489714682865627
5.045	1.8683073972350135	0.5782162489055773
5.055	1.8575665393442211	0.5665724936591178
5.065	1.8471944142453753	0.5546579534069267
5.075	1.8371925206890145	0.5636841202646472
5.085	1.8275621151341102	0.5449999548691657
5.095	1.8183042116826411	0.5505059166523752
5.105	1.8094195821607642	0.5531235050411142
5.115	1.8009087563463395	0.5308288729025445
5.125	1.792772022342522	0.5585392051557465
5.135	1.785009427097	0.5603444385272907
5.145	1.7776207770664039	0.5411187031203459
5.155	1.770605639025291	0.5532137667096915
5.165	1.7639633410190665	0.5442778615205481
5.175	1.7576929734600633	0.529745732879618
5.185	1.7517933903659666	0.5368764046972172
5.195	1.7462632107396454	0.5422921048118495
5.205	1.7411008200893963	0.5268573594851474
5.215	1.7363043720884845	0.5418407964689635
5.225	1.731871790372836	0.5399453014288422
5.235	1.7278007704756013	0.5419310581375407
5.245	1.724088781897259	0.5135888942042983
5.255	1.720733070309828	0.5278502378394967
5.265	1.7177306598936994	0.5228858460677505
5.275	1.7150783558054987	0.5385913764001842
5.285	1.71277274677532	0.5309191345711217
5.295	1.7108102078315905	0.5181922393017357
5.305	1.7091869031517621	0.5343490779770556
5.315	1.7078987890369386	0.521351397701938
5.325	1.7069416170084697	0.5334464612912835
5.335	1.7063109370244904	0.5255936961250666
5.345	1.706002100814289	0.5209903510276291
5.355	1.7060102653283353	0.5165675292673461
5.365	1.7063303963017267	0.545541524880629
5.375	1.7069572719287391	0.5366958813600629
5.385	1.7078854866461028	0.5357030030057136
5.395	1.7091094550225745	0.5258644811307982
5.405	1.7106234157522906	0.5460830948920922
5.415	1.7124214357493495	0.5436460298405077
5.425	1.7144974143409948	0.5325438446055114
5.435	1.7168450875567183	0.5586294668243237
5.445	1.719458032510547	0.5375082363772576
5.455	1.7223296718737293	0.5476175432579047
5.465	1.7254532784349732	0.5491519916237172
5.475	1.7288219797453386	0.5399453014288422
5.485	1.7324287628448554	0.5454512632120517
5.495	1.7362664790678557	0.5478883282636363
5.505	1.7403278489240133	0.5496935616351805
5.515	1.7446054670519917	0.5276697145023423
5.525	1.7490918072425874	0.5465344032349783
5.535	1.7537792275282107	0.5471662349150187
5.545	1.7586599753355119	0.5414797497946547
5.555	1.7637261926979177	0.5491519916237172
5.565	1.7689699215248111	0.5200877343418571
5.575	1.7743831089240572	0.5313704429140077
5.585	1.779957612574571	0.5552897850869671
5.595	1.7856852061455313	0.5557410934298531
5.605	1.7915575847589138	0.5528527200353825
5.615	1.7975663704919016	0.5357932646742908
5.625	1.8037031179157728	0.5342588163084783
5.635	1.809959319667818	0.5347101246513644
5.645	1.816326412052836	0.564045166938956
5.655	1.8227957806707251	0.552581935029651
5.665	1.829358766066688	0.569280343716434
5.675	1.83600666940058	0.5408479181146143
5.685	1.8427307581318528	0.56359385859607
5.695	1.8495222717166215	0.5430141981604673
5.705	1.856372427313335	0.5718076704365957
5.715	1.8632724254935233	0.5623301952359891
5.725	1.8702134559541204	0.5736129038081398
5.735	1.8771867032278513	0.574966828836798
5.745	1.8841833523881713	0.5606152235330223
5.755	1.8911945947452549	0.5808338372943163
5.765	1.898211633529574	0.5666627553276951
5.775	1.9052256895595412	0.5926581158779302
5.785	1.912228006889788	0.5796604356028126
5.795	1.919209858436624	0.5727102871223677
5.805	1.9261625515772285	0.5761402305283015
5.815	1.9330774337191832	0.5972614609753676
5.825	1.9399458978369473	0.5639549052703788
5.835	1.9467593879719032	0.6007816660498786
5.845	1.9535094046926513	0.5866105840832574
5.855	1.9601875105122162	0.5998790493641065
5.865	1.966785335258911	0.5894086958091508
5.875	1.9732945813975966	0.6158553647022719
5.885	1.9797070292981127	0.6117935896162977
5.895	1.9860145424477127	0.6226249898455624
5.905	1.99220907260437	0.6030382077643087
5.915	1.998282664887823	0.6022258527471139
5.925	2.004227462805339	0.5982543393297168
5.935	2.010035713209154	0.6338174367491358
5.945	2.015699771182616	0.6335466517434042
5.955	2.021212104852133	0.6418507252525071
5.965	2.0265653001220336	0.635712931789257
5.975	2.031752065329512	0.6307485400175108
5.985	2.0367652358168993	0.6403162768866946
5.995	2.0415977784185375	0.6492521820758379
6.005	2.0462427958596034	0.655028928864779
6.015	2.050693531064258	0.6485300887272202
6.025	2.0549433713706047	0.6435656969554739
6.035	2.058985852649944	0.6631524790367275
6.045	2.062814663327926	0.6602641056422569
6.055	2.066423648305228	0.6489813970701063
6.065	2.0698068127754636	0.6586393956078672
6.075	2.0729583259380955	0.6644161423968084
6.085	2.075872524604195	0.6836418778037531
6.095	2.0785439166929582	0.6873426062154185
6.105	2.0809671846169424	0.6596322739622165
6.115	2.083137188554083	0.6786774860320068
6.125	2.0850489696046215	0.6777748693462348
6.135	2.0866977528311086	0.6854471111752972
6.145	2.088078950179789	0.6899601946041575
6.155	2.0891881632816816	0.6701928891857495
6.165	2.090021186131792	0.660715413985143
6.175	2.09057400764495	0.6777748693462348
6.185	2.0908428140868573	0.6779553926833891
6.195	2.0908239913789766	0.6927583063300509
6.205	2.0905141272760357	0.7049436315879736
6.215	2.089910013414913	0.6905017646156207
6.225	2.0890086472338507	0.6922167363185876
6.235	2.0878072337609406	0.6805729810721282
6.245	2.0863031872709548	0.6757891126375363
6.255	2.084494132809653	0.6831003077922899
6.265	2.082377907584822	0.6933901380100913
6.275	2.0799525622233146	0.6982642681132604
6.285	2.0772163618935267	0.7272382637265433
6.295	2.074167787292751	0.6722689075630253
6.305	2.0708055354989963	0.6842737094837935
6.315	2.067128520686907	0.7064780799537861
6.325	2.0631358747075312	0.696820081416025
6.335	2.058826947531725	0.6918556896442788
6.345	2.0542013075571153	0.6922167363185876
6.355	2.0492587417786297	0.7001597631533817
6.365	2.0439992558225937	0.6943830163644406
6.375	2.038423073844655	0.6755183276318046
6.385	2.0325306382916675	0.6807535044092825
6.395	2.0263226095279405	0.6756085893003818
6.405	2.01979986532624	0.6932096146729368
6.415	2.0129635002240067	0.6847250178266796
6.425	2.005814824745392	0.6777748693462348
6.435	1.9983553644897938	0.6786774860320068
6.445	1.990586859087578	0.6669434691169701
6.455	1.9825112610238522	0.6534042188303893
6.465	1.974130734331173	0.6895991479298487
6.475	1.9654476531522025	0.67308126258022
6.485	1.9564646001733204	0.6525016021446173
6.495	1.9471843649304137	0.6608959373222973
6.505	1.9376099419879926	0.664235619059654
6.515	1.9277445289929633	0.6566536388991687
6.525	1.9175915246044644	0.6526821254817716
6.535	1.9071545263011573	0.6645966657339628
6.545	1.8964373280675333	0.6556607605448195
6.555	1.8854439179608469	0.6815658594264774
6.565	1.8741784755603064	0.6629719556995731
6.575	1.862645369300322	0.6432046502811651
6.585	1.850849153689563	0.6403162768866946
6.595	1.8387945664177696	0.627318596611577
6.605	1.8264865253522018	0.6518697704645768
6.615	1.813930125425822	0.6330050817319409
6.625	1.801130635419222	0.6406773235610034
6.635	1.7880934946384728	0.6362545018007203
6.645	1.774824309491121	0.63174141837186
6.655	1.7613288499625548	0.6241594382113748
6.665	1.7476130459951333	0.6144111780050366
6.675	1.7336829837723902	0.6339979600862902
6.685	1.7195449019108195	0.6221736815026763
6.695	1.705205187561711	0.6097175712390219
6.705	1.6906703724255867	0.606648674507397
6.715	1.6759471286818406	0.604031086118658
6.725	1.6610422648362517	0.620278186462555
6.735	1.6459627214890444	0.6044823944615441
6.745	1.630715567026255	0.6070097211817058
6.755	1.6153079932372145	0.6089954778904043
6.765	1.5997473108609315	0.5905820975006544
6.775	1.5840409450643045	0.603579777775772
6.785	1.5681964308550507	0.5921165458664669
6.795	1.5522214084322963	0.5978030309868309
6.805	1.5361236184778226	0.5700926987336288
6.815	1.519910897391005	0.574966828836798
6.825	1.503591172470454	0.5726200254537905
6.835	1.487172457045487	0.574154473819603
6.845	1.470662845560494	0.5809240989628934
6.855	1.454070508615381	0.559622345178673
6.865	1.437403687965182	0.5431044598290444
6.875	1.4206706914820781	0.5355224796685591
6.885	1.4038798880830061	0.5638646436018017
6.895	1.3870397026260382	0.5217124443762468
6.905	1.3701586107788084	0.5351614329942503
6.915	1.353245133862218	0.5308288729025445
6.925	1.3363078336726413	0.5341685546399011
6.935	1.3193553072859467	0.5126862775185262
6.945	1.3023961818465848	0.5132278475299895
6.955	1.285439109344995	0.5028477556436108
6.965	1.2684927613866472	0.5079024090839344
6.975	1.2515658239559835	0.5215319210390923
6.985	1.2346669921785478	0.5043822040094234
6.995	1.2178049650845575	0.5053750823637726
7.005	1.2009884403772075	0.501132783940644
7.015	1.1842261092089763	0.4754984700647176
7.025	1.167526650969168	0.48244861854516247
7.035	1.1508987280859528	0.48145574019081316
7.045	1.1343509808461159	0.48741301031690876
7.055	1.1178920222357407	0.48434411358528373
7.065	1.1015304328050255	0.484885683596747
7.075	1.0852747555604112	0.46728465822419196
7.085	1.0691334908871573	0.47369323669317354
7.095	1.0531150915055092	0.4665625648755743
7.105	1.0372279574635808	0.4645768081668758
7.115	1.0214804311700092	0.4421919143597289
7.125	1.0058807924694184	0.45374540793761114
7.135	0.9904372537637574	0.4592513697208207
7.145	0.9751579551824576	0.4534746229318795
7.155	0.9600509598043581	0.4557311646463097
7.165	0.945124248934355	0.45248174457753026
7.175	0.9303857174376007	0.45203043623464423
7.185	0.9158431691341056	0.44823944615440164
7.195	0.9015043122565571	0.44381662439411856
7.205	0.8873767549740681	0.43497098087355246
7.215	0.873468000984583	0.41682838548953416
7.225	0.8597854451785838	0.43271443915912233
7.235	0.8463363693767179	0.4402061576510303
7.245	0.8331279381438885	0.4213414689183944
7.255	0.820167194682313	0.42793057072453045
7.265	0.807461056806023	0.4138497504264864
7.275	0.7950163129991779	0.4161965538094937
7.285	0.7828396185605335	0.4209804222440856
7.295	0.770937491836363	0.42459088898717384
7.305	0.7593163105440348	0.40446253689445705
7.315	0.7479823081884254	0.4058164619231151
7.325	0.7369415705732554	0.4121347787235195
7.335	0.7262000324093867	0.4086145736490085
7.345	0.7157634740220511	0.4135789654207548
7.355	0.7056375181589325	0.39895657511124755
7.365	0.6958276269009236	0.410600330357707
7.375	0.6863390986773323	0.4084340503118541
7.385	0.6771770653872502	0.39227721163653434
7.395	0.6683464896286975	0.39967866845986516
7.405	0.6598521620371405	0.3927285199794204
7.415	0.6516986987348325	0.39633898672250856
7.425	0.6438905388924054	0.4025670418543357
7.435	0.6364319424040947	0.407531433626082
7.445	0.6293269876777989	0.3973318650768578
7.455	0.6225795695412326	0.4072606486203504
7.465	0.6161933972652522	0.38875700656202333
7.475	0.6101719927054146	0.3852368014875123
7.485	0.6045186885627154	0.38009188637861163
7.495	0.599236626764436	0.38613941817328434
7.505	0.5943287569658593	0.38821543655056007
7.515	0.5897978351736102	0.38135554973869246
7.525	0.5856464224912918	0.38577837149897554
7.535	0.5818768839879582	0.3819873814187329
7.545	0.5784913876899251	0.38604915650470717
7.555	0.5754919036963708	0.3930895666537292
7.565	0.5728802034190097	0.383341306447391
7.575	0.5706578589461135	0.38288999810450497
7.585	0.5688262425310957	0.3765716813041006
7.595	0.5673865262056839	0.3888472682306005
7.605	0.566339681517743	0.37603011129263736
7.615	0.5656864793936898	0.3955266317053137
7.625	0.5654274901253222	0.3849660164817807
7.635	0.5655630834808556	0.37765482132702705
7.645	0.5660934289398887	0.3780158680013359
7.655	0.5670184960518738	0.38947909991064095
7.665	0.5683380549176402	0.390381716596413
7.675	0.570051676793492	0.3949850616938505
7.685	0.5721587348171582	0.38261921309877334
7.695	0.5746584048549941	0.39110380994503063
7.705	0.5775496664696189	0.37368330790963
7.715	0.5808313040071498	0.376300896298369
7.725	0.5845019078031037	0.3953461083681593
7.735	0.5885598755060006	0.3980539584254755
7.745	0.5930034135175497	0.39209668829937994
7.755	0.597830538548286	0.3988663134426703
7.765	0.6030390792874996	0.3937213983337696
7.775	0.608626678186061	0.3997689301284424
7.785	0.6145907933508667	0.39462401501954164
7.795	0.6209287005494464	0.39724160340828063
7.805	0.6276374953232287	0.39949814512271076
7.815	0.6347140952078887	0.38920831490490937
7.825	0.6421552420591856	0.39814422009405265
7.835	0.649957504482535	0.4032891352029534
7.845	0.6581172803645778	0.3875836048705196
7.855	0.6666307995049388	0.39083302493929906
7.865	0.675494126346248	0.40969771367193497
7.875	0.6847031628004903	0.41457184377510403
7.885	0.6942536511696848	0.4255837673415231
7.895	0.7041411771588073	0.4093366669976261
7.905	0.7143611729788428	0.41484262878083566
7.915	0.724908920537777	0.41989728222115913
7.925	0.7357795547173236	0.43199234581050466
7.935	0.7469680667330467	0.4259448140158319
7.945	0.7584693075756057	0.4305481591132694
7.955	0.7702779915306888	0.42116094558124
7.965	0.782388699775223	0.4104198070205526
7.975	0.7947958840473914	0.4310897291247326
7.985	0.8074938703878893	0.4306384207818466
7.995	0.8204768629499188	0.430367635776115
8.005	0.8337389478752764	0.4523914829089531
8.015	0.8472740972338806	0.45175965122891265
8.025	0.8610761730240548	0.4614176497666736
8.035	0.8751389312309226	0.4458926427713943
8.045	0.8894560259400268	0.46575020985837945
8.055	0.9040210135035089	0.45356488460045674
8.065	0.9188273567559879	0.47071460163012574
8.075	0.9338684292772559	0.45175965122891265
8.085	0.9491375196990213	0.4612371264295192
8.095	0.9646278360526903	0.47441533004179115
8.105	0.9803325101553757	0.4736029750245963
8.115	0.9962446020310844	0.47459585337894555
8.125	1.0123571043642714	0.47919919847638304
8.135	1.0286629469826358	0.48479542192816977
8.145	1.0451550013662696	0.4741445450360596
8.155	1.0618260851801526	0.48425385191670656
8.165	1.0786689668269247	0.49914702723194543
8.175	1.095676370016976	0.49400211212304473
8.185	1.1128409783528035	0.47739396510483895
8.195	1.1301554399246088	0.4903916453799565
8.205	1.1476123719140772	0.502938017312188
8.215	1.1652043652033415	0.5251423877821806
8.225	1.182923988986085	0.5115128758270225
8.235	1.2007637953777108	0.5231566310734821
8.245	1.2187163240216332	0.5154843892444196
8.255	1.2367741066885773	0.5310093962396989
8.265	1.254929671865932	0.5275794528337651
8.275	1.2731755493341832	0.5274891911651879
8.285	1.2915042747273517	0.5352516946628275
8.295	1.3099083940745366	0.520539042684743
8.305	1.328380468319582	0.5515890566753017
8.315	1.3469130778159482	0.5635035969274929
8.325	1.3654988267938357	0.5476175432579047
8.335	1.3841303477966957	0.5374179747086805
8.345	1.402800306084242	0.5404868714403055
8.355	1.4215014039991556	0.522705322730596
8.365	1.44022638529461	0.5774941555569596
8.375	1.4589680394198647	0.5689192970421252
8.385	1.4777192057611717	0.571085577087978
8.395	1.4964727778352804	0.5601639151901362
8.405	1.515221707432811	0.5646769986189965
8.415	1.5339590087089288	0.565760138641923
8.425	1.5526777622186168	0.5691900820478567
8.435	1.571371118894031	0.583361164014478
8.445	1.5900323039614266	0.5552897850869671
8.455	1.608654620795107	0.578125987237
8.465	1.6272314547060056	0.5803825289514302
8.475	1.645756276662492	0.5941925642437427
8.485	1.6642226469410681	0.5773136322198053
8.495	1.6826242187046232	0.5927483775465073
8.505	1.7009547415060766	0.580292267282853
8.515	1.719208064715108	0.5863397990775258
8.525	1.7373781408659736	0.5952757042666691
8.535	1.755459028924187	0.5950049192609375
8.545	1.7734448974701542	0.5931996858893934
8.555	1.7913300277977182	0.625152316565724
8.565	1.8091088169257517	0.590852882506386
8.575	1.8267757805209248	0.6188339997653197
8.585	1.84432555572988	0.5913944525178493
8.595	1.861752903919059	0.5964491059581728
8.605	1.8790527133205814	0.5985251243354485
8.615	1.8962200015825241	0.6301167083374704
8.625	1.9132499182220837	0.6116130662791432
8.635	1.930137746980196	0.6236178681999116
8.645	1.9468789080761735	0.637427903492224
8.655	1.9634689603610649	0.6089954778904043
8.665	1.9799036033684696	0.625152316565724
8.675	1.99617867926163	0.624249699879952
8.685	2.012290174675659	0.6280406899601946
8.695	2.028234222453916	0.630838801686088
8.705	2.04400710327751	0.6400454918809629
8.715	2.059605247187041	0.6166677197194668
8.725	2.0750252349957736	0.6373376418236468
8.735	2.0902637995934894	0.6419409869210843
8.745	2.1053178271403215	0.6497034904187239
8.755	2.120184358149994	0.6463638086813673
8.765	2.134860588461926	0.633907698417713
8.775	2.149343870101765	0.6258744099143417
8.785	2.16363171202995	0.6371571184864924
8.795	2.177721780778019	0.6275893816173086
8.805	2.191611900972466	0.6265062415943822
8.815	2.2053000557459264	0.644919621984132
8.825	2.2187843870357176	0.6363447634692975
8.835	2.23206319576965	0.614591701342191
8.845	2.245134941939243	0.6474469487042938
8.855	2.2579982445604982	0.6340882217548673
8.865	2.270651881522443	0.636073978463566
8.875	2.2830947893237683	0.6269575499372682
8.885	2.2953260626979373	0.6212710648169042
8.895	2.3073449541272444	0.6057460578216249
8.905	2.319150873246325	0.6072805061874375
8.915	2.3307433861357527	0.6104396645876395
8.925	2.342122214506395	0.6215418498226358
8.935	2.3532872347752822	0.6024966377528456
8.945	2.36423847703383	0.6033992544386175
8.955	2.3749761239092946	0.6058363194902021
8.965	2.385500509320453	0.6153137946908087
8.975	2.3958121171285596	0.6384207818465732
8.985	2.4059115796846404	0.6420312485896614
8.995	2.415799676274396	0.6739838792659921
9.005	2.42547733146188	0.6692902724999774
9.015	2.4349456133333227	0.6817463827636318
9.025	2.444205731642466	0.7127061350856132
9.035	2.4532590358588826	0.7093664533482567
9.045	2.4621070131207636	0.7177607885259367
9.055	2.470751286093784	0.761808482791613
9.065	2.4791936107376924	0.7470055691449512
9.075	2.487435873982288	0.6990766231304553
9.085	2.4954800913146205	0.7355423372356462
9.095	2.5033284042791664	0.7141503217828485
9.105	2.510983077892929	0.7221836102862198
9.115	2.518446497977337	0.7142405834514257
9.125	2.525721168409009	0.7258843386978852
9.135	2.53280970829136	0.7317513471554036
9.145	2.539714849049223	0.7272382637265433
9.155	2.5464394314485856	0.7220933486176425
9.165	2.5529864025436635	0.7079222666510213
9.175	2.5593588125535702	0.736806000595727
9.185	2.5655598116708793	0.7256135536921535
9.195	2.571592646804419	0.7215517786061794
9.205	2.5774606582586643	0.7470958308135285
9.215	2.58316727635222	0.7135184901028081
9.225	2.5887160179777764	0.7066586032909404
9.235	2.594110483106132	0.7194757602289036
9.245	2.599354351236776	0.7046728465822419
9.255	2.6044513777976137	0.7118937800684184
9.265	2.609405390496481	0.7336468421955249
9.275	2.6142202856270695	0.7265161703779256
9.285	2.6189000243319507	0.7252525070178447
9.295	2.6234486288253747	0.7127061350856132
9.305	2.627870178578645	0.709095668342525
9.315	2.6321688064707245	0.7045825849136648
9.325	2.6363486949069492	0.7261551237036168
9.335	2.6404140719086087	0.7197465452346352
9.345	2.6443692071761644	0.7115327333941095
9.355	2.6482184081290394	0.7190244518860176
9.365	2.651966015924768	0.7292240204352418
9.375	2.6556164014603554	0.7025968282049663
9.385	2.6591739613587797	0.7208296852575617
9.395	2.6626431139434903	0.7109911633826463
9.405	2.6660282952037724	0.7132477050970765
9.415	2.6693339547539243	0.6996181931419184
9.425	2.672564551789138	0.707380696639558
9.435	2.6757245510409313	0.7096372383539883
9.445	2.6788184187351254	0.7062975566166316
9.455	2.6818506185552136	0.6981740064446832
9.465	2.6848256076140062	0.700340286490536
9.475	2.6877478324364943	0.7286824504237785
9.485	2.6906217249567863	0.7051241549251279
9.495	2.6934516985319688	0.7211907319318706
9.505	2.6962421439757946	0.7167679101715875
9.515	2.6989974256150484	0.6838224011409075
9.525	2.7017218773713467	0.7197465452346352
9.535	2.7044197988712986	0.7017844731877714
9.545	2.707095451587743	0.6934803996786685
9.555	2.709753055014845	0.7033189215535839
9.565	2.712396782879838	0.7127061350856132
9.575	2.7150307593941108	0.7206491619204073
9.585	2.717659055546335	0.698986361461878
9.595	2.720285685440294	0.711261948388378
9.605	2.722914602680118	0.6990766231304553
9.615	2.725549696805418	0.6983545297818375
9.625	2.728194789779003	0.6924875213243192
9.635	2.7308536325296564	0.6811145510835913
9.645	2.733529901552466	0.6949245863759038
9.655	2.7362271955692092	0.697181128090334
9.665	2.73894903225119	0.6905017646156207
9.675	2.7416988450068884	0.6793093177120473
9.685	2.7444799798367683	0.6916751663071243
9.695	2.7472956922575698	0.7065683416223633
9.705	2.750149144298242	0.6991668847990324
9.715	2.753043401569785	0.6946538013701722
9.725	2.7559814304111203	0.7074709583081353
9.735	2.758966095113027	0.7128866584227677
9.745	2.7620001552222826	0.6952856330502126
9.755	2.7650862629278787	0.6962785114045619
9.765	2.768226960531332	0.6895088862612715
9.775	2.771424678002882	0.6868010362039553
9.785	2.7746817306254594	0.702506566536389
9.795	2.778000316728097	0.6939317080215545
9.805	2.7813825155105416	0.7100885466968743
9.815	2.784830284960672	0.6967298197474479
9.825	2.788345459866245	0.7084638366624846
9.835	2.7919297499225593	0.707741743313867
9.845	2.795584737937372	0.7254330303549992
9.855	2.7993118781345236	0.7428535323903998
9.865	2.803112494557511	0.7173997418516279
9.875	2.8069877795742872	0.7272382637265433
9.885	2.8109387924844076	0.7225446569605286
9.895	2.8149664582296614	0.7346397205498741
9.905	2.8190715662091934	0.7221836102862198
9.915	2.823254769200058	0.7362644305842638
9.925	2.8275165823841104	0.7351812905613373
9.935	2.8318573824820192	0.7283214037494697
9.945	2.836277406995167	0.7213712552690249
9.955	-Inf	0.0
9.965	-Inf	0.0
9.975	-Inf	0.0
9.985	-Inf	0.0
9.995	-Inf	0.0
