0.005	-Inf	0.0
0.015	-Inf	0.0
0.025	-Inf	0.0
0.035	-Inf	0.0
0.045	-Inf	0.0
0.055	-Inf	0.0
0.065	-6.954552951393659	0.0009368137722791842
0.075	-6.975758316331449	0.0009492219017133456
0.085	-6.996782010508862	0.0009926503547329104
0.095	-7.0176163308496555	0.0008995893839767001
0.105	-7.03825364505837	0.0008685690603912966
0.115	-7.058686395307403	0.0009119975134108615
0.125	-7.078907101896929	0.0009306097075621035
0.135	-7.098908366885707	0.0008871812545425386
0.145	-7.118682877690768	0.0007693040249180055
0.155	-7.138223410654011	0.0008251406073717317
0.165	-7.157522834573775	0.0008065284132204897
0.175	-7.176574114199408	0.0006700389894447145
0.185	-7.195370313686936	0.0007630999602009249
0.195	-7.213904600013911	0.0006266105364251497
0.205	-7.2321702463515445	0.0007755080896350862
0.215	-7.250160635392254	0.0007382837013326021
0.225	-7.2678692626307715	0.0007072633777471986
0.235	-7.285289739596996	0.0006886511835959566
0.245	-7.30241579703875	0.00071967150718136
0.255	-7.319241288052693	0.0006328146011422304
0.265	-7.335760191161597	0.0005707739539714235
0.275	-7.351966613336286	0.0005769780186885042
0.285	-7.367854792960488	0.000620406471708069
0.295	-7.383419102736962	0.0006948552483130373
0.305	-7.398654052533221	0.0006452227305763918
0.315	-7.413554292165239	0.0005831820834055849
0.325	-7.428114614117545	0.0005769780186885042
0.335	-7.442329956198157	0.0007444877660496828
0.345	-7.456195404126812	0.000558365824537262
0.355	-7.469706194055018	0.000558365824537262
0.365	-7.4828577150164435	0.0005893861481226655
0.375	-7.495645511306248	0.0005645698892543428
0.385	-7.508065284787945	0.00053975363038602
0.395	-7.52011289712646	0.000558365824537262
0.405	-7.531784371946057	0.0006328146011422304
0.415	-7.543075896911875	0.0005087333068006165
0.425	-7.55398382573383	0.0006266105364251497
0.435	-7.56450468009168	0.0006266105364251497
0.445	-7.574635151480123	0.0005025292420835359
0.455	-7.584372102972784	0.00045910078906397106
0.465	-7.593712570904051	0.00047150891849813246
0.475	-7.602653766467711	0.00045289672434689035
0.485	-7.61119307723141	0.0004901211126493745
0.495	-7.619328068566005	0.0004280804654785676
0.505	-7.627056484988896	0.0005893861481226655
0.515	-7.634376251420511	0.00047150891849813246
0.525	-7.641285474353113	0.00045910078906397106
0.535	-7.647782442931208	0.0004839170479322938
0.545	-7.6538656299428025	0.0003908560771760835
0.555	-7.659533692720891	0.00045289672434689035
0.565	-7.664785473954518	0.00038465201245900277
0.575	-7.669620002408879	0.0004901211126493745
0.585	-7.674036493553933	0.0004342845301956483
0.595	-7.678034350101044	0.000440488594912729
0.605	-7.6816131624472614	0.00053975363038602
0.615	-7.6847727090268325	0.000440488594912729
0.625	-7.687512956569669	0.00042187640076148694
0.635	-7.689834060266454	0.00046530485378105176
0.645	-7.6917363638402145	0.00041567233604440624
0.655	-7.693220399524147	0.0005955902128397463
0.665	-7.694286887945612	0.0004466926596298097
0.675	-7.694936737916221	0.0003908560771760835
0.685	-7.695171046127977	0.0004963251773664552
0.695	-7.694991096755552	0.0005273455009518587
0.705	-7.6943983609647315	0.0004901211126493745
0.715	-7.693394496327197	0.0004963251773664552
0.725	-7.69198134614184	0.0003536316888735993
0.735	-7.690160938662812	0.0004466926596298097
0.745	-7.687935486234635	0.0005149373715176973
0.755	-7.685307384334697	0.0004280804654785676
0.765	-7.682279210523523	0.0004963251773664552
0.775	-7.678853723303266	0.00042187640076148694
0.785	-7.6750338608849225	0.0005025292420835359
0.795	-7.670822739864779	0.0005273455009518587
0.805	-7.666223653810731	0.0005211414362347779
0.815	-7.661240071759078	0.00046530485378105176
0.825	-7.655875636622495	0.00038465201245900277
0.835	-7.650134163509929	0.00040946827132732553
0.845	-7.644019637959201	0.0004466926596298097
0.855	-7.637536214083158	0.00041567233604440624
0.865	-7.630688212630239	0.0005025292420835359
0.875	-7.623480118960414	0.0005645698892543428
0.885	-7.615916580937458	0.00046530485378105176
0.895	-7.60800240673858	0.0006017942775568269
0.905	-7.5997425625824935	0.00040946827132732553
0.915	-7.5911421703770365	0.00053975363038602
0.925	-7.5822065052874885	0.0004963251773664552
0.935	-7.572940993226809	0.00047150891849813246
0.945	-7.563351208269039	0.0005273455009518587
0.955	-7.553442869987142	0.0005273455009518587
0.965	-7.543221840716632	0.0006017942775568269
0.975	-7.532694122746367	0.0005025292420835359
0.985	-7.521865855437893	0.0005955902128397463
0.995	-7.510743312274826	0.0006762430541617953
1.005	-7.4993328978437495	0.00053975363038602
1.015	-7.487641144748151	0.0004280804654785676
1.025	-7.475674710456981	0.0005087333068006165
1.035	-7.46344037408943	0.0005211414362347779
1.045	-7.45094503313757	0.0005893861481226655
1.055	-7.438195700128528	0.0005893861481226655
1.065	-7.4251994992279045	0.0006142024069909883
1.075	-7.411963662786185	0.0004777129832152131
1.085	-7.398495527829909	0.00071967150718136
1.095	-7.384802532499405	0.0005335495656689393
1.105	-7.3708922124349305	0.0005893861481226655
1.115	-7.35677219711307	0.0006638349247276338
1.125	-7.3424502061353	0.0005211414362347779
1.135	-7.327934045470624	0.0006762430541617953
1.145	-7.313231603654223	0.0006266105364251497
1.155	-7.298350847944108	0.0005707739539714235
1.165	-7.2832998204377475	0.0006700389894447145
1.175	-7.26808663415069	0.000639018665859311
1.185	-7.25271946905923	0.0007134674424642794
1.195	-7.2372065681091655	0.0008251406073717317
1.205	-7.221556233192717	0.0005955902128397463
1.215	-7.205776821095721	0.0006142024069909883
1.225	-7.189876739417196	0.0007134674424642794
1.235	-7.1738644424634	0.0007941202837863284
1.245	-7.157748427118558	0.0008871812545425386
1.255	-7.141537228694362	0.000781712154352167
1.265	-7.125239416760452	0.0007879162190692476
1.275	-7.108863590958044	0.0008189365426546511
1.285	-7.09241837679888	0.0007072633777471986
1.295	-7.075912421451721	0.0006576308600105531
1.305	-7.059354389518558	0.0006886511835959566
1.315	-7.042752958802778	0.0009244056428450228
1.325	-7.026116816071473	0.0007879162190692476
1.335	-7.009454652814146	0.001017466613601233
1.345	-6.992775160999983	0.0008995893839767001
1.355	-6.976087028835968	0.0008499568662400545
1.365	-6.959398936528013	0.0009492219017133456
1.375	-6.942719552047363	0.0009864462900158297
1.385	-6.926057526904471	0.0010484869371866366
1.395	-6.909421491932552	0.000998854419449991
1.405	-6.892820053083044	0.001178772296245331
1.415	-6.876261787235161	0.0010050584841670717
1.425	-6.859755238021742	0.0011849763609624118
1.435	-6.8433089116735735	0.0012159966845478151
1.445	-6.826931272884372	0.000880977189825458
1.455	-6.810630740698573	0.001017466613601233
1.465	-6.794415684424102	0.0012346088786990574
1.475	-6.778294419572242	0.0010670991313378787
1.485	-6.7622752038267375	0.001278037331718622
1.495	-6.746366233044238	0.0009926503547329104
1.505	-6.730575637288157	0.0012346088786990574
1.515	-6.7149114768980525	0.0013090576553040256
1.525	-6.699381738596531	0.00125942513756738
1.535	-6.683994331635762	0.001178772296245331
1.545	-6.668757083985562	0.00125942513756738
1.555	-6.653677738565073	0.0012284048139819767
1.565	-6.6387639495199755	0.0012718332670015415
1.575	-6.624023278547182	0.001340077978889429
1.585	-6.60946319126892	0.0014269348849285587
1.595	-6.595091053658087	0.0013152617200211062
1.605	-6.580914128516746	0.001420730820211478
1.615	-6.566939572009561	0.0011663641668111697
1.625	-6.5531744302539945	0.001482771467382285
1.635	-6.5396256359690215	0.001699913732480109
1.645	-6.526300005184086	0.0014083226907773167
1.655	-6.51320423401001	0.001402118626060236
1.665	-6.500344895473508	0.0015758324381384952
1.675	-6.487728436416952	0.0013338739141723482
1.685	-6.475361174464958	0.0015075877262506077
1.695	-6.463249295059378	0.0015944446322897373
1.705	-6.451398848564182	0.001681301538328867
1.715	-6.4398157474417435	0.0015510161792701724
1.725	-6.428505763501951	0.0015758324381384952
1.735	-6.4174745252255425	0.0017371381207825932
1.745	-6.4067275151630305	0.0018550153504071263
1.755	-6.396270067410532	0.001582036502855576
1.765	-6.386107365163779	0.0018177909621046422
1.775	-6.376244438351538	0.0018860356739925299
1.785	-6.366686161349623	0.0015758324381384952
1.795	-6.357437250776663	0.0015758324381384952
1.805	-6.348502263372693	0.0019108519328608525
1.815	-6.339885593961643	0.0017929747032363194
1.825	-6.3315914734987295	0.0018674234798412876
1.835	-6.323623967203687	0.0017309340560655124
1.845	-6.315986972780786	0.0018860356739925299
1.855	-6.308684218726469	0.0017867706385192388
1.865	-6.301719262725431	0.0017991787679534001
1.875	-6.295095490135925	0.0019108519328608525
1.885	-6.288816112564991	0.0019666885153145786
1.895	-6.282884166534275	0.0019480763211633366
1.905	-6.277302512237085	0.0018860356739925299
1.915	-6.27207383238721	0.001842607220972965
1.925	-6.26720063116005	0.001780566573802158
1.935	-6.262685233226522	0.0017929747032363194
1.945	-6.258529782880133	0.0018674234798412876
1.955	-6.2547362432576215	0.0019108519328608525
1.965	-6.25130639565344	0.001923260062295014
1.975	-6.248241838928382	0.001842607220972965
1.985	-6.245543989012527	0.0018674234798412876
1.995	-6.2432140785026835	0.0016875056030459478
2.005	-6.241253156354439	0.001780566573802158
2.015	-6.239662087668849	0.0018550153504071263
2.025	-6.238441553573797	0.002103177939090354
2.035	-6.237592051199955	0.0020101169683341435
2.045	-6.237113893751256	0.002041137291919547
2.055	-6.237007210669731	0.0017123218619142704
2.065	-6.237271947894485	0.0018984438034266912
2.075	-6.237907868214592	0.0019294641270120945
2.085	-6.238914551715564	0.001879831609275449
2.095	-6.240291396319084	0.00215901452154408
2.105	-6.242037618415551	0.0018115868973875614
2.115	-6.244152253589002	0.0021714226509782415
2.125	-6.246634157433919	0.0020287291624853858
2.135	-6.249482006463323	0.0018736275445583683
2.145	-6.252694299107594	0.0017991787679534001
2.155	-6.256269356803328	0.002034933227202466
2.165	-6.260205325171543	0.002041137291919547
2.175	-6.264500175284482	0.001923260062295014
2.185	-6.269151705020208	0.0018550153504071263
2.195	-6.27415754050415	0.0019542803858804175
2.205	-6.279515137636699	0.0017371381207825932
2.215	-6.285221783705927	0.0018674234798412876
2.225	-6.29127459908443	0.001861219415124207
2.235	-6.2976705390092755	0.0017185259266313511
2.245	-6.304406395443983	0.0017495462502167545
2.255	-6.311478799021398	0.0018177909621046422
2.265	-6.318884221066338	0.001681301538328867
2.275	-6.326618975696764	0.0018115868973875614
2.285	-6.334679222002272	0.0019480763211633366
2.295	-6.343060966298587	0.0017123218619142704
2.305	-6.35176006445676	0.0017247299913484319
2.315	-6.360772224305688	0.0016316690205922214
2.325	-6.370093008106568	0.0017123218619142704
2.335	-6.3797178350978205	0.001563424308704334
2.345	-6.389641984109042	0.001879831609275449
2.355	-6.399860596242436	0.0017123218619142704
2.365	-6.4103686776202045	0.0016068527617238988
2.375	-6.421161102196304	0.001761954379650916
2.385	-6.4322326146309505	0.0017247299913484319
2.395	-6.443577833226234	0.0016688934088947057
2.405	-6.455191252921159	0.001482771467382285
2.415	-6.46706724834441	0.001582036502855576
2.425	-6.479200076923096	0.0015324039851189303
2.435	-6.491583882045707	0.0013462820436065098
2.445	-6.50421269627751	0.001761954379650916
2.455	-6.517080444626541	0.001519995855684769
2.465	-6.530180947858362	0.0013152617200211062
2.475	-6.543507925857719	0.0013835064319089939
2.485	-6.557055001035203	0.0014517511437968816
2.495	-6.570815701777003	0.00143934301436272
2.505	-6.584783465935828	0.001482771467382285
2.515	-6.598951644361032	0.0013959145613431552
2.525	-6.613313504465981	0.0013524861083235905
2.535	-6.627862233830681	0.0014269348849285587
2.545	-6.6425909438376385	0.0014951795968164462
2.555	-6.657492673338968	0.0013773023671919131
2.565	-6.67256039235269	0.001321465784738187
2.575	-6.687787005786182	0.0013338739141723482
2.585	-6.703165357184734	0.0013524861083235905
2.595	-6.718688232503134	0.0013090576553040256
2.605	-6.7343483638982065	0.0012035885551136538
2.615	-6.75013843354023	0.0013710983024748326
2.625	-6.766051077441138	0.0012159966845478151
2.635	-6.782078889297406	0.001197384490396573
2.645	-6.798214424345541	0.001098119454923282
2.655	-6.814450203228041	0.001017466613601233
2.665	-6.8307787158677575	0.0011353438432257664
2.675	-6.847192425348527	0.0010422828724695559
2.685	-6.8636837717999795	0.001098119454923282
2.695	-6.880245176284433	0.0009554259664304262
2.705	-6.896869044683742	0.0009119975134108615
2.715	-6.913547771584041	0.0010484869371866366
2.725	-6.930273744156291	0.0010546910019037174
2.735	-6.947039346030489	0.0011229357137916049
2.745	-6.963836961161566	0.0010360788077524753
2.755	-6.980658977684805	0.0008747731251083772
2.765	-6.997497791758799	0.0009306097075621035
2.775	-7.014345811393853	0.0009368137722791842
2.785	-7.031195460263829	0.0009182015781279421
2.795	-7.048039181499396	0.0007693040249180055
2.805	-7.064869441460702	0.0007879162190692476
2.815	-7.081678733487433	0.0008375487368058931
2.825	-7.098459581624364	0.0008251406073717317
2.835	-7.115204544320357	0.0007506918307667635
2.845	-7.131906218098949	0.0008561609309571352
2.855	-7.148557241198567	0.0008127324779375704
2.865	-7.165150297180492	0.0008313446720888125
2.875	-7.181678118502706	0.0008127324779375704
2.885	-7.198133490057763	0.0008933853192596194
2.895	-7.214509252672868	0.0006948552483130373
2.905	-7.23079830657036	0.0007072633777471986
2.915	-7.246993614786823	0.0007320796366155214
2.925	-7.263088206549091	0.0006638349247276338
2.935	-7.2790751806054335	0.0007941202837863284
2.945	-7.294947708510188	0.0006452227305763918
2.955	-7.310699037860266	0.0006824471188788759
2.965	-7.326322495481812	0.0006762430541617953
2.975	-7.34181149056549	0.0005645698892543428
2.985	-7.3571595177488	0.0005211414362347779
2.995	-7.372360160143898	0.0005211414362347779
3.005	-7.387407092309437	0.0006266105364251497
3.015	-7.402294083164966	0.0006762430541617953
3.025	-7.417014998846437	0.0005893861481226655
3.035	-7.431563805501478	0.000558365824537262
3.045	-7.445934572023042	0.0005645698892543428
3.055	-7.460121472720132	0.0005335495656689393
3.065	-7.474118789924342	0.0006017942775568269
3.075	-7.487920916530952	0.0005831820834055849
3.085	-7.501522358473406	0.0005211414362347779
3.095	-7.5149177371300135	0.0005087333068006165
3.105	-7.528101791661748	0.0005335495656689393
3.115	-7.541069381280083	0.000440488594912729
3.125	-7.553815487443844	0.0004777129832152131
3.135	-7.566335215984066	0.0004777129832152131
3.145	-7.578623799155937	0.00042187640076148694
3.155	-7.59067659761691	0.000440488594912729
3.165	-7.602489102330145	0.00041567233604440624
3.175	-7.614056936392446	0.0004280804654785676
3.185	-7.625375856785956	0.0004901211126493745
3.195	-7.636441756052861	0.00040946827132732553
3.205	-7.647250663892443	0.0003660398183077607
3.215	-7.657798748679843	0.00045910078906397106
3.225	-7.668082318905969	0.0004466926596298097
3.235	-7.678097824537972	0.0004342845301956483
3.245	-7.6878418582998425	0.00047150891849813246
3.255	-7.697311156872655	0.0005335495656689393
3.265	-7.706502602014068	0.0004839170479322938
3.275	-7.7154132215967275	0.0003970601418931642
3.285	-7.724040190565282	0.0005211414362347779
3.295	-7.732380831811725	0.0003970601418931642
3.305	-7.740432616968889	0.00047150891849813246
3.315	-7.748193167121887	0.0004839170479322938
3.325	-7.75566025343743	0.00045289672434689035
3.335	-7.762831797710913	0.00032881543000527655
3.345	-7.769705872831268	0.00041567233604440624
3.355	-7.776280703163602	0.0004280804654785676
3.365	-7.782554664849692	0.0004342845301956483
3.375	-7.788526286026452	0.0004342845301956483
3.385	-7.794194246962548	0.0003226113652881959
3.395	-7.799557380113345	0.00029159104170279243
3.405	-7.804614670094471	0.00038465201245900277
3.415	-7.809365253574287	0.0005335495656689393
3.425	-7.8138084190855945	0.00037844794774192207
3.435	-7.817943606757014	0.00034742762415651866
3.445	-7.821770407964414	0.00037844794774192207
3.455	-7.825288564902921	0.0004901211126493745
3.465	-7.828497970080014	0.00037844794774192207
3.475	-7.831398665730263	0.00034122355943943795
3.485	-7.833990843152341	0.00032881543000527655
3.495	-7.836274841968953	0.0004280804654785676
3.505	-7.838251149310377	0.00041567233604440624
3.515	-7.8399203989223585	0.00040326420661024483
3.525	-7.841283370199132	0.0004839170479322938
3.535	-7.842340987142388	0.00045910078906397106
3.545	-7.843094317247056	0.00038465201245900277
3.555	-7.843544570314772	0.000440488594912729
3.565	-7.843693097196006	0.0004342845301956483
3.575	-7.8435413884617855	0.00033501949472235725
3.585	-7.843091073006054	0.0004466926596298097
3.595	-7.84234391657969	0.0004280804654785676
3.605	-7.841301820257293	0.00034122355943943795
3.615	-7.839966818837828	0.00041567233604440624
3.625	-7.83834107918031	0.00041567233604440624
3.635	-7.836426898475688	0.0005025292420835359
3.645	-7.834226702456164	0.0004839170479322938
3.655	-7.831743043543193	0.00032881543000527655
3.665	-7.828978598935448	0.0004280804654785676
3.675	-7.825936168638049	0.0003908560771760835
3.685	-7.8226186734344205	0.00042187640076148694
3.695	-7.819029152802126	0.0004466926596298097
3.705	-7.815170762774093	0.0003908560771760835
3.715	-7.811046773746628	0.0003536316888735993
3.725	-7.806660568235709	0.000440488594912729
3.735	-7.802015638582993	0.0004466926596298097
3.745	-7.797115584613061	0.0004839170479322938
3.755	-7.791964111243403	0.0004839170479322938
3.765	-7.786565026048707	0.00040326420661024483
3.775	-7.780922236780998	0.0004466926596298097
3.785	-7.775039748847217	0.00038465201245900277
3.795	-7.768921662745851	0.0004777129832152131
3.805	-7.76257217146421	0.00035983575359068
3.815	-7.755995557838033	0.0003970601418931642
3.825	-7.749196191875013	0.0004839170479322938
3.835	-7.742178528043977	0.00045910078906397106
3.845	-7.734947102531355	0.0005273455009518587
3.855	-7.727506530466643	0.00042187640076148694
3.865	-7.71986150311859	0.000440488594912729
3.875	-7.712016785063789	0.00045289672434689035
3.885	-7.703977211329425	0.000440488594912729
3.895	-7.695747684511906	0.0005273455009518587
3.905	-7.6873331718731155	0.00041567233604440624
3.915	-7.6787387024160525	0.00045910078906397106
3.925	-7.669969363941578	0.0005211414362347779
3.935	-7.661030300088065	0.00042187640076148694
3.945	-7.651926707355686	0.00045910078906397106
3.955	-7.64266383211712	0.0005087333068006165
3.965	-7.633246967616421	0.00045289672434689035
3.975	-7.6236814509578394	0.0005645698892543428
3.985	-7.613972660086327	0.0004342845301956483
3.995	-7.604126010761524	0.0005025292420835359
4.005	-7.594146953526947	0.00045289672434689035
4.015	-7.584040970676156	0.000440488594912729
4.025	-7.5738135732176515	0.0006079983422739076
4.035	-7.563470297840209	0.0004901211126493745
4.045	-7.553016703880433	0.00045289672434689035
4.055	-7.542458370294206	0.0005087333068006165
4.065	-7.531800892633806	0.0005335495656689393
4.075	-7.521049880032327	0.000620406471708069
4.085	-7.51021095219716	0.0004963251773664552
4.095	-7.4992897364141875	0.0005459576951031007
4.105	-7.488291864564346	0.0004901211126493745
4.115	-7.477222970154248	0.0006142024069909883
4.125	-7.466088685362458	0.0004839170479322938
4.135	-7.454894638103085	0.000620406471708069
4.145	-7.443646449108252	0.0006514267952934724
4.155	-7.43234972903108	0.0005521617598201814
4.165	-7.421010075570708	0.0005273455009518587
4.175	-7.409633070620912	0.0005335495656689393
4.185	-7.398224277443873	0.000558365824537262
4.195	-7.386789237870545	0.000701059313030118
4.205	-7.375333469529168	0.000639018665859311
4.215	-7.36386246310333	0.0005893861481226655
4.225	-7.352381679621047	0.0007630999602009249
4.235	-7.3408965477762536	0.0007072633777471986
4.245	-7.329412461284101	0.0006452227305763918
4.255	-7.317934776271395	0.0006700389894447145
4.265	-7.306468808703533	0.0006638349247276338
4.275	-7.295019831849222	0.000639018665859311
4.285	-7.283593073784266	0.0007320796366155214
4.295	-7.272193714935632	0.000701059313030118
4.305	-7.260826885667064	0.0007134674424642794
4.315	-7.249497663907375	0.0006514267952934724
4.325	-7.2382110728226	0.0007506918307667635
4.335	-7.226972078533111	0.000639018665859311
4.345	-7.2157855878767965	0.0008437528015229739
4.355	-7.204656446219355	0.0006638349247276338
4.365	-7.193589435312708	0.0006762430541617953
4.375	-7.182589271202544	0.0008437528015229739
4.385	-7.171660602185925	0.000800324348503409
4.395	-7.16080800681988	0.0008375487368058931
4.405	-7.150035991981876	0.0008189365426546511
4.415	-7.139348990982991	0.0009182015781279421
4.425	-7.128751361734608	0.0006824471188788759
4.435	-7.118247384969423	0.0009182015781279421
4.445	-7.107841262517459	0.0008747731251083772
4.455	-7.097537115637827	0.0009554259664304262
4.465	-7.087338983406872	0.0007693040249180055
4.475	-7.077250821163327	0.0009182015781279421
4.485	-7.067276499011061	0.0008313446720888125
4.495	-7.057419800379995	0.0010670991313378787
4.505	-7.047684420645629	0.0009057934486937807
4.515	-7.038073965807725	0.0009926503547329104
4.525	-7.028591951228521	0.0007941202837863284
4.535	-7.019241800430899	0.0009182015781279421
4.545	-7.0100268439568305	0.0009554259664304262
4.555	-7.0009503182864465	0.0008189365426546511
4.565	-6.992015364817982	0.0008437528015229739
4.575	-6.983225028908835	0.001060895066620798
4.585	-6.97458225897794	0.0009119975134108615
4.595	-6.966089905669598	0.0010360788077524753
4.605	-6.957750721078919	0.0010360788077524753
4.615	-6.949567358038898	0.0009554259664304262
4.625	-6.941542369469213	0.0010360788077524753
4.635	-6.933678207786714	0.0010298747430353946
4.645	-6.9259772243775934	0.0009368137722791842
4.655	-6.918441669131128	0.0010670991313378787
4.665	-6.911073690034908	0.0011291397785086856
4.675	-6.903875332831386	0.000980242225298749
4.685	-6.8968485407355455	0.0012284048139819767
4.695	-6.889995154213492	0.000980242225298749
4.705	-6.883316910821663	0.000961630031147507
4.715	-6.876815445106392	0.0010733031960549594
4.725	-6.87049228856345	0.000980242225298749
4.735	-6.864348869657226	0.0008747731251083772
4.745	-6.858386513899111	0.001098119454923282
4.755	-6.852606443984649	0.0011477519726599277
4.765	-6.847009779988979	0.0009740381605816683
4.775	-6.8415975396200315	0.0009057934486937807
4.785	-6.836370638528963	0.0010422828724695559
4.795	-6.83132989067722	0.0010546910019037174
4.805	-6.826476008759618	0.0010733031960549594
4.815	-6.821809604682807	0.0011725682315282505
4.825	-6.817331190098412	0.0010360788077524753
4.835	-6.813041176990176	0.0010670991313378787
4.845	-6.808939878314321	0.0011663641668111697
4.855	-6.805027508692393	0.0009740381605816683
4.865	-6.80130418515575	0.0010919153902062015
4.875	-6.797769927940904	0.0011663641668111697
4.885	-6.794424661334828	0.0011229357137916049
4.895	-6.791268214569341	0.0011105275843574436
4.905	-6.788300322763688	0.0012966495258698641
4.915	-6.78552062791433	0.0011539560373770084
4.925	-6.782928679931022	0.0011477519726599277
4.935	-6.780523937718159	0.0011663641668111697
4.945	-6.778305770300391	0.0010857113254891207
4.955	-6.776273457991473	0.0011291397785086856
4.965	-6.774426193605275	0.001116731649074524
4.975	-6.772763083707885	0.0011229357137916049
4.985	-6.771283149909704	0.0010919153902062015
4.995	-6.769985330196399	0.0011353438432257664
5.005	-6.768868480297596	0.0010050584841670717
5.015	-6.767931375092122	0.0011291397785086856
5.025	-6.767172710048652	0.001197384490396573
5.035	-6.766591102700554	0.0010919153902062015
5.045	-6.76618509415371	0.0010733031960549594
5.055	-6.765953150626122	0.0012035885551136538
5.065	-6.765893665018034	0.0012346088786990574
5.075	-6.76600495851134	0.001278037331718622
5.085	-6.766285282197001	0.0009740381605816683
5.095	-6.766732818729212	0.0010422828724695559
5.105	-6.767345684005022	0.0011043235196403628
5.115	-6.768121928868122	0.0010236706783183138
5.125	-6.769059540835487	0.0011539560373770084
5.135	-6.770156445845577	0.001197384490396573
5.145	-6.7714105100267785	0.000880977189825458
5.155	-6.772819541484735	0.0010919153902062015
5.165	-6.774381292107294	0.001278037331718622
5.175	-6.776093459385675	0.0011229357137916049
5.185	-6.777953688250586	0.0011663641668111697
5.195	-6.7799595729219	0.0010050584841670717
5.205	-6.782108658770578	0.001141547907942847
5.215	-6.784398444191509	0.0012470170081332187
5.225	-6.786826382485904	0.0010236706783183138
5.235	-6.789389883751928	0.0011291397785086856
5.245	-6.792086316782226	0.0011477519726599277
5.255	-6.794913010967011	0.0011291397785086856
5.265	-6.7978672582014035	0.001141547907942847
5.275	-6.800946314795676	0.0011849763609624118
5.285	-6.804147403387105	0.0010670991313378787
5.295	-6.80746771485212	0.0013090576553040256
5.305	-6.810904410217436	0.0012904454611527836
5.315	-6.814454622568903	0.001116731649074524
5.325	-6.818115458956749	0.0011105275843574436
5.335	-6.821884002295991	0.0011291397785086856
5.345	-6.825757313260714	0.0010360788077524753
5.355	-6.829732432170992	0.0009678340958645876
5.365	-6.833806380871197	0.0011043235196403628
5.375	-6.8379761645984845	0.0010546910019037174
5.385	-6.842238773840251	0.0011291397785086856
5.395	-6.8465911861793485	0.0010670991313378787
5.405	-6.851030368125901	0.0009430178369962649
5.415	-6.8555532769345415	0.0010236706783183138
5.425	-6.860156862405948	0.0010422828724695559
5.435	-6.864838068671532	0.0009926503547329104
5.445	-6.869593835960182	0.001222200749264896
5.455	-6.874421102345976	0.0010857113254891207
5.465	-6.879316805475787	0.0011105275843574436
5.475	-6.884277884275752	0.001098119454923282
5.485	-6.889301280635561	0.0011849763609624118
5.495	-6.8943839410695675	0.0010050584841670717
5.505	-6.899522818353758	0.000980242225298749
5.515	-6.904714873137595	0.000998854419449991
5.525	-6.909957075529832	0.0009926503547329104
5.535	-6.915246406657356	0.0009182015781279421
5.545	-6.9205798601962245	0.0010298747430353946
5.555	-6.925954443873986	0.0009182015781279421
5.565	-6.931367180942489	0.0010670991313378787
5.575	-6.936815111620361	0.0010484869371866366
5.585	-6.94229529450439	0.0009368137722791842
5.595	-6.947804807949041	0.0011663641668111697
5.605	-6.953340751413404	0.0009119975134108615
5.615	-6.958900246774871	0.000998854419449991
5.625	-6.964480439608876	0.0009368137722791842
5.635	-6.970078500434068	0.0009740381605816683
5.645	-6.9756916259223125	0.0008623649956742159
5.655	-6.981317040072924	0.0010236706783183138
5.665	-6.98695199535062	0.0008871812545425386
5.675	-6.992593773786652	0.0008065284132204897
5.685	-6.998239688042631	0.000800324348503409
5.695	-7.00388708243661	0.001017466613601233
5.705	-7.009533333930984	0.000800324348503409
5.715	-7.015175853081817	0.0008995893839767001
5.725	-7.020812084949244	0.0009368137722791842
5.735	-7.026439509968623	0.0009554259664304262
5.745	-7.032055644782107	0.0009306097075621035
5.755	-7.037658043030424	0.0009244056428450228
5.765	-7.043244296104585	0.0008685690603912966
5.775	-7.0488120338573355	0.0008251406073717317
5.785	-7.054358925274195	0.0008499568662400545
5.795	-7.05988267910392	0.0009740381605816683
5.805	-7.065381044448305	0.0009119975134108615
5.815	-7.070851811311244	0.0008127324779375704
5.825	-7.076292811107003	0.0007693040249180055
5.835	-7.081701917127708	0.0008437528015229739
5.845	-7.087077044970055	0.0008065284132204897
5.855	-7.092416152921304	0.0009119975134108615
5.865	-7.097717242304642	0.0010733031960549594
5.875	-7.102978357784038	0.0008313446720888125
5.885	-7.108197587628714	0.0008685690603912966
5.895	-7.1133730639374395	0.0008685690603912966
5.905	-7.118502962822842	0.000961630031147507
5.915	-7.123585504555974	0.0007258755718984408
5.925	-7.128618953671408	0.0007879162190692476
5.935	-7.133601619033167	0.0007755080896350862
5.945	-7.138531853861802	0.0006886511835959566
5.955	-7.14340805572299	0.0007630999602009249
5.965	-7.148228666478035	0.0007320796366155214
5.975	-7.152992172196684	0.0006762430541617953
5.985	-7.157697103032703	0.0007444877660496828
5.995	-7.162342033062688	0.000781712154352167
6.005	-7.166925580088613	0.000639018665859311
6.015	-7.171446405404609	0.0007258755718984408
6.025	-7.1759032135285885	0.0007444877660496828
6.035	-7.180294751899214	0.0008251406073717317
6.045	-7.184619810538883	0.0008375487368058931
6.055	-7.188877221683315	0.00071967150718136
6.065	-7.1930658593784	0.0007755080896350862
6.075	-7.197184639044994	0.0008189365426546511
6.085	-7.201232517012347	0.0007320796366155214
6.095	-7.205208490020903	0.0005955902128397463
6.105	-7.209111594695176	0.0005955902128397463
6.115	-7.212940906987515	0.0007382837013326021
6.125	-7.216695541593516	0.000781712154352167
6.135	-7.220374651339865	0.0006452227305763918
6.145	-7.223977426545492	0.0007320796366155214
6.155	-7.227503094356814	0.0006576308600105531
6.165	-7.230950918057979	0.0006452227305763918
6.175	-7.234320196356954	0.0006638349247276338
6.185	-7.237610262648378	0.0007568958954838441
6.195	-7.240820484254056	0.0007693040249180055
6.205	-7.24395026164206	0.0006824471188788759
6.215	-7.246999027625341	0.0008313446720888125
6.225	-7.249966246540822	0.0006700389894447145
6.235	-7.252851413409945	0.0007755080896350862
6.245	-7.2556540530816225	0.000701059313030118
6.255	-7.258373719358604	0.0006700389894447145
6.265	-7.261009994108268	0.0007755080896350862
6.275	-7.263562486358806	0.0006700389894447145
6.285	-7.26603083138186	0.0007382837013326021
6.295	-7.268414689762632	0.0006948552483130373
6.305	-7.270713746458459	0.0005769780186885042
6.315	-7.272927709846954	0.0006638349247276338
6.325	-7.2750563107647155	0.0008127324779375704
6.335	-7.27709930153767	0.0007444877660496828
6.345	-7.279056455004096	0.0006514267952934724
6.355	-7.280927563531409	0.000701059313030118
6.365	-7.282712438027726	0.0006700389894447145
6.375	-7.284410906949311	0.0006142024069909883
6.385	-7.28602281530495	0.0007320796366155214
6.395	-7.287548023658301	0.00071967150718136
6.405	-7.288986407129311	0.0005893861481226655
6.415	-7.290337854395728	0.0006452227305763918
6.425	-7.2916022666957865	0.0006948552483130373
6.435	-7.292779556833112	0.0006079983422739076
6.445	-7.293869648184899	0.0006824471188788759
6.455	-7.294872473714384	0.0006762430541617953
6.465	-7.295787974988684	0.0007693040249180055
6.475	-7.296616101203026	0.0006017942775568269
6.485	-7.297356808212345	0.0007506918307667635
6.495	-7.298010057571345	0.00071967150718136
6.505	-7.298575815583967	0.0005335495656689393
6.515	-7.2990540523632745	0.000781712154352167
6.525	-7.299444740902764	0.0006886511835959566
6.535	-7.299747856160054	0.0006762430541617953
6.545	-7.299963374153921	0.0006948552483130373
6.555	-7.300091271075633	0.0006576308600105531
6.565	-7.3001315224155094	0.0006886511835959566
6.575	-7.30008410210565	0.0007258755718984408
6.585	-7.299948981679705	0.0006266105364251497
6.595	-7.299726129450618	0.0005893861481226655
6.605	-7.299415509707172	0.0005831820834055849
6.615	-7.299017081930236	0.0006762430541617953
6.625	-7.298530800029519	0.0005211414362347779
6.635	-7.297956611601679	0.0007320796366155214
6.645	-7.297294457210564	0.000639018665859311
6.655	-7.296544269690384	0.000558365824537262
6.665	-7.29570597347257	0.0006452227305763918
6.675	-7.294779483937055	0.0006638349247276338
6.685	-7.293764706788705	0.0005831820834055849
6.695	-7.292661537459591	0.0007134674424642794
6.705	-7.291469860537773	0.0007072633777471986
6.715	-7.2901895492232525	0.0007258755718984408
6.725	-7.28882046481172	0.0008933853192596194
6.735	-7.287362456206693	0.000620406471708069
6.745	-7.285815359460629	0.00071967150718136
6.755	-7.284178997345572	0.000639018665859311
6.765	-7.282453178953834	0.0005645698892543428
6.775	-7.2806376993292465	0.000800324348503409
6.785	-7.278732339129434	0.00071967150718136
6.795	-7.2767368643195525	0.000701059313030118
6.805	-7.274651025897943	0.0006079983422739076
6.815	-7.272474559654048	0.0006886511835959566
6.825	-7.270207185958997	0.0007755080896350862
6.835	-7.267848609589176	0.0006762430541617953
6.845	-7.265398519583085	0.0007444877660496828
6.855	-7.262856589131777	0.0006266105364251497
6.865	-7.260222475503116	0.0006638349247276338
6.875	-7.257495820000075	0.0007444877660496828
6.885	-7.254676247953286	0.0007879162190692476
6.895	-7.2517633687479535	0.0006452227305763918
6.905	-7.248756775885325	0.0007630999602009249
6.915	-7.245656047078774	0.0008437528015229739
6.925	-7.242460744384576	0.0006452227305763918
6.935	-7.239170414367439	0.0007320796366155214
6.945	-7.235784588300768	0.00071967150718136
6.955	-7.232302782401668	0.0008747731251083772
6.965	-7.22872449810062	0.0006638349247276338
6.975	-7.225049222345752	0.0006886511835959566
6.985	-7.221276427941606	0.0007755080896350862
6.995	-7.217405573922238	0.0007382837013326021
7.005	-7.213436105958494	0.0007568958954838441
7.015	-7.209367456799257	0.0006142024069909883
7.025	-7.205199046746428	0.0006142024069909883
7.035	-7.200930284163384	0.0008499568662400545
7.045	-7.196560566016615	0.0007693040249180055
7.055	-7.192089278450218	0.0007630999602009249
7.065	-7.187515797392904	0.0006452227305763918
7.075	-7.182839489197133	0.0006948552483130373
7.085	-7.17805971130995	0.0007755080896350862
7.095	-7.173175812975117	0.0007755080896350862
7.105	-7.16818713596604	0.0006886511835959566
7.115	-7.163093015349018	0.000781712154352167
7.125	-7.157892780276273	0.000701059313030118
7.135	-7.152585754808225	0.0008127324779375704
7.145	-7.147171258764421	0.0008437528015229739
7.155	-7.1416486086025115	0.0008437528015229739
7.165	-7.136017118324663	0.000880977189825458
7.175	-7.130276100410711	0.0007630999602009249
7.185	-7.124424866777408	0.0008995893839767001
7.195	-7.1184627297630305	0.0008189365426546511
7.205	-7.112389003136624	0.0008127324779375704
7.215	-7.10620300313112	0.0008251406073717317
7.225	-7.099904049499552	0.0009306097075621035
7.235	-7.093491466593555	0.0008189365426546511
7.245	-7.086964584463335	0.0006576308600105531
7.255	-7.080322739978226	0.0008561609309571352
7.265	-7.073565277967023	0.000880977189825458
7.275	-7.066691552377126	0.0009740381605816683
7.285	-7.059700927451645	0.0009182015781279421
7.295	-7.05259277892349	0.0008623649956742159
7.305	-7.04536649522552	0.0009057934486937807
7.315	-7.03802147871577	0.0008871812545425386
7.325	-7.0305571469167765	0.0008933853192596194
7.335	-7.022972933767989	0.000800324348503409
7.345	-7.015268290890243	0.0007506918307667635
7.355	-7.007442688861282	0.0008127324779375704
7.365	-6.999495618501245	0.0008995893839767001
7.375	-6.991426592167086	0.000980242225298749
7.385	-6.983235145054814	0.0010670991313378787
7.395	-6.974920836508495	0.0008065284132204897
7.405	-6.966483251334891	0.0009740381605816683
7.415	-6.95792200112263	0.0009554259664304262
7.425	-6.94923672556478	0.0009057934486937807
7.435	-6.940427093783702	0.0008871812545425386
7.445	-6.931492805657024	0.0008871812545425386
7.455	-6.922433593143604	0.001060895066620798
7.465	-6.913249221608309	0.0010236706783183138
7.475	-6.9039394911444605	0.0011043235196403628
7.485	-6.894504237892763	0.0009430178369962649
7.495	-6.884943335355558	0.0011105275843574436
7.505	-6.875256695705228	0.0010112625488841525
7.515	-6.865444271085535	0.0010919153902062015
7.525	-6.855506054904777	0.0011539560373770084
7.535	-6.845442083119517	0.0010733031960549594
7.545	-6.835252435507743	0.0009864462900158297
7.555	-6.824937236930257	0.0010484869371866366
7.565	-6.8144966585791265	0.00107950726077204
7.575	-6.803930919212002	0.0011539560373770084
7.585	-6.793240286371153	0.0011725682315282505
7.595	-6.782425077586028	0.001098119454923282
7.605	-6.771485661558182	0.0011725682315282505
7.615	-6.76042245932742	0.0012159966845478151
7.625	-6.749235945417993	0.0011105275843574436
7.635	-6.7379266489637075	0.0011291397785086856
7.645	-6.726495154810807	0.0011477519726599277
7.655	-6.714942104597518	0.0012035885551136538
7.665	-6.703268197809103	0.0012656292022844608
7.675	-6.69147419280737	0.0013773023671919131
7.685	-6.679560907833491	0.0013648942377577518
7.695	-6.6675292219830915	0.0012035885551136538
7.705	-6.655380076152517	0.0010546910019037174
7.715	-6.643114473955235	0.0013152617200211062
7.725	-6.630733482607333	0.0012718332670015415
7.735	-6.618238233781088	0.0013710983024748326
7.745	-6.605629924425621	0.001278037331718622
7.755	-6.592909817553606	0.001321465784738187
7.765	-6.580079242993119	0.0013773023671919131
7.775	-6.567139598103643	0.0013090576553040256
7.785	-6.554092348455306	0.0015448121145530918
7.795	-6.54093902847045	0.001420730820211478
7.805	-6.5276812420266355	0.0015075877262506077
7.815	-6.514320663020226	0.0014951795968164462
7.825	-6.500859035889701	0.001501383661533527
7.835	-6.487298176097885	0.0015137917909676883
7.845	-6.473639970572287	0.0015944446322897373
7.855	-6.459886378102804	0.00161926089115806
7.865	-6.4460394296960235	0.0015882405675726567
7.875	-6.4321012288854	0.00161926089115806
7.885	-6.418073951996656	0.0014517511437968816
7.895	-6.403959848367687	0.001681301538328867
7.905	-6.389761240522383	0.0016875056030459478
7.915	-6.375480524297731	0.001743342185499674
7.925	-6.36112016892364	0.0018488112856900455
7.935	-6.3466827170549065	0.0016875056030459478
7.945	-6.3321707847548545	0.001699913732480109
7.955	-6.317587061430119	0.0017681584443679968
7.965	-6.302934309716126	0.0015448121145530918
7.975	-6.2882153653128565	0.0016688934088947057
7.985	-6.273433136770504	0.0020907698096561925
7.995	-6.258590605224639	0.0017867706385192388
8.005	-6.243690824080572	0.002196238909846564
8.015	-6.2287369186466375	0.0019666885153145786
8.025	-6.213732085716093	0.0020101169683341435
8.035	-6.198679593097456	0.0018922397387096104
8.045	-6.1835827790930455	0.0018674234798412876
8.055	-6.168445051925601	0.00197909664474874
8.065	-6.153269889112829	0.002121790133241596
8.075	-6.138060836789819	0.002233463298149048
8.085	-6.122821508979245	0.002041137291919547
8.095	-6.107555586809349	0.0020845657449391117
8.105	-6.092266817679738	0.0022148511039978063
8.115	-6.07695901437501	0.002276891751168613
8.125	-6.0616360541263585	0.002556074663437244
8.135	-6.0463018776212	0.002382360851358985
8.145	-6.030960487961075	0.002580890922305567
8.155	-6.015615949567947	0.00242578930437855
8.165	-6.000272387039175	0.002276891751168613
8.175	-5.98493398395142	0.002624319375325132
8.185	-5.9696049816137835	0.002363748657207743
8.195	-5.954289677770516	0.0027732169285350685
8.205	-5.938992425253705	0.0027297884755155036
8.215	-5.923717630586329	0.0027297884755155036
8.225	-5.90846975253611	0.0027359925402325844
8.235	-5.893253300620708	0.002680155957778858
8.245	-5.878072833564724	0.0026863600224959388
8.255	-5.862932957709088	0.0027670128638179877
8.265	-5.847838325373441	0.0028724819640083593
8.275	-5.8327936331721	0.0030089713877841347
8.285	-5.817803620284293	0.0030213795172182962
8.295	-5.802873066679366	0.0029469307406133276
8.305	-5.788006791297676	0.0029841551289158117
8.315	-5.773209650187925	0.0030710120349549414
8.325	-5.758486534601751	0.0031330526821257486
8.335	-5.74384236904642	0.002915910417027924
8.345	-5.729282109296429	0.0030523998408036996
8.355	-5.7148107403649595	0.0031888892645794745
8.365	-5.7004332744360955	0.0033315827530723307
8.375	-5.686154748758772	0.0033315827530723307
8.385	-5.671980223503411	0.003567337212321397
8.395	-5.657914779582304	0.0033936234002431374
8.405	-5.643963516434778	0.0035363168887359935
8.415	-5.630131549778175	0.0036728063125117684
8.425	-5.616424009325858	0.003480480306282267
8.435	-5.602846036473255	0.003679010377228849
8.445	-5.589402781953188	0.00377827541270214
8.455	-5.576099403461644	0.0035052965651505897
8.465	-5.562941063255209	0.0037472550891167367
8.475	-5.549932925721399	0.0036666022477946877
8.485	-5.53708015492316	0.003703826636097172
8.495	-5.524387912118833	0.003995417677799964
8.505	-5.5118613532588565	0.0036541941183605266
8.515	-5.499505626460639	0.003945785160063319
8.525	-5.487325869462799	0.0041381111662928205
8.535	-5.475327207060337	0.004144315231009901
8.545	-5.463514748521986	0.004330437172522321
8.555	-5.4518935849912395	0.004020233936668287
8.565	-5.44046878687248	0.0042994168489369185
8.575	-5.429245401203635	0.004535171308185985
8.585	-5.418228449016867	0.004293212784219838
8.595	-5.407422922688783	0.004659252602527598
8.605	-5.39683378328162	0.004826762349888777
8.615	-5.386465957876981	0.004510355049317662
8.625	-5.376324336903641	0.004733701379132566
8.635	-5.366413771460925	0.004423498143278532
8.645	-5.356739070639266	0.004659252602527598
8.655	-5.347304998839481	0.004857782673474181
8.665	-5.338116273092332	0.004770925767435051
8.675	-5.329177560379993	0.0050501086797036816
8.685	-5.32049347496097	0.004659252602527598
8.695	-5.31206857570011	0.005012884291401198
8.705	-5.303907363405269	0.004926027385362068
8.715	-5.296014278172292	0.004665456667244679
8.725	-5.2883936967398775	0.00495084364423039
8.735	-5.281049929855959	0.005068720873854924
8.745	-5.273987219657239	0.00503770055026952
8.755	-5.267209737063455	0.005230026556499022
8.765	-5.260721579188045	0.005223822491781941
8.775	-5.254526766766782	0.005230026556499022
8.785	-5.2486292416060305	0.005062516809137843
8.795	-5.24303286405223	0.005354107850840635
8.805	-5.237741410484184	0.005434760692162684
8.815	-5.232758570829812	0.005378924109708958
8.825	-5.228087946108912	0.005422352562728523
8.835	-5.223733046003542	0.0056953314102800735
8.845	-5.21969728645762	0.0054285566274456035
8.855	-5.215983987307283	0.005335495656689393
8.865	-5.212596369943583	0.0054285566274456035
8.875	-5.209537555009077	0.005540229792353056
8.885	-5.206810560129844	0.005447168821596846
8.895	-5.204418297684434	0.0054533728863139265
8.905	-5.2023635726113096	0.005329291591972313
8.915	-5.200649080256215	0.005645698892543428
8.925	-5.199277404261001	0.0053727200449918775
8.935	-5.198251014495341	0.005099741197440327
8.945	-5.197572265032793	0.00584422896349001
8.955	-5.19724339217263	0.005409944433294362
8.965	-5.197266512508839	0.00567051515141175
8.975	-5.197643621047683	0.005689127345562993
8.985	-5.198376589375176	0.005360311915557716
8.995	-5.199467163875816	0.00521761842706486
9.005	-5.200916964003902	0.005471985080465169
9.015	-5.202727480608686	0.005565046051221379
9.025	-5.204900074314681	0.005354107850840635
9.035	-5.207435973958333	0.005434760692162684
9.045	-5.210336275082242	0.005192802168196537
9.055	-5.213601938488178	0.00548439320989933
9.065	-5.217233788849993	0.005496801339333491
9.075	-5.2212325133875686	0.005366515980274797
9.085	-5.225598660602913	0.0052920672036698285
9.095	-5.230332639079431	0.00584422896349001
9.105	-5.2354347163454396	0.005360311915557716
9.115	-5.240905017802886	0.004963251773664552
9.125	-5.246743525722274	0.0053727200449918775
9.135	-5.252950078304686	0.005298271268386909
9.145	-5.259524368811819	0.005279659074235667
9.155	-5.266465944764911	0.004994272097249956
9.165	-5.27377420721333	0.005031496485552439
9.175	-5.281448410073658	0.004981863967815794
9.185	-5.289487659539997	0.004721293249698405
9.195	-5.2978909135662215	0.004913619255927907
9.205	-5.306656981420817	0.004603416020073872
9.215	-5.315784523314983	0.00467786479667884
9.225	-5.325272050104558	0.004528967243468904
9.235	-5.335117923066321	0.00495084364423039
9.245	-5.345320353749216	0.004814354220454615
9.255	-5.355877403900924	0.004845374544040019
9.265	-5.366786985470234	0.0042994168489369185
9.275	-5.378046860685606	0.004522763178751823
9.285	-5.389654642210266	0.004597211955356791
9.295	-5.401607793374122	0.004423498143278532
9.305	-5.413903628482775	0.004559987567054307
9.315	-5.426539313203842	0.004162927425161143
9.325	-5.439511865030749	0.00423117213704903
9.335	-5.45281815382414	0.0042497843312002724
9.345	-5.466454902430968	0.004001621742517045
9.355	-5.480418687381333	0.0040574583249707715
9.365	-5.494705939663034	0.0041132949074244975
9.375	-5.509312945573793	0.003840316059872947
9.385	-5.524235847651093	0.003995417677799964
9.395	-5.539470645679436	0.003914764836477915
9.405	-5.55501319777487	0.003660398183077607
9.415	-5.570859221546559	0.003660398183077607
9.425	-5.587004295335114	0.003679010377228849
9.435	-5.6034438595273555	0.0037968876068533823
9.445	-5.620173217947185	0.0032633380411844428
9.455	-5.637187539322104	0.0037534591538338174
9.465	-5.6544818588249655	0.0037906835421363015
9.475	-5.67205107969046	0.003486684370999348
9.485	-5.689889974905775	0.0033439908825064917
9.495	-5.707993188974861	0.0033563990119406533
9.505	-5.726355239755658	0.0033501949472235725
9.515	-5.7449705203696375	0.0031330526821257486
9.525	-5.763833301182908	0.0029407266758962472
9.535	-5.782937731858155	0.0029469307406133276
9.545	-5.802277843476592	0.003039991711369538
9.555	-5.821847550729089	0.0028476657051400367
9.565	-5.84164065417558	0.0026739518930617772
9.575	-5.861650842571842	0.0028662778992912786
9.585	-5.881871695262662	0.002636727504759293
9.595	-5.902296684640332	0.002642931569476374
9.605	-5.922919178667555	0.0024878299515493567
9.615	-5.9437324434634995	0.002661543763627616
9.625	-5.964729645952005	0.002624319375325132
9.635	-5.985903856570692	0.002382360851358985
9.645	-6.007248052039809	0.0025932990517397283
9.655	-6.028755118189532	0.002438197433812711
9.665	-6.050417852844494	0.002264483621734452
9.675	-6.072228968764157	0.002103177939090354
9.685	-6.094181096637678	0.0024071771102273077
9.695	-6.116266788131972	0.0022086470392807256
9.705	-6.138478518991402	0.00206595355078787
9.715	-6.160808692187755	0.002034933227202466
9.725	-6.18324964111894	0.002041137291919547
9.735	-6.205793632854928	0.0019728925800316594
9.745	-6.228432871429358	0.002041137291919547
9.755	-6.251159501175216	0.002022525097768305
9.765	-6.27396561010299	0.001662689344177625
9.775	-6.296843233319664	0.0017123218619142704
9.785	-6.319784356486839	0.0017495462502167545
9.795	-6.342780919316295	0.001761954379650916
9.805	-6.365824819101334	0.0017495462502167545
9.815	-6.388907914282031	0.0017495462502167545
9.825	-6.4120220280427285	0.001681301538328867
9.835	-6.435158951939919	0.001519995855684769
9.845	-6.458310449558697	0.001519995855684769
9.855	-6.481468260195959	0.0015696283734214147
9.865	-6.50462410256849	0.001501383661533527
9.875	-6.527769678544026	0.0014517511437968816
9.885	-6.550896676893393	0.001278037331718622
9.895	-6.57399677706187	0.0012842413964357028
9.905	-6.59706165295775	0.0012966495258698641
9.915	-6.620082976756207	0.001457955208513962
9.925	-6.643052422716501	0.0011539560373770084
9.935	-6.665961671010517	0.001321465784738187
9.945	-Inf	0.0
9.955	-Inf	0.0
9.965	-Inf	0.0
9.975	-Inf	0.0
9.985	-Inf	0.0
9.995	-Inf	0.0
