0.005	-Inf	0.0
0.015	-Inf	0.0
0.025	-Inf	0.0
0.035	-Inf	0.0
0.045	-Inf	0.0
0.055	-Inf	0.0
0.065	-Inf	0.0
0.075	-Inf	0.0
0.085	-Inf	0.0
0.095	-Inf	0.0
0.105	-Inf	0.0
0.115	-Inf	0.0
0.125	2.6591253112390225	0.7530497329679132
0.135	2.6647146152390846	0.7919903699656642
0.145	2.6701267445874244	0.7724460198375154
0.155	2.675352540520794	0.7650428569101864
0.165	2.680382922188964	0.7958400146878752
0.175	2.6852088936311342	0.7820701316430432
0.185	2.6898215507128063	0.7617854652221615
0.195	2.6942120880183684	0.7715576402862359
0.205	2.6983718056946717	0.785327523331068
0.215	2.702292116240885	0.7841430172626953
0.225	2.705964551239969	0.7758514747840868
0.235	2.7093807680271227	0.7838468907456022
0.245	2.71253255629059	0.825304603138645
0.255	2.7154118446002746	0.7866600926579872
0.265	2.7180107068596167	0.8063525060446826
0.275	2.7203213686762684	0.7829585111943227
0.285	2.7223362136471083	0.7834027009699625
0.295	2.724047789553238	0.7711134505105962
0.305	2.7254488144605924	0.7791088664721115
0.315	2.72653218272192	0.7911019904143847
0.325	2.727290970875889	0.8022067348053783
0.335	2.7277184434391666	0.7896213578289188
0.345	2.727808058587386	0.8100540875083471
0.355	2.7275534737209655	0.8205665788651544
0.365	2.726948550911818	0.7773321073695526
0.375	2.725987362227075	0.8002819124442727
0.385	2.724664194926005	0.774370842198621
0.395	2.7229735565264006	0.8059083162690428
0.405	2.720910179736764	0.7882887885019996
0.415	2.7184690272507455	0.7730382728717017
0.425	2.715645296400314	0.7925826229998505
0.435	2.712434423664291	0.7637102875832671
0.445	2.7088320890289137	0.7826623846772295
0.455	2.704834220197221	0.805464126493403
0.465	2.700436996644126	0.7765917910768196
0.475	2.695636853514162	0.788140725243453
0.485	2.6904304853589442	0.8248604133630052
0.495	2.6848148497115387	0.8128672894207322
0.505	2.6787871704950015	0.7728902096131551
0.515	2.672344941262452	0.804427683683577
0.525	2.665485928266172	0.7807375623161239
0.535	2.6582081733533087	0.7851794600725214
0.545	2.65050999668589	0.7557148716217517
0.555	2.6423899992829365	0.7915461801900244
0.565	2.633847065382611	0.7613412754465217
0.575	2.62488036462243	0.7785166134379252
0.585	2.6154893540356734	0.7657831732029192
0.595	2.605673779862279	0.7868081559165337
0.605	2.5954336791725825	0.7819220683844966
0.615	2.5847693813024133	0.7500884677969816
0.625	2.5736815090981677	0.7669676792712918
0.635	2.5621709799706	0.7657831732029192
0.645	2.550239006756188	0.7922864964827573
0.655	2.537887098385067	0.7540861757777393
0.665	2.525117060354653	0.7622296549978013
0.675	2.5119309950081536	0.7663754262371055
0.685	2.498331301617373	0.7674118690469316
0.695	2.484320676269264	0.7720018300618756
0.705	2.469902111555842	0.7792569297306582
0.715	2.455078896067223	0.7410566090256401
0.725	2.439854613687609	0.7416488620598265
0.735	2.424233142694258	0.7737785891644346
0.745	2.40821865465952	0.7650428569101864
0.755	2.3918156131562127	0.7302479911517397
0.765	2.375028772266685	0.7722979565789688
0.775	2.357863174896105	0.7358743949765097
0.785	2.340324150890557	0.7286192953077273
0.795	2.3224173149607377	0.7338015093568576
0.805	2.6401264103720825	1.0512491356807283
0.815	2.6217789735289125	1.0197116616103064
0.825	2.6030822544213557	1.0299280264500206
0.835	2.5840429826007156	0.9975021728283192
0.845	2.564668159220421	1.0041650194629153
0.855	2.544965053816147	1.0111239926146047
0.865	2.5249412009003187	0.9895067568668038
0.875	2.504604396372752	0.9863974284373256
0.885	2.483962693749297	0.9983905523795987
0.895	2.4630244002104993	0.9932083383304683
0.905	2.4417980724723534	0.933538845136196
0.915	2.4202925124814154	0.8929695122944327
0.925	2.398516762936591	0.8550653181065079
0.935	2.3764801026400786	0.8661700624975014
0.945	2.354192041680026	0.8072408855959621
0.955	2.3316623164476016	0.7930268127754903
0.965	2.3089008844912673	0.7813298153503103
0.975	2.2859179192111574	0.7546784288119256
0.985	2.2627238043965887	0.726250283170982
0.995	2.2393291286098007	0.6973779477543987
1.005	2.2157446794191666	0.6886422155001503
1.015	2.1919814374851865	0.641706162540884
1.025	2.168050570502693	0.6696901184061879
1.035	2.143963427002782	0.6334146200622754
1.045	2.1197315300180977	0.6246788878080272
1.055	2.0953665706151625	0.5824808591222514
1.065	2.0708804012975777	0.5500550055005501
1.075	2.046285029283962	0.5308067818894945
1.085	2.0215926096646095	0.5404308936950223
1.095	1.9968154384409431	0.5072647237805881
1.105	1.971965945451879	0.4892010062379051
1.115	1.9470566871913446	0.4951235365797684
1.125	1.9221003395212357	0.49038551230627775
1.135	1.8971096902841902	0.4570712791332969
1.145	1.8720976318206102	0.4791327046567376
1.155	1.84707715339446	0.48090946375929655
1.165	1.8220613335324038	0.46477056857771915
1.175	1.797063332280917	0.46625120116318497
1.185	1.772096383386093	0.46536282161190545
1.195	1.7471737864008772	0.45914416475294906
1.205	1.7223088987245532	0.45026036924015417
1.215	1.6975151275793392	0.4441897756397443
1.225	1.6728059219290055	0.44581847148375675
1.235	1.6481947643444625	0.46802796026574395
1.245	1.623695162821328	0.4606247973384149
1.255	1.5993206425545015	0.4409323839517195
1.265	1.575084737674811	0.47054503566103584
1.275	1.5510009829528646	0.4554425832892845
1.285	1.527082905475201	0.4472991040692225
1.295	1.503344016297937	0.45766353216748323
1.305	1.4797978020830742	0.45973641778713537
1.315	1.4564577167226722	0.4477432938448623
1.325	1.4333371729561168	0.4486316733961418
1.335	1.4104495339857057	0.43737886574660156
1.345	1.3878081050958055	0.4230167296675832
1.355	1.365426125280822	0.43678661271241526
1.365	1.3433167588872468	0.4397478778833469
1.375	1.3214930872750248	0.4330850312487507
1.385	1.2999681005035049	0.45188906508416654
1.395	1.278754689047209	0.4316043986632849
1.405	1.2578656355466569	0.4276066906825272
1.415	1.2373136065994772	0.4357501699025892
1.425	1.2171111445969953	0.40969103639839083
1.435	1.197270659611501	0.4165019462915336
1.445	1.1778044213393462	0.4116158587594964
1.455	1.1587245511050153	0.4230167296675832
1.465	1.1400430139312785	0.432640841473111
1.475	1.1217716106805042	0.4410804472102661
1.485	1.103921970272153	0.4083584670714716
1.495	1.0865055419814829	0.4148732504475212
1.505	1.0695335878244019	0.4197593379795584
1.515	1.053017175033383	0.42790281719962037
1.525	1.0369671686293185	0.4314563354047383
1.535	1.021394224094109	0.4019917469539686
1.545	1.0063087801487633	0.3968095329048383
1.555	0.9917210516416938	0.41931514820391863
1.565	0.9776410225518533	0.4083584670714716
1.575	0.9640784391112941	0.41768645235990626
1.585	0.9510428030516465	0.41502131370606776
1.595	0.9385433649789708	0.38836992716768315
1.605	0.9265891178813364	0.3942924575095464
1.615	0.9151887907734269	0.37534036041558394
1.625	0.904350842482393	0.3941443942509998
1.635	0.8940834555790664	0.3899986230116955
1.645	0.8843945304586011	0.3821512703087267
1.655	0.8752916795745043	0.3925156984069874
1.665	0.8667822218299269	0.382743523342913
1.675	0.8588731771299971	0.3836319028941925
1.685	0.851571261098897	0.3994746715586767
1.695	0.8448828799652661	0.36334723647331085
1.705	0.8388141256194335	0.39518083706082585
1.715	0.8333707708458797	0.3740077910886647
1.725	0.8285582647342076	0.3744519808643045
1.735	0.8243817282718204	0.3734155380544784
1.745	0.8208459501213876	0.3904428127873353
1.755	0.8179553825860713	0.38170708053308694
1.765	0.8157141377653563	0.36097822433656557
1.775	0.8141259839042614	0.3743039176057579
1.785	0.8131943419385439	0.384520282445472
1.795	0.812922282238409	0.3839280294112857
1.805	0.8133125215531436	0.3701581463664536
1.815	0.8143674201589328	0.3965134063877451
1.825	0.816088979212017	0.39221957188989426
1.835	0.8184788383092347	0.39858629200739726
1.845	0.8215382732578529	0.41368874437914854
1.855	0.8252681940564561	0.4083584670714716
1.865	0.8296691430885745	0.40569332841763317
1.875	0.8347412935305609	0.41442906067188146
1.885	0.8404844479751137	0.426274121355608
1.895	0.8468980372717313	0.42464542551159556
1.905	0.8539811195852212	0.4236089827017695
1.915	0.8617323796732642	0.42982763956072595
1.925	0.8701501283839246	0.4253857418043285
1.935	0.8792323023738353	0.42405317247740926
1.945	0.8889764640476499	0.4341214740585768
1.955	0.8993798017192589	0.41887095842827893
1.965	0.9104391299950857	0.4511487487914337
1.975	0.9221508903796614	0.4338253475414836
1.985	0.9345111521035568	0.43101214562909856
1.995	0.9475156131735931	0.44374558586410456
2.005	0.9611596016451086	0.44241301653718534
2.015	0.9754380771159643	0.4567751526162038
2.025	0.9903456324417972	0.4498161794645144
2.035	1.0058764956718906	0.45455420373800504
2.045	1.0220245322049384	0.47883657813964436
2.055	1.0387832471637988	0.4314563354047383
2.065	1.0561457879882163	0.47039697240248923
2.075	1.0741049472443724	0.4542580772209119
2.085	1.0926531656499583	0.4532216344110858
2.095	1.111782535313352	0.4829823493789487
2.105	1.131484803185353	0.4567751526162038
2.115	1.151751374721793	0.45899610149440245
2.125	1.1725733177551712	0.4791327046567376
2.135	1.1939413665734226	0.4905335755648243
2.145	1.2158459262037	0.48268622286185553
2.155	1.2382770768989786	0.4804652739836568
2.165	1.2612245788251766	0.4988251180434329
2.175	1.284677876946306	0.5022305729900043
2.185	1.3086261061051012	0.5028228260241906
2.195	1.3330580962964018	0.4675837704901042
2.205	1.357962378130514	0.513631443898091
2.215	1.3833271884835505	0.49112582859901066
2.225	1.4091404763317497	0.4924583979259299
2.235	1.4353899087665694	0.5091895461416935
2.245	1.4620628771872812	0.5214787966010599
2.255	1.48914650366767	0.5102259889515196
2.265	1.5166276474933333	0.5001576873703522
2.275	1.5444929118659485	0.504451521868203
2.285	1.5727286507708302	0.5236997454792586
2.295	1.6013209760038989	0.5462053607783389
2.305	1.6302557643541826	0.5321393512164138
2.315	1.659518664937805	0.5312509716651342
2.325	1.689095106679352	0.5454650444856061
2.335	1.718970305936383	0.5580504214620655
2.345	1.7491292742628146	0.5374696285240906
2.355	1.7795568263067514	0.5507953217932829
2.365	1.810237587838297	0.5580504214620655
2.375	1.8411560039027695	0.5543488399984009
2.385	1.872296347094714	0.5565697888765997
2.395	1.9036427259479203	0.5841095549662638
2.405	1.9351790934367075	0.56175200292573
2.415	1.9668892555835882	0.5812963530538787
2.425	1.998756880168326	0.5427999058317676
2.435	2.030765505533466	0.5550891562911339
2.445	2.0628985494811665	0.5682667863017796
2.455	2.095139318256289	0.5559775358424133
2.465	2.1274710156104675	0.6051345376798783
2.475	2.159876751942007	0.5909204648594065
2.485	2.19233955350623	0.59077240160086
2.495	2.224842371690977	0.581888606088065
2.505	2.2573680923518586	0.6397813401797784
2.515	2.2898995452018154	0.5885514527226613
2.525	2.3224195132495344	0.6153509025195925
2.535	2.3549107422812163	0.6123896373486608
2.545	2.387355950380125	0.6098725619533689
2.555	2.419737837478406	0.6412619727652442
2.565	2.4520390949355417	0.6523667171562378
2.575	2.4842424151378504	0.6212734328614558
2.585	2.51633050111339	0.6465922500729212
2.595	2.5482860761566437	0.619052483983257
2.605	2.5800918934572756	0.649849641760946
2.615	2.611730745727378	0.6387448973699523
2.625	2.643185474821455	0.6494054519853062
2.635	2.6744389813435268	0.6368200750088467
2.645	2.70547423423567	0.660806322893393
2.655	2.73627428034231	0.6313417344426233
2.665	2.766822253944671	0.6548837925515297
2.675	2.7971013862596683	0.6624350187374054
2.685	2.8270950148976866	0.6732436366113058
2.695	2.856786593273579	0.67176300402584
2.705	2.8861596999653543	0.6732436366113058
2.715	2.915198048014967	0.6966376314616657
2.725	2.9438854941657104	0.6722071938014798
2.735	2.9722060480306682	0.6927879867394546
2.745	3.0001438811868395	0.6790181036946225
2.755	3.0276833361894626	0.715293602038535
2.765	3.054808935501187	0.6819793688655541
2.775	3.08150539033078	0.7213641956389448
2.785	3.1077576093760464	0.7067059330428332
2.795	3.1335507074657856	0.7004872761838769
2.805	3.158870014095602	0.7247696505855161
2.815	3.1837010818524294	0.7030043515791687
2.825	3.2080296947227653	0.7320247502542987
2.835	3.231841876279611	0.7450543170063978
2.845	3.2551238977432044	0.728027042273541
2.855	3.277862285910709	0.7505326575726213
2.865	3.3000438309501	0.7420930518354661
2.875	3.3216555940535213	0.7293596116004601
2.885	3.342684914945572	0.7392798499230812
2.895	3.36311941924192	0.7382434071132551
2.905	3.382947025653855	0.769040564890944
2.915	3.402155953034417	0.7403162927329072
2.925	3.4207347272618125	0.7423891783525594
2.935	3.438672187956016	0.7650428569101864
2.945	3.455957495024401	0.7828104479357761
2.955	3.47258013503252	0.7983570900831671
2.965	3.488529927396086	0.7705211974764098
2.975	3.5037970303904458	0.774370842198621
2.985	3.5183719469738666	0.8002819124442727
2.995	3.5322455304210765	0.7765917910768196
3.005	3.5454089897636325	0.8093137712156142
3.015	3.5578538950337975	0.8070928223374154
3.025	3.569572182308682	0.8069447590788689
3.035	3.580556158551598	0.7841430172626953
3.045	3.590798506247624	0.8340403353928932
3.055	3.600292287830521	0.8293023111194027
3.065	3.60903094989829	0.8304868171877753
3.075	3.6170083272147493	0.8328558293245206
3.085	3.624218646494644	0.8501792305744706
3.095	3.6306565299699454	0.8276736152753903
3.105	3.6363169987351003	0.8457373328180732
3.115	3.641195475869159	0.840851245286036
3.125	3.645287789332778	0.8449970165253403
3.135	3.6485901746383123	0.8498831040573774
3.145	3.6510992772912587	0.8165688708843967
3.155	3.6528121550015165	0.8643933033949425
3.165	3.6537262796630294	0.8851221595914639
3.175	3.653839539100509	0.8482544082133651
3.185	3.6531502385821146	0.8497350407988309
3.195	3.6516571020970443	0.8643933033949425
3.205	3.6493592733971907	0.8603955954141848
3.215	3.6462563168021154	0.8658739359804083
3.225	3.6423482177667443	0.8632087973265699
3.235	3.6376353832113426	0.8848260330743707
3.245	3.6321186416134514	0.8703158337368058
3.255	3.6257992428616137	0.8522521161941228
3.265	3.61867885787086	0.8817167046448925
3.275	3.6107595779600787	0.8855663493671037
3.285	3.6020439139915026	0.8623204177752903
3.295	3.5925347952727313	0.8642452401363959
3.305	3.582235568221796	0.8886756777965819
3.315	3.571149994795988	0.8723887193564579
3.325	3.5592822506852086	0.8464776491108061
3.335	3.5466369232708628	0.8719445295808181
3.345	3.5332190093513374	0.8556575711406942
3.355	3.519033912635337	0.8649855564291288
3.365	3.5040874410044367	0.8337442088758001
3.375	3.488385803546366	0.840851245286036
3.385	3.4719356073606624	0.8575823935017998
3.395	3.4547438541385	0.8395186759591168
3.405	3.4368179365185894	0.8144959852647445
3.415	3.4181656342212046	0.8473660286620857
3.425	3.398795109962541	0.8227875277433531
3.435	3.3787149051516696	0.8121269731279992
3.445	3.357933935372605	0.8102021507668936
3.455	3.3364614856539765	0.7996896594100864
3.465	3.3143072055290697	0.8159766178502104
3.475	3.291481103889015	0.789917484346012
3.485	3.2679935436320933	0.7635622243247205
3.495	3.2438552361122244	0.7656351099443727
3.505	3.2190772353898174	0.7820701316430432
3.515	3.193670932288276	0.7631180345490808
3.525	3.1676480482596374	0.7780724236622855
3.535	3.1410206290627825	0.7844391437797885
3.545	3.1138010382579613	0.7691886281494906
3.555	3.086001950521333	0.7797011195062978
3.565	3.057636344783381	0.7452023802649445
3.575	3.0287174971952053	0.7702250709593167
3.585	2.999258973926744	0.7558629348802983
3.595	2.969274623801057	0.7560109981388449
3.605	2.9387785707690375	0.7367627745277893
3.615	2.907785206228783	0.7324689400299385
3.625	2.8763091811941903	0.7332092563226713
3.635	2.8443653983172705	0.7166261713654541
3.645	2.811969003768805	0.7253619036197025
3.655	2.7791353789821027	0.7169222978825474
3.665	2.7458801322645883	0.7147013490043487
3.675	2.712219090282172	0.7033004780962618
3.685	2.678168289421289	0.6905670378612558
3.695	2.6437439670336698	0.7001911496667836
3.705	2.608962552568917	0.6867173931390448
3.715	2.5738406586000515	0.6613985759275793
3.725	2.538395071747238	0.6975260110129452
3.735	2.502642743505022	0.660806322893393
3.745	2.46660078097832	0.6473325663656541
3.755	2.4302864375326703	0.6431867951263498
3.765	2.393717103364102	0.6246788878080272
3.775	2.356910295994152	0.6283804692716917
3.785	2.3198836506955534	0.6231982552225613
3.795	2.2826549108541934	0.5894398322739407
3.805	2.2452419182728804	0.6258633938763998
3.815	2.207662603422681	0.5801118469855061
3.825	2.169934975647407	0.5879591996884749
3.835	2.132077113326984	0.5747815696778291
3.845	2.0941071540054566	0.5910685281179531
3.855	2.056043284489339	0.5675264700090467
3.865	2.0179037309220913	0.5598271805646244
3.875	1.979706748840522	0.5624923192184629
3.885	1.94147061321882	0.5752257594534689
3.895	1.9032136085061477	0.5454650444856061
3.905	1.8649540186634375	0.5475379301052582
3.915	1.826710117205311	0.513631443898091
3.925	1.7885001572528374	0.5279935799771094
3.935	1.7503423616029181	0.514371760190824
3.945	1.7122549128201354	0.5219229863766995
3.955	1.6742559433567215	0.5241439352548983
3.965	1.6363635257064661	0.5020825097314576
3.975	1.5985956625982471	0.49349484073575595
3.985	1.5609702772348744	0.4931987142186628
3.995	1.5235052035829015	0.5032670157998304
4.005	1.4862181767190952	0.49038551230627775
4.015	1.4491268232390415	0.4875723103938927
4.025	1.41224865173358	0.47750400881272514
4.035	1.375601043338492	0.46817602352429055
4.045	1.3392012423629236	0.47261792128068797
4.055	1.3030663470020023	0.4668434541973713
4.065	1.2672133001389834	0.45514645677219134
4.075	1.2316588802422443	0.46166124014824095
4.085	1.196419692362391	0.44966811620596786
4.095	1.1615121592346653	0.4461145980008499
4.105	1.1269525124917874	0.4665473276802781
4.115	1.0927567839922896	0.46565894812899866
4.125	1.0589407972693272	0.43752692900514817
4.135	1.0255201591049026	0.44803942036195543
4.145	0.9925102512343202	0.4230167296675832
4.155	0.9599262221856577	0.4363424229367755
4.165	0.9277829792589201	0.43737886574660156
4.175	0.8960951806494378	0.4157616299988007
4.185	0.864877227720096	0.4203515910137447
4.195	0.834143257426724	0.38970249649460237
4.205	0.8039071349010178	0.3950327738022793
4.215	0.7741824461952027	0.3772651827766895
4.225	0.7449824911925649	0.3676410709711617
4.235	0.7163202766878911	0.3808187009818075
4.245	0.6882085096417281	0.3688255770395344
4.255	0.660659590612271	0.3744519808643045
4.265	0.6336856073686086	0.3670488179369754
4.275	0.6072983286889271	0.35875727545836683
4.285	0.5815091983471499	0.3624588569220314
4.295	0.5563293292913718	0.36912170355662755
4.305	0.5317694980173837	0.35298280837505014
4.315	0.5078401391404046	0.3612743508536587
4.325	0.48455134016803325	0.3560921368045284
4.335	0.46191283647732906	0.35446344096051596
4.345	0.43993400649880665	0.3424703170182429
4.355	0.4186238671099538	0.3412858109498702
4.365	0.397991069240863	0.3486889738771993
4.375	0.3780438936942856	0.34617189848190744
4.385	0.3587902471824511	0.33551134386655357
4.395	0.3402376585827436	0.3369919764520194
4.405	0.32239327541424756	0.30027228833246716
4.415	0.3052638605370308	0.31878019565078985
4.425	0.2888557890759018	0.31567086722131166
4.435	0.27317504557024774	0.3304771930759698
4.445	0.2582272213513952	0.333586521505448
4.455	0.24401751214884837	0.31952051194352277
4.465	0.2305507159265776	0.3158189304798582
4.475	0.21783123095040136	0.31241347553328686
4.485	0.20586305408739336	0.33329039498835483
4.495	0.19464977933808325	0.30974833687944836
4.505	0.18419459660205595	0.32884849723195736
4.515	0.1745002906774875	0.3168553732896843
4.525	0.1655692404949376	0.31270960205038
4.535	0.1574034185856128	0.32381434644137363
4.545	0.15000439078418903	0.31537474070421845
4.555	0.14337331616611215	0.31803987935805694
4.565	0.13751094721916224	0.31300572856747316
4.575	0.13241763024894881	0.30515837586450434
4.585	0.1280933060178331	0.306342881932877
4.595	0.12453751061665241	0.3023451739521193
4.605	0.12174937656848339	0.31937244868497616
4.615	0.11972763416354004	0.33343845824690144
4.625	0.11847061302414463	0.3183360058751501
4.635	0.11797624389861538	0.3082677042939826
4.645	0.11824206068274146	0.33151363588579585
4.655	0.11926520266738505	0.3104886531721813
4.665	0.12104241701064189	0.3390648620716715
4.675	0.1235700614328259	0.3007164781081069
4.685	0.12684410713242666	0.31818794261660355
4.695	0.13086014192106443	0.3177437528409638
4.705	0.13561337357532	0.33551134386655357
4.715	0.1410986334032045	0.3285523707148642
4.725	0.14731038002289454	0.3214453343046283
4.735	0.15424270335124368	0.3325500786956219
4.745	0.16188932879944784	0.32499885250974625
4.755	0.17024362167313134	0.3344749010567275
4.765	0.17929859177398955	0.3470602780331869
4.775	0.1890468981999993	0.3356594071251001
4.785	0.19948085434112306	0.35298280837505014
4.795	0.2105924330672777	0.3415819374669634
4.805	0.22237327210525337	0.35757276938999416
4.815	0.23481467960115077	0.3557960102874352
4.825	0.24790763986477948	0.3726752217617455
4.835	0.2616428192924025	0.3911831290800682
4.845	0.2760105724640318	0.3796341949134348
4.855	0.2910009484114635	0.3898505597531489
4.865	0.3066036970530628	0.4028801265052481
4.875	0.3228082757912829	0.4028801265052481
4.885	0.33960385626875067	0.3999188613343165
4.895	0.3569793312786951	0.4160577565158939
4.905	-0.07464538754597871	0.2591107024565175
4.915	-0.05642157592750263	0.2629603471787286
4.925	-0.037652793165221965	0.276286040447921
4.935	-0.018351189825480674	0.2952381375418834
4.945	0.0014708413889708005	0.28354114011670345
4.955	0.021800673381749514	0.3048622493474112
4.965	0.042625452527982555	0.30145679440083983
4.975	0.06393210665694316	0.3030854902448522
4.985	0.08570735314726674	0.31626312025549796
4.995	0.1079377071297345	0.3094522103623552
5.005	0.13060948979257625	0.30856383081107575
5.015	0.15370883678419367	0.3165592467725911
5.025	0.17722170670811188	0.3430625700524292
5.035	0.20113388970496415	0.319076322167883
5.045	0.22543101611626004	0.3038258065375851
5.055	0.2500985652245975	0.3349190908323672
5.065	0.275121874064995	0.34498739241353477
5.075	0.30048614630197057	0.3566843898387147
5.085	0.32617646116692334	0.346319961740454
5.095	0.3521777824503953	0.3568324530972613
5.105	0.37847496754372534	0.35875727545836683
5.115	0.4050527765245997	0.35890533871691344
5.125	0.4318958812809983	0.3420261272426031
5.135	0.458988874667976	0.3639394895074972
5.145	0.48631627969172153	0.36038597130237926
5.155	0.5138625587154091	0.36275498343912455
5.165	0.5416121226811639	0.3766729297425032
5.175	0.5695493403426815	0.38659316806512417
5.185	0.5976585475028533	0.38970249649460237
5.195	0.625924056250897	0.4005111143685028
5.205	0.6543301641933523	0.3979940389732109
5.215	0.6828611636734971	0.39784597571466435
5.225	0.7115013509735892	0.43604629641968234
5.235	0.7402350354943843	0.42153609708211737
5.245	0.7690465489065281	0.4255338050628751
5.255	0.79792025426828	0.4404881941760798
5.265	0.8268405551041433	0.4172422625842665
5.275	0.8557919044389787	0.43678661271241526
5.285	0.8847588137822465	0.45855191171876275
5.295	0.9137258620570213	0.4434494593470114
5.305	0.942677704468434	0.4595883545285888
5.315	0.9715990813063983	0.45825578520166954
5.325	1.0004748266772396	0.4841668554473213
5.335	1.029289877159226	0.4646225053191726
5.345	1.0580292803768065	0.481797843310576
5.355	1.0866782034885074	0.4721737315050482
5.365	1.115221941583504	0.4715814784708619
5.375	1.1436459259819598	0.47691175577853884
5.385	1.171935732434231	0.4792807679152841
5.395	1.200077089214152	0.4914219551161038
5.405	1.2280558851016679	0.4829823493789487
5.415	1.2558581772501838	0.4746908069003401
5.425	1.283470198934038	0.5080050400733209
5.435	1.310878367171574	0.5142236969322773
5.445	1.33806929021947	0.4698047193683029
5.455	1.3650297749339022	0.4977886752336068
5.465	1.3917468339943846	0.5085972931075072
5.475	1.418207692986078	0.48801650016953246
5.485	1.444399797336525	0.510077925692973
5.495	1.470310819102842	0.5068205340049483
5.505	1.4959286636055045	0.5423557160561279
5.515	1.5212414759049715	0.5509433850518296
5.525	1.54623764711742	0.5275493902014697
5.535	1.570905820566121	0.5290300227869354
5.545	1.5952348977648998	0.5293261493040287
5.555	1.6192140442304257	0.5201462272741406
5.565	1.6428326951199885	0.5300664655967615
5.575	1.6660805606917255	0.5262168208745505
5.585	1.6889476315842638	0.548278246397991
5.595	1.7114241839127895	0.548278246397991
5.605	1.7335007841789198	0.5531643339300283
5.615	1.755168293991555	0.5396905774022893
5.625	1.7764178745962922	0.5504991952761898
5.635	1.7972409912108849	0.5639729518039287
5.645	1.8176294171645329	0.5457611710026992
5.655	1.8375752378387298	0.5469456770710719
5.665	1.8570708544077141	0.5544969032569476
5.675	1.8761089873765702	0.5909204648594065
5.685	1.8946826799151184	0.555385282808227
5.695	1.9127853009860443	0.5789273409171335
5.705	1.9304105482656253	0.6021732725089467
5.715	1.9475524508557278	0.5719683677654441
5.725	1.9642053717857193	0.5855901875517296
5.735	1.980364010303255	0.591808844410686
5.745	1.9960234039528006	0.5968429952012698
5.755	2.011178930441125	0.5836653651906241
5.765	2.0258263092889797	0.5910685281179531
5.775	2.0399616032682886	0.5916607811521395
5.785	2.053581219624496	0.5849979345175433
5.795	2.0666819110836046	0.5901801485666737
5.805	2.079260776643784	0.6098725619533689
5.815	2.091315262151402	0.5694512923701522
5.825	2.1028431606616094	0.5713761147312578
5.835	2.1138426125835927	0.5886995159812078
5.845	2.124312105610879	0.5832211754149843
5.855	2.134250474437116	0.5891437057568476
5.865	2.143656900257932	0.5801118469855061
5.875	2.1525309100596	0.5521278911202022
5.885	2.1608723756953365	0.555385282808227
5.895	2.1686815127502563	0.5898840220495805
5.905	2.1759588791960627	0.5555333460667736
5.915	2.182705373836731	0.5445766649343265
5.925	2.188922234546566	0.5592349275304381
5.935	2.1946110363021183	0.5583465479791586
5.945	2.1997736890095854	0.5386541345924633
5.955	2.2044124351294547	0.5234036189621654
5.965	2.2085298471002623	0.529918402338215
5.975	2.2121288245634574	0.5539046502227611
5.985	2.2152125913914924	0.5268090739087368
5.995	2.2177846925213696	0.5294742125625752
6.005	2.219848990596038	0.5219229863766995
6.015	2.2214096624160313	0.5297703390796684
6.025	3.030057939797186	1.1464538109261802
6.035	3.0310264723296747	1.1501553923898447
6.045	3.031505755680774	1.124540448661286
6.055	3.031501184096736	1.089893646161386
6.065	3.031018445488526	1.1286862199005903
6.075	3.030063516803436	1.0956681132447026
6.085	3.028642659227389	1.089893646161386
6.095	3.0267624132213142	1.0895975196442929
6.105	3.024429593394963	1.0776043957020198
6.115	3.021651283221749	1.0357024935333372
6.125	3.0184348295982373	1.0377753791529893
6.135	3.014787837251955	1.0182310290248406
6.145	3.010718163001407	0.9721833556168538
6.155	3.0062339098721087	0.9672972680848165
6.165	3.001343421072693	0.997206046311226
6.175	2.996055273835079	0.9785500757343568
6.185	2.9903782731229263	0.9638918131382452
6.195	2.9843214452125038	0.9394613754780593
6.205	2.9778940311503375	0.8863066656598365
6.215	2.971105480091952	0.9091084074760101
6.225	2.9639654425261535	0.9412381345806182
6.235	2.9564837633893646	0.9024455608414139
6.245	2.9486704750745334	0.8991881691533891
6.255	2.940535790339256	0.8803841353179732
6.265	2.9320900951177964	0.8655778094633151
6.275	2.923343941241697	0.8793476925081471
6.285	2.9143080390738025	0.8361132210125454
6.295	2.904993250060465	0.8381861066321975
6.305	2.8954105792068576	0.8325597028074274
6.315	2.8855711674802587	0.8041315571664838
6.325	2.875486284146292	0.8103502140254403
6.335	2.8651673190430738	0.8106463405425334
6.345	2.8546257747982953	0.7903616741216517
6.355	2.8438732589942926	0.7888810415361859
6.365	2.8329214762861454	0.800874165478459
6.375	2.8217822204779357	0.8087215181814279
6.385	2.810467366562209	0.761637401963615
6.395	2.798988862727834	0.7566032511730312
6.405	2.787358722341351	0.7459426965576773
6.415	2.7755890159069643	0.7342456991324974
6.425	2.7636918630103215	0.7314324972201124
6.435	2.751679424251266	0.7317286237372055
6.445	2.7395638931706503	0.7027082250620755
6.455	2.727357488176433	0.6664327267181631
6.465	2.7150724444741337	0.7237332077756901
6.475	2.702721006006817	0.7086307554039388
6.485	2.6903154174097006	0.6528109069318776
6.495	2.6778679159844954	0.6963415049445725
6.505	2.665390723698551	0.6787219771775294
6.515	2.6528960392138456	0.6748723324553182
6.525	2.640396029950894	0.6884941522416037
6.535	2.6279028241925095	0.6612505126690327
6.545	2.6154285032324234	0.6690978653720016
6.555	2.6029850935736913	0.6122415740901143
6.565	2.5905845591817562	0.6091322456606361
6.575	2.578238793797019	0.6075035498166237
6.585	2.5659596133117306	0.6137222066755801
6.595	2.553758748215951	0.6138702699341266
6.605	2.5416478361172583	0.6024693990260399
6.615	2.5296384143389026	0.6112051312802882
6.625	2.517741912600936	0.574485443160736
6.635	2.5059696457888867	0.57907540417568
6.645	2.4943328068144455	0.5716722412483509
6.655	2.4828424595725442	0.5802599102440527
6.665	2.47150953199917	0.5583465479791586
6.675	2.460344809234188	0.5484263096565377
6.685	2.4493589268933436	0.5467976138125252
6.695	2.438562364453568	0.5265129473916436
6.705	2.427965438755623	0.5351006163873453
6.715	2.4175782976280145	0.5364331857142646
6.725	2.407410913636082	0.5373215652655441
6.735	2.397473077960014	0.5414673365048484
6.745	2.3877743944055005	0.5379138182997304
6.755	2.3783242735506085	0.5312509716651342
6.765	2.3691319270324254	0.5399867039193825
6.775	2.3602063619768416	0.5524240176372953
6.785	2.3515563755748294	0.5247361882890846
6.795	2.3431905498084213	0.5265129473916436
6.805	2.335117246329494	0.5242919985134449
6.815	2.3273446014944	0.5297703390796684
6.825	2.3198805215573537	0.5142236969322773
6.835	2.3127326780253417	0.5020825097314576
6.845	2.305908503177306	0.5374696285240906
6.855	2.2994151857501444	0.5087453563660539
6.865	2.2932596667940492	0.5085972931075072
6.875	2.287448635699464	0.5051918381609359
6.885	2.28198852639803	0.5028228260241906
6.895	2.2768855137395336	0.5234036189621654
6.905	2.272145510046956	0.5106701787271594
6.915	2.267774161851475	0.5245881250305381
6.925	2.263776846809245	0.5056360279365756
6.935	2.2601586708015495	0.5146678867079171
6.945	2.25692446521993	0.501638319955818
6.955	2.254078784437694	0.5029708892827371
6.965	2.251625903469039	0.5188136579472213
6.975	2.2495698158170625	0.49749254871651366
6.985	2.2479142315116345	0.4825381596033089
6.995	2.2466625753380574	0.47883657813964436
7.005	2.2458179852573665	0.4779481985883649
7.015	2.2453833110188954	0.46862021329993025
7.025	2.2453611129656554	0.49615997938959444
7.035	2.245753661032977	0.49734448545796706
7.045	2.246562933940726	0.5140756336737308
7.055	2.2477906185791747	0.5164446458104761
7.065	2.249438109588704	0.5386541345924633
7.075	2.2515065091331534	0.5207384803083269
7.085	2.253996626866643	0.5232555557036188
7.095	2.2569089800935696	0.5361370591971714
7.105	2.260243794121281	0.5598271805646244
7.115	2.264001002804833	0.5695993556286988
7.125	2.2681802492831973	0.5884033894641146
7.135	2.272780886906025	0.5817405428295185
7.145	2.277801980350015	0.6066151702653442
7.155	2.2832423069238756	0.57907540417568
7.165	2.2891003580606233	0.5847018080004501
7.175	2.295374340995914	0.615498965778139
7.185	2.302062180631026	0.6233463184811079
7.195	2.309161521578862	0.6048384111627852
7.205	2.3166697303913786	0.6288246590473314
7.215	2.324583897966572	0.6307494814084369
7.225	2.3329008421332476	0.6149067127439527
7.235	2.3416171104114016	0.6189044207247104
7.245	2.3507289829462397	0.6454077440045485
7.255	2.3602324756134943	0.6295649753400643
7.265	2.370123343293752	0.6196447370174434
7.275	2.3803970833132997	0.64274260535071
7.285	2.3910489390490035	0.6676172327865357
7.295	2.402073903694462	0.6605101963762998
7.305	2.4134667241847376	0.6769452180749703
7.315	2.425221905276831	0.6393371504041386
7.325	2.437333713782829	0.6374123280430332
7.335	2.4497961829527983	0.6794622934702622
7.345	2.4626031170041895	0.6602140698592066
7.355	2.475748095794543	0.6785739139189828
7.365	2.4892244796341396	0.6519225273805981
7.375	2.503025414235255	0.6683575490792686
7.385	2.517143835794382	0.6892344685343367
7.395	2.531572476203969	0.6836080647095665
7.405	2.546303868389913	0.6871615829146844
7.415	2.561330351771118	0.6754645854895045
7.425	2.576644077837283	0.6785739139189828
7.435	2.592237015841009	0.6745762059382251
7.445	2.6081009586002937	0.6847925707779392
7.455	2.6242275284073457	0.6830158116753802
7.465	2.6406081830397	0.6738358896454921
7.475	2.6572342218693574	0.6842003177437529
7.485	2.674096792065851	0.6664327267181631
7.495	2.691186894888892	0.6360797587161139
7.505	2.7084953920662977	0.6988585803398644
7.515	2.7260130122528388	0.6877538359488709
7.525	2.7437303575655347	0.6744281426796784
7.535	2.761637910190963	0.6716149407672934
7.545	2.7797260390600904	0.699006643598411
7.555	2.7979850065860115	0.6821274321241008
7.565	2.8164049754600793	0.6834600014510199
7.575	2.8349760155017236	0.68908640527579
7.585	2.8536881105574396	0.6646559676156041
7.595	2.872531165444096	0.6639156513228712
7.605	2.891495012932036	0.6667288532352562
7.615	2.9105694207631156	0.6825716218997404
7.625	2.92974409869901	0.6529589701904241
7.635	2.949008705595046	0.6828677484168336
7.645	2.9683528564947266	0.6648040308741506
7.655	2.98776612974026	0.6519225273805981
7.665	3.0072380740942206	0.6600660066006601
7.675	3.0267582158676927	0.6600660066006601
7.685	3.04631606604997	0.650886084570772
7.695	3.065901127435135	0.6351913791648344
7.705	3.0855029017407403	0.6606582596348464
7.715	3.1051108967138035	0.6468883765900143
7.725	3.1247146332193703	0.6106128782461019
7.735	3.1443036523069896	0.6397813401797784
7.745	3.1638675222503014	0.6458519337801882
7.755	3.183395845555089	0.6215695593785489
7.765	3.2028782659312016	0.582628922380798
7.775	3.2223044752236034	0.5926972239619656
7.785	3.241664220298036	0.5925491607034189
7.795	3.260947309876717	0.6060229172311579
7.805	3.2801436213195383	0.6079477395922634
7.815	3.299243107346265	0.5579023582035189
7.825	3.3182358026953604	0.5712280514727112
7.835	3.33711183071496	0.5614558764086368
7.845	3.3558614098817205	0.602765525543133
7.855	3.3744748602432066	0.5832211754149843
7.865	3.3929426097796185	0.6082438661093565
7.875	3.4112552006806656	0.6226060021883749
7.885	3.4294032955334415	0.6344510628721015
7.895	3.447377683417308	0.6303052916327972
7.905	3.4651692859017476	0.6332665568037288
7.915	3.4827691629432715	0.6613985759275793
7.925	3.500168518677586	0.660806322893393
7.935	3.5173587071031633	0.680942926055728
7.945	3.534331237652569	0.6695420551476413
7.955	3.551077780647923	0.6901228480856161
7.965	3.56759017263694	0.7031524148377153
7.975	3.583860421606089	0.6858290135877653
7.985	3.59988071206751	0.7147013490043487
7.995	3.615643410016394	0.7219564486731311
8.005	3.6311410677556566	0.7093710716966717
8.015	3.646366428584752	0.7115920205748704
8.025	3.66131243134965	0.7416488620598265
8.035	3.675972214851076	0.7200316263120256
8.045	3.690339122108137	0.7377992173376153
8.055	3.7044067044746867	0.7543823022948325
8.065	3.7181687256057465	0.7342456991324974
8.075	3.7316191652715016	0.7413527355427333
8.085	3.744752223016465	0.7785166134379252
8.095	3.7575623216614598	0.7494962147627953
8.105	3.7700441106462828	0.7748150319742607
8.115	3.7821924692108873	0.7683002485982111
8.125	3.79400250941317	0.7597125796025094
8.135	3.805469578981441	0.7486078352115157
8.145	3.8165892639998305	0.8104982772839868
8.155	3.8273573914250134	0.7989493431173534
8.165	3.8377700314326795	0.7950996983951424
8.175	3.8478234995923515	0.7761476013011799
8.185	3.8575143588692558	0.7677079955640248
8.195	3.8668394214520596	0.792730686258397
8.205	3.875795750405394	0.7940632555853163
8.215	3.884380661146223	0.7759995380426333
8.225	3.8925917227432496	0.8032431776152044
8.235	3.900426759038612	0.8149401750403843
8.245	3.907883849591303	0.8544730650723215
8.255	3.9149613304418427	0.8027989878395646
8.265	3.9216577946978384	0.8278216785339368
8.275	3.927972092940224	0.8291542478608561
8.285	3.9339033334500493	0.8273774887582971
8.295	3.939450882255845	0.8065005693032291
8.305	3.9446143630016786	0.8256007296557382
8.315	3.9493936566361785	0.844404763491154
8.325	3.953788900922877	0.8423318778715019
8.335	3.9578004897723664	0.8870469819525695
8.345	3.961429072396893	0.8590630260872656
8.355	3.9646755522881065	0.8710561500295386
8.365	3.9675410860188247	0.8703158337368058
8.375	3.9700270818697585	0.8960788407239109
8.385	3.972135198282322	0.9128099889396746
8.395	3.9738673421386794	0.8763864273372156
8.405	3.9752256668703776	0.8894159940893147
8.415	3.9762125703969993	0.8879353615038489
8.425	3.976830692896336	0.9077758381490908
8.435	3.9770829144078066	0.9091084074760101
8.445	3.9769723522708254	0.8993362324119357
8.455	3.976502358400039	0.8667623155316878
8.465	3.9756765163994015	0.8731290356491908
8.475	3.974498638517196	0.9021494343243207
8.485	3.9729727624441917	0.9237666700721217
8.495	3.9711031479572383	0.9117735461298485
8.505	3.968894273410743	0.8583227097945326
8.515	3.9663508320784815	0.9021494343243207
8.525	3.9634777283484186	0.8941540183628054
8.535	3.9602800737731867	0.8882314880209421
8.545	3.9567631829790835	0.9043703832025195
8.555	3.9529325694364434	0.9094045339931033
8.565	3.948793941094394	0.914438684783687
8.575	3.944353195883094	0.9413861978391648
8.585	3.9396164170865857	0.898151726343563
8.595	3.9345898685895664	0.9033339403926934
8.605	3.929279990001364	0.8864547289183831
8.615	3.9236933916606054	0.9083680911832771
8.625	3.917836849524013	0.9479009812152144
8.635	3.9117172999429615	0.9049626362367058
8.645	3.905341834331427	0.9234705435550284
8.655	3.8987176937290413	0.8941540183628054
8.665	3.8918522632630888	0.8868989186940228
8.675	3.8847530665132606	0.9301333901896246
8.685	3.8774277597831412	0.9148828745593267
8.695	3.86988412628237	0.8803841353179732
8.705	3.862130070223586	0.895338524431178
8.715	3.854173610838189	0.911625482871302
8.725	3.84602287631518	0.9028897506170537
8.735	3.8376860976671683	0.9134022419738609
8.745	3.8291716025279237	0.9191767090571776
8.755	3.820487808885689	0.9357597940143947
8.765	3.8116432187566915	0.8892679308307682
8.775	3.8026464118031296	0.898892042636296
8.785	3.7935060389001727	0.9006688017388549
8.795	3.7842308156563846	0.8895640573478614
8.805	3.7748295158920135	0.9046665097196126
8.815	3.7653109650797996	0.9039261934268797
8.825	2.835720674720308	0.36971395659081385
8.835	2.825592926799172	0.3639394895074972
8.845	2.815374648102954	0.3680852607468015
8.855	2.8050748045301255	0.3670488179369754
8.865	2.7947023804317395	0.3586092121998203
8.875	2.7842663719229224	0.36734494445406857
8.885	2.7737757801889718	0.34691221477464035
8.895	2.76323960479065	0.36334723647331085
8.905	2.7526668369734106	0.3821512703087267
8.915	2.742066452985099	0.3834838396356459
8.925	2.731447407406785	0.3815590172745404
8.935	2.7208186265013565	0.40821040381292506
8.945	2.7101890015844954	0.4281989437167135
8.955	2.699567382422568	0.40983909965693743
8.965	2.688962570662069	0.41294842808641563
8.975	2.6783833132951385	0.4187228951697323
8.985	2.667838296165701	0.4452262184495704
8.995	2.6573361375206948	0.47350630083196743
9.005	2.646885381610928	0.4723217947635948
9.015	2.636494492345904	0.46669539093882473
9.025	2.6261718470071447	0.4920142081502901
9.035	2.6159257300242675	0.4985289915263397
9.045	2.605764326818192	0.5051918381609359
9.055	2.5956957177157527	0.5157043295177431
9.065	2.5857278719399464	0.5396905774022893
9.075	2.5758686416799876	0.547241803588165
9.085	2.5661257562453095	0.5547930297740407
9.095	2.556506816307583	0.5484263096565377
9.105	2.547019288234761	0.5972871849769096
9.115	2.5376704985211154	0.6046903479042386
9.125	2.5284676283171432	0.598915880820922
9.135	2.519417708063161	0.5963988054256301
9.145	2.510527612230365	0.6051345376798783
9.155	2.501804054173016	0.6036539050944125
9.165	2.493253581095369	0.6242346980323874
9.175	2.484882569136874	0.6138702699341266
9.185	2.4766972185791127	0.5996561971136548
9.195	2.4687035491778264	0.6211253696029092
9.205	2.4609073956233414	0.6055787274555181
9.215	2.4533144031325937	0.6144625229683129
9.225	2.4459300231758427	0.6553279823271695
9.235	2.4387595093411476	0.5995081338551083
9.245	2.431807913339498	0.6226060021883749
9.255	2.4250800811534594	0.6473325663656541
9.265	2.418580649332095	0.6159431555537788
9.275	2.4123140414347457	0.6236424449982011
9.285	2.406284464626318	0.6058748539726113
9.295	2.400495906426433	0.6112051312802882
9.305	2.3949521316148425	0.6593256903079272
9.315	2.3896566792953085	0.6585853740151942
9.325	2.3846128601201113	0.655476045585716
9.335	2.3798237536772153	0.6467403133314678
9.345	2.3752922060419746	0.6311936711840767
9.355	2.371020827495217	0.6325262405109959
9.365	2.367011990409405	0.6479248193998404
9.375	2.3632678273044325	0.6337107465793685
9.385	2.3597902290745614	0.6495535152438527
9.395	2.3565808433878206	0.6406697197310579
9.405	2.353641073259136	0.6403735932139647
9.415	2.3509720757982824	0.6390410238870455
9.425	2.348574761133718	0.6538473497417037
9.435	2.346449791513126	0.6439271114190827
9.445	2.3445975805814783	0.6591776270493805
9.455	2.343018292837258	0.6705784979574674
9.465	2.3417118432673685	0.6606582596348464
9.475	2.340677897161153	0.6788700404360759
9.485	2.339915870103793	0.6670249797523494
9.495	2.3394249281492856	0.6652482206497904
9.505	2.3392039881730105	0.705373363715914
9.515	2.3392517184038715	0.7077423758526593
9.525	2.339566539135741	0.7102594512479512
9.535	2.3401466236179846	0.7078904391112059
9.545	2.340989899124546	0.7055214269744606
9.555	2.342094048201104	0.7375030908205221
9.565	2.3434565100895792	0.7204758160876653
9.575	2.34507448232923	0.7141090959701623
9.585	2.3469449225333996	0.7398721029572675
9.595	2.349064550340881	0.7447581904893047
9.605	2.3514298495407764	0.7487558984700624
9.615	2.3540370703695372	0.7416488620598265
9.625	2.3568822319788394	0.770817323993503
9.635	2.3599611250727612	0.7663754262371055
9.645	2.3632693147126673	0.7823662581601364
9.655	2.3668021432880493	0.8116827833523594
9.665	2.370554733651496	0.7705211974764098
9.675	2.374521992415822	0.7965803309806082
9.685	2.3786986134112897	0.829894564153589
9.695	2.3830790813007585	0.831671323256148
9.705	2.3876576753504617	0.8341883986514399
9.715	2.39242847335403	0.8485505347304583
9.725	2.397385355707256	0.8621723545167438
9.735	2.402522009631011	0.8821608944205322
9.745	2.4078319335395992	0.8797918822837869
9.755	2.4133084415517567	0.8743135417175635
9.765	2.418944668141382	0.8947462713969917
9.775	2.4247335729250237	0.9012610547730413
9.785	2.4306679455830063	0.9563405869523696
9.795	2.436740410911019	0.9252473026575875
9.805	2.4429434339989085	0.9048145729781591
9.815	2.449269325533276	0.9024455608414139
9.825	2.4557102472204693	0.9166596336618857
9.835	2.4622582173263963	0.9504180566105063
9.845	2.4689051163295694	0.9119216093883951
9.855	2.4756426926836705	0.9385729959267798
9.865	2.4824625686858726	0.9163635071447925
9.875	2.489356246447054	0.8657258727218617
9.885	-Inf	0.0
9.895	-Inf	0.0
9.905	-Inf	0.0
9.915	-Inf	0.0
9.925	-Inf	0.0
9.935	-Inf	0.0
9.945	-Inf	0.0
9.955	-Inf	0.0
9.965	-Inf	0.0
9.975	-Inf	0.0
9.985	-Inf	0.0
9.995	-Inf	0.0
