0.005	-Inf	0.0
0.015	3.4503887540962888	0.8723717726096598
0.025	3.447744322025441	0.8452286834890603
0.035	3.444661916145675	0.8370501981208448
0.045	3.441142058905229	0.8321905184092964
0.055	3.43718550168167	0.832664633503106
0.065	3.4327932248987034	0.8428581080200124
0.075	3.4279664379959507	0.8312422882216772
0.085	3.422706579251475	0.8347981514252492
0.095	3.417015315456963	0.8091959363595309
0.105	3.4108945414455363	0.8067068321170305
0.115	3.404346379472288	0.7851345953486938
0.125	3.3973731784477135	0.789046044872623
0.135	3.3899775130243244	0.797935702881553
0.145	3.38216218253681	0.780749030730955
0.155	3.373930209796216	0.7514724236882124
0.165	3.365284839738713	0.7683035095184532
0.175	3.3562295379296065	0.7540800567041652
0.185	3.346767988923344	0.7332189925765429
0.195	3.3369040944803814	0.7536059416103555
0.205	3.3266419716418407	0.7532503552899984
0.215	3.315985950663	0.7411604203978537
0.225	3.304940572806758	0.7217217015516602
0.235	3.293510587998281	0.7155582053321353
0.245	3.2817009523421654	0.7096317666595154
0.255	3.2695168255035068	0.7175731944808261
0.265	3.256963567954389	0.6764437100928435
0.275	3.244046738087369	0.6788142855618915
0.285	3.2307720891976355	0.6907856916805839
0.295	3.2171455663356054	0.6906671629071315
0.305	3.203173303031809	0.6996753496895138
0.315	3.1888616178959928	0.6534491280430781
0.325	3.174217011092459	0.6534491280430781
0.335	3.159246160693751	0.6566494049262929
0.345	3.143955918914854	0.6574791063404597
0.355	3.128353308230181	0.6425444808854573
0.365	3.11244551737569	0.6421888945651001
0.375	3.0962398972385348	0.6395812615491473
0.385	3.0797439566367686	0.6168237370462867
0.395	3.0629653579916383	0.626424567695931
0.405	3.04591191289514	0.5978591332939027
0.415	3.0285915775755323	0.609830539412595
0.425	3.0110124482635836	0.608645251678071
0.435	2.993182756462425	0.5984517771611647
0.445	2.9751108641239	0.6055635035683087
0.455	2.9568052587344016	0.579842759729138
0.465	2.938274548313237	0.5862433134955676
0.475	2.9195274563266223	0.5831615653858052
0.485	2.900572816520463	0.5765239540724708
0.495	2.8814195676751377	0.5886138889646155
0.505	2.862076748285557	0.5591002243749681
0.515	2.84255349116982	0.579842759729138
0.525	2.8228590180098356	0.5697678139856841
0.535	2.8030026338273384	0.5513958541005621
0.545	2.7829937213987552	0.5605225696563969
0.555	2.762841735612441	0.5342091819499643
0.565	2.742556197771827	0.5333794805357974
0.575	2.7221466898480804	0.5407282644898462
0.585	2.7016228486858958	0.5377650451535362
0.595	2.680994360166083	0.5521070267412765
0.605	2.660270953328646	0.5687010550246124
0.615	2.6394623944600752	0.5720198606812796
0.625	2.618578481148605	0.5800798172760429
0.635	2.5976290363112153	0.5957256153717595
0.645	2.5766239021961725	0.6037855719665227
0.655	2.555572934364933	0.6021261691381891
0.665	2.5344859956572443	0.6189572549684298
0.675	2.5133729501432986	0.6164681507259294
0.685	2.492243657066803	0.624646636094145
0.695	2.4711079647828442	0.6266616252428358
0.705	2.4499757046944306	0.6593755667156981
0.715	2.4288566851916005	0.6465744591828388
0.725	2.4077606855969935	0.6680281671777232
0.735	2.386697450121776	0.6525008978554588
0.745	2.365676681835805	0.6696875700060568
0.755	2.344708036655935	0.6567679336997453
0.765	2.323801117356326	0.6642352464272464
0.775	2.3029654676046416	0.6715840303812952
0.785	2.282210566027979	0.6778660553742724
0.795	2.2615458203123926	0.6852148393283211
0.805	2.240980561339824	0.6602052681298648
0.815	2.2205240373662463	0.6708728577405808
0.825	2.2001854082448222	0.6779845841477248
0.835	2.1799737396978163	0.66589464925558
0.845	2.1598979976410244	0.6557011747386736
0.855	2.1399670425643835	0.6705172714202235
0.865	2.1201896239724847	0.6831998501796304
0.875	2.100574374888591	0.6728878468892716
0.885	2.0811298064257833	0.6776289978273675
0.895	2.0618643024287895	0.6830813214061779
0.905	2.0427861141900276	0.6695690412326044
0.915	2.0239033552433403	0.6626943723723652
0.925	2.005223996238848	0.6805922171636776
0.935	1.9867558599023338	0.6571235200201024
0.945	1.9685066160824543	0.6516711964412921
0.955	1.9504837768891035	0.6506044374802205
0.965	1.9326946919261396	0.6431371247527193
0.975	1.9151465436216435	0.6594940954891504
0.985	1.8978463426588443	0.6689763973653424
0.995	1.8808009235107392	0.6444409412606957
1.005	1.8640169400814415	0.6049708597010467
1.015	1.8475008614571253	0.6340104091968846
1.025	1.8312589677694933	0.6003482375364031
1.035	1.8152973461745066	0.5984517771611647
1.045	1.7996218869491323	0.609237895545333
1.055	1.784238279708747	0.6124381724285478
1.065	1.7691520097477662	0.6050893884744991
1.075	1.754368354506021	0.5960812016921168
1.085	1.739892380163278	0.6140975752568815
1.095	1.7257289383642829	0.6055635035683087
1.105	1.7118826630765467	0.6132678738427146
1.115	1.698357967583104	0.6053264460214038
1.125	1.6851590416123114	0.5813836337840192
1.135	1.672289848606709	0.5861247847221152
1.145	1.6597541231328785	0.5752201375644944
1.155	1.64755536843413	0.5766424828459232
1.165	1.635696854127777	0.5732051484158036
1.175	1.6241816140486516	0.5811465762371144
1.185	1.6130124442404519	0.5687010550246124
1.195	1.602191901096361	0.5741533786034229
1.205	1.5917222996503717	0.5541220158899673
1.215	1.5816057120205664	0.5487882210846093
1.225	1.5718439660055723	0.5342091819499643
1.235	1.5624386438352853	0.5473658758031805
1.245	1.5533910810768587	0.5500920375925857
1.255	1.5447023656968764	0.5486696923111569
1.265	1.5363733372805006	0.5156001645179376
1.275	1.5284045864083238	0.5284012720507967
1.285	1.5207964541915127	0.534446239496869
1.295	1.5135490319657665	0.5406097357163938
1.305	1.5066621611444972	0.5174966248931759
1.315	1.5001354332315349	0.516903981025914
1.325	1.493968189993576	0.5208154305498431
1.335	1.4881595237924596	0.5076587366966268
1.345	1.482708278077316	0.5018508267974592
1.355	1.477613048036436	0.5012581829301972
1.365	1.4728721814087224	0.5029175857585307
1.375	1.4684837794543737	0.4966355607655536
1.385	1.4644456980844343	0.4993617225549588
1.395	1.4607555491486912	0.48762737398317124
1.405	1.4574107018813174	0.4809897626698369
1.415	1.454408284503569	0.46534396457412014
1.425	1.4517451859827066	0.46712189617590616
1.435	1.449418057946278	0.46735895372281094
1.445	1.4474233167507062	0.45432078864304704
1.455	1.4457571457031362	0.47032217305912094
1.465	1.44441549743529	0.4512390405332846
1.475	1.4433940964280678	0.46569955089447734
1.485	1.4426884416854793	0.4404529221491163
1.495	1.4422938095564204	0.4357117712110203
1.505	1.4422052567027166	0.45005375279876064
1.515	1.442417623211719	0.43168179291363873
1.525	1.4429255358517405	0.4332226669685199
1.535	1.4437234114683877	0.42539976792066153
1.545	1.4448054605198926	0.42219949103744675
1.555	1.4461656907493645	0.42030303066220837
1.565	1.4477979109918282	0.43215590800744835
1.575	1.4496957351138349	0.4205400882091132
1.585	1.4518525860833043	0.3887743769238701
1.595	1.4542617001672562	0.4040645886992297
1.605	1.4569161312548684	0.3982566788000621
1.615	1.4598087553033976	0.3899596646583941
1.625	1.4629322749042222	0.3916190674867277
1.635	1.4662792239663562	0.42421448018613755
1.645	1.4698419725146046	0.40584252030101564
1.655	1.4736127315994785	0.4175768688728032
1.665	1.4775835583159411	0.4159174660444696
1.675	1.4817463609279373	0.4187621566073272
1.685	1.4860929040956576	0.417813926419708
1.695	1.490614814202302	0.4348820697968535
1.705	1.4953035847772163	0.423740365092328
1.715	1.5001505820120067	0.40821309577006365
1.725	1.505147050366356	0.4345264834764963
1.735	1.5102841182600886	0.4368970589455443
1.745	1.5155528038480197	0.44934258015804623
1.755	1.5209440208740603	0.44483848676685506
1.765	1.526448584600983	0.4616695725970958
1.775	1.5320572178122487	0.4579951806200714
1.785	1.5377605568821553	0.46949247164495417
1.795	1.5435491579106206	0.4741150938095977
1.805	1.549413502918795	0.4675960112697158
1.815	1.5553440061016992	0.4828862230450753
1.825	1.5613310201340234	0.4878644315300761
1.835	1.567364842525158	0.49782084850007763
1.845	1.573435722019596	0.5033917008523404
1.855	1.579533865038629	0.509199610751508
1.865	1.585649442159455	0.5065919777355552
1.875	1.5917725946275776	0.5233045347923435
1.885	1.5978934408984955	0.5357500560048454
1.895	1.6040020832045863	0.5369353437393695
1.905	1.6100886141430917	0.543335897505799
1.915	1.6161431232811008	0.5404912069429414
1.925	1.6221557037733554	0.5447582427872277
1.935	1.6281164589888202	0.5676342960635409
1.945	1.6340155091417443	0.5907474068867588
1.955	1.6398429979231794	0.5669231234228265
1.965	1.6455890991286806	0.5924068097150924
1.975	1.6512440232780814	0.5830430366123528
1.985	1.6567980242231517	0.6119640573347382
1.995	1.6622414057389716	0.6124381724285478
2.005	1.6675645280948685	0.6071043776231899
2.015	1.672757814600729	0.6152828629914054
2.025	1.6778117581246075	0.623461348359621
2.035	1.6827169275774116	0.6300989596729554
2.045	1.6874639743606288	0.6549900020979592
2.055	1.6920436387729474	0.6453891714483149
2.065	1.6964467563717118	0.6463374016359341
2.075	1.7006642642851573	0.6651834766148657
2.085	1.7046872074713817	0.6760881237724864
2.095	1.7085067449200984	0.6525008978554588
2.105	1.7121141557931268	0.702401511478919
2.115	1.7155008454997671	0.710105881753325
2.125	1.718658351703092	0.7085650076984438
2.135	1.721578350253346	0.6905486341336791
2.145	1.7242526610445954	0.7040609143072526
2.155	1.726673253790862	0.7307298883340425
2.165	1.7288322537180298	0.744834812374878
2.175	1.730721947167802	0.7314410609747569
2.185	1.7323347871101211	0.7563321033997608
2.195	1.733663398560424	0.7238552194738034
2.205	1.7347005838982539	0.7640364736741667
2.215	1.7354393280837128	0.7869125269504799
2.225	1.735872803768391	0.7709111425344058
2.235	1.7359943762973977	0.7684220382919055
2.245	1.7357976085992097	0.7876236995911943
2.255	1.7352762659601486	0.7627326571661903
2.265	1.734424320680283	0.795565127412505
2.275	1.7332359566077513	0.7952095410921478
2.285	1.7317055735484101	0.7910610340213138
2.295	1.7298277915479567	0.7940242533576238
2.305	1.7275974550436026	0.8005433358975057
2.315	1.7250096368825578	0.8161891339932225
2.325	1.722059642204611	0.8400134174571547
2.335	1.7187430121861733	0.822589687759652
2.345	1.7150555276432733	0.812751799563103
2.355	1.7109932124910263	0.8420284066058455
2.365	1.706552337057233	0.841554291512036
2.375	1.7017294212478027	0.8206932273844136
2.385	1.6965212375618421	0.8459398561297747
2.395	1.6909248139542772	0.8423839929262028
2.405	1.6849374365440246	0.8524589386696567
2.415	1.6785566521657933	0.8820911320327566
2.425	1.671780270763691	0.8492586617864419
2.435	1.6646063676249157	0.8695270820468022
2.445	1.6570332854518972	0.8800761428840658
2.455	1.6490596362713796	0.8878990419319241
2.465	1.6406843031789957	0.8640747584679919
2.475	1.6319064419180074	0.8856469952363285
2.485	1.62272548229099	0.8705938410078738
2.495	1.6131411294033269	0.8785352688291845
2.505	1.6031533647374994	0.8645488735618014
2.515	1.5927624470572295	0.865615632522873
2.525	1.5819689131406913	0.8551851004590619
2.535	1.5707735783420427	0.867986207991921
2.545	1.5591775369806982	0.8544739278183475
2.555	1.5471821625578288	0.8634821146007299
2.565	1.5347891077996898	0.8671565065777542
2.575	1.5220003045274955	0.8636006433741823
2.585	1.5088179633536523	0.8526959962165616
2.595	1.4952445732042712	0.8425025216996551
2.605	0.6540897849478028	0.37905501750077336
2.615	0.6395883323026631	0.3687430142104146
2.625	0.6247049599634145	0.35937924110767505
2.635	0.609443261865182	0.35582337790410307
2.645	0.5938071052684621	0.36660949628827144
2.655	0.5778006292437436	0.35321574488815033
2.665	0.5614282429848498	0.34835606517660195
2.675	0.5446946239518224	0.33294732462779
2.685	0.5276047158442004	0.3408887524491008
2.695	0.5101637264057012	0.34005905103493395
2.705	0.4923771250613802	0.34527431706683953
2.715	0.4742506403884792	0.34041463735529115
2.725	0.45579025742225354	0.3356734864171952
2.735	0.43700221479820645	0.3389922920738624
2.745	0.4178930017321938	0.32500589680647923
2.755	0.3984693548400422	0.32607265576755085
2.765	0.37873825479837775	0.3331843821746948
2.775	0.3587069228484534	0.3340140835888616
2.785	0.33838281714491636	0.3314064505729088
2.795	0.3177736289514743	0.32310943643124085
2.805	0.29688727868558074	0.3309323354790992
2.815	0.2757319118143444	0.30841186852314334
2.825	0.2543158946039128	0.3200276883214785
2.835	0.2326478097247382	0.29762575013897496
2.845	0.21073645171517486	0.2983369227796894
2.855	0.18859082230598867	0.2973886925920702
2.865	0.16622012560838195	0.28209848081671063
2.875	0.14363376316833776	0.29525517466992696
2.885	0.12084132888999655	0.299996325608023
2.895	0.09785260383106609	0.28162436572290106
2.905	0.07467755087319627	0.2895657935442118
2.915	0.051326309270358195	0.2631338770643267
2.925	0.027809189078434216	0.28411346996540143
2.935	0.004136665469134604	0.27937231902730547
2.945	-0.01968062706835849	0.2726161789405187
2.955	-0.043631900634773846	0.26360799215813635
2.965	-0.06770621993362713	0.2506883558518248
2.975	-0.0918925083861779	0.2656229813068271
2.985	-0.11617955434486582	0.24085046765527565
2.995	-0.1405560174015803	0.25566656433682555
3.005	-0.16501043478712152	0.24239134171015683
3.015	-0.1895312278580854	0.24333957189777602
3.025	-0.21410670866734316	0.23824283463932286
3.035	-0.2387250866142996	0.24796219406241962
3.045	-0.2633744751710059	0.24393221576503804
3.055	-0.288042898680128	0.2298272917242025
3.065	-0.31271829922082217	0.24440633085884764
3.075	-0.33738854353843495	0.2272196587082497
3.085	-0.3620414300338983	0.2303014068180121
3.095	-0.38666469580876517	0.22081910494182014
3.105	-0.41124602376160047	0.21655206909753377
3.115	-0.43577304973164743	0.21678912664443856
3.125	-0.46023336968538864	0.22247850777015374
3.135	-0.484614546941855	0.22235997899670135
3.145	-0.5089041194322856	0.21145533183908058
3.155	-0.5330896069898556	0.20541036439300822
3.165	-0.5571585186651642	0.21465560872229536
3.175	-0.5810983600630077	0.2112182742921758
3.185	-0.6048966406961762	0.2105071016514614
3.195	-0.6285408813517774	0.20588447948681782
3.205	-0.6520186214657437	0.20458066297884142
3.215	-0.6753174265010671	0.2052918356195558
3.225	-0.6984248953253518	0.19806158043895944
3.235	-0.7213286675832418	0.1910683828052679
3.245	-0.7440164310593125	0.1859716455468147
3.255	-0.7664759290269969	0.20232861628324583
3.265	-0.7886949675790937	0.1905942677114583
3.275	-0.8106614229354796	0.19818010921241186
3.285	-0.8323632487235959	0.18526047290610032
3.295	-0.8537884832273215	0.18952750875038668
3.305	-0.8749252565998713	0.1873939908282435
3.315	-0.8957617980363186	0.1889348648831247
3.325	-0.9162864429014417	0.17471141206883675
3.335	-0.9364876398085622	0.1875125196016959
3.345	-0.956353957645093	0.17115554886526477
3.355	-0.9758740925405123	0.17826727527240874
3.365	-0.995036874772564	0.17826727527240874
3.375	-1.0138312756074495	0.18395665639812392
3.385	-1.032246414069915	0.18194166724943311
3.395	-1.0502715636390274	0.1651105814191924
3.405	-1.0678961588656257	0.1678367432085976
3.415	-1.0851098019073917	0.1662958691537164
3.425	-1.1019022689775206	0.17198525027943157
3.435	-1.118263516703129	0.17174819273252678
3.445	-1.1341836883894079	0.16060648802800123
3.455	-1.1496531201857687	0.17162966395907436
3.465	-1.1646623471501574	0.17293348046705076
3.475	-1.1792021092078366	0.18111196583526634
3.485	-1.1932633570009732	0.17245936537324116
3.495	-1.2068372576254172	0.164399408778478
3.505	-1.2199152002511546	0.17008878990419318
3.515	-1.2324888016229787	0.16890350216966918
3.525	-1.2445499114379528	0.165584696513002
3.535	-1.2560906175963775	0.16202883330943002
3.545	-1.2671032513229865	0.1670070417944308
3.555	-1.2775803921551976	0.16582175405990682
3.565	-1.2875148727953407	0.17471141206883675
3.575	-1.296899783823835	0.17115554886526477
3.585	-1.3057284782703618	0.1651105814191924
3.595	-1.3139945760402139	0.17222230782633638
3.605	-1.3216919681930128	0.17162966395907436
3.615	-1.3288148210711745	0.16368823613776362
3.625	-1.3353575802754487	0.1648735238722876
3.635	-1.3413149744851012	0.1510056573783569
3.645	-1.3466820191202866	0.15503563567573844
3.655	-1.3514540198443026	0.16119913189526322
3.665	-1.3556265759035249	0.15965825784038204
3.675	-1.3591955833028484	0.15716915359788164
3.685	-1.3621572378146505	0.15456152058192885
3.695	-1.3645080378193102	0.15408740548811925
3.705	-1.3662447869754741	0.15930267152002484
3.715	-1.3673645967183274	0.1613176606687156
3.725	-1.367864888584232	0.16108060312181083
3.735	-1.367743396360222	0.15444299180847645
3.745	-1.3669981680569174	0.15657650973061965
3.755	-1.365627567703556	0.15965825784038204
3.765	-1.3636302769639057	0.15444299180847645
3.775	-1.361005296571979	0.1475683229482373
3.785	-1.357751947586518	0.1621473620828824
3.795	-1.3538698724634068	0.15645798095716726
3.805	-1.3493590359451653	0.15562827954300046
3.815	-1.3442197257669122	0.15515416444919086
3.825	-1.3384525531781821	0.15337623284740487
3.835	-1.332058453280173	0.16084354557490602
3.845	-1.3250386851780775	0.16368823613776362
3.855	-1.3173948319482314	0.15681356727752443
3.865	-1.309128800420004	0.16119913189526322
3.875	-1.3002428207723615	0.15550975076954807
3.885	-1.290739445945253	0.15977678661383443
3.895	-1.280621550865992	0.16238441962978722
3.905	-1.269892331490944	0.15645798095716726
3.915	-1.2585553036629933	0.15788032623859605
3.925	-1.246614301785261	0.15942120029347723
3.935	-1.234073477311786	0.15965825784038204
3.945	-1.2209372970558814	0.15942120029347723
3.955	-1.2072105413170475	0.15539122199609565
3.965	-1.1928983018274097	0.16025090170764403
3.975	-1.1780059795187756	0.15847297010585804
3.985	-1.1625392821114957	0.17743757385824194
3.995	-1.1465042215263948	0.16356970736431123
4.005	-1.5680279649220248	0.10715001120096909
4.015	-1.5492137289033385	0.10750559752132628
4.025	-1.5298509621682892	0.11793612958513744
4.035	-1.5099468640722646	0.12267728052323341
4.045	-1.4895089226299993	0.1227958092966858
4.055	-1.4685449108991562	0.12990753570382976
4.065	-1.4470628831989862	0.1256404998595434
4.075	-1.4250711711661816	0.12706284514097219
4.085	-1.402578379650122	0.13298928381359215
4.095	-1.3795933824498254	0.12931489183656777
4.105	-1.3561253178950285	0.13334487013394936
4.115	-1.3321835842738707	0.13251516871978256
4.125	-1.3077778351097598	0.13192252485252057
4.135	-1.2829179742901409	0.13547838805609255
4.145	-1.2576141510498804	0.14057512531454572
4.155	-1.2318767548121667	0.14982036964383288
4.165	-1.205716409889849	0.13204105362597296
4.175	-1.1791439700502075	0.14116776918180773
4.185	-1.1521705129463222	0.1459089201199037
4.195	-1.1248073344181595	0.1510056573783569
4.205	-1.0970659426666964	0.15574680831645285
4.215	-1.0689580523043585	0.16238441962978722
4.225	-1.0404955782852445	0.15432446303502406
4.235	-1.0116906297185855	0.15337623284740487
4.245	-0.9825555035689923	0.1654661677395496
4.255	-0.9531026782471357	0.16890350216966918
4.265	-0.9233448070945056	0.16036943048109642
4.275	-0.8932947117660537	0.15823591255895325
4.285	-0.8629653755144799	0.17755610263169436
4.295	-0.8323699363800579	0.17494846961574156
4.305	-0.8015216802899134	0.17909697668657554
4.315	-0.7704340340707558	0.17625228612371796
4.325	-0.7391205583790734	0.17518552716264635
4.335	-0.7075949405528612	0.20339537524431742
4.345	-0.6758709873890583	0.2046991917522938
4.355	-0.6439626178507969	0.2060030082602702
4.365	-0.6118838557087534	0.208610641276223
4.375	-0.5796488221207698	0.21240356202669977
4.385	-0.5472717281541031	0.210388572878009
4.395	-0.5147668672545982	0.21998940352765334
4.405	-0.4821486076671184	0.21880411579312936
4.415	-0.4494313848116689	0.22295262286396333
4.425	-0.41662969361954616	0.22141174880908213
4.435	-0.38375808083402463	0.24808072283587201
4.445	-0.35083113727998105	0.24748807896861003
4.455	-0.3178634901069479	0.25412569028194437
4.465	-0.2848697950100658	0.2502142407580152
4.475	-0.25186472843346186	0.24298398557741882
4.485	-0.2188629797605346	0.2627782907439695
4.495	-0.18587924349568663	0.258155668579326
4.505	-0.15292821144198898	0.26254123319706474
4.515	-0.12002456487934454	0.28612845911409224
4.525	-0.0871829667476467	0.28423199873885385
4.535	-0.05441805383945186	0.2966775199513558
4.545	-0.021744429006674615	0.30177425720980894
4.555	0.010823346614177609	0.30343366003814254
4.565	0.04327076135375085	0.3174200553055257
4.575	0.075583360734091	0.32465031048612203
4.585	0.10774675516093724	0.31919798690731166
4.595	0.13974662757963063	0.33816259065969556
4.605	0.17156874109018738	0.332354680760528
4.615	0.20319894651716996	0.33745141801898115
4.625	0.2346231899300324	0.3745509241095822
4.635	0.2658275201095157	0.36791331279624784
4.645	0.2967980959558689	0.3821367656105358
4.655	0.32752119383461253	0.38794467550970335
4.665	0.3579832148555766	0.39244876890089453
4.675	0.388170692081123	0.3877076179627985
4.685	0.4180702976593009	0.40382753115232484
4.695	0.44766884987791467	0.417221282552446
4.705	0.47695332013540503	0.4384379330004255
4.715	0.5059108398246199	0.42160684717018476
4.725	0.534528707125438	0.4319188504605435
4.735	0.562794393702416	0.44732759100935543
4.745	0.5906955513036172	0.44709053346245065
4.755	0.6182200182568434	0.45728400797935703
4.765	0.645355825859568	0.4748262664503121
4.775	0.6720912046589158	0.4789747735211461
4.785	0.6984145906181158	0.49094617963983844
4.795	0.7243146311659263	0.5073031503762696
4.805	0.7497801911255944	0.5178522112135331
4.815	0.7748003585199574	0.5183263263073428
4.825	0.7993644502494328	0.5273345130897251
4.835	0.8234620176396595	0.5206969017763907
4.845	0.8470828518556663	0.5366982861924646
4.855	0.8702169891795106	0.5664490083290169
4.865	0.892854716148407	0.5689381125715173
4.875	0.9149865745504762	0.5561370050386581
4.885	0.9366033662752973	0.5824503927450908
4.895	0.957696158016554	0.5703604578529461
4.905	0.9782562858241552	0.6067487913028327
4.915	0.9982753595032869	0.5890880040584252
4.925	1.0177452668579576	0.6152828629914054
4.935	1.0366581777766979	0.6308101323136698
4.945	1.0550065481581354	0.6278469129773598
4.955	1.0727831236743204	0.6788142855618915
4.965	1.08998094336972	0.6599682105829601
4.975	1.106593343093924	0.6474041605970057
4.985	1.1226139587662116	0.65107855257403
4.995	1.1380367294702052	0.6762066525459387
5.005	1.1528559003769625	0.6837924940468924
5.015	1.1670660254949548	0.6725322605689144
5.025	1.1806619702454602	0.67478430726451
5.035	1.1936389138620527	0.6958824289390371
5.045	1.2059923516129336	0.7012162237443951
5.055	1.2177180968449544	0.7006235798771331
5.065	1.228812282848335	0.6951712562983227
5.075	1.239271364541124	0.7014532812912998
5.085	1.2490921199726137	0.7099873529798726
5.095	1.2582716516449826	0.7127135147692778
5.105	1.266807387652583	0.7282407840915421
5.115	1.2746970826383808	0.7156767341055877
5.125	1.2819388185671714	0.7078538350577294
5.135	1.2885310053152932	0.7180473095746358
5.145	1.2944723810766854	0.7275296114508277
5.155	1.2997620125852456	0.7280037265446373
5.165	1.304399295153528	0.7274110826773753
5.175	1.3083839525279635	0.7226699317392793
5.185	1.3117160365608735	0.7269369675835657
5.195	1.3143959266996645	0.7430568807730921
5.205	1.316424329293688	0.7399751326633296
5.215	1.3178022767193844	0.7405677765305917
5.225	1.3185311263244046	0.7090391227922535
5.235	1.3186125591915285	0.7327448774827333
5.245	1.3180485787233187	0.7195881836295169
5.255	1.3168415090485115	0.7135432161834446
5.265	1.314993993251301	0.7167434930666594
5.275	1.3125089914247523	0.6783401704680819
5.285	1.309389778549673	0.6986085907284423
5.295	1.3056399422004037	0.7052462020417766
5.305	1.3012633800790665	0.706550018549753
5.315	1.2962642973799174	0.6849777817814163
5.325	1.2906472039855519	0.7097502954329677
5.335	1.2844169114968262	0.6789328143353439
5.345	1.2775785300983942	0.691733921868203
5.355	1.2701374652619521	0.6801181020698679
5.365	1.2620994142892907	0.6855704256486783
5.375	1.253470362697394	0.6743101921707003
5.385	1.2442565804478987	0.6578346926608168
5.395	1.2344646180233327	0.6715840303812952
5.405	1.2241013023526346	0.6610349695440316
5.415	1.2131737325885155	0.6528564841758161
5.425	1.2016892757393673	0.6495376785191489
5.435	1.189655562158472	0.6322324775950986
5.445	1.177080480893303	0.6235798771330734
5.455	1.1639721748979115	0.6197869563825966
5.465	1.1503390361113413	0.5905103493398539
5.475	1.1361897004051578	0.619312841288787
5.485	1.1215330424032581	0.5975035469735456
5.495	1.1063781701771733	0.591102993207116
5.505	1.0907344198201396	0.5967923743328312
5.515	1.0746113499033272	0.5804354035964
5.525	1.058018735817659	0.5824503927450908
5.535	1.0409665640046595	0.5669231234228265
5.545	1.0234650260799618	0.5465361743890138
5.555	1.0055245128530337	0.5477214621235378
5.565	0.98715560824683	0.5509217390067526
5.575	0.968369083121074	0.5440470701465134
5.585	0.949175889002954	0.5216451319640099
5.595	0.9295871517291008	0.5195116140418667
5.605	0.9096141650026677	0.5186819126276999
5.615	0.8892683838695168	0.5151260494241279
5.625	0.8685614181173863	0.49497615793722005
5.635	0.8475050256021456	0.4950946867106724
5.645	0.8261111055051276	0.48632355747519485
5.655	0.8043916915256557	0.4796859461618605
5.665	0.782358945012867	0.4668848386290014
5.675	0.7600251480409772	0.46783306881662057
5.685	0.7374026964322078	0.45467637496340424
5.695	0.7145040927315316	0.4542022598695946
5.705	0.6913419391375073	0.4399788070553067
5.715	0.6679289303933966	0.44389025657923586
5.725	0.6442778466429113	0.4382008754535207
5.735	0.6204015462547938	0.417221282552446
5.745	0.5963129586205907	0.4034719448319677
5.755	0.572025076929883	0.4226736061312564
5.765	0.5475509509272878	0.4011013693629197
5.775	0.5229036796555918	0.40382753115232484
5.785	0.498096404189286	0.38735203164244136
5.795	0.47314230036286475	0.38747056041589373
5.805	0.4480545714981461	0.3935155278619661
5.815	0.42284644113500747	0.3758547406175586
5.825	0.39753114576977255	0.382492351930893
5.835	0.37212192760556073	0.36174981657672306
5.845	0.3466320273188863	0.36068305761565145
5.855	0.32107467684677893	0.3562974929979127
5.865	0.2954630921986183	0.34764489253588754
5.875	0.26981046629695427	0.34361491423850593
5.885	0.24412996185152158	0.35226751470053114
5.895	0.21843470427053613	0.33033969161183724
5.905	0.19273777461351305	0.3349623137764808
5.915	0.16705220258967013	0.32737647227552724
5.925	0.14139095960598258	0.3261911845410032
5.935	0.11576695186893793	0.31979063077457365
5.945	0.09019301354402942	0.3085303972965957
5.955	0.06468189997687257	0.30319660249123775
5.965	0.03924628097992078	0.3053301204133809
5.975	0.013898734188623418	0.30805628220278614
5.985	-0.011348261509125823	0.30544864918683334
5.995	-0.03648233246655064	0.29798133645933217
6.005	-0.061491216690766404	0.29430694448230776
6.015	-0.0863627701711327	0.29561076099028416
6.025	-0.11108497311962884	0.28067613553528187
6.035	-0.13564593611961628	0.2889731496769498
6.045	-0.16003390617959834	0.2778314449724243
6.055	-0.18423727268851042	0.2719050062998043
6.065	-0.2082445732691851	0.2692973732838515
6.075	-0.23204449952671502	0.2765276284644479
6.085	-0.2556259026885339	0.2710753048856375
6.095	-0.2789777991330249	0.2698900171511135
6.105	-0.30208937580359185	0.2564962657509924
6.115	-0.32494999550523396	0.26064477282182635
6.125	-0.34754920208069695	0.26135594546254076
6.135	-0.36987672546332284	0.2548368629226588
6.145	-0.3919224866038915	0.2500957119845628
6.155	-0.41367660226877434	0.2515180572659916
6.165	-0.43512938970675674	0.23883547850658485
6.175	-0.45627137118210315	0.23516108652956047
6.185	-0.47709327837139015	0.23610931671717966
6.195	-0.4975860566217776	0.23658343181098926
6.205	-0.5177408690685115	0.23160522332598849
6.215	-0.5375491006094657	0.24416927331194282
6.225	-0.5570023617347135	0.22366379550467771
6.235	-0.5760924922091015	0.22781230257551172
6.245	-0.5948115646060073	0.22532319833301132
6.255	-0.6131518876904805	0.21915970211348654
6.265	-0.6311060096500913	0.21726324173824815
6.275	-0.6486667211718866	0.2125220908001522
6.285	-0.6658270583640062	0.2276937738020593
6.295	-0.6825803055205508	0.2275752450286069
6.305	-0.6989199977283818	0.21868558701967694
6.315	-0.7148399233147469	0.205647421939913
6.325	-0.7303341261345593	0.2084921125027706
6.335	-0.7453969076964095	0.20102479977526944
6.345	-0.7600228291263851	0.20493624929919863
6.355	-0.7742067129689536	0.20588447948681782
6.365	-0.7879436448241828	0.20280273137705543
6.375	-0.8012289748207873	0.19616512006372105
6.385	-0.8140583189244737	0.19332042950086348
6.395	-0.8264275600812376	0.21145533183908058
6.405	-0.8383328491953499	0.20624006580717502
6.415	-0.8497706059418695	0.20410654788503182
6.425	-0.8607375194136235	0.19462424600883987
6.435	-0.8712305486026808	0.19355748704776826
6.445	-0.8812469227165076	0.19972098326729304
6.455	-0.8907841413290072	0.20410654788503182
6.465	-0.8998399743668348	0.20031362713455503
6.475	-0.908412461931436	0.19237219931324429
6.485	-0.9164999139573342	0.1892904512034819
6.495	-0.9241009097073762	0.19569100496991146
6.505	-0.9312142971056474	0.19415013091503028
6.515	-0.937839191908961	0.19071279648491068
6.525	-0.9439749767178336	0.19569100496991146
6.535	-0.9496212998280358	0.17885991913967075
6.545	-0.9547780739238725	0.1862087030937195
6.555	-0.9594454746144212	0.1868013469609815
6.565	-0.9636239388141057	0.18952750875038668
6.575	-0.9673141629690338	0.18869780733621988
6.585	-0.9705171011306302	0.1858531167733623
6.595	-0.9732339628782096	0.17601522857681315
6.605	-0.9754662110922152	0.1853790016795527
6.615	-0.9772155595799141	0.1873939908282435
6.625	-0.9784839705554647	0.19154249789907749
6.635	-0.9792736519763632	0.17874139036621833
6.645	-0.9795870547383125	0.1871569332813387
6.655	-0.979426869730704	0.1863272318671719
6.665	-0.978796024754955	0.18288989743705233
6.675	-0.9776976813080025	0.19284631440705388
6.685	-0.9761352312334108	0.18822369224241028
6.695	-0.9741122932425288	0.1837195988512191
6.705	-0.9716327093083206	0.19154249789907749
6.715	-0.9687005409344409	0.18466782903883833
6.725	-0.9653200653023299	0.18869780733621988
6.735	-0.9614957712990919	0.1840751851715763
6.745	-0.9572323554290065	0.19699482147788785
6.755	-0.9525347176116155	0.19000162384419628
6.765	-0.9474079568693536	0.19628364883717345
6.775	-0.9418573669078096	0.19083132525836308
6.785	-0.9358884315917013	0.19865422430622146
6.795	-0.9295068203197885	0.1877495771486007
6.805	-0.9227183833018975	0.18526047290610032
6.815	-0.9155291467414068	0.20801799740896101
6.825	-0.9079453079265143	0.20126185732217422
6.835	-0.8999732302336896	0.20280273137705543
6.845	-0.8916194380467415	0.20114332854872183
6.855	-0.8828906115950419	0.2075438823151514
6.865	-0.8737935817143607	0.19687629270443546
6.875	-0.8643353245340024	0.2064771233540798
6.885	-0.8545229560937808	0.21880411579312936
6.895	-0.8443637268945063	0.20801799740896101
6.905	-0.8338650163857211	0.20410654788503182
6.915	-0.8230343273943692	0.21963381720729613
6.925	-0.8118792804981738	0.22010793230110573
6.935	-0.8004076083475051	0.2267455436144401
6.945	-0.7886271499395745	0.21773735683205775
6.955	-0.7765458448487252	0.22235997899670135
6.965	-0.7641717274167723	0.23622784549063205
6.975	-0.7515129209071723	0.2311311082321789
6.985	-0.7385776316269941	0.22390085305158253
6.995	-0.7253741430205038	0.23587225917027488
7.005	-0.7119108097383746	0.23942812237384686
7.015	-0.6981960516863763	0.23883547850658485
7.025	-0.6842383480574905	0.24013929501456124
7.035	-0.6700462313514137	0.249858654437658
7.045	-0.6556282813852974	0.23456844266229848
7.055	-0.6409931192997673	0.24345810067122844
7.065	-0.6261494015640494	0.26183006055635033
7.075	-0.6111058139841958	0.24215428416325205
7.085	-0.5958710657182325	0.252821873773968
7.095	-0.5804538833022264	0.2572074383917068
7.105	-0.5648630046910779	0.2696529596042087
7.115	-0.5491071733179518	0.24582867614027643
7.125	-0.5331951321761428	0.2670453265882559
7.135	-0.5171356179272564	0.25898536999349275
7.145	-0.5009373550394636	0.2778314449724243
7.155	-0.48460904995962073	0.27854261761313864
7.165	-0.46815938532301216	0.2691788445103991
7.175	-0.4515970142043704	0.27759438742551945
7.185	-0.434930554413931	0.283994941191949
7.195	-0.418168582842118	0.28257259591052025
7.205	-0.40131962985646696	0.2932401855212362
7.215	-0.3843921737543732	0.27830556006623386
7.225	-0.3673946352751398	0.2957292897637366
7.235	-0.3503353721748568	0.30450041899921415
7.245	-0.333222673867523	0.30900451239040533
7.255	-0.3160647561357304	0.3092415699373101
7.265	-0.2988697559143405	0.31101950153909613
7.275	-0.281645726150348	0.32014621709493085
7.285	-0.264400630742176	0.3145753647426681
7.295	-0.2471423395615595	0.31919798690731166
7.305	-0.22987862356113298	0.3328287958543376
7.315	-0.21261714997071923	0.332354680760528
7.325	-0.19536547758533995	0.335317900096838
7.335	-0.1781310521478514	0.34705224866862555
7.345	-0.16092120182898606	0.3525045722474359
7.355	-0.1437431328076717	0.3500154680049355
7.365	-0.12660392495425654	0.34302227037124394
7.375	-0.1095105276192907	0.3534528024350551
7.385	-0.09246975553043235	0.36400186327231865
7.395	-0.0754882847999383	0.3583124821466035
7.405	-0.058572649045171454	0.366490967514819
7.415	-0.041729235624405	0.39019672220529894
7.425	-0.0249642819902145	0.3775141434458922
7.435	-0.008283872162604178	0.3923302401274421
7.445	0.008306066676083024	0.38533704249375056
7.455	0.02479976746240986	0.3899596646583941
7.465	0.041191626407396154	0.3951749306902997
7.475	0.05747620602451464	0.40228665709744366
7.485	0.07364823802840181	0.40679075048863483
7.495	0.08970262610263458	0.3986122651204193
7.505	0.10563444853502335	0.40382753115232484
7.515	0.12143896071893368	0.4163915811382792
7.525	0.13711159751925672	0.4187621566073272
7.535	0.15264797550176956	0.411294843879826
7.545	0.16804389502466321	0.43108914904637674
7.555	0.18329534219114296	0.43962322073494947
7.565	0.19839849066209347	0.43168179291363873
7.575	0.21334970332791658	0.4371341164924491
7.585	0.22814553383868885	0.44649788959518866
7.595	0.24278272799194744	0.4505278678925702
7.605	0.25725822497746487	0.45242432826780865
7.615	0.27156915847847474	0.4374897028128063
7.625	0.28571285762893206	0.4793303598415033
7.635	0.29968684782647115	0.44946110893149865
7.645	0.31348885140079297	0.4622622164643578
7.655	0.32711678813736356	0.47138893202019255
7.665	0.34056877565638377	0.4675960112697158
7.675	0.35384312964704456	0.46285486033161977
7.685	0.36693836395725343	0.46664778108209654
7.695	0.3798531905390412	0.47127040324674013
7.705	0.3925865192500111	0.47032217305912094
7.715	0.40513745751126073	0.48596797115483764
7.725	0.4175053098222772	0.4722186334343593
7.735	0.4296895771334889	0.4781450721069793
7.745	0.44168995607711925	0.4825306367247181
7.755	0.45350633805722973	0.4792118310680509
7.765	0.46513880819978504	0.48573091360793286
7.775	0.4765876441638053	0.5007840678363876
7.785	0.4878533148146408	0.49687261831245844
7.795	0.307277712984811	0.4128357179347072
7.805	0.3165175293277447	0.4187621566073272
7.815	0.3255767188820431	0.42705917074899513
7.825	0.3344564993574042	0.40726486558244446
7.835	0.3431582710129504	0.42385889386578035
7.845	0.35168361453131913	0.43369678206232953
7.855	0.36003428876502186	0.4165101099117316
7.865	0.36821222835685363	0.4328670806481627
7.875	0.3762195412362601	0.4440087853526883
7.885	0.38405850599357594	0.4188806853807796
7.895	0.3917315691341965	0.42551829669411395
7.905	0.3992413422147789	0.42457006650649476
7.915	0.40659059886367177	0.42563682546756637
7.925	0.41378227168783743	0.4351191273437583
7.935	0.42081944906860125	0.4346450122499487
7.945	0.4277053718486461	0.43239296555435314
7.955	0.43444342991270823	0.4393861631880447
7.965	0.44103715866457605	0.43926763441459227
7.975	0.44749023540295674	0.4385564617738779
7.985	0.4538064755989303	0.42788887216316196
7.995	0.45998982907770136	0.4391491056411399
8.005	0.4660443761075179	0.454913432510309
8.015	0.4719743233985437	0.42682211320209035
8.025	0.4777840000147012	0.4167471674586364
8.035	0.4834778532013677	0.42824445848351916
8.045	0.4890604441320545	0.4385564617738779
8.055	0.49453644357710436	0.4227921349047088
8.065	0.49991062749754756	0.4346450122499487
8.075	0.5051878725673244	0.4376082315862587
8.085	0.5103731516270782	0.4332226669685199
8.095	0.515471529072809	0.44649788959518866
8.105	0.5204881561827134	0.43108914904637674
8.115	0.5254282663855494	0.41994744434185116
8.125	0.5302971704738925	0.4359488287579251
8.135	0.5351002517657739	0.4436531990323311
8.145	0.5398429612180891	0.42433300895959
8.155	0.5445308124953233	0.4326300231012579
8.165	0.5491693769970643	0.42848151603042395
8.175	0.5537642788478494	0.4200659731153036
8.185	0.5583211898529378	0.4339338396092343
8.195	0.562845824423564	0.4376082315862587
8.205	0.5673439344752806	0.4384379330004255
8.215	0.5718213043030186	0.4400973358287591
8.225	0.5762837454364582	0.4384379330004255
8.235	0.5807370914793974	0.4544393174164994
8.245	0.5851871929367538	0.43049650517911475
8.255	0.5896399120328365	0.4363044150782823
8.265	0.594101117524539	0.4383194042269731
8.275	0.5985766795131777	0.4406899796960211
8.285	0.6030724642585417	0.45266138581471344
8.295	0.6075943289988813	0.45064639666602263
8.305	0.6121481167804584	0.4436531990323311
8.315	0.6167396513002673	0.45301697213507064
8.325	0.62137473176562	0.4595360546749526
8.335	0.6260591277741472	0.4360673575313775
8.345	0.6307985742178592	0.4377267603597111
8.355	0.6355987662148272	0.455506076377571
8.365	0.6404653540720402	0.43666000139863953
8.375	0.6454039382829851	0.4622622164643578
8.385	0.6504200645634723	0.4563357777917378
8.395	0.6555192189291625	0.46925541409804933
8.405	0.6607068228182877	0.4538466735492374
8.415	0.6659882282629401	0.4583507669404286
8.425	0.6713687131123629	0.4795674173884081
8.435	0.6768534763115749	0.461432515050191
8.445	0.6824476332386435	0.4562172490182854
8.455	0.6881562111038659	0.4763671405051933
8.465	0.6939841444141016	0.47269274852816895
8.475	0.6999362705054419	0.4636845617457866
8.485	0.70601732514733	0.47660419805209814
8.495	0.7122319382212494	0.48181946408400367
8.505	0.7185846294769732	0.48869413294424285
8.515	0.7250798043693889	0.46309191787852455
8.525	0.7317217499788318	0.4815824065370989
8.535	0.7385146310177273	0.4843085683265041
8.545	0.7454624859264538	0.47304833484852615
8.555	0.752569223061075	0.48608649992829006
8.565	0.7598386169756814	0.4891682480380525
8.575	0.7672743048019512	0.5102663697125795
8.585	0.7748797827284666	0.5024434706647212
8.595	0.782658402582285	0.4774338994662649
8.605	0.7906133685151736	0.5005470102894828
8.615	0.7987477337968579	0.48940530558495726
8.625	0.8070643977175204	0.4953317442575772
8.635	0.8155661026018127	0.4845456258734089
8.645	0.8242554309364233	0.4865606150220997
8.655	0.8331348026132902	0.48999794945221925
8.665	0.842206472290414	0.4830047518185277
8.675	0.8514725268721446	0.48513826974067087
8.685	0.8609348831107454	0.48667914379555205
8.695	0.8705952853309683	0.49023500699912403
8.705	0.8804553032792594	0.48573091360793286
8.715	0.8905163300991525	0.47257421975471653
8.725	0.9007795804343094	0.4786191872007889
8.735	0.9112460886606144	0.4904720645460288
8.745	0.9219167072485692	0.49224999614781484
8.755	0.9327921052572293	0.4788562447476937
8.765	0.9438727669607717	0.4826491654981705
8.775	0.9551589906087432	0.47269274852816895
8.785	0.9666508873208948	0.4793303598415033
8.795	0.9783483801174547	0.4735224499423357
8.805	0.9902512030856133	0.4764856692786457
8.815	1.002358900682827	0.4722186334343593
8.825	1.0146708271775715	0.49462057161686285
8.835	1.0271861462279555	0.47103334569983535
8.845	1.039903830598615	0.4672404249493586
8.855	1.0528226620161527	0.4702036442856685
8.865	1.065941231163332	0.46949247164495417
8.875	1.079257937812104	0.4817009353105513
8.885	1.0927709910954666	0.47198157588745454
8.895	1.1064784099181135	0.4769597843724553
8.905	1.120378023505617	0.4607213424094766
8.915	1.1344674720919121	0.4540837310961422
8.925	1.1487442077447167	0.4532540296819754
8.935	1.1632054953283795	0.4600101697687622
8.945	1.1778484136036407	0.4575210655262618
8.955	1.192669856463625	0.44756464855626027
8.965	1.2076665343053434	0.45989164099530977
8.975	1.2228349755358499	0.45396520232268983
8.985	1.2381715282121268	0.4583507669404286
8.995	1.2536723618137169	0.45206874194745145
9.005	1.269333469146924	0.4724556909812641
9.015	1.2851506683794687	0.47138893202019255
9.025	1.3011196052042262	0.4780265433335269
9.035	1.3172357551307545	0.4731668636219785
9.045	1.3334944259030905	0.4854938560610281
9.055	1.3498907600423005	0.4776709570131697
9.065	1.3664197375121425	0.46581807966792976
9.075	1.383076178506112	0.45467637496340424
9.085	1.3998547463541215	0.46581807966792976
9.095	1.4167499505468597	0.4839529820061469
9.105	1.4337561498759444	0.453135500908523
9.115	1.4508675556877633	0.44590524572792667
9.125	1.4680782352489548	0.4577581230731666
9.135	1.4853821152212685	0.4553875476041186
9.145	1.5027729852435954	0.451950213173999
9.155	1.5202445016187718	0.46949247164495417
9.165	1.5377901911028005	0.449579637704951
9.175	1.5554034547939484	0.45112051175983225
9.185	1.57307757211922	0.4722186334343593
9.195	1.5908057049155624	0.449579637704951
9.205	1.6085809016031067	0.45396520232268983
9.215	1.6263961014477002	0.45728400797935703
9.225	1.6442441389099764	0.44732759100935543
9.235	1.6621177480780025	0.4521872707209038
9.245	1.680009567180631	0.44389025657923586
9.255	1.6979121431785749	0.44649788959518866
9.265	1.715817936430122	0.44412731412614065
9.275	1.7337193254284948	0.45017228157221306
9.285	1.7516086116075817	0.43215590800744835
9.295	1.7694780242129704	0.4633289754254294
9.305	1.7873197252349546	0.459654583448405
9.315	1.805125814400351	0.4540837310961422
9.325	1.8228883342196758	0.43002239008530513
9.335	1.8405992750864106	0.4384379330004255
9.345	1.8582505804249083	0.4595360546749526
9.355	1.8758341518835908	0.44910552261114145
9.365	1.893341854569852	0.4399788070553067
9.375	1.9107655223232736	0.46807012636352535
9.385	1.9280969630235705	0.42729622829589997
9.395	1.9453279639297603	0.4377267603597111
9.405	1.9624502970469169	0.4404529221491163
9.415	1.9794557245170368	0.44258644007125947
9.425	1.9963360040302471	0.4436531990323311
9.435	2.013082894252826	0.44649788959518866
9.445	2.0296881602684147	0.4325114943278055
9.455	2.046143579028662	0.43274855187471034
9.465	2.0624409448097345	0.4377267603597111
9.475	2.0785720746709573	0.4334597245154247
9.485	2.094528813911957	0.45005375279876064
9.495	2.1103030415245625	0.4319188504605435
9.505	2.125886675635911	0.42622946933482836
9.515	2.1412716789388853	0.4179324551931604
9.525	2.1564500641064432	0.4312076778198291
9.535	2.171413899185964	0.4447199579934027
9.545	2.1861553129701266	0.42136978962328
9.555	2.2006665003405663	0.42196243349054197
9.565	2.2149397275807523	0.4309706202729243
9.575	2.2289673376544332	0.41994744434185116
9.585	3.17780459280877	1.0800341836982637
9.595	3.1914728714710097	1.0844197483160023
9.605	3.2048730741328475	1.0316744441296846
9.615	3.217997902450367	1.052298450710402
9.625	3.2308401605112307	1.057276659195403
9.635	3.243392759832192	1.0462534832643298
9.645	3.255648724297561	1.0303706276217082
9.655	3.2676011950353416	1.0559728426874266
9.665	3.2792434352276154	1.0573951879688552
9.675	3.290568834851913	1.0253924191367074
9.685	3.3015709153503012	1.0423420337404006
9.695	3.3122433342229387	1.0150804158463487
9.705	3.3225798895429843	1.0398529294979002
9.715	3.3325745243896527	1.0197030380109924
9.725	3.342221331196418	1.0125913116038483
9.735	3.351514556011321	1.000027261617894
9.745	3.3604486026663927	1.0131839554711104
9.755	3.3690180368533356	0.9898337871009877
9.765	3.3772175901025436	0.9927970064372976
9.775	3.3850421636627663	0.9900708446478924
9.785	3.392486832278608	0.9976566861488461
9.795	3.399546847863242	1.000027261617894
9.805	3.4062176430637585	0.9801144276778909
9.815	3.412494834716582	0.9542751550652678
9.825	3.4183742271905473	0.9504822343147911
9.835	3.423851815615215	0.9679059640122938
9.845	3.4289237889921256	0.9541566262918154
9.855	3.433586533186795	0.9482301876191954
9.865	3.4378366337992126	0.9406443461182419
9.875	3.4416708789108443	0.9303323428278831
9.885	3.4450862617060793	0.9433705079076471
9.895	3.448079982966238	0.9415925763058611
9.905	3.4506494534342695	0.9325843895234788
9.915	3.4527922960484045	0.9120789117162136
9.925	3.4545063480430827	0.8841061211814474
9.935	3.455789662915566	0.9214426848189532
9.945	3.456640512256743	0.8974998725815685
9.955	3.457057387444711	0.8906252037213294
9.965	3.4570390011998	0.8761646933601366
9.975	3.4565842889998213	0.8758091070397794
9.985	3.455692410354392	0.8781796825088274
9.995	-Inf	0.0
