0.005	-Inf	0.0
0.015	-Inf	0.0
0.025	-Inf	0.0
0.035	-Inf	0.0
0.045	-Inf	0.0
0.055	-Inf	0.0
0.065	-Inf	0.0
0.075	-Inf	0.0
0.085	-Inf	0.0
0.095	-Inf	0.0
0.105	-Inf	0.0
0.115	-Inf	0.0
0.125	-Inf	0.0
0.135	-Inf	0.0
0.145	-Inf	0.0
0.155	-Inf	0.0
0.165	-Inf	0.0
0.175	-Inf	0.0
0.185	-Inf	0.0
0.195	-Inf	0.0
0.205	-Inf	0.0
0.215	-Inf	0.0
0.225	-Inf	0.0
0.235	-Inf	0.0
0.245	-Inf	0.0
0.255	-Inf	0.0
0.265	-Inf	0.0
0.275	-Inf	0.0
0.285	-Inf	0.0
0.295	-Inf	0.0
0.305	-Inf	0.0
0.315	-Inf	0.0
0.325	-Inf	0.0
0.335	-Inf	0.0
0.345	-Inf	0.0
0.355	-Inf	0.0
0.365	-Inf	0.0
0.375	-Inf	0.0
0.385	-Inf	0.0
0.395	-Inf	0.0
0.405	-Inf	0.0
0.415	-Inf	0.0
0.425	-Inf	0.0
0.435	-Inf	0.0
0.445	-Inf	0.0
0.455	-Inf	0.0
0.465	-Inf	0.0
0.475	-Inf	0.0
0.485	-Inf	0.0
0.495	-Inf	0.0
0.505	-Inf	0.0
0.515	-Inf	0.0
0.525	-Inf	0.0
0.535	-Inf	0.0
0.545	-Inf	0.0
0.555	-Inf	0.0
0.565	-Inf	0.0
0.575	-Inf	0.0
0.585	-Inf	0.0
0.595	-Inf	0.0
0.605	-Inf	0.0
0.615	-Inf	0.0
0.625	-Inf	0.0
0.635	-Inf	0.0
0.645	-Inf	0.0
0.655	-Inf	0.0
0.665	-Inf	0.0
0.675	-Inf	0.0
0.685	-Inf	0.0
0.695	-Inf	0.0
0.705	-Inf	0.0
0.715	-Inf	0.0
0.725	-Inf	0.0
0.735	-Inf	0.0
0.745	-Inf	0.0
0.755	-Inf	0.0
0.765	-Inf	0.0
0.775	-Inf	0.0
0.785	-Inf	0.0
0.795	-Inf	0.0
0.805	-Inf	0.0
0.815	-Inf	0.0
0.825	-Inf	0.0
0.835	-Inf	0.0
0.845	-Inf	0.0
0.855	-Inf	0.0
0.865	-Inf	0.0
0.875	-Inf	0.0
0.885	-Inf	0.0
0.895	-Inf	0.0
0.905	-Inf	0.0
0.915	-Inf	0.0
0.925	-Inf	0.0
0.935	-Inf	0.0
0.945	-Inf	0.0
0.955	-Inf	0.0
0.965	-0.6282304989384165	0.290535612372388
0.975	-0.6037236011158664	0.28546749019979417
0.985	-0.5791595497709441	0.28447590107906934
0.995	-0.554552698248441	0.2876710215791828
1.005	-0.5299174400024345	0.2949426751311652
1.015	-0.5052681993957453	0.30265503495902535
1.025	-0.4806194224785716	0.299239561320973
1.035	-0.4559855677521325	0.3055196257522305
1.045	-0.43138109692319815	0.3234784064942477
1.055	-0.4068204656553546	0.30992668851100774
1.065	-0.38231811432288676	0.3307500600462301
1.075	-0.35788845877312836	0.32270717051146164
1.085	-0.3335458811031601	0.3333942977014964
1.095	-0.30930472045668844	0.3484884876503084
1.105	-0.2851792638469599	0.3374708307533653
1.115	-0.2611837370115233	0.3503614893227887
1.125	-0.23733229530465483	0.3653455027026312
1.135	-0.21363901463321422	0.3695322123234696
1.145	-0.1901178824416936	0.35928579140931255
1.155	-0.16678278875217956	0.37338839223739967
1.165	-0.14364751726490943	0.3771343955823603
1.175	-0.12072573652508467	0.3842958725653733
1.185	-0.09803099116153369	0.4030258892901764
1.195	-0.07557669320279947	0.3907962901345697
1.205	-0.05337611347615845	0.418781138652805
1.215	-0.03144237309503839	0.4212050231701324
1.225	-0.009788435040235521	0.4331040926188309
1.235	0.01157290415971668	0.4326633863429532
1.245	0.03262902264374623	0.4405960993087522
1.255	0.05336748132378344	0.4723269511719482
1.265	0.07377603187550719	0.4468761637400097
1.275	0.0938426246091969	0.4581141737748916
1.285	0.11355541621571485	0.4685809478269875
1.295	0.13290277738267187	0.4746406591203062
1.305	0.15187330027594825	0.4645044147751186
1.315	0.1704558058818113	0.48246319551713573
1.325	0.1886393512049569	0.499430387138428
1.335	0.20641323631789854	0.49755738546594774
1.345	0.2237670112572212	0.5097869846215545
1.355	0.24069048276231308	0.503506920190297
1.365	0.25717372085228263	0.5141940473803317
1.375	0.2732070652368792	0.5324833578292572
1.385	0.2887811315573334	0.5293984138981132
1.395	0.30388681745313995	0.5260931168290301
1.405	0.318515308450932	0.5386532456915453
1.415	0.3326580836716726	0.5585952046750121
1.425	0.34630692135254715	0.5616801486061562
1.435	0.35945390418002443	0.565205798813178
1.445	0.372091424430687	0.5610190891923397
1.455	0.3842121889165544	0.5719265695203133
1.465	0.3958092237317361	0.5931906473314134
1.475	0.4068758787973912	0.5733588649169158
1.485	0.4174058322020837	0.5912074690899636
1.495	0.42739309433476413	0.5829442264172563
1.505	0.4368320118077271	0.5874614657450029
1.515	0.4457172711670423	0.5937415301762604
1.525	0.45404390238807646	0.5749013368824879
1.535	0.4618072821538628	0.6136834891597274
1.545	0.46900313691422224	0.5991401820557626
1.555	0.4756275457236594	0.6009030071592735
1.565	0.48167694285622	0.6021149494179372
1.575	0.4871481201956127	0.6120308406251859
1.585	0.49203822939906106	0.5923092347796579
1.595	0.4963447838334787	0.5879021720208807
1.605	0.5000656602827189	0.5875716423139724
1.615	0.5031991004247769	0.6184210816254129
1.625	0.5057437120779893	0.6042083042283564
1.635	0.5076984702153993	0.588232701727789
1.645	0.5090627177466227	0.5811814013137454
1.655	0.5098361660666837	0.587241112607064
1.665	0.5100188953714371	0.6002419477454568
1.675	0.5096113547393513	0.5862495234863392
1.685	0.5086143619795622	0.58029998876199
1.695	0.5070291032462633	0.5838256389690117
1.705	0.5048571324196403	0.5763336322790905
1.715	0.5021003702537123	0.582613696710348
1.725	0.4987611032915775	0.5728079820720687
1.735	0.4948419825487269	0.5698332147098941
1.745	0.4903460219652138	0.5648752691062697
1.755	0.4852765966276309	0.5425094256054753
1.765	0.4796374407619839	0.5671889770546278
1.775	0.47343264549869657	0.5580443218301651
1.785	0.46666665641112637	0.5502217854333354
1.795	0.4593442708291171	0.534246182932768
1.805	0.45147063492924744	0.5254320574152136
1.815	0.44305124060358425	0.523999762018611
1.825	0.43409192210889014	0.5148551067941483
1.835	0.4245988524983648	0.5271948825187245
1.845	0.4145785398381485	0.5121006925699125
1.855	0.40403782321093784	0.5049392155868996
1.865	0.3929838685092173	0.49116714446572074
1.875	0.38142416402072676	0.5036170967592664
1.885	0.36936651580892366	0.4852176097413715
1.895	0.35681904289133004	0.46946236037874295
1.905	0.34379017221877395	0.4755220716720616
1.915	0.33028863345867454	0.46296194280954656
1.925	0.3163234535856321	0.445664221481346
1.935	0.30190395128270864	0.44301998382607966
1.945	0.28703973115690995	0.428256323584176
1.955	0.27174067777249067	0.428256323584176
1.965	0.2560169495058271	0.4289173829979926
1.975	0.23987897222570642	0.4286970298600537
1.985	0.22333743280299623	0.41283160392845575
1.995	0.20640327245377055	0.39663564828994946
2.005	0.18908767992006137	0.39035558385869196
2.015	0.1714020844925288	0.40214447673842096
2.025	0.1533581488794158	0.38671975708270073
2.035	0.13496776192627147	0.39729670770376607
2.045	0.11624303119101875	0.38099057549629034
2.055	0.09719627537902542	0.36600656211644783
2.065	0.07784001664293139	0.37041362487522506
2.075	0.05818697275206952	0.36865079977171417
2.085	0.03825004913641261	0.37096450772007217
2.095	0.018042330810022156	0.3619300290645789
2.105	-0.0024229258208881	0.3503614893227887
2.115	-0.023132301260168298	0.3566415537540462
2.125	-0.044072221328952166	0.33934383242584565
2.135	-0.06522896567265568	0.3309704131841689
2.145	-0.08658867636234979	0.3301991772013829
2.155	-0.10813736658512374	0.3256819378736363
2.165	-0.129860929417982	0.31323198558009063
2.175	-0.15174514667971184	0.30750280399368024
2.185	-0.17377569785521096	0.30067185671757557
2.195	-0.19593816908659867	0.3047483897694445
2.205	-0.218218062225505	0.3086045696833746
2.215	-0.24060080394079575	0.28965419982063256
2.225	-0.2630717548760333	0.293620556303532
2.235	-0.2856162188508876	0.2840351948031916
2.245	-0.3082194521007158	0.2753312458546066
2.255	-0.3308666725484811	0.2646441186645718
2.265	-0.35354306910318645	0.27125471280273766
2.275	-0.3762338109789528	0.26585606092323555
2.285	-0.39892405702888717	0.25582999314701743
2.295	-0.4215989650878406	0.2492193990088516
2.305	-0.444243701318195	0.24393092369831892
2.315	-0.4668434495527722	0.2417273923189303
2.325	-0.4893834206289908	0.2542875211814454
2.335	-0.5118488617083734	0.2290570868874458
2.345	-0.5342250655755604	0.23048938228404842
2.355	-0.5564973799109281	0.23621856387045878
2.365	-0.5786512165310201	0.23070973542198728
2.375	-0.600672060590905	0.23070973542198728
2.385	-0.6225454797427242	0.2205734910767997
2.395	-0.6442571332446072	0.21825978312844163
2.405	-0.6657927810142271	0.20845406849016232
2.415	-0.6871382926213127	0.21396289693863385
2.425	-0.7082796562133912	0.197105881886311
2.435	-0.7292029873692008	0.20867442162810118
2.445	-0.7498945378741255	0.1942412910931058
2.455	-0.7703407044121722	0.19919923669673018
2.465	-0.7905280371689611	0.19302934883444206
2.475	-0.8104432483403383	0.19225811285165606
2.485	-0.5017891597927379	0.256491052560834
2.495	-0.5240342413465985	0.2626609404231221
2.505	-0.5459683935218296	0.264423765526633
2.515	-0.5675790595668542	0.2559401697159868
2.525	-0.5888538856818448	0.25054151783648476
2.535	-0.6097807288505555	0.24646498478461581
2.545	-0.6303476645416032	0.24591410193976868
2.555	-0.6505429942743546	0.2329132668013759
2.565	-0.6703552530446297	0.23798138897396967
2.575	-0.6897732166055396	0.23159114797374272
2.585	-0.7087859085988464	0.2253110835424852
2.595	-0.7273826075323733	0.2264128492321795
2.605	-0.7455528535990048	0.22112437392164683
2.615	-0.7632864553330331	0.22035313793886083
2.625	-0.7805734960995839	0.22299737559412713
2.635	-0.7974043404130635	0.2080133622142846
2.645	-0.813769640080613	0.21759872371462505
2.655	-0.8296603401666826	0.21330183752481727
2.665	-0.8450676847749783	0.2123102484040924
2.675	-0.8599832226440927	0.19875853042085245
2.685	-0.8743988125533044	0.2080133622142846
2.695	-0.8883066285351109	0.2021740040589048
2.705	-0.9016991648912084	0.20063153209333276
2.715	-0.9145692410087294	0.19413111452413637
2.725	-0.926910005973705	0.19060546431711461
2.735	-0.938714942978808	0.19468199736898353
2.745	-0.9499778735226079	0.18906299235154259
2.755	-0.9606929613976577	0.19622446933455556
2.765	-0.9708547164648897	0.1866391078342151
2.775	-0.9804579982119288	0.1869696375411234
2.785	-0.9894980190930573	0.18586787185142908
2.795	-0.997970347648718	0.18487628273070422
2.805	-1.0058709114025657	0.18641875469627625
2.815	-1.0131959995342252	0.17760462917872183
2.825	-1.0199422653260606	0.1826727513513156
2.835	-1.026106728382385	0.18608822498936795
2.845	-1.031686776619705	0.18377451704100992
2.855	-1.0366801680267193	0.17220597729921971
2.865	-1.0410850321929463	0.18829175636875656
2.875	-1.0448998716050033	0.17925727771326327
2.885	-1.0481235627096908	0.1750705680924249
2.895	-1.0507553567432026	0.1854271655755514
2.905	-1.0527948803259157	0.1822320450754379
2.915	-1.0542421358223604	0.17341791955788347
2.925	-1.0550975014661363	0.1822320450754379
2.935	-1.0553617312496582	0.1847661061617348
2.945	-1.0550359545787975	0.17562145093727208
2.955	-1.0541216756926026	0.1739688024027306
2.965	-1.05262077284845	0.17639268692005808
2.975	-1.0505354972731196	0.18024886683398814
2.985	-1.0478684718804259	0.1771639229028441
2.995	-1.0446226897562003	0.17485021495448605
3.005	-1.040801512411551	0.17650286348902752
3.015	-1.0364086678054825	0.1782656885925384
3.025	-1.0314482481380989	0.18024886683398814
3.035	-1.0259247074157551	0.180469219971927
3.045	-1.0198428587896686	0.1787063948684161
3.055	-1.0132078716696524	0.1782656885925384
3.065	-1.0060252686147573	0.1819015153685296
3.075	-0.9983009220027602	0.18179133879956016
3.085	-0.9900410504805774	0.1814608090926519
3.095	-0.9812522151978109	0.188401932937726
3.105	-0.9719413158257892	0.17892674800635497
3.115	-0.9621155863645655	0.18278292792028505
3.125	-0.9517825907405134	0.1928089956965032
3.135	-0.9409502181972547	0.1833338107651322
3.145	-0.9296266784828079	0.18674928440318453
3.155	-0.9178204968359663	0.18994440490329803
3.165	-0.9055405087750237	0.18641875469627625
3.175	-0.8927958546921299	0.18707981411009283
3.185	-0.8795959742566384	0.1909359940240229
3.195	-0.865950600630961	0.1931395254034115
3.205	-0.8518697545025387	0.18994440490329803
3.215	-0.8373637379356669	0.19754658816218873
3.225	-0.8224431280470181	0.20085188523127162
3.235	-0.8071187705088436	0.20019082581745504
3.245	-0.791401772883884	0.20636071367974315
3.255	-0.7753034977961952	0.19919923669673018
3.265	-0.7588355559421457	0.21638678145596132
3.275	-0.7420097989459807	0.2061403605418043
3.285	-0.724838312064407	0.21032707016264265
3.295	-0.7073334067447922	0.2149544860593587
3.305	-0.6895076130416026	0.2130814843868784
3.315	-0.6713736718958869	0.21638678145596132
3.325	-0.6529445272825897	0.22343808187000486
3.335	-0.6342333182306452	0.2235482584389743
3.345	-0.6152533707208436	0.22453984755969916
3.355	-0.5960181894665377	0.2297181463012624
3.365	-0.5765414495823671	0.2369897998532448
3.375	-0.5568369881461961	0.2290570868874458
3.385	-0.5369187956595471	0.23632874043942823
3.395	-0.5168010074119276	0.24943975214679046
3.405	-0.4964978947544003	0.2387526249567557
3.415	-0.47602385628792115	0.23897297809469456
3.425	-0.4553934089719414	0.2542875211814454
3.435	-0.4346211791588291	0.2535162851986594
3.445	-0.4137218935597874	0.25406716804350654
3.455	-0.392710370147868	0.2631016466989998
3.465	-0.37160150900382316	0.25924546678506977
3.475	-0.3504102831105229	0.26354235297487755
3.485	-0.32915172910170387	0.27775513037193406
3.495	-0.30784093797084455	0.27731442409605633
3.505	-0.28649304574602374	0.2806197211651392
3.515	-0.2651232241365431	0.2851369604928859
3.525	-0.2437466711572649	0.2941714391483792
3.535	-0.2223786017364383	0.290535612372388
3.545	-0.2010342383130025	0.3033160943728419
3.555	-0.17972880142918712	0.3078333337005886
3.565	-0.1584775003243426	0.32237664080455336
3.575	-0.13729552353588304	0.3148846341146321
3.585	-0.11619802951323455	0.3115793370455492
3.595	-0.09520013725066878	0.32160540482176736
3.605	-0.07431691694491516	0.33780136046027365
3.615	-0.05356338068335842	0.33978453870172337
3.625	-0.03295447316869793	0.331741649166955
3.635	-0.012505062485879348	0.34804778137443065
3.645	0.007770069082951192	0.34628495627091976
3.655	0.027856234189664653	0.36798974035789755
3.665	0.04773884949186824	0.37129503742698045
3.675	0.0674034446594125	0.3828635771687707
3.685	0.08683567131004089	0.37922775039277945
3.695	0.1060213118686062	0.3964152951520106
3.705	0.12494628834428978	0.39520335289334685
3.715	0.1435966710203309	0.40809401146277025
3.725	0.16195868705083072	0.4076533051868925
3.735	0.1800187289592241	0.4269342047565428
3.745	0.19776336303313147	0.43828239136039415
3.755	0.2151793376103146	0.43607885998100554
3.765	0.23225359125055234	0.4388332742052413
3.775	0.24897326078832105	0.44103680558462993
3.785	0.265325689261247	0.4539274641540533
3.795	0.2812984337093507	0.4688013009649264
3.805	0.2968792728402476	0.46472476791305745
3.815	0.31205621455544486	0.4762933076548477
3.825	0.32681750333308157	0.48235301894816635
3.835	0.3411516274624695	0.49083661475881246
3.845	0.3550473261259188	0.4877516708276684
3.855	0.36849359632342216	0.5037272733282359
3.865	0.38147969963586026	0.5022949779316332
3.875	0.39399516882250896	0.5212453477943753
3.885	0.4060298142487422	0.5299492967429602
3.895	0.41757373013987564	0.5194825226908644
3.905	0.42861730065729464	0.5122108691388819
3.915	0.4391512057930351	0.5296187670360519
3.925	0.44916642707915466	0.5363395377431872
3.935	0.4586542531083453	0.542178895898567
3.945	0.4676062848623128	0.5466961352263137
3.955	0.47601444084463385	0.5479080774849774
3.965	0.48387096201487223	0.5544084950541738
3.975	0.4911684165208876	0.5480182540539469
3.985	0.4978997042263953	0.56674827077875
3.995	0.5040580610309544	0.56674827077875
4.005	0.5096370629797	0.5753420431583656
4.015	0.5146306301602677	0.5779862808136319
4.025	0.519033030384487	0.5714858632444355
4.035	0.5228388826525701	0.5822831670034397
4.045	0.5260431603976385	0.581842460727562
4.055	0.5286411945085838	0.5786473402274485
4.065	0.5306286761293921	0.5732486883479464
4.075	0.5320016592332133	0.5880123485898501
4.085	0.5327565629695779	0.5854782875035531
4.095	0.5328901737833245	0.5871309360380946
4.105	0.5323996473039387	0.5907667628140858
4.115	0.5312825100041474	0.5904362331071775
4.125	0.5295366606267651	0.6029963619696926
4.135	0.5271603713789228	0.5957247084177102
4.145	0.5241522888929615	0.5962755912625574
4.155	0.5205114349534337	0.581071224744776
4.165	0.5162372069897714	0.58029998876199
4.175	0.5113293783343678	0.5917583519348107
4.185	0.5057880982459262	0.5918685285037801
4.195	0.49961389169810944	0.5573832624163484
4.205	0.49280765893365297	0.5779862808136319
4.215	0.4853706747842599	0.5779862808136319
4.225	0.4773045877567472	0.5650956222442085
4.235	0.46861141888604085	0.5908769393830553
4.245	0.4592935603557906	0.5725876289341298
4.255	0.449353773887502	0.548569136898794
4.265	0.43879518889923563	0.5395346582433007
4.275	0.4276213004350766	0.5480182540539469
4.285	0.4158359668667009	0.5388735988294842
4.295	0.403443407368524	0.5322630046913183
4.305	0.39044819916806617	0.5324833578292572
4.315	0.3768552745732916	0.5258727636910914
4.325	0.36266991777883995	0.5167281084666286
4.335	0.34789776145316464	0.511439633156096
4.345	0.33254478310880886	0.5036170967592664
4.355	0.31661730125809706	0.5084648657939214
4.365	0.3001219713567367	0.48830255367251557
4.375	0.28306578153786477	0.4869804348448824
4.385	0.2654560481393171	0.4840056674827078
4.395	0.24730041102693878	0.4814716063964109
4.405	0.22860682871690852	0.4757424248100005
4.415	0.20938357330022117	0.45844470348179994
4.425	0.18963922517249054	0.4409266290156605
4.435	0.16938266757249631	0.4388332742052413
4.445	0.1486230809328981	0.4306802081015035
4.455	0.12736993704672983	0.4336549754636781
4.465	0.10563299305336393	0.42109484660116303
4.475	0.0834222852477754	0.41139930853185314
4.485	0.06074812271703511	0.4177895495320801
4.495	0.03762108080806681	0.395754235738194
4.505	0.014051994430812731	0.38859275875518107
4.515	-0.009948048798954057	0.37515121734091056
4.525	-0.03436771557279106	0.38165163491010695
4.535	-0.05919543405431871	0.37118486085801106
4.545	-0.0844194011909487	0.3692016826165613
4.555	-0.11002759016799235	0.351463255012483
4.565	-0.13600775800042353	0.3543278458056882
4.575	-0.1623474532574809	0.33758100732233476
4.585	-0.18903402391522184	0.33361465083943526
4.595	-0.2160546253320692	0.3246903487529114
4.605	-0.24339622834226682	0.30992668851100774
4.615	-0.2710456274621593	0.3354876525119156
4.625	-0.2989894492040922	0.3101470416489466
4.635	-0.3272141604926403	0.31069792449379374
4.645	-0.3557060771778986	0.29196790776899056
4.655	-0.3844513726403863	0.28976437638960195
4.665	-0.4134360864821697	0.2770940709581175
4.675	-0.4426461332986993	0.2691613579923185
4.685	-0.47206731152577686	0.26728835631983816
4.695	-0.5016853123561172	0.2612286450265195
4.705	-0.5314857287198183	0.25638087599186454
4.715	-0.5614540643231072	0.2550587571642314
4.725	-0.5915757427396059	0.24701586762946298
4.735	-0.6218361165483992	0.2387526249567557
4.745	-0.6522204765131278	0.23423538562900906
4.755	-0.682714060796314	0.22960796973229297
4.765	-0.7133020642030817	0.2301588525771401
4.775	-0.7439696474484367	0.2177089002835945
4.785	-0.7747019464422673	0.21528501576626702
4.795	-0.805484081586206	0.20878459819707063
4.805	-0.8363011670764592	0.20404700573138512
4.815	-0.86713832020675	0.2004111789553939
4.825	-0.8979806706654825	0.2015129446450882
4.835	-0.9288133698213139	0.20019082581745504
4.845	-0.9596215999911969	0.18829175636875656
4.855	-0.9903905836851113	0.17584180407521094
4.865	-1.0211055928215929	0.17154491788540313
4.875	-1.0517519579083228	0.17595198064418036
4.885	-1.0823150771819119	0.16394273462651246
4.895	-1.112780425701148	0.1674683848335342
4.905	-1.1431335643879943	0.1666971488507482
4.915	-1.1733601490105765	0.15854408274701035
4.925	-1.2034459391025847	0.15490825597101915
4.935	-1.233376806813384	0.15204366517781395
4.945	-1.2631387456832965	0.14135653798777922
4.955	-1.292717879338529	0.1485180149707922
4.965	-1.3221004701002532	0.13970388945323775
4.975	-1.351272927502426	0.14477201162583156
4.985	-1.380221816712975	0.14080565514293206
4.995	-1.4089338668530516	0.13739018150487972
5.005	-1.437395979209118	0.1344154141427051
5.015	-1.4655952353326978	0.12736411372866155
5.025	-1.4935189050226716	0.129016762263203
5.035	-1.5211544541851287	0.1242791697975175
5.045	-1.5484895525658038	0.12306722753885377
5.055	-1.5755120813502452	0.12438934636648694
5.065	-1.6022101406269327	0.12108404929740402
5.075	-1.628572056708651	0.12229599155606775
5.085	-1.654586389307515	0.11568539741790193
5.095	-1.6802419385591532	0.10698144846931693
5.105	-1.705527751891596	0.10565932964168376
5.115	-1.7304331307346115	0.10929515641767497
5.125	-1.754947637065226	0.10720180160725579
5.135	-1.7790610997853458	0.10731197817622522
5.145	-1.802763620927452	0.10532879993477547
5.155	-1.8260455816845358	0.10698144846931693
5.165	-1.8488976482603978	0.09684520412412932
5.175	-1.8713107775367361	0.09706555726206818
5.185	-1.8932762225534145	0.09904873550351793
5.195	-1.914785537798498	0.09904873550351793
5.205	-1.935830584304731	0.08891249115833035
5.215	-1.956403534549298	0.09981997148630395
5.225	-1.9764968771537759	0.08891249115833035
5.235	-1.9961034213813265	0.08759037233069718
5.245	-2.015216301428373	0.08825143174451376
5.255	-2.033828980508035	0.09298902421019926
5.265	-2.0519352547227854	0.0865987832099723
5.275	-2.0695292567239254	0.08637843007203344
5.285	-2.086605459155595	0.08031871877871477
5.295	-2.103158677881189	0.07987801250283705
5.305	-2.1191840749901427	0.07943730622695933
5.315	-2.1346771615832694	0.08197136731325623
5.325	-2.149633800334876	0.07888642338211217
5.335	-2.164050207830127	0.08417489869264483
5.345	-2.1779229566761766	0.0804288953476842
5.355	-2.1912489773857886	0.0750302434681821
5.365	-2.204025560032286	0.07635236229581527
5.375	-2.2162503556748363	0.08153066103737851
5.385	-2.2279213775532014	0.07326741836467122
5.395	-2.23903700205123	0.07624218572684584
5.405	-2.2495959694285332	0.08351383927882824
5.415	-2.259597384319917	0.07447936062333496
5.425	-2.2690407160023076	0.06985194472661888
5.435	-2.277925798429016	0.07216565267497692
5.445	-2.2862528300313896	0.07690324514066242
5.455	-2.294022373287997	0.07381830120951838
5.465	-2.3012353540616743	0.06544488196784166
5.475	-2.307893060704884	0.07018247443352717
5.485	-2.3139971429340003	0.07436918405436553
5.495	-2.319549610473267	0.07447936062333496
5.505	-2.324552831469342	0.07249618238188521
5.515	-2.3290095306774576	0.0728267120887935
5.525	-2.332922787420401	0.06974176815764944
5.535	-2.3362960333216276	0.06390241000226964
5.545	-2.3391330498140155	0.07469971376127382
5.555	-2.3414379654258455	0.07051300414043546
5.565	-2.3432152528457912	0.06621611795062768
5.575	-2.3444697257688056	0.06786876648516912
5.585	-2.3452065355249476	0.07591165601993755
5.595	-2.3454311674933206	0.06786876648516912
5.605	-2.345149437303437	0.07370812464054895
5.615	-2.3443674868264592	0.07414883091642667
5.625	-2.343091779958879	0.07326741836467122
5.635	-2.3413290982013675	0.07525059660612096
5.645	-2.339086536035623	0.0728267120887935
5.655	-2.3363714961021858	0.07480989033024325
5.665	-2.3331916841823137	0.07381830120951838
5.675	-2.329555103987138	0.07392847777848781
5.685	-2.325470051757436	0.07403865434745724
5.695	-2.3209451106774854	0.07624218572684584
5.705	-2.315989145106572	0.07194529953703806
5.715	-2.310611294631837	0.07293688865776293
5.725	-2.3048209679462883	0.07734395141654014
5.735	-2.298627836555869	0.07558112631302925
5.745	-2.2920418283196278	0.07800501083035673
5.755	-2.285073120827098	0.07778465769241787
5.765	-2.277732134617139	0.0778948342613873
5.775	-2.2700295262425616	0.08020854220974534
5.785	-2.2619761811849677	0.08064924848562306
5.795	-2.2535832066243344	0.08296295643398109
5.805	-2.2448619240679446	0.08340366270985881
5.815	-2.235823861843395	0.08053907191665363
5.825	-2.2264807474604513	0.08880231458936091
5.835	-2.216844499846624	0.08417489869264483
5.845	-2.2069272214614397	0.08428507526161426
5.855	-2.1967411902944196	0.08494613467543084
5.865	-2.186298851751874	0.08957355057214691
5.875	-2.1756128104376846	0.08814125517554433
5.885	-2.1646958218333348	0.09034478655493293
5.895	-2.1535607838824555	0.08924302086523862
5.905	-2.1422207284852917	0.08626825350306401
5.915	-2.130688812908487	0.08384436898573654
5.925	-2.118978311115675	0.0899040802790552
5.935	-2.1071026050243797	0.09442131960680186
5.945	-2.095075175694839	0.09860802922764021
5.955	-2.082909594456324	0.10158279658981484
5.965	-2.0706195139766264	0.09794696981382363
5.975	-2.0582186592804086	0.1007013840380594
5.985	-2.045720818722143	0.09596379157237389
5.995	-2.0331398349193592	0.10312526855538687
6.005	-2.0204895956520126	0.10114209031393712
6.015	-2.0077840247337653	0.10709162503828636
6.025	-1.9950370728609603	0.10643056562446977
6.035	-1.9822627084451683	0.10709162503828636
6.045	-1.969474908435112	0.10136244345187598
6.055	-1.9566876491338114	0.11370221917645218
6.065	-1.9439148970168236	0.10995621583149155
6.075	-1.9311705995574115	0.11601592712481022
6.085	-1.9184686760644678	0.11612610369377965
6.095	-1.9058230085390522	0.1105070986763387
6.105	-1.8932474325553683	0.10929515641767497
6.115	-1.880755728171954	0.12328758067679263
6.125	-1.8683616108789054	0.11799910536625996
6.135	-1.8560787225868909	0.1206433430215263
6.145	-1.843920622663692	0.1231774041078232
6.155	-1.8319007790239565	0.11877034134904597
6.165	-1.8200325592779003	0.1263725246079367
6.175	-1.8083292219445009	0.1257114651941201
6.185	-1.796803907734875	0.12196546184915946
6.195	-1.7854696309113223	0.13000835138392788
6.205	-1.7743392707275731	0.12483005264236466
6.215	-1.7634255629556752	0.1323220593322859
6.225	-1.7527410915049129	0.1333136484530108
6.235	-1.742298280138127	0.13739018150487972
6.245	-1.7321093842906703	0.1344154141427051
6.255	-1.7221864829972293	0.13606806267724655
6.265	-1.7125414709316638	0.13683929866003255
6.275	-1.7031860505649132	0.14014459572911547
6.285	-1.694131724445993	0.13430523757373566
6.295	-1.6853897876109554	0.1358477095393077
6.305	-1.6769713201247134	0.13606806267724655
6.315	-1.6688871797604077	0.1434498927981984
6.325	-1.6611479948210515	0.14234812710850409
6.335	-1.6537641571079749	0.1453228944706787
6.345	-1.646745815040576	0.14488218819480098
6.355	-1.6401028669317612	0.14003441916014606
6.365	-1.6338449544233562	0.145653424177587
6.375	-1.627981456085686	0.14444148191892325
6.385	-1.6225214811853794	0.14719589614315903
6.395	-1.6174738636254005	0.14322953966025953
6.405	-1.6128471560611637	0.15303525429853884
6.415	-1.6086496241964738	0.15711178735040776
6.425	-1.604889241262947	0.14884854467770048
6.435	-1.6015736826864342	0.15424719655720256
6.445	-1.5987103209438371	0.15204366517781395
6.455	-1.5963062206136254	0.1586542593159798
6.465	-1.5943681336231919	0.14609413045346473
6.475	-1.5929024946961015	0.15490825597101915
6.485	-1.5919154170021321	0.15358613714338598
6.495	-1.5914126880128974	0.1550184325399886
6.505	-1.5913997655656944	0.1590949655918575
6.515	-1.5918817741381006	0.15567949195380518
6.525	-1.5928635013357082	0.1608577906953684
6.535	-1.594349394595238	0.15920514216082693
6.545	-1.5963435581051524	0.1475264258500673
6.555	-1.5988497499457486	0.16317149864372643
6.565	-1.601871379450555	0.1496197806604865
6.575	-1.605411504790741	0.1594254952987658
6.585	-1.6094728307840915	0.15733214048834662
6.595	-1.6140577069299535	0.1522640183157528
6.605	-1.6191681256714339	0.15446754969514143
6.615	-1.6248057208859676	0.1529250777295694
6.625	-1.6309717666052397	0.14972995722945592
6.635	-1.6376671759652957	0.14157689112571809
6.645	-1.6448925003875337	0.1485180149707922
6.655	-1.6526479289911167	0.1474162492810979
6.665	-1.6609332882372003	0.14763660241903676
6.675	-1.6697480418052413	0.14664501329831187
6.685	-1.679091290701464	0.14146671455674864
6.695	-1.6889617735994609	0.1427888333843818
6.705	-1.6993578674127283	0.14620430702243414
6.715	-1.7102775880988033	0.1470857195741896
6.725	-1.7217185916944961	0.13386453129785794
6.735	-1.7336781755816264	0.13716982836694086
6.745	-1.7461532799824397	0.13628841581518542
6.755	-1.7591404896838099	0.1323220593322859
6.765	-1.772636035989156	0.12791499657350872
6.775	-1.7866357988968473	0.12780482000453927
6.785	-1.8011353095037463	0.12416899322854807
6.795	-1.8161297526323992	0.12802517314247813
6.805	-1.8316139696802254	0.12130440243534288
6.815	-1.8475824616889085	0.1246096995044258
6.825	-1.8640293926321054	0.12163493214225117
6.835	-1.8809485929193728	0.12196546184915946
6.845	-1.898333563114138	0.11866016478007654
6.855	-1.9161774778633731	0.11623628026274908
6.865	-1.9344731900365066	0.10874427357282782
6.875	-1.9532132350709832	0.11623628026274908
6.885	-1.9723898355217093	0.10202350286569256
6.895	-1.9919949058115691	0.11006639240046098
6.905	-2.0120200571799858	0.1054389765037449
6.915	-2.0324566028264197	0.10610003591756148
6.925	-2.053295563245607	0.10246420914157028
6.935	-2.074527671751114	0.09849785265867078
6.945	-2.09614338018378	0.09541290872752674
6.955	-2.1181328648014293	0.09232796479638268
6.965	-2.140486032346164	0.09210761165844382
6.975	-2.163192526285381	0.09122619910668837
6.985	-1.2035466504044372	0.23467609190488678
6.995	-1.2240144196701996	0.2243194944217603
7.005	-1.2448029310174098	0.2293876165943541
7.015	-1.265900840559806	0.22387878814588258
7.025	-1.2872965748062863	0.21043724673161207
7.035	-1.308978337858091	0.21186954212821468
7.045	-1.3309341187500354	0.20206382748993537
7.055	-1.3531516989311472	0.1967753521794027
7.065	-1.3756186598799747	0.2021740040589048
7.075	-1.3983223908497706	0.19137670029990062
7.085	-1.4212500967386745	0.19369040824825864
7.095	-1.4443888060799193	0.18245239821337675
7.105	-1.467725379146994	0.17881657143738555
7.115	-1.4912465161686645	0.17705374633387466
7.125	-1.5149387656486901	0.17540109779933322
7.135	-1.5387885327849269	0.170994035040556
7.145	-1.5627820879825265	0.17518074466139436
7.155	-1.586905575455892	0.16074761412639896
7.165	-1.6111450219138677	0.15490825597101915
7.175	-1.6354863453227626	0.15634055136762176
7.185	-1.659915363741636	0.1529250777295694
7.195	-1.6844178042242393	0.1511622526260585
7.205	-1.708979311782031	0.14333971622922895
7.215	-1.7335854584025605	0.1420175974015958
7.225	-1.7582217521175763	0.13705965179797142
7.235	-1.7828736461150427	0.1394835363152989
7.245	-1.807526547889391	0.1340848844357968
7.255	-1.8321658284241742	0.11744822252141282
7.265	-1.856776831401318	0.12615217146999783
7.275	-1.8813448824311476	0.12670305431484497
7.285	-1.905855298297398	0.11678716310759624
7.295	-1.930293396211287	0.11359204260748275
7.305	-1.9546445030688397	0.11182921750397186
7.315	-1.9788939647056394	0.11458363172820762
7.325	-2.0030271551430667	0.10235403257260085
7.335	-2.0270294858202673	0.10257438571053971
7.345	-2.0508864148059587	0.1065407421934392
7.355	-2.074583455984251	0.09904873550351793
7.365	-2.098106188208666	0.09860802922764021
7.375	-2.1214402644186108	0.09849785265867078
7.385	-2.1445714207124595	0.09265849450329097
7.395	-2.1674854853715613	0.09331955391710756
7.405	-2.190168387829424	0.08924302086523862
7.415	-2.2126061675804354	0.09177708195153553
7.425	-2.234784983022455	0.08648860664100287
7.435	-2.2566911202276625	0.08560719408924743
7.445	-2.278311001636169	0.0837341924167671
7.455	-2.2996311946668024	0.0764625388647847
7.465	-2.3206384202397095	0.07492006689921268
7.475	-2.341319561205287	0.07701342170963185
7.485	-2.361661670674164	0.07778465769241787
7.495	-2.381651980242926	0.07800501083035673
7.505	-2.4012779081103917	0.0789965999510816
7.515	-2.420527067079293	0.0699621212955883
7.525	-2.439387272438265	0.06764841334723028
7.535	-2.4578465497191857	0.0731572417957018
7.545	-2.4758931423249386	0.06797894305413855
7.555	-2.4935155190227394	0.06434311627814736
7.565	-2.5107023812983087	0.06974176815764944
7.575	-2.527442670566197	0.06742806020929142
7.585	-2.543725575231736	0.06202940832978932
7.595	-2.5595405376000615	0.0615887020539116
7.605	-2.5748772606279196	0.06423293970917793
7.615	-2.5897257145138743	0.0565205798813178
7.625	-2.6040761431228154	0.05630022674337894
7.635	-2.617919070240648	0.05552899076059292
7.645	-2.6312453056551903	0.06324135058845305
7.655	-2.644045951059439	0.053105106243265456
7.665	-2.6563124057734315	0.055969697036470645
7.675	-2.6680363722810974	0.05663075645028723
7.685	-2.6792098615785473	0.05409669536399033
7.695	-2.689825198330415	0.05354581251914318
7.705	-2.699875025830991	0.056190050174409506
7.715	-2.70935231076696	0.05343563595017375
7.725	-2.718250347778727	0.04913874976036596
7.735	-2.726562763817438	0.05112192800181571
7.745	-2.7342835222949033	0.05057104515696856
7.755	-2.7414069270237795	0.05365598908811261
7.765	-2.7479276259455205	0.04649451210509963
7.775	-2.7538406146436905	0.048367513777579946
7.785	-2.759141239640409	0.050130338881090836
7.795	-2.7638252014738267	0.0449520401395276
7.805	-2.7678885575546586	0.04902857319139653
7.815	-2.7713277247999346	0.04660468867406906
7.825	-2.774139482042305	0.05178298741563229
7.835	-2.776320972213328	0.04858786691551881
7.845	-2.7778697042993508	0.05090157486387685
7.855	-2.778783555068717	0.05365598908811261
7.865	-2.779060770569188	0.04814716063964109
7.875	-2.778699967394601	0.04583345269128305
7.885	-2.7777001337199443	0.04605380582922191
7.895	-2.776060630104165	0.049909985743151974
7.905	-2.773781190060178	0.04814716063964109
7.915	-2.7708619203916873	0.050130338881090836
7.925	-2.767303301296589	0.0478166309327328
7.935	-2.763106186236846	0.04902857319139653
7.945	-2.7582718015749137	0.047155571518916216
7.955	-2.752801745976897	0.04869804348448824
7.965	-2.7466979895828003	0.047155571518916216
7.975	-2.7399628729443677	0.047045394949946785
7.985	-2.7325991057311523	0.047045394949946785
7.995	-2.7246097652056065	0.045282569846435895
8.005	-2.715998294468123	0.04924892632933539
8.015	-2.7067685004731223	0.050020162312121405
8.025	-2.696924551817397	0.04924892632933539
8.035	-2.6864709763020818	0.047155571518916216
8.045	-2.675412658269776	0.050130338881090836
8.055	-2.6637548357184544	0.052774576536357164
8.065	-2.651503097193968	0.05222369369151001
8.075	-2.638663378463086	0.04858786691551881
8.085	-2.625241958969106	0.05068122172593799
8.095	-2.6112454580723052	0.057732522139981535
8.105	-2.5966808310775154	0.05883428782967584
8.115	-2.5815553650513623	0.05266439996738773
8.125	-2.5658766744317223	0.05630022674337894
8.135	-2.5496526964321924	0.05982587695040071
8.145	-2.532891686244424	0.05872411126070641
8.155	-2.515602212041306	0.058944464398645265
8.165	-2.4977931497841603	0.06489399912299451
8.175	-2.4794736778371793	0.055969697036470645
8.185	-2.460653271392473	0.05938517067452299
8.195	-2.441341696709224	0.06213958489875875
8.205	-2.4215490051705677	0.06687717736444426
8.215	-2.4012855271619262	0.06808911962310799
8.225	-2.380561865774589	0.06985194472661888
8.235	-2.359388890338564	0.06566523510578053
8.245	-2.337777729788671	0.07414883091642667
8.255	-2.3157397658681074	0.0764625388647847
8.265	-2.2932866261737317	0.07602183258890698
8.275	-2.270430177047364	0.07734395141654014
8.285	-2.247182516317677	0.07745412798550957
8.295	-2.2235559658971407	0.08108995476150078
8.305	-2.1995630642387245	0.08142048446840908
8.315	-2.175216558657029	0.08362401584779768
8.325	-2.15052939751874	0.0869293129168806
8.335	-2.12551472230727	0.08604790036512515
8.345	-2.100185859566574	0.0927686710722604
8.355	-2.0745563127291655	0.09596379157237389
8.365	-2.0486397538335526	0.09442131960680186
8.375	-2.022450015136207	0.0978367932448542
8.385	-1.9960010806233819	0.10312526855538687
8.395	-1.9693070774280903	0.09915891207248737
8.405	-1.942382267157666	0.10433721081405059
8.415	-1.915241037137291	0.11810928193522939
8.425	-1.887897891575082	0.11502433800408535
8.435	-1.8603674426542218	0.12152475557328174
8.445	-1.8326644015577154	0.11678716310759624
8.455	-1.8048035694314986	0.12042298988358743
8.465	-1.7767998282914952	0.13243223590125536
8.475	-1.7486681318803714	0.1359578861082771
8.485	-1.7204234964797225	0.13783088778075744
8.495	-1.692080991683496	0.1405853020049932
8.505	-1.663655731138375	0.1391530066083906
8.515	-1.6351628632570727	0.155128609108958
8.525	-1.6066175619101926	0.15523878567792745
8.535	-1.5780350171027098	0.1590949655918575
8.545	-1.5494304256407505	0.16493432374723732
8.555	-1.5208189817946662	0.16416308776445132
8.565	-1.4922158679642012	0.170994035040556
8.575	-1.4636362453516443	0.18201169193749903
8.585	-1.4350952446488199	0.18641875469627625
8.595	-1.4066079567438123	0.1861984015583374
8.605	-1.3781894234531666	0.18509663586864308
8.615	-1.3498546282854975	0.19986029611054676
8.625	-1.3216184872422834	0.21286113124893954
8.635	-1.2934958396615657	0.21054742330058152
8.645	-1.2655014391104014	0.2141832500765727
8.655	-1.237649944331726	0.2225566693182494
8.665	-1.2099559102513502	0.2329132668013759
8.675	-1.1824337790507213	0.23897297809469456
8.685	-1.1550978713111075	0.2445919831121355
8.695	-1.1279623772346816	0.25627069942289515
8.705	-1.1010413479481105	0.25924546678506977
8.715	-1.0743486868940808	0.2670680031818993
8.725	-1.0478981413161774	0.2781958366478118
8.735	-1.0217032938424278	0.2871201387343356
8.745	-0.9957775541728693	0.28700996216536623
8.755	-0.9701341508763033	0.29395108601044034
8.765	-0.9447861233014534	0.2956037345449818
8.775	-0.919746313607499	0.30948598223513
8.785	-0.8950273589191333	0.32909741151168864
8.795	-0.870641683610984	0.3220461110976451
8.805	-0.8466014917262354	0.3389031261499679
8.815	-0.8229187595342937	0.3509123721676358
8.825	-0.7996052282320683	0.3668879746682033
8.835	-0.7766723967935377	0.37151539056491933
8.845	-0.7541315149720536	0.3700830951683167
8.855	-0.7319935764597679	0.38099057549629034
8.865	-0.7102693122084899	0.39112681984147796
8.875	-0.6889691839161791	0.394211763772622
8.885	-0.6681033776831543	0.4022546533073904
8.895	-0.6476817978419676	0.4091957771524645
8.905	-0.6277140609648728	0.43134126751532004
8.915	-0.6082094900526176	0.43244303320501437
8.925	-0.5891771089081776	0.42506120308406253
8.935	-0.5706256366990333	0.45172393277466466
8.945	-0.5525634827113134	0.46175000055088283
8.955	-0.5349987412991775	0.4665977695855378
8.965	-0.5179391870325231	0.46296194280954656
8.975	-0.5013922700461244	0.4810309001205332
8.985	-0.4853651115930876	0.4873109645517907
8.995	-0.4698644998053823	0.5093462783456768
9.005	-0.4548968856641674	0.5121006925699125
9.015	-0.44046837918235304	0.5221267603461307
9.025	-0.4265847458018661	0.5101175143284628
9.035	-0.4132514030077958	0.5287373544842965
9.045	-Inf	0.0
9.055	-Inf	0.0
9.065	-Inf	0.0
9.075	-Inf	0.0
9.085	-Inf	0.0
9.095	-Inf	0.0
9.105	-Inf	0.0
9.115	-Inf	0.0
9.125	-Inf	0.0
9.135	-Inf	0.0
9.145	-Inf	0.0
9.155	-Inf	0.0
9.165	-Inf	0.0
9.175	-Inf	0.0
9.185	-Inf	0.0
9.195	-Inf	0.0
9.205	-Inf	0.0
9.215	-Inf	0.0
9.225	-Inf	0.0
9.235	-Inf	0.0
9.245	-Inf	0.0
9.255	-Inf	0.0
9.265	-Inf	0.0
9.275	-Inf	0.0
9.285	-Inf	0.0
9.295	-Inf	0.0
9.305	-Inf	0.0
9.315	-Inf	0.0
9.325	-Inf	0.0
9.335	-Inf	0.0
9.345	-Inf	0.0
9.355	-Inf	0.0
9.365	-Inf	0.0
9.375	-Inf	0.0
9.385	-Inf	0.0
9.395	-Inf	0.0
9.405	-Inf	0.0
9.415	-Inf	0.0
9.425	-Inf	0.0
9.435	-Inf	0.0
9.445	-Inf	0.0
9.455	-Inf	0.0
9.465	-Inf	0.0
9.475	-Inf	0.0
9.485	-Inf	0.0
9.495	-Inf	0.0
9.505	-Inf	0.0
9.515	-Inf	0.0
9.525	-Inf	0.0
9.535	-Inf	0.0
9.545	-Inf	0.0
9.555	-Inf	0.0
9.565	-Inf	0.0
9.575	-Inf	0.0
9.585	-Inf	0.0
9.595	-Inf	0.0
9.605	-Inf	0.0
9.615	-Inf	0.0
9.625	-Inf	0.0
9.635	-Inf	0.0
9.645	-Inf	0.0
9.655	-Inf	0.0
9.665	-Inf	0.0
9.675	-Inf	0.0
9.685	-Inf	0.0
9.695	-Inf	0.0
9.705	-Inf	0.0
9.715	-Inf	0.0
9.725	-Inf	0.0
9.735	-Inf	0.0
9.745	-Inf	0.0
9.755	-Inf	0.0
9.765	-Inf	0.0
9.775	-Inf	0.0
9.785	-Inf	0.0
9.795	-Inf	0.0
9.805	-Inf	0.0
9.815	-Inf	0.0
9.825	-Inf	0.0
9.835	-Inf	0.0
9.845	-Inf	0.0
9.855	-Inf	0.0
9.865	-Inf	0.0
9.875	-Inf	0.0
9.885	-Inf	0.0
9.895	-Inf	0.0
9.905	-Inf	0.0
9.915	-Inf	0.0
9.925	-Inf	0.0
9.935	-Inf	0.0
9.945	-Inf	0.0
9.955	-Inf	0.0
9.965	-Inf	0.0
9.975	-Inf	0.0
9.985	-Inf	0.0
9.995	-Inf	0.0
