0.005	-Inf	0.0
0.015	-Inf	0.0
0.025	-Inf	0.0
0.035	-Inf	0.0
0.045	-Inf	0.0
0.055	-Inf	0.0
0.065	-0.8610614269830105	0.22893518978706304
0.075	-0.8406462275426354	0.23332974096213463
0.085	-0.8203328322996563	0.23312047662046456
0.095	-0.800126725880515	0.24776898053736987
0.105	-0.7800333820159167	0.2418049467997727
0.115	-0.7600582619686586	0.25237279605411156
0.125	-0.7402068129586166	0.2576044045958634
0.135	-0.7204844665853163	0.25687197940001816
0.145	-0.7008966372485063	0.26168505925842994
0.155	-0.6814487205671709	0.27633356317533525
0.165	-0.6621460917974163	0.2637777026751307
0.175	-0.6429941042496605	0.26974173641272786
0.185	-0.6239980877055735	0.2691139433877176
0.195	-0.605163346835217	0.27193901200026366
0.205	-0.586495159614816	0.28020495349623165
0.215	-0.5679987757456322	0.2945395609006318
0.225	-0.5496794150743771	0.28742457328384924
0.235	-0.5315422660156309	0.29317934267977636
0.245	-0.5135924839767286	0.28397171164629303
0.255	-0.49583518978556684	0.2956905147798173
0.265	-0.4782754681218051	0.3054213066674758
0.275	-0.46091836595193225	0.30364255976328014
0.285	-0.44376889096865546	0.3123270299425883
0.295	-0.42683201003509796	0.3228948791969271
0.305	-0.4101126476342769	0.32655700517615344
0.315	-0.3936156843243359	0.3186049601926906
0.325	-0.37734595520000913	0.3337766249637711
0.335	-0.3613082483608112	0.3288589129345243
0.345	-0.3455073033864169	0.34497226724312013
0.355	-0.32994780981972993	0.3401591873847084
0.365	-0.3146344056581192	0.3376480152846675
0.375	-0.299571675853312	0.3440305777056048
0.385	-0.2847641508204275	0.35794665642666484
0.395	-0.2702163049566475	0.3597254033308605
0.405	-0.2559325551700098	0.3566910703766444
0.415	-0.24191725941880904	0.3723858960019001
0.425	-0.22817471526210653	0.3752109646144461
0.435	-0.21470915842183413	0.37374611422275555
0.445	-0.20152476135698216	0.3752109646144461
0.455	-0.1886256318503663	0.3842093313062594
0.465	-0.17601581160846314	0.3657940692392927
0.475	-0.1636992748748023	0.3836861704520842
0.485	-0.15167992705741207	0.3879760894563207
0.495	-0.1399616033708	0.3853602851854448
0.505	-0.128548067492964	0.4069145123774626
0.515	-0.11744301023791337	0.39812541002731944
0.525	-0.10665004824419899	0.40147363949404063
0.535	-0.09617272267991916	0.39979952476068004
0.545	-0.0860144979647035	0.3927891693147325
0.555	-0.07617876050914307	0.4063913515232874
0.565	-0.06666881747215014	0.4082747305983181
0.575	-0.057487895536724176	0.41748236163180147
0.585	-0.048639139704602874	0.4142387643359153
0.595	-0.04012561211026511	0.4234463953693986
0.605	-0.03195029085475576	0.41988890156100733
0.615	-0.024116068859801887	0.4195750050485022
0.625	-0.01662575274268363	0.4275270500319651
0.635	-0.009482061712312584	0.4391412209946543
0.645	-0.002687626486986616	0.42805021088614026
0.655	0.0037550117657392246	0.4360022558696032
0.665	0.009843402466609863	0.4357929915279331
0.675	0.015575186639209315	0.44562841558642663
0.685	0.02094809790105212	0.43997827836133463
0.695	0.025959963430776556	0.4479303233447975
0.705	0.030608704911023965	0.4533711962282195
0.715	0.03489233944656567	0.4565101613532706
0.725	0.03880898045726777	0.4518017136656939
0.735	0.04235683854547245	0.4504414954448384
0.745	0.04553422233738669	0.45420825359489975
0.755	0.04833953929807833	0.45724258654911587
0.765	0.050771296519676934	0.44374503651139596
0.775	0.05282810148239436	0.4553592074740852
0.785	0.05450866278797428	0.4625788272617028
0.795	0.05581179086519472	0.4533711962282195
0.805	0.056736398647053266	0.44594231209893176
0.815	0.057281502219268754	0.46540389587424885
0.825	0.05744622143974287	0.4567194256949407
0.835	0.05722978052863392	0.47429763039522704
0.845	0.05663150862869393	0.46488073502007365
0.855	0.05565084033554846	0.4408153357280149
0.865	0.054287316197572766	0.4700077113909905
0.875	0.05254058318506827	0.4695891827076503
0.885	0.050410395128412944	0.4706355044160007
0.895	0.04789661312489346	0.4705308722451657
0.905	0.044999205913923035	0.4673919071201145
0.915	0.041718250220365016	0.44918590939481795
0.925	0.03805393106568555	0.46184640206585753
0.935	0.034006542046669974	0.44091996789884996
0.945	0.02957648558145376	0.4419662896072003
0.955	0.0247642731226132	0.44050143921550977
0.965	0.01957052533709014	0.45358046056988954
0.975	0.013995972252716982	0.43955974967799444
0.985	0.008041453371133711	0.44008291053216964
0.995	0.0017079177468881657	0.44541915124475656
1.005	-0.005003575967476914	0.42794557871530525
1.015	-0.012091859510524161	0.41863331551098687
1.025	-0.01955565503539236	0.42355102754023366
1.035	-0.027393575167794504	0.4074376732316378
1.045	-0.035604123098691653	0.4123553852608846
1.055	-0.044185692711784075	0.4075423054024728
1.065	-0.053136568745947965	0.40178753600654576
1.075	-0.06245492699273281	0.4082747305983181
1.085	-0.07213883452901637	0.4016829038357107
1.095	-0.08218624998492774	0.4098442131608437
1.105	-0.0925950238470925	0.41005347750251375
1.115	-0.10336289879729588	0.40346165073990636
1.125	-0.11448751008659719	0.3881853537979908
1.135	-0.12596638594494713	0.3879760894563207
1.145	-0.13779694802634745	0.3869297677479704
1.155	-0.14997651188955352	0.3793962514478476
1.165	-0.1625022875143416	0.3625504719434065
1.175	-0.17537137985331785	0.3757341254686213
1.185	-0.1885807894192737	0.36317826496841676
1.195	-0.2021274129080166	0.36098098938088097
1.205	-0.21600804385666939	0.36453848318927223
1.215	-0.2302193733373541	0.37144420646438475
1.225	-0.2447579906861912	0.34413520987643986
1.235	-0.2596203842675364	0.33827580830967774
1.245	-0.2748029422733522	0.34884365756401653
1.255	-0.2903019535575908	0.35470305913077865
1.265	-0.30611360850548763	0.34329815250975954
1.275	-0.3222339999375896	0.3379619117971726
1.285	-0.3386591240484029	0.3314747172054002
1.295	-0.35538488137946755	0.33063765983871996
1.305	-0.372407077826687	0.31546599506763945
1.315	-0.38972142568171875	0.3099204900133824
1.325	-0.4073235447072252	0.3152567307259694
1.335	-0.4252089632457394	0.30856027179252693
1.345	-0.4433731193619519	0.3001896981257239
1.355	-0.46181136201812256	0.2983063190506932
1.365	-0.4805189522824007	0.30259623805492974
1.375	-0.49949106456973547	0.2933886070214464
1.385	-0.5187227879151283	0.2907728027505705
1.395	-0.5382091272788859	0.2737177589044593
1.405	-0.5579450048835864	0.28125127520458204
1.415	-0.5779252615824232	0.27748451705452065
1.425	-0.5981446582585555	0.26838151819187234
1.435	-0.6185978772551606	0.26482402438348107
1.445	-0.6392795238357653	0.26335917399179054
1.455	-0.6601841276745125	0.2654518174084913
1.465	-0.6813061443759371	0.2522681638832765
1.475	-0.7026399570238648	0.2514311065165962
1.485	-0.7241798777590013	0.24337442936229828
1.495	-0.7459201493847644	0.2354223843788354
1.505	-0.767854947000945	0.253628382104132
1.515	-0.7899783796646832	0.24473464758315377
1.525	-0.8122844920783486	0.22558696032034184
1.535	-0.8347672663037814	0.231550994057939
1.545	-0.8574206235024304	0.2254823281495068
1.555	-0.8802384257008673	0.22223873085362061
1.565	-0.9032144775811545	0.21669322579936362
1.575	-0.9263425282955254	0.2084272843033956
1.585	-0.9496162733048391	0.21983219092441475
1.595	-0.9730293562402558	0.20832265213256057
1.605	-0.9965753707875353	0.20413736529915905
1.615	-1.0202478625934246	0.20413736529915905
1.625	-1.04404033119349	0.19838259590323196
1.635	-1.0679462319608284	0.19451120558233556
1.645	-1.0919589780750278	0.19116297611561434
1.655	-1.1160719425107577	0.18425725284050185
1.665	-1.1402784600453448	0.17965343732376018
1.675	-1.1645718292846985	0.17871174778624482
1.685	-1.1889453147069367	0.17264308187781263
1.695	-1.213392148723016	0.16688831248188554
1.705	-1.2379055337537441	0.15966869269426792
1.715	-1.2624786443224323	0.1657373586027001
1.725	-1.2871046291625374	0.16552809426103005
1.735	-1.311776613339574	0.16061038223178326
1.745	-1.336487700386592	0.15391392329834083
1.755	-1.3612309744524917	0.1499379008066094
1.765	-1.3859995024624587	0.1510888546857948
1.775	-1.4107863362897892	0.14920547561076414
1.785	-1.4355845149383384	0.14229975233565162
1.795	-1.460387066734881	0.13058094920212737
1.805	-1.4851870115305847	0.14313680970233192
1.815	-1.5099773629108697	0.137800568989745
1.825	-1.5347511304128676	0.13267359261882813
1.835	-1.5595013217496934	0.14156732713980635
1.845	-1.5842209450407791	0.12336132941450975
1.855	-1.6089030110474467	0.1325689604479931
1.865	-1.6335405354129613	0.12493081197703532
1.875	-1.6581265409062305	0.12179184685198419
1.885	-1.6826540596683897	0.11174715845182054
1.895	-1.7071161354614244	0.11729266350607755
1.905	-1.731505825918051	0.1146768592352016
1.915	-1.7558162047920323	0.11540928443104687
1.925	-1.7800403642080918	0.10818966464342925
1.935	-1.8041714169106429	0.11206105496432565
1.945	-1.828202498510468	0.11216568713516069
1.955	-1.8521267697285628	0.10076078051414156
1.965	-1.8759374186362756	0.1050506995183781
1.975	-1.899627662890952	0.10442290649336788
1.985	-1.9231907519662255	0.09887740143911086
1.995	-1.9466199693761306	0.09364579289735897
2.005	-1.9699086348922195	0.08653080528057638
2.015	-1.993050106752818	0.09249483901817356
2.025	-2.0160377838636236	0.0951106432890495
2.035	-2.038865107988789	0.09364579289735897
2.045	-2.0615255659316585	0.09082072428481294
2.055	-2.0840126917043476	0.09082072428481294
2.065	-2.1063200686853154	0.0846474262055457
2.075	-2.128441331764109	0.09155314948065821
2.085	-2.1503701694724473	0.08422889752220555
2.095	-2.1721003261008502	0.08004361068880404
2.105	-2.1936256037999415	0.0851705870597209
2.115	-2.2149398646656646	0.07941581766379381
2.125	-2.236037032807548	0.07857876029711351
2.135	-2.2569110963992536	0.07920655332212373
2.145	-2.2775561097105723	0.07847412812627846
2.155	-2.297966195120068	0.0733471517553616
2.165	-2.318135545107607	0.07010355445947543
2.175	-2.338058424225931	0.07460273780538207
2.185	-2.3577291710505444	0.07376568043870176
2.195	-2.3771422001070786	0.0686387040677849
2.205	-2.3962920037754234	0.0672784858469294
2.215	-2.415173154169803	0.0672784858469294
2.225	-2.433780304994081	0.063407095526033
2.235	-2.4521081933715188	0.0691618649219601
2.245	-2.4701516416482576	0.059012544350961406
2.255	-2.487905559169781	0.06382562420937316
2.265	-2.5053649440296315	0.06215150947601255
2.275	-2.5225248847896777	0.06497657808855857
2.285	-2.539380562171207	0.06403488855104322
2.295	-2.5559272507161452	0.06445341723438339
2.305	-2.5721603204177352	0.06068665908432201
2.315	-2.5880752383199686	0.06288393467185781
2.325	-2.6036675700851246	0.05587357922591027
2.335	-2.618932981528734	0.05828011915511614
2.345	-2.6338672401213596	0.06257003815935269
2.355	-2.648466216456512	0.05880328000929133
2.365	-2.6627258856841234	0.058489383496786215
2.375	-2.676642328908924	0.06173298079267239
2.385	-2.6902117345531673	0.058594015667621256
2.395	-2.703430399683079	0.06100055559682713
2.405	-2.7162947312984795	0.055559682713405154
2.415	-2.7288012475850216	0.059954233888476746
2.425	-2.7409465791284733	0.05482725751755989
2.435	-2.7527274700905497	0.0490724881216328
2.445	-2.764140779345736	0.05262998193002409
2.455	-2.7751834815786385	0.05493188968839493
2.465	-2.7858526683413327	0.05116513153833356
2.475	-2.7961455490702694	0.05535041837173508
2.485	-2.8060594520622586	0.05545505054257012
2.495	-2.8155918254090935	0.051792924563343785
2.505	-2.824740237890387	0.05399020015087959
2.515	-2.8335023798242047	0.049491016804972955
2.525	-2.841876063875103	0.05262998193002409
2.535	-2.849859225819185	0.04875859160912769
2.545	-2.8574499252658176	0.0490724881216328
2.555	-2.8646463463356566	0.0482354307549525
2.565	-2.8714467982946523	0.04928175246330288
2.575	-2.8778497161437246	0.04928175246330288
2.585	-2.883853661163803	0.04718910904660212
2.595	-2.889457321415966	0.04708447687576708
2.605	-2.894659512196402	0.048026166413282424
2.615	-2.899459176445972	0.050537338513323336
2.625	-2.9038553851141145	0.048444695096622574
2.635	-2.9078473374769267	0.04813079858411746
2.645	-2.9114343614091953	0.043317718725705716
2.655	-2.9146159136102265	0.04729374121743716
2.665	-2.9173915797833243	0.045619626484076546
2.675	-2.919761074768765	0.04917712029246784
2.685	-2.921724242630174	0.04760763772994227
2.695	-2.923281056694197	0.04541036214240647
2.705	-2.9244316195433857	0.043213086554870675
2.715	-2.925176162962245	0.04771226990077731
2.725	-2.9255150478364014	0.04551499431324151
2.735	-2.92544876400487	0.048026166413282424
2.745	-2.9249779300654124	0.040388017942324654
2.755	-2.924103293133023	0.04059728228399473
2.765	-2.9228257285515458	0.0430038222132006
2.775	-2.9211462395585177	0.04478256911739625
2.785	-2.9190659569032817	0.04509646562990136
2.795	-2.9165861384184817	0.044259408263221056
2.805	-2.913708168545038	0.0460381551674167
2.815	-2.9104335578107614	0.04436404043405609
2.825	-2.9067639422627214	0.043736247409045866
2.835	-2.902701082853574	0.04258529352986045
2.845	-2.8982468647820205	0.044154776092386015
2.855	-2.89340329678761	0.05116513153833356
2.865	-2.8881725104001132	0.04729374121743716
2.875	-2.8825567591437222	0.046875212534097
2.885	-2.8765584176963364	0.0490724881216328
2.895	-2.8701799810042132	0.04781690207161235
2.905	-2.8634240633523023	0.050328074171653255
2.915	-2.8562933973905826	0.04677058036326197
2.925	-2.848790833116729	0.048444695096622574
2.935	-2.8409193368154817	0.04813079858411746
2.945	-2.8326819899551046	0.0482354307549525
2.955	-2.8240819880412986	0.05367630363837447
2.965	-2.815122639429024	0.04624741950908678
2.975	-2.805807364092628	0.0512697637091686
2.985	-2.7961396923547515	0.050432706342488295
2.995	-2.786123263574468	0.05482725751755989
3.005	-2.7757618247951603	0.05147902805083868
3.015	-2.7650592293526	0.049804913317478064
3.025	-2.7540194354437944	0.04635205167992181
3.035	-2.7426465046571034	0.052316085417518976
3.045	-2.730944600464187	0.054722625346724854
3.055	-2.718917986674372	0.053257774955034316
3.065	-2.70657102585199	0.06026813040098186
3.075	-2.6939081776973186	0.06089592342599209
3.085	-2.6809339973917243	0.05493188968839493
3.095	-2.667653133907644	0.05451336100505477
3.105	-2.6540703282840665	0.0573384296176008
3.115	-2.640190411868151	0.059954233888476746
3.125	-2.6260183045236865	0.0573384296176008
3.135	-2.611559012807061	0.0603727625718169
3.145	-2.59681762811147	0.05880328000929133
3.155	-2.581799324780076	0.05943107303430156
3.165	-2.5665093581888243	0.058175486984281106
3.175	-2.550953062799718	0.06319783118436292
3.185	-2.5351358501852697	0.06309319901352789
3.195	-2.5190632070249093	0.06152371645100232
3.205	-2.5027406930741423	0.0669645893344243
3.215	-2.4861739391072626	0.07449810563454702
3.225	-2.469368644834393	0.06675532499275422
3.235	-2.452330576793724	0.07292862307202146
3.245	-2.43506556621974	0.06706922150525933
3.255	-2.4175795068882935	0.0725100943886813
3.265	-2.399878352939376	0.07345178392619664
3.275	-2.3819681166784537	0.08035750720130914
3.285	-2.3638548663572196	0.07439347346371199
3.295	-2.345544723934673	0.08129919673882449
3.305	-2.327043862819374	0.079938978517969
3.315	-2.308358505593826	0.07899728898045366
3.325	-2.2894949217218348	0.07847412812627846
3.335	-2.270459425239799	0.08140382890965953
3.345	-2.251258372432828	0.08255478278884494
3.355	-2.231898159496629	0.08119456456798946
3.365	-2.212385220186094	0.08810028784310196
3.375	-2.1927260234515233	0.088204920013937
3.385	-2.172927071063419	0.09008829908896768
3.395	-2.152994895226842	0.08935587389312241
3.405	-2.132936056186227	0.08998366691813264
3.415	-2.1127571398216634	0.09469211460570935
3.425	-2.0924647552375997	0.09678475802241011
3.435	-2.07206553234489	0.0973079188765853
3.445	-2.0515661194372474	0.09668012585157507
3.455	-2.030973180762971	0.10212099873499704
3.465	-2.0102933940930034	0.09856350492660576
3.475	-1.9895334482862514	0.10818966464342925
3.485	-1.9687000408531736	0.10525996386004818
3.495	-1.9477998755185897	0.10839892898509933
3.505	-1.926839659784719	0.11802508870192281
3.515	-1.9058261024954009	0.11373516969768625
3.525	-1.8847659114025157	0.11666487048106731
3.535	-1.863665790735524	0.11457222706436657
3.545	-1.8425324387751765	0.12147795033947907
3.555	-1.8213725454323098	0.1243030189520251
3.565	-1.8001927898327343	0.1229428007311696
3.575	-1.7789998379091827	0.12179184685198419
3.585	-1.757800340001272	0.13183653525214784
3.595	-1.7366009284644601	0.12534934066037548
3.605	-1.7154082152889731	0.13445233952302377
3.615	-1.694228789729607	0.1416719593106414
3.625	-1.6730692159474199	0.14313680970233192
3.635	-1.6519360306642312	0.13968394806477566
3.645	-1.630835740830859	0.14345070621483705
3.655	-1.60977482131007	0.15129811902746487
3.665	-1.5887597125751303	0.15506487717752626
3.675	-1.5677968184249045	0.1529722337608255
3.685	-1.5468925037164176	0.15401855546917587
3.695	-1.5260530921157873	0.15747141710673213
3.705	-1.505284863868418	0.16343545084432928
3.715	-1.484594053589365	0.1541231876400109
3.725	-1.4639868480747331	0.17159676016946224
3.735	-1.4434693841350068	0.1758866791736988
3.745	-1.4230477464511562	0.1772468973945543
3.755	-1.4027279654543918	0.17986270166543025
3.765	-1.382516015230393	0.18080439120294559
3.775	-1.3624178114488605	0.1899073900655939
3.785	-1.3424392093192141	0.19001202223642893
3.795	-1.3225860015732467	0.19942891761158235
3.805	-1.3028639164755067	0.19555752729068593
3.815	-1.2832786158622556	0.19398804472816036
3.825	-1.2638356932097186	0.20633464088669484
3.835	-1.2445406717324194	0.20078913583243785
3.845	-1.2253990025123478	0.2101013990367562
3.855	-1.206416062659677	0.22150630565777535
3.865	-1.187597153505774	0.21627469711602346
3.875	-1.1689474988292161	0.21763491533687895
3.885	-1.1504722431154528	0.21983219092441475
3.895	-1.132176449850883	0.2293537184704032
3.905	-1.1140650998519166	0.242642004166453
3.915	-1.0961430896297302	0.23897987818722669
3.925	-1.078415229791337	0.23573628089134052
3.935	-1.060886243477558	0.25028015263741077
3.945	-1.043560764838542	0.2517450030291013
3.955	-1.0264433375473698	0.25687197940001816
3.965	-1.0095384133523504	0.24599023363317424
3.975	-0.992850350668534	0.26869541470437747
3.985	-0.9763834132089838	0.25959241584172915
3.995	-0.9601417686563141	0.267335196483522
4.005	-1.7982368487514713	0.11227031930599572
4.015	-1.7788099755245292	0.1138398018685213
4.025	-1.7596203093994767	0.11216568713516069
4.035	-1.7406716214750626	0.12200111119365425
4.045	-1.7219675807981691	0.12472154763536525
4.055	-1.703511753286813	0.11980383560611846
4.065	-1.685307600696509	0.12744198407707624
4.075	-1.66735847963038	0.13225506393548797
4.085	-1.6496676405933464	0.1408349019439611
4.095	-1.6322382270907505	0.13738204030640483
4.105	-1.6150732747717016	0.1381144655022501
4.115	-1.5981757106174568	0.1383237298439202
4.125	-1.5815483521750657	0.14062563760229102
4.135	-1.565193906836589	0.1367542472813946
4.145	-1.5491149711640784	0.14543871746070275
4.155	-1.5333140302605412	0.15286760158999046
4.165	-1.5177934571871043	0.15286760158999046
4.175	-1.5025555124264878	0.14732209653573344
4.185	-1.4876023433930166	0.15014716514827947
4.195	-1.4729359839892462	0.1587270031567526
4.205	-1.4585583542093425	0.1565297275692168
4.215	-1.4444712597892688	0.15747141710673213
4.225	-1.4306763919039023	0.15673899191088686
4.235	-1.417175326911084	0.16102891091512342
4.245	-1.4039695261426632	0.16563272643186508
4.255	-1.391060335742516	0.1657373586027001
4.265	-1.3784489865515455	0.16217986479430882
4.275	-1.3661365940396324	0.16552809426103005
4.285	-1.3541241582844767	0.1676207376777308
4.295	-1.342412563997255	0.16971338109443157
4.305	-1.3310025805950028	0.1786071156154098
4.315	-1.3198948623196198	0.17881637995707986
4.325	-1.3090899484033476	0.18049049469044048
4.335	-1.2985882632805836	0.1745264609528433
4.345	-1.2883901168458403	0.17735152956538933
4.355	-1.278495704757666	0.1836294598154916
4.365	-1.2689051087883234	0.19084907960310923
4.375	-1.2596182972189838	0.18697768928221284
4.385	-1.2506351252801706	0.18383872415716168
4.395	-1.241955335637225	0.1782932191029047
4.405	-1.2335785589204429	0.19660384899903632
4.415	-1.2255043142996318	0.18708232145304787
4.425	-1.2177320101027291	0.19482510209484066
4.435	-1.2102609444781227	0.19503436643651076
4.445	-1.2030903061003562	0.19220929782396473
4.455	-1.1962191749187712	0.2023586183949634
4.465	-1.1896465229487427	0.20047523931993272
4.475	-1.1833712151050553	0.1959760559740261
4.485	-1.177392010076991	0.19702237768237646
4.495	-1.1717075612446632	0.19890575675740715
4.505	-1.1663164176361533	0.2050790548366744
4.515	-1.1612170249249267	0.20026597497826265
4.525	-1.1564077264670425	0.2092643416700759
4.535	-1.1518867643776303	0.21313573199097233
4.545	-1.1476522806460836	0.20821801996172554
4.555	-1.1437023182894348	0.20183545754078822
4.565	-1.1400348225433286	0.20800875562005547
4.575	-1.1366476420900056	0.20497442266583935
4.585	-1.1335385303226935	0.20915970949924087
4.595	-1.1307051466458122	0.21261257113679713
4.605	-1.128145057810315	0.21083382423260147
4.615	-1.1258557392835866	0.21125235291594163
4.625	-1.1238345766531581	0.20936897384091094
4.635	-1.1220788670636477	0.2075902269367153
4.645	-1.1205858206861752	0.2147052145534979
4.655	-1.1193525622195941	0.21135698508677667
4.665	-1.1183761324228128	0.20957823818258103
4.675	-1.1176534896774606	0.2116708815992818
4.685	-1.1171815115802137	0.2133449963326424
4.695	-1.116956996563974	0.21480984672433293
4.705	-1.1169766655471998	0.206753169570035
4.715	-1.1172371636105503	0.21491447889516796
4.725	-1.1177350617001425	0.21669322579936362
4.735	-1.1184668583565531	0.2089504451575708
4.745	-1.1194289814688294	0.2155422719201782
4.755	-1.120617790052655	0.209473606011746
4.765	-1.1220295760518617	0.2147052145534979
4.775	-1.123660566162485	0.21219404245345697
4.785	-1.1255069236784903	0.20863654864506567
4.795	-1.127564750358352	0.20769485910755034
4.805	-1.1298300883116235	0.2163793292868585
4.815	-1.1322989219046398	0.2114616172576117
4.825	-1.1349671796844971	0.20518368700750944
4.835	-1.137830736320428	0.2070670660825401
4.845	-1.1408854145617036	0.20989213469508614
4.855	-1.1441269872111617	0.20832265213256057
4.865	-1.147551179113504	0.2103106633784263
4.875	-1.1511536691574578	0.21292646764930223
4.885	-1.154930092290876	0.20434662964082914
4.895	-1.1588760415479396	0.2111477207451066
4.905	-1.1629870700874863	0.2023586183949634
4.915	-1.16725869324162	0.20131229668661302
4.925	-1.171686390573659	0.20099840017410792
4.935	-1.1762656079445186	0.21784417967854902
4.945	-1.180991759586624	0.19921965326991226
4.955	-1.1858602301844208	0.19911502109907722
4.965	-1.190866376960594	0.20330030793247875
4.975	-1.1960055317670664	0.20874118081590073
4.985	-1.2012730031798589	0.19880112458657212
4.995	-1.2066640785968954	0.20016134280742762
5.005	-1.2121740263378575	0.1976501707073867
5.015	-1.217798097745162	0.19534826294901586
5.025	-1.223531529285141	0.20099840017410792
5.035	-1.2293695446485413	0.1932556195323151
5.045	-1.2353073568494128	0.19294172301981
5.055	-1.2413401703214928	0.19273245867813993
5.065	-1.2474631830111937	0.1918954013114596
5.075	-1.2536715884662786	0.18823327533223327
5.085	-1.2599605779193495	0.18865180401557344
5.095	-1.266325342365246	0.19534826294901586
5.105	-1.2727610746314908	0.19534826294901586
5.115	-1.2792629714408807	0.1782932191029047
5.125	-1.2858262354653676	0.17358477141532797
5.135	-1.2924460773703645	0.18436188501133688
5.145	-1.2991177178485833	0.18122291988628575
5.155	-1.305836389642622	0.1782932191029047
5.165	-1.3125973395553778	0.18049049469044048
5.175	-1.319395830447489	0.18352482764465658
5.185	-1.3262271432209747	0.1786071156154098
5.195	-1.3330865787882518	0.1789210121279149
5.205	-1.3399694600256773	0.17191065668196737
5.215	-1.3468711337108763	0.16919022024025637
5.225	-1.5877351891890212	0.13026705268962224
5.235	-1.2538024968679198	0.1896981257239238
5.245	-0.9198747998478587	0.2744501841003046
5.255	-0.5859475595320238	0.3740600107352607
5.265	-1.3815004395873598	0.16312155433182418
5.275	-1.3884187284028093	0.16688831248188554
5.285	-1.3953240653040764	0.17327087490282286
5.295	-1.4022120558145166	0.1662605194568753
5.305	-1.4090783459354925	0.1689809558985863
5.315	-1.4159186238791701	0.165423462090195
5.325	-1.4227286217768729	0.16197060045263875
5.335	-1.4295041173623866	0.15862237098591755
5.345	-1.436240935629497	0.15621583105671166
5.355	-1.44293495046314	0.16092427874428838
5.365	-1.449582086243538	0.16584199077353515
5.375	-1.4561783194226925	0.15318149810249557
5.385	-1.4627196800726299	0.15883163532758762
5.395	-1.4692022534048208	0.14910084343992908
5.405	-1.4756221812601764	0.1612381752567935
5.415	-1.4819756635690802	0.1551695093483613
5.425	-1.488258959780913	0.1554834058608664
5.435	-1.4944683902625109	0.1587270031567526
5.445	-1.5006003376650698	0.1494147399524342
5.455	-1.5066512482589869	0.14826378607324878
5.465	-1.512617633236147	0.15527414151919633
5.475	-1.518496069979198	0.15150738336913497
5.485	-1.524283203297356	0.15234444073581527
5.495	-1.5299757466282946	0.15223980856498023
5.505	-1.5355704832057142	0.1551695093483613
5.515	-1.5410642671921904	0.1466943035107232
5.525	-1.5464540247768856	0.15035642948994954
5.535	-1.5517367552377865	0.14282291318982682
5.545	-1.5569095319680926	0.14878694692742397
5.555	-1.5619695034664378	0.14365997055650712
5.565	-1.5669138942905938	0.14156732713980635
5.575	-1.5717400059743953	0.14617114265654801
5.585	-1.5764452179075725	0.1386376263564253
5.595	-1.581026988178216	0.13403381083968363
5.605	-1.5854828543776656	0.13497550037719896
5.615	-1.5898104343675379	0.13413844301051867
5.625	-1.5940074270087143	0.13790520116058003
5.635	-1.5980716128520747	0.14460166009402245
5.645	-1.6020008547908058	0.13853299418559026
5.655	-1.605793098674101	0.13487086820636393
5.665	-1.6094463738821405	0.1359171899147143
5.675	-1.612958793862194	0.13989321240644575
5.685	-1.6163285566257424	0.1389515228689304
5.695	-1.6195539452065386	0.1441831314106823
5.705	-1.6226333280795213	0.14324144187316695
5.715	-1.6255651595405232	0.13047631703129234
5.725	-1.6283479800467409	0.1389515228689304
5.735	-1.6309804165179438	0.13759130464807492
5.745	-1.6334611825984025	0.13853299418559026
5.755	-1.6357890788795708	0.13769593681890996
5.765	-1.6379629930835413	0.13717277596473476
5.775	-1.63998190020731	0.1303716848604573
5.785	-1.6418448626279378	0.1320457995938179
5.795	-1.6435510301686642	0.13309212130216827
5.805	-1.645099640126097	0.1288022022979317
5.815	-1.64649001725857	0.13298748913133324
5.825	-1.6477215737358142	0.13173190308131277
5.835	-1.6487938090500884	0.13079021354379744
5.845	-1.6497063098889304	0.13277822478966317
5.855	-1.65045874996971	0.12942999532294194
5.865	-1.651050889836192	0.1361264542563844
5.875	-1.6514825766173036	0.12953462749377698
5.885	-1.6517537437483503	0.1298485240062821
5.895	-1.6518644106549254	0.13298748913133324
5.905	-1.6518146823997635	0.12953462749377698
5.915	-1.6516047492928232	0.1345569716938588
5.925	-1.6512348864648838	0.13633571859805446
5.935	-1.6507054534049732	0.13131337439797264
5.945	-1.650016893461931	0.1356032934022092
5.955	-1.649169733310465	0.13403381083968363
5.965	-1.648164582382025	0.13330138564383837
5.975	-1.647002132260884	0.13298748913133324
5.985	-1.645683156045783	0.13361528215634347
5.995	-1.644208507677557	0.13183653525214784
6.005	-1.6425791212331151	0.13246432827715804
6.015	-1.6407960101862262	0.135080132548034
6.025	-1.6388602666355203	0.13319675347300333
6.035	-1.6367730605001616	0.13748667247723986
6.045	-1.6345356386836478	0.13518476471886903
6.055	-1.6321493242062002	0.13141800656880767
6.065	-1.6296155153062366	0.13466160386469386
6.075	-1.626935684511411	0.1389515228689304
6.085	-1.6241113776797356	0.14261364884815672
6.095	-1.6211442130112843	0.13790520116058003
6.105	-1.6180358800310284	0.13957931589394063
6.115	-1.6147881385433207	0.137800568989745
6.125	-1.6114028175585862	0.13769593681890996
6.135	-1.6078818141927842	0.13748667247723986
6.145	-1.6042270925401936	0.13215043176465294
6.155	-1.600440682520113	0.13748667247723986
6.165	-1.5965246786980538	0.1381144655022501
6.175	-1.5924812390820353	0.1337199143271785
6.185	-1.58831258389456	0.1403117410897859
6.195	-1.5840209943209154	0.14020710891895086
6.205	-1.5796088112343944	0.14073026977312605
6.215	-1.5750784338990766	0.15004253297744444
6.225	-1.570432318650806	0.14240438450648665
6.235	-1.5656729775570033	0.13790520116058003
6.245	-1.5608029770559524	0.14564798180237284
6.255	-1.5558249365762535	0.14219512016481659
6.265	-1.5507415271370462	0.14020710891895086
6.275	-1.5455554699297323	0.14355533838567208
6.285	-1.5402695348818203	0.15475098066502113
6.295	-1.5348865392035953	0.1546463484941861
6.305	-1.5294093459182971	0.14470629226485748
6.315	-1.5238408623764867	0.13926541938143552
6.325	-1.5181840387552883	0.14481092443569255
6.335	-1.5124418665432051	0.15234444073581527
6.345	-1.5066173770112263	0.15673899191088686
6.355	-1.5007136396708831	0.15339076244416563
6.365	-1.4947337607200097	0.15360002678583573
6.375	-1.4886808814768733	0.15182127988164007
6.385	-1.482558176803401	0.15862237098591755
6.395	-1.4763688535182238	0.15642509539838176
6.405	-1.4701161488002155	0.14784525738990864
6.415	-1.4638033285832917	0.15862237098591755
6.425	-1.457433685943123	0.15715752059422702
6.435	-1.4510105394765278	0.16207523262347379
6.445	-1.4445372316742235	0.15621583105671166
6.455	-1.4380171272876832	0.16155207176929862
6.465	-1.4314536116907814	0.16008722137760809
6.475	-1.4248500892369425	0.1701319097777717
6.485	-1.4182099816125526	0.16615588728604028
6.495	-1.411536726187267	0.16605125511520524
6.505	-1.404833774362002	0.16939948458192644
6.515	-1.3981045899152502	0.16008722137760809
6.525	-1.3913526473484716	0.16270302564848402
6.535	-1.3845814302312476	0.17023654194860677
6.545	-1.3777944295468723	0.1703411741194418
6.555	-1.3709951420391298	0.17295697839031773
6.565	-1.3641870685609032	0.1782932191029047
6.575	-1.3573737124253096	0.17766542607789446
6.585	-1.3505585777600857	0.17787469041956452
6.595	-1.343745167865849	0.17400330009866813
6.605	-1.336936983578944	0.17400330009866813
6.615	-1.3301375216395401	0.18540820671968725
6.625	-1.3233502730656443	0.17850248344457476
6.635	-1.3165787215336708	0.18049049469044048
6.645	-1.3098263417662606	0.18122291988628575
6.655	-1.3030965979279678	0.17871174778624482
6.665	-1.2963929420294487	0.1782932191029047
6.675	-1.2897188123408365	0.18791937881972817
6.685	-1.2830776318148658	0.18823327533223327
6.695	-1.2764728065204272	0.18425725284050185
6.705	-1.2699077240871246	0.1833155633029865
6.715	-1.2633857521614618	0.18258313810714125
6.725	-1.256910236875273	0.18310629896131642
6.735	-1.2504845013269419	0.19084907960310923
6.745	-1.2441118440760552	0.19137224045728443
6.755	-1.2377955376519987	0.19231392999479976
6.765	-1.2315388270771366	0.18917496486974864
6.775	-1.225344928405061	0.1932556195323151
6.785	-1.2192170272745182	0.1918954013114596
6.795	-1.2131582774795076	0.19095371177394427
6.805	-1.2071717995561166	0.19220929782396473
6.815	-1.2012606793866052	0.1978594350490568
6.825	-1.1954279668212437	0.19723164202404656
6.835	-1.1896766743183913	0.2028817792491386
6.845	-1.1840097756033692	0.19639458465736626
6.855	-1.178430204346515	0.19806869939072685
6.865	-1.1729408528610121	0.19315098736148006
6.875	-1.1675445708208079	0.20225398622412838
6.885	-1.1622441639992176	0.20309104359080868
6.895	-1.157042393028545	0.20246325056579845
6.905	-1.151941972181223	0.19838259590323196
6.915	-1.1469455681728484	0.21083382423260147
6.925	-1.142055798987519	0.2079041234492204
6.935	-1.13727523272592	0.2072763304242102
6.945	-1.1326063864764544	0.21763491533687895
6.955	-1.1280517252099158	0.21324036416180736
6.965	-1.1236136606979275	0.20581148003251967
6.975	-1.119294550455614	0.20853191647423064
6.985	-1.115096696708764	0.20989213469508614
6.995	-1.1110223453858947	0.212298674624292
7.005	-1.1070736851354253	0.21093845640343653
7.015	-1.1032528463683697	0.21460058238266286
7.025	-1.0995619003267882	0.20853191647423064
7.035	-1.096002858178254	0.2119847781117869
7.045	-1.0925776701366963	0.22045998394942498
7.055	-1.089288224609756	0.21135698508677667
7.065	-1.0861363473730004	0.21847197270355925
7.075	-1.0831238007711583	0.22370358124531114
7.085	-1.0802522829466668	0.20392810095748898
7.095	-1.0775234270956524	0.21930903007023955
7.105	-1.0749388007516218	0.21344962850347743
7.115	-1.0724999050969983	0.21449595021182782
7.125	-1.0702081743027039	0.2194136622410746
7.135	-1.0680649748959226	0.22788886807871267
7.145	-1.0660716051562247	0.21669322579936362
7.155	-1.0642292945401508	0.22349431690364108
7.165	-1.0625392031344052	0.2244360064411564
7.175	-1.06100242113779	0.22223873085362061
7.185	-1.0596199683719165	0.22380821341614618
7.195	-1.0583927938208482	0.2320741549121142
7.205	-1.0573217751997315	0.2274703393953725
7.215	-1.0564077185524363	0.2263193855161871
7.225	-1.055651357878351	0.21983219092441475
7.235	-1.0550533547882832	0.223285052561971
7.245	-1.0546142981895335	0.22182020217028048
7.255	-1.0543347040001778	0.22140167348694031
7.265	-1.054215014892538	0.2227618917077958
7.275	-1.0542556000658445	0.22642401768702214
7.285	-1.0544567550480766	0.23312047662046456
7.295	-1.0548187015269608	0.2254823281495068
7.305	-1.0553415872100604	0.2172163866535388
7.315	-1.0560254857139628	0.21188014594095186
7.325	-1.0568703964824437	0.22161093782861038
7.335	-1.0578762447335648	0.21836734053272422
7.345	-1.0590428814356352	0.21617006494518842
7.355	-1.0603700833119245	0.2329112122787945
7.365	-1.0618575528740355	0.22087851263276512
7.375	-1.063504918483808	0.21878586921606435
7.385	-1.0653117344436616	0.21826270836188919
7.395	-1.0672774811152088	0.21951829441190962
7.405	-1.0694015650660122	0.21344962850347743
7.415	-1.0716833192443516	0.21983219092441475
7.425	-1.0741220031817913	0.2116708815992818
7.435	-1.07671680322341	0.21219404245345697
7.445	-1.0794668327855197	0.20832265213256057
7.455	-1.0823711326406444	0.22014608743691985
7.465	-1.0854286712295902	0.21878586921606435
7.475	-1.088638345000387	0.21564690409101323
7.485	-1.0919989787738817	0.21784417967854902
7.495	-1.0955093261357551	0.20696243391170507
7.505	-1.0991680698547457	0.2084272843033956
7.515	-1.1029738223268022	0.2079041234492204
7.525	-1.1069251260449386	0.21093845640343653
7.535	-1.1110204540945388	0.20424199746999408
7.545	-1.11525821067381	0.21125235291594163
7.555	-1.1196367316391438	0.20528831917834447
7.565	-1.1241542850750825	0.20413736529915905
7.575	-1.1288090718886021	0.2106245598909314
7.585	-1.133599226427433	0.21313573199097233
7.595	-1.138522817122082	0.21344962850347743
7.605	-1.1435778471512754	0.19618532031569616
7.615	-1.1487622551304795	0.20476515832416928
7.625	-1.1540739158232038	0.2045558939824992
7.635	-1.1595106408747249	0.198487228074067
7.645	-1.1650701795679155	0.20110303234494295
7.655	-1.1707502196008306	0.20110303234494295
7.665	-1.1765483878856953	0.20037060714909768
7.675	-1.18246225136896	0.20016134280742762
7.685	-1.188489317872039	0.19492973426567572
7.695	-1.1946270369523835	0.190221286578099
7.705	-1.2008728007845173	0.20026597497826265
7.715	-1.2072239450606648	0.19995207846575752
7.725	-1.2136777499105773	0.19231392999479976
7.735	-1.2202314408401982	0.20057987149076775
7.745	-1.2268821896887556	0.1915815047989545
7.755	-1.2336271156039038	0.19315098736148006
7.765	-1.2404632860345275	0.18310629896131642
7.775	-1.2473877177407835	0.18593136757386244
7.785	-1.2543973778209987	0.18059512686127552
7.795	-1.2614891847550131	0.17965343732376018
7.805	-1.268660009463559	0.18875643618640847
7.815	-1.2759066763832525	0.18017659817793535
7.825	-1.2832259645568103	0.17954880515292512
7.835	-1.2906146087380335	0.18226924159463612
7.845	-1.2980693005111852	0.1858267354030274
7.855	-1.3055866894242967	0.18572210323219238
7.865	-1.313163384136003	0.17682836871121416
7.875	-1.3207959535754827	0.18101365554461565
7.885	-1.3284809281150496	0.18300166679048138
7.895	-1.3362148007549992	0.1772468973945543
7.905	-1.3439940283202476	0.18174608074046092
7.915	-1.351815032668362	0.16688831248188554
7.925	-1.3596742019085104	0.17546815049035866
7.935	-1.3675678916309406	0.16699294465272058
7.945	-1.3754924261465133	0.17787469041956452
7.955	-1.3834440997358737	0.17274771404864767
7.965	-1.3914191779078315	0.16521419774852494
7.975	-1.3994138986664892	0.16510956557768988
7.985	-1.4074244737867039	0.16354008301516432
7.995	-1.4154470900974272	0.16081964657345335
8.005	-1.4234779107725155	0.15935479618176282
8.015	-1.4315130766285276	0.16333081867349425
8.025	-1.4395487074291273	0.1645864047235147
8.035	-1.4475809031956128	0.15998258920677302
8.045	-1.4556057455231504	0.1585177388150825
8.055	-1.4636192989023016	0.16228449696514388
8.065	-1.4716176120453734	0.15673899191088686
8.075	-1.479596719217187	0.16144743959846355
8.085	-1.4875526415698106	0.15611119888587663
8.095	-1.495481388480873	0.16092427874428838
8.105	-1.5033789588949547	0.15673899191088686
8.115	-1.5112413426677183	0.15537877369003136
8.125	-1.5190645219122754	0.15422781981084593
8.135	-1.5268444723474235	0.1578899457900723
8.145	-1.5345771646472919	0.15454171632335106
8.155	-1.5422585657920174	0.15046106166078457
8.165	-1.549884640419008	0.1463804069982181
8.175	-1.557451352174349	0.1529722337608255
8.185	-1.564954665064046	0.1507749581732897
8.195	-1.5723905448045543	0.14449702792318742
8.205	-1.5797549601723087	0.14951937212326924
8.215	-1.5870438843517785	0.1554834058608664
8.225	-1.5942532962816696	0.14093953411479612
8.235	-1.6013791819988716	0.14596187831487795
8.245	-1.6084175359797759	0.14135806279813629
8.255	-1.6153643624785408	0.1494147399524342
8.265	-1.6222156768619027	0.15255370507748534
8.275	-1.6289675069402303	0.14292754536066185
8.285	-1.6356158942943204	0.14292754536066185
8.295	-1.6421568955976598	0.13978858023561072
8.305	-1.6485865839337142	0.13800983333141506
8.315	-1.6549010501078885	0.13821909767308513
8.325	-1.661096403953807	0.13926541938143552
8.335	-1.6671687756335154	0.1381144655022501
8.345	-1.6731143169312828	0.13926541938143552
8.355	-1.6789292025406077	0.1345569716938588
8.365	-1.6846096313440975	0.13738204030640483
8.375	-1.6901518276858547	0.12995315617711714
8.385	-1.695552042636053	0.13905615503976546
8.395	-1.7008065552473188	0.135080132548034
8.405	-1.705911673802619	0.13309212130216827
8.415	-1.7108637370542892	0.13267359261882813
8.425	-1.7156591154538863	0.13382454649801354
8.435	-1.7202942123725582	0.12786051276041638
8.445	-1.7247654653115672	0.13434770735218873
8.455	-1.7290693471026808	0.12346596158534479
8.465	-1.7332023670980956	0.13225506393548797
8.475	-1.7371610723496176	0.12838367361459158
8.485	-1.7409420487767473	0.1306855813729624
8.495	-1.7445419223234107	0.12754661624791128
8.505	-1.7479573601030058	0.1298485240062821
8.515	-1.7511850715314874	0.1345569716938588
8.525	-1.754221809448241	0.13047631703129234
8.535	-1.7570643712243512	0.12503544414787035
8.545	-1.7597095998581307	0.13319675347300333
8.555	-1.7621543850575188	0.12608176585622075
8.565	-1.7643956643091234	0.12691882322290104
8.575	-1.766430423933668	0.12744198407707624
8.585	-1.7682557001275179	0.13319675347300333
8.595	-1.769868579990087	0.12775588058958134
8.605	-1.7712662025368313	0.12618639802705578
8.615	-1.7724457596976246	0.1369635116230647
8.625	-1.7734044973002	0.12775588058958134
8.635	-1.7741397160385175	0.12451228329369517
8.645	-1.7746487724257338	0.1303716848604573
8.655	-1.774929079731575	0.12472154763536525
8.665	-1.7749781089039223	0.1271280875645711
8.675	-1.7747933894743197	0.12231500770615937
8.685	-1.7743725104472448	0.13717277596473476
8.695	-1.773713121172895	0.1243030189520251
8.705	-1.7728129322033095	0.1276512484187463
8.715	-1.771669716131576	0.13361528215634347
8.725	-1.7702813084139943	0.13047631703129234
8.735	-1.7686456081749233	0.13309212130216827
8.745	-1.7667605789941814	0.13602182208554933
8.755	-1.7646242496767672	0.13215043176465294
8.765	-1.7622347150047724	0.13183653525214784
8.775	-1.7595901364712425	0.13277822478966317
8.785	-1.7566887429958677	0.1325689604479931
8.795	-1.7535288316223154	0.1334060178146734
8.805	-1.7501087681970102	0.13717277596473476
8.815	-1.7464269880292702	0.13518476471886903
8.825	-1.7424819965325642	0.1383237298439202
8.835	-1.7382723698467955	0.13937005155227056
8.845	-1.7337967554414342	0.13466160386469386
8.855	-1.7290538726993672	0.1347662360355289
8.865	-1.7240425134813229	0.13968394806477566
8.875	-1.7187615426707323	0.13246432827715804
8.885	-2.639290921573855	0.05493188968839493
8.895	-2.6371155439422527	0.055559682713405154
8.905	-2.6346675926571494	0.06152371645100232
8.915	-2.6319462297457346	0.055664314884240194
8.925	-2.6289506926843793	0.051374395880003636
8.935	-2.625680294823533	0.05482725751755989
8.945	-2.622134425792237	0.05304851061336424
8.955	-2.618312551882128	0.055141154030065004
8.965	-2.6142142164108777	0.05545505054257012
8.975	-2.609839040064925	0.05744306178843584
8.985	-2.605186721221459	0.05576894705507523
8.995	-2.600257036249512	0.06058202691348698
9.005	-2.595049839790146	0.057024533105095684
9.015	-2.589565065015589	0.056501372250920494
9.025	-2.5838027238673127	0.06393025638020819
9.035	-2.5777629072729185	0.05838475132595118
9.045	-2.5714457853418082	0.05880328000929133
9.055	-2.564851607539574	0.06257003815935269
9.065	-2.5579807028410295	0.05838475132595118
9.075	-2.550833479861855	0.056710636592590576
9.085	-2.543410426968771	0.058489383496786215
9.095	-2.535712112368241	0.05744306178843584
9.105	-2.5277391841736208	0.05838475132595118
9.115	-2.519492370450747	0.06005886605931179
9.125	-2.510972479241901	0.06549973894273375
9.135	-2.5021803985681457	0.06413952072187827
9.145	-2.4931170964099967	0.06361635986770307
9.155	-2.483783620666406	0.06393025638020819
9.165	-2.474181099092041	0.0650812102593936
9.175	-2.464310739212858	0.0672784858469294
9.185	-2.4541738282199197	0.06549973894273375
9.195	-2.443771732841512	0.07094061182615573
9.205	-2.4331058991934986	0.06978965794697031
9.215	-2.4221778526079722	0.06759238235943452
9.225	-2.4109891974401365	0.07094061182615573
9.235	-2.3995416168535084	0.06958039360530024
9.245	-2.387836872583398	0.0738703126095368
9.255	-2.375876804678703	0.06769701453026956
9.265	-2.363663331222056	0.07449810563454702
9.275	-2.351198448028303	0.07062671531365063
9.285	-2.3384842283214047	0.07313788741369154
9.295	-2.325522822389747	0.0741842091220419
9.305	-2.312316457219932	0.07512589865955725
9.315	-2.2988674361090506	0.07659074905124778
9.325	-2.285178138255537	0.07564905951373244
9.335	-2.271251018328604	0.08192698976383472
9.345	-2.2570886060163677	0.07920655332212373
9.355	-2.2426935055526456	0.0860076444264012
9.365	-2.228068395222576	0.07983434634713396
9.375	-2.2132160268470678	0.08203162193466976
9.385	-2.1981392252461696	0.08433352969304059
9.395	-2.1828408876814342	0.08757712698892677
9.405	-2.1673239832773725	0.09019293125980272
9.415	-2.1515915524220386	0.08757712698892677
9.425	-2.1356467061468813	0.08883271303894723
9.435	-2.119492625485952	0.0895651382347925
9.445	-2.1031325608145046	0.08558911574306105
9.455	-2.086569831167175	0.08862344869727715
9.465	-2.069807823535795	0.09270410335984362
9.475	-2.052849992146952	0.09354116072652394
9.485	-2.0356998577194236	0.09437821809320424
9.495	-2.018361006701614	0.09019293125980272
9.505	-2.000837090489077	0.09751718321825538
9.515	-1.9831318246223057	0.10013298748913133
9.525	-1.9652489879648785	0.09856350492660576
9.535	-1.947192421862121	0.10766650378925406
9.545	-1.9289660292804247	0.1077711359600891
9.555	-1.9105737739273583	0.102016366564162
9.565	-1.8920196793527357	0.10609702122672848
9.575	-1.8733078280307798	0.10630628556839856
9.585	-1.854442360423548	0.1138398018685213
9.595	-1.8354274740258298	0.11216568713516069
9.605	-1.8162674223915771	0.10944525069344971
9.615	-1.7969665141421627	0.12137331816864402
9.625	-1.777529111956568	0.12524470848954045
9.635	-1.7579596315437214	0.11833898521442793
9.645	-1.7382625405971537	0.11833898521442793
9.655	-1.7184423577321861	0.12011773211862357
9.665	-1.6985036514058196	0.12482617980620028
9.675	-1.6784510388195506	0.12566323717288058
9.685	-1.6582891848053556	0.1279651449312514
9.695	-1.6380228006949478	0.13298748913133324
9.705	-1.6176566431726553	0.1364403507688895
9.715	-1.5971955131120563	0.12995315617711714
9.725	-1.5766442543966355	0.13298748913133324
9.735	-1.5560077527246852	0.14303217753149688
9.745	-1.5352909343986838	0.13978858023561072
9.755	-1.5144987650994106	0.13706814379389973
9.765	-1.4936362486450323	0.14292754536066185
9.775	-1.4727084257353942	0.148891579098259
9.785	-1.4517203726818257	0.14543871746070275
9.795	-1.430677200122695	0.1563204632275467
9.805	-1.4095840517249383	0.15862237098591755
9.815	-1.3884461028719204	0.15182127988164007
9.825	-1.367268559337843	0.16228449696514388
9.835	-1.3460566559489962	0.16061038223178326
9.845	-1.3248156552321713	0.16113354308595845
9.855	-1.3035508460504681	0.16176133611096868
9.865	-1.2822675422268501	0.16730684116522568
9.875	-1.260971081155729	0.1725384497069776
9.885	-1.2396668224029026	0.17431719661117323
9.895	-1.2183601462940983	0.1802812303487704
9.905	-1.197056452492535	0.18310629896131642
9.915	-1.1757611585657508	0.17703763305288422
9.925	-1.1544796985420545	0.17871174778624482
9.935	-1.1332175214569473	0.1880240109905632
9.945	-Inf	0.0
9.955	-Inf	0.0
9.965	-Inf	0.0
9.975	-Inf	0.0
9.985	-Inf	0.0
9.995	-Inf	0.0
