0.005	-Inf	0.0
0.015	-Inf	0.0
0.025	-Inf	0.0
0.035	-Inf	0.0
0.045	-Inf	0.0
0.055	-Inf	0.0
0.065	-Inf	0.0
0.075	-Inf	0.0
0.085	-Inf	0.0
0.095	-Inf	0.0
0.105	-Inf	0.0
0.115	-Inf	0.0
0.125	-Inf	0.0
0.135	-Inf	0.0
0.145	-Inf	0.0
0.155	-Inf	0.0
0.165	-Inf	0.0
0.175	-Inf	0.0
0.185	-Inf	0.0
0.195	-Inf	0.0
0.205	-Inf	0.0
0.215	-Inf	0.0
0.225	-Inf	0.0
0.235	-Inf	0.0
0.245	-Inf	0.0
0.255	-Inf	0.0
0.265	-Inf	0.0
0.275	-Inf	0.0
0.285	-Inf	0.0
0.295	-Inf	0.0
0.305	-Inf	0.0
0.315	-Inf	0.0
0.325	-Inf	0.0
0.335	-Inf	0.0
0.345	-Inf	0.0
0.355	-Inf	0.0
0.365	-Inf	0.0
0.375	-Inf	0.0
0.385	-Inf	0.0
0.395	-Inf	0.0
0.405	-Inf	0.0
0.415	-Inf	0.0
0.425	-Inf	0.0
0.435	-Inf	0.0
0.445	-Inf	0.0
0.455	-Inf	0.0
0.465	-Inf	0.0
0.475	-3.9844718286123033	0.01900688639939905
0.485	-3.9998740382983833	0.018416234152724496
0.495	-4.015507982465157	0.017992176129470974
0.505	-4.031367481322318	0.017901306553059503
0.515	-4.047446269926911	0.017477248529805978
0.525	-4.063738001153669	0.016583697695093196
0.535	-4.080236248710005	0.016674567271504664
0.545	-4.096934510193959	0.016023335307222466
0.555	-4.113826210193452	0.016962320930140985
0.565	-4.130904703425075	0.01634137882466261
0.575	-4.148163277910722	0.015462972919351737
0.585	-4.165595158190278	0.014766306166863804
0.595	-4.183193508568573	0.015508407707557471
0.605	-4.200951436394805	0.014554277155237041
0.615	-4.218861995372598	0.014236233637796898
0.625	-4.236918188898859	0.014190798849591164
0.635	-4.255112973429551	0.014796596025667626
0.645	-4.273439261870515	0.013221523367868821
0.655	-4.291889926991453	0.013433552379495584
0.665	-4.31045780486113	0.012873189991624855
0.675	-4.329135698301912	0.012464276897773241
0.685	-4.3479163803616725	0.012752030556409562
0.695	-4.366792597801131	0.01310036393265353
0.705	-4.385757074594674	0.012282537744950302
0.715	-4.404802515442684	0.011616160851266192
0.725	-4.423921609293405	0.012191668168538833
0.735	-4.443107032872371	0.011585870992462369
0.745	-4.462351454217407	0.011797900004089132
0.755	-4.481647536217219	0.011813044933491043
0.765	-4.500987940151586	0.0108437694517687
0.775	-4.520365329231147	0.009768479464232978
0.785	-4.539772372134811	0.010480291146122823
0.795	-4.559201746542787	0.010692320157749586
0.805	-4.578646142663244	0.010783189734161055
0.815	-4.598098266750621	0.009859349040644448
0.825	-4.617550844613602	0.00988963889944827
0.835	-4.636996625110784	0.00951101566440048
0.845	-4.65642838363206	0.010056233122869298
0.855	-4.675838925563773	0.009359566370381364
0.865	-4.695221089735668	0.00951101566440048
0.875	-4.714567751847725	0.009359566370381364
0.885	-4.733871827874922	0.008329711171051376
0.895	-4.753126277448027	0.008511450323874315
0.905	-4.7723241072085045	0.008011667653611233
0.915	-4.791458374135661	0.008314566241649465
0.925	-4.810522188844147	0.007920798077199764
0.935	-4.829508718849967	0.007860218359592117
0.945	-4.848411191803161	0.008163116947630349
0.955	-4.867222898685345	0.007345290759927123
0.965	-4.8859371969703025	0.007481595124544327
0.975	-4.904547513745871	0.007860218359592117
0.985	-4.923047348795356	0.006739493583850659
0.995	-4.941430277636764	0.00684550808966404
1.005	-4.959689954518121	0.006921232736673598
1.015	-4.977820115367244	0.006224565984185665
1.025	-4.995814580694275	0.006800073301458306
1.035	-5.013667258445377	0.006784928372056394
1.045	-5.031372146806	0.006254855842989488
1.055	-5.048923336952143	0.006254855842989488
1.065	-5.066315015748092	0.0062700007723913995
1.075	-5.083541468389122	0.005845942749137875
1.085	-5.10059708098771	0.006133696407774196
1.095	-5.117476343101802	0.005649058666913024
1.105	-5.134173850203765	0.005103841208444207
1.115	-5.150684306088625	0.005497609372893908
1.125	-5.167002525220296	0.0059065224667455216
1.135	-5.1831234350144735	0.0054521745846881735
1.145	-5.199042078056976	0.005573334019903466
1.155	-5.2147536142562805	0.0047857976910040635
1.165	-5.230253322929102	0.0053764499376786155
1.175	-5.245536604817877	0.005361305008276704
1.185	-5.260598984039027	0.005331015149472881
1.195	-5.275436109960997	0.0052401455730614116
1.205	-5.290043759010996	0.00513413106724803
1.215	-5.304417836409524	0.004482899102965831
1.225	-5.318554377831707	0.004816087549807887
1.235	-5.332449550994597	0.004740362902798329
1.245	-5.346099657169568	0.004452609244162009
1.255	-5.359501132619019	0.004134565726721865
1.265	-5.372650549956643	0.004376884597152451
1.275	-5.385544619430534	0.004528333891171567
1.285	-5.398180190128497	0.0047857976910040635
1.295	-5.410554251104926	0.00446775417356392
1.305	-5.4226639324286925	0.0045586237499753894
1.315	-5.434506506151528	0.004513188961769655
1.325	-5.446079387196406	0.004543478820573478
1.335	-5.457380134165539	0.0041951454443295115
1.345	-5.468406450067552	0.003952826573898926
1.355	-5.479156182963573	0.004149710656123777
1.365	-5.489627326531892	0.004225435303133335
1.375	-5.499818020551004	0.003604493197654959
1.385	-5.509726551300827	0.004134565726721865
1.395	-5.519351351881959	0.004210290373731423
1.405	-5.528691002452898	0.0038165222092817214
1.415	-5.53774423038517	0.003922536715095103
1.425	-5.546509910336397	0.003952826573898926
1.435	-5.554987064241324	0.003680217844664517
1.445	-5.563174861220967	0.004149710656123777
1.455	-5.571072617409978	0.0039679715033008375
1.465	-5.578679795702483	0.0038619569974874565
1.475	-5.5859960054166	0.0033015946096167275
1.485	-5.593021001877977	0.0039679715033008375
1.495	-5.5997546859226635	0.003437898974233932
1.505	-5.606197103319737	0.0037862323504778985
1.515	-5.612348444114112	0.003846812068085545
1.525	-5.618209041890028	0.003589348268253048
1.535	-5.623779372955756	0.003649927985860694
1.545	-5.629060055450095	0.003347029397822462
1.555	-5.634051848371308	0.0031198554567937885
1.565	-5.638755650529151	0.0037105077034683405
1.575	-5.643172499420736	0.0035590584094492245
1.585	-5.647303570030974	0.0035590584094492245
1.595	-5.651150173558432	0.0031501453155976114
1.605	-5.6547137560674265	0.0035287685506454015
1.615	-5.657995897067283	0.0036347830564587825
1.625	-5.660998308019682	0.0035590584094492245
1.635	-5.66372283077507	0.00342275404483202
1.645	-5.6661714359391855	0.0034076091154301084
1.655	-5.668346221170727	0.0033318844684205504
1.665	-5.6702494094113005	0.0031501453155976114
1.675	-5.671883347048775	0.0030441308097842305
1.685	-5.67325050201523	0.0035590584094492245
1.695	-5.67435346182072	0.0036347830564587825
1.705	-5.675194931524121	0.0034681888330377547
1.715	-5.675777731642332	0.003165290244999523
1.725	-5.676104795999194	0.0036347830564587825
1.735	-5.676179169515471	0.003180435174401435
1.745	-5.6760040059412935	0.0030592757391861417
1.755	-5.675582565532515	0.0034681888330377547
1.765	-5.6749182126724325	0.0031198554567937885
1.775	-5.674014413440362	0.00380137727987981
1.785	-5.672874733128627	0.003437898974233932
1.795	-5.671502833709486	0.0029532612333727608
1.805	-5.669902471253592	0.003392464186028197
1.815	-5.668077493301622	0.00380137727987981
1.825	-5.66603183619068	0.0033015946096167275
1.835	-5.663769522337164	0.0032107250332052578
1.845	-5.661294657477789	0.003089565597989965
1.855	-5.658611427870463	0.0035287685506454015
1.865	-5.655724097456768	0.0035287685506454015
1.875	-5.652637004987798	0.003271304750812904
1.885	-5.649354561115135	0.003649927985860694
1.895	-5.645881245448759	0.003316739539018639
1.905	-5.642221603583714	0.003574203338851136
1.915	-5.6383802440973465	0.0033318844684205504
1.925	-5.63436183551899	0.003498478691841578
1.935	-5.630171103273942	0.0034681888330377547
1.945	-5.625812826603611	0.003165290244999523
1.955	-5.621291835463738	0.0034530439036358435
1.965	-5.616613007402569	0.00342275404483202
1.975	-5.611781264420929	0.003256159821410993
1.985	-5.6068015698160645	0.0036196381270568708
1.995	-5.601678925011233	0.0032864496802148158
2.005	-5.596418366372944	0.0035439134800473128
2.015	-5.591024962017811	0.0036196381270568708
2.025	-5.58550380861093	0.0039679715033008375
2.035	-5.579860028157772	0.003437898974233932
2.045	-5.574098764791507	0.003665072915262606
2.055	-5.568225181557718	0.003649927985860694
2.065	-5.56224445719847	0.003589348268253048
2.075	-5.556161782937652	0.003922536715095103
2.085	-5.5499823592695705	0.0041194207973199535
2.095	-5.543711392752704	0.003665072915262606
2.105	-5.537354092810581	0.004058841079712307
2.115	-5.53091566854169	0.0041800005149276
2.125	-5.524401325540355	0.0037407975622721634
2.135	-5.517816262730484	0.0037407975622721634
2.145	-5.5111656692140985	0.004134565726721865
2.155	-5.504454721136523	0.003922536715095103
2.165	-5.49768857857013	0.003665072915262606
2.175	-5.490872382418495	0.00408913093851613
2.185	-5.484011251342817	0.003983116432702749
2.195	-5.477110278712439	0.0039679715033008375
2.205	-5.470174529581282	0.00446775417356392
2.215	-5.46320903769201	0.0041800005149276
2.225	-5.456218802509687	0.004816087549807887
2.235	-5.4492087862866905	0.0043465947383486275
2.245	-4.903058494715606	0.0073150009011232996
2.255	-4.896214758559615	0.0072392762541137416
2.265	-4.889365875998561	0.007769348783180648
2.275	-4.882516631769017	0.006784928372056394
2.285	-4.875671759248534	0.007784493712582559
2.295	-4.868835937743877	0.0072392762541137416
2.305	-4.862013789822203	0.00760275455975962
2.315	-4.855209878686742	0.007178696536506096
2.325	-4.848428705598516	0.007390725548132858
2.335	-4.841674707345609	0.0073150009011232996
2.345	-4.834952253761459	0.007587609630357708
2.355	-4.828265645293599	0.007739058924376824
2.365	-4.821619110624271	0.008496305394472404
2.375	-4.8150168043442925	0.008632609759089608
2.385	-4.808462804681491	0.008026812583013144
2.395	-4.801961111285045	0.008617464829687697
2.405	-4.795515643066969	0.008026812583013144
2.415	-4.789130236102003	0.008299421312247554
2.425	-4.782808641587078	0.009238406935166072
2.435	-4.776554523861533	0.008420580747462846
2.445	-4.7703714584891905	0.008420580747462846
2.455	-4.764262930403374	0.00826913145344373
2.465	-4.758232332115902	0.008526595253276228
2.475	-4.752282961991055	0.00864775468849152
2.485	-4.7464180225854875	0.008238841594639907
2.495	-4.740640619054969	0.009223262005764161
2.505	-4.7349537576288565	0.00798137779480741
2.515	-4.729360344153108	0.009056667782343134
2.525	-4.723863182702629	0.00931413158217563
2.535	-4.718464974263688	0.009435291017390922
2.545	-4.713168315487115	0.008481160465070492
2.555	-4.707975697512905	0.0094050011585871
2.565	-4.702889504866864	0.009086957641146956
2.575	-4.697912014429843	0.010222827346290327
2.585	-4.693045394480076	0.008026812583013144
2.595	-4.688291703809095	0.008874928629520194
2.605	-4.68365289091165	0.008859783700118282
2.615	-4.679130793250005	0.009662464958419596
2.625	-4.674727136592931	0.008844638770716371
2.635	-4.670443534429709	0.009829059181840624
2.645	-4.666281487459342	0.009283841723371806
2.655	-4.662242383155191	0.009874493970046359
2.665	-4.658327495405174	0.009601885240811951
2.675	-4.6545379842275985	0.00893550834712784
2.685	-4.650874895562723	0.009662464958419596
2.695	-4.647339161139986	0.009389856229185188
2.705	-4.643931598420913	0.009495870734998569
2.715	-4.640652910617565	0.009268696793969895
2.725	-4.63750368678641	0.009465580876194746
2.735	-4.634484401997421	0.009965363546457828
2.745	-4.6315954175781595	0.009632175099615774
2.755	-4.628836981432583	0.009253551864567984
2.765	-4.626209228434211	0.00978362439363489
2.775	-4.623712180893325	0.009965363546457828
2.785	-4.62134574909772	0.009495870734998569
2.795	-4.619109731926609	0.009420146087989011
2.805	-4.617003817537111	0.010237972275692238
2.815	-4.6150275841227995	0.01007137805227121
2.825	-4.6131805007436935	0.009859349040644448
2.835	-4.61146192822706	0.009662464958419596
2.845	-4.60987112013833	0.009556450452606216
2.855	-4.6084072238213825	0.009556450452606216
2.865	-4.607069281507464	0.009798769323036801
2.875	-4.605856231491857	0.010192537487486502
2.885	-4.604766909377523	0.010010798334663564
2.895	-4.603800049384742	0.010298551993299883
2.905	-4.602954285725849	0.009435291017390922
2.915	-4.602228154044094	0.010101667911075033
2.925	-4.60162009291556	0.010313696922701796
2.935	-4.601128445413142	0.01016224762868268
2.945	-4.600751460731432	0.010328841852103707
2.955	-4.600487295871422	0.010434856357917088
2.965	-4.600334017383808	0.009632175099615774
2.975	-4.6002896031697516	0.00931413158217563
2.985	-4.600351944337789	0.010131957769878856
2.995	-4.600518847115659	0.009844204111242537
3.005	-4.600788034815725	0.0094050011585871
3.015	-4.601157149852655	0.009844204111242537
3.025	-4.601623755811976	0.009798769323036801
3.035	-4.602185339568104	0.010116812840476944
3.045	-4.602839313450437	0.009859349040644448
3.055	-4.603583017456007	0.009935073687654006
3.065	-4.604413721507238	0.00913239242935269
3.075	-4.605328627753279	0.010253117205094149
3.085	-4.606324872913358	0.009647320029017685
3.095	-4.6073995306606115	0.009617030170213862
3.105	-4.608549614044762	0.009526160593802393
3.115	-4.609772077952088	0.009677609887821507
3.125	-4.611063821600967	0.010056233122869298
3.135	-4.612421691071413	0.009874493970046359
3.145	-4.613842481866861	0.009617030170213862
3.155	-4.61532294150656	0.009935073687654006
3.165	-4.61685977214682	0.009723044676027243
3.175	-4.6184496332293925	0.009617030170213862
3.185	-4.620089144155244	0.010525725934328557
3.195	-4.621774886981947	0.009556450452606216
3.205	-4.623503409142921	0.009859349040644448
3.215	-4.625271226186751	0.010010798334663564
3.225	-4.62707482453474	0.009011232994137398
3.235	-4.628910664254941	0.009495870734998569
3.245	-4.630775181850806	0.009283841723371806
3.255	-4.632664793062668	0.009147537358754603
3.265	-4.634575895680175	0.008844638770716371
3.275	-4.636504872363885	0.008844638770716371
3.285	-4.638448093474151	0.009677609887821507
3.295	-4.640401919905471	0.009329276511577542
3.305	-4.642362705924433	0.009162682288156514
3.315	-4.644326802009435	0.009071812711745045
3.325	-4.646290557690306	0.008965798205931663
3.335	-4.648250324386005	0.00978362439363489
3.345	-4.65020245823855	0.009435291017390922
3.355	-4.652143322941322	0.009238406935166072
3.365	-4.654069292559933	0.009632175099615774
3.375	-4.655976754343815	0.00951101566440048
3.385	-4.6578621115267165	0.009420146087989011
3.395	-4.659721786114306	0.009283841723371806
3.405	-4.661552221657041	0.0094050011585871
3.415	-4.663349886006566	0.00855688511208005
3.425	-4.66511127405381	0.009420146087989011
3.435	-4.666832910447059	0.009617030170213862
3.445	-4.668511352288221	0.009617030170213862
3.455	-4.6701431918055505	0.00951101566440048
3.465	-4.671725059001124	0.009177827217558426
3.475	-4.673253624271364	0.009844204111242537
3.485	-4.674725600998908	0.008905218488324018
3.495	-4.676137748114163	0.009147537358754603
3.505	-4.677486872624916	0.009041522852941221
3.515	-4.678769832112359	0.008526595253276228
3.525	-4.67998353719193	0.00951101566440048
3.535	-4.681124953937397	0.009192972146960337
3.545	-4.682191106266633	0.008617464829687697
3.555	-4.683179078287537	0.009526160593802393
3.565	-4.684086016602628	0.008723479335501078
3.575	-4.684909132570819	0.0094050011585871
3.585	-4.685645704524915	0.009526160593802393
3.595	-4.686293079943443	0.009177827217558426
3.605	-4.686848677575409	0.009495870734998569
3.615	-4.687309989516639	0.009192972146960337
3.625	-4.687674583236365	0.009117247499950779
3.635	-4.687940103552769	0.009208117076362248
3.645	-4.688104274556236	0.008329711171051376
3.655	-4.688164901479066	0.009086957641146956
3.665	-4.688119872510511	0.009859349040644448
3.675	-4.687967160555893	0.008329711171051376
3.685	-4.687704824938775	0.008678044547295344
3.695	-4.687331013045048	0.008768914123706813
3.705	-4.686843961907909	0.008920363417725929
3.715	-4.686241999732735	0.00969275481722342
3.725	-4.685523547360845	0.009359566370381364
3.735	-4.684687119671291	0.008799203982510636
3.745	-4.683731326919718	0.008844638770716371
3.755	-4.682654876013509	0.009374711299783277
3.765	-4.681456571722351	0.008980943135333576
3.775	-4.680135317823518	0.009344421440979453
3.785	-4.678690118181093	0.009192972146960337
3.795	-4.677120077758496	0.008950653276529752
3.805	-4.6754244035636425	0.009011232994137398
3.815	-4.673602405526172	0.008541740182678139
3.825	-4.67165349730616	0.009359566370381364
3.835	-4.669577197033851	0.009859349040644448
3.845	-4.667373127979913	0.009086957641146956
3.855	-4.665041019155807	0.009632175099615774
3.865	-4.6625807058439115	0.009662464958419596
3.875	-4.659992130057046	0.009617030170213862
3.885	-4.657275340927148	0.009526160593802393
3.895	-4.654430495022833	0.008814348911912547
3.905	-4.651457856595641	0.00951101566440048
3.915	-4.648357797754869	0.010147102699280769
3.925	-4.645130798570824	0.009374711299783277
3.935	-4.641777447106488	0.009965363546457828
3.945	-4.638298439377568	0.00951101566440048
3.955	-4.634694579240952	0.009662464958419596
3.965	-4.630966778211669	0.0094050011585871
3.975	-4.6271160552084805	0.009420146087989011
3.985	-4.623143536228257	0.00929898665277372
3.995	-4.619050453949361	0.009995653405261653
4.005	-4.614838147264312	0.009874493970046359
4.015	-4.610508060742011	0.009601885240811951
4.025	-4.606061744019908	0.009859349040644448
4.035	-4.60150085112648	0.009541305523204304
4.045	-4.596827139734461	0.009268696793969895
4.055	-4.592042470345317	0.00998050847585974
4.065	-4.587148805405492	0.009874493970046359
4.075	-4.5821482083549805	0.00998050847585974
4.085	-4.5770428426088445	0.010374276640309441
4.095	-4.571834970472326	0.009556450452606216
4.105	-4.566526951990255	0.010192537487486502
4.115	-4.561121243731499	0.009617030170213862
4.125	-4.555620397509187	0.01063174044014194
4.135	-4.550027059037591	0.009859349040644448
4.145	-4.544343966526469	0.010253117205094149
4.155	-4.538573949213791	0.010298551993299883
4.165	-4.532719925837782	0.010904349169376347
4.175	-4.526784903049242	0.010041088193467386
4.185	-4.520771973765175	0.010313696922701796
4.195	-4.51468431546475	0.011510146345452811
4.205	-4.508525188428703	0.010495436075524734
4.215	-4.5022979339232725	0.010419711428515176
4.225	-4.496005972329843	0.011086088322199287
4.235	-4.489652801221479	0.010813479592964878
4.245	-4.483241993387555	0.010813479592964878
4.255	-4.4767771948077595	0.009965363546457828
4.265	-4.47026212257673	0.011161812969208845
4.275	-4.463700562780664	0.011146668039806932
4.285	-4.457096368327213	0.011055798463395463
4.295	-4.450453456730077	0.011479856486648989
4.305	-4.4437758078496605	0.012085653662725451
4.315	-4.437067461591242	0.012237102956744567
4.325	-4.430332515562116	0.011358697051433695
4.335	-4.423575122689159	0.012009929015715893
4.345	-4.41679948879837	0.011994784086313982
4.355	-4.410009870157859	0.01160101592186428
4.365	-4.403210570985884	0.012267392815548391
4.375	-4.396405940925478	0.011813044933491043
4.385	-4.389600372487265	0.012115943521529275
4.395	-4.382798298462093	0.01196449422751016
4.405	-4.376004189305074	0.012312827603754125
4.415	-4.369222550492735	0.012055363803921628
4.425	-4.362457919854889	0.012752030556409562
4.435	-4.355714864882943	0.012100798592127364
4.445	-4.3489979800163185	0.013085219003251616
4.455	-4.342311883908691	0.012676305909400004
4.465	-4.335661216675772	0.012509711685978976
4.475	-4.329050637126367	0.012237102956744567
4.485	-4.322484819978429	0.013372972661887937
4.495	-4.315968453061878	0.013433552379495584
4.505	-4.309506234509921	0.013357827732486026
4.515	-4.303102869940658	0.013372972661887937
4.525	-4.296763069630712	0.014327103214208367
4.535	-4.290491545682678	0.013857610402749108
4.545	-4.284293009188149	0.012873189991624855
4.555	-4.278172167388103	0.013418407450093673
4.565	-4.272133720832434	0.01369101617932808
4.575	-4.266182360540386	0.01310036393265353
4.585	-4.260322765163675	0.013721306038131905
4.595	-4.254559598154078	0.014357393073012191
4.605	-4.248897504937246	0.013085219003251616
4.615	-4.243341110094519	0.014630001802246599
4.625	-4.237895014554474	0.014024204626170135
4.635	-4.2325637927959985	0.01464514673164851
4.645	-4.227351990064594	0.01378188575573955
4.655	-4.2222641196036665	0.01453913222583513
4.665	-4.217304659902522	0.014630001802246599
4.675	-4.212478051962772	0.014357393073012191
4.685	-4.207788696584859	0.014357393073012191
4.695	-4.203240951676381	0.014372538002414103
4.705	-4.1988391295839005	0.013933335049758666
4.715	-4.194587494449862	0.015629567142772766
4.725	-4.190490259596303	0.01367587124992617
4.735	-4.18655158493694	0.014751161237461893
4.745	-4.182775574419252	0.014569422084638952
4.755	-4.179166273498147	0.013433552379495584
4.765	-4.175727666642759	0.015160074331313505
4.775	-4.172463674877938	0.01482688588447145
4.785	-4.169378153361919	0.014584567014040865
4.795	-4.166474889001716	0.01549326277815556
4.805	-4.163757598107643	0.014130219131983517
4.815	-4.161229924088474	0.014660291661050423
4.825	-4.1588954351886125	0.014690581519854246
4.835	-4.156757622268683	0.015175219260715416
4.845	-4.154819896630906	0.014766306166863804
4.855	-4.1530855878905895	0.014872320672677184
4.865	-4.151557941895026	0.01538724827234218
4.875	-4.150240118691101	0.015432683060547915
4.885	-4.149135190542827	0.015705291789782323
4.895	-4.148246140000024	0.014675436590452335
4.905	-4.147575858019319	0.01641710347167217
4.915	-4.147127142138625	0.0150237699666963
4.925	-4.146902694706174	0.015144929401911594
4.935	-4.146905121165231	0.015568987425165118
4.945	-4.147136928395463	0.015356958413538357
4.955	-4.147600523112031	0.01643224840107408
4.965	-4.148298210323313	0.015629567142772766
4.975	-4.149232191848236	0.01529637869593071
4.985	-4.150404564894069	0.01625050924825114
4.995	-4.151817320695542	0.01444826264942366
5.005	-4.153472343216117	0.015372103342940268
5.015	-4.15537140791216	0.015326668554734533
5.025	-4.1575161805607665	0.014751161237461893
5.035	-4.159908216151917	0.015432683060547915
5.045	-4.162548957845626	0.015341813484136444
5.055	-4.1654397359946875	0.015099494613705858
5.065	-4.168581767233598	0.014508842367031307
5.075	-4.171976153634152	0.014190798849591164
5.085	-4.175623881928237	0.014781451096265715
5.095	-4.179525822798237	0.015069204754902036
5.105	-4.183682730235455	0.014872320672677184
5.115	-4.188095240966917	0.014584567014040865
5.125	-4.192763873950846	0.01453913222583513
5.135	-4.1976890299411105	0.015281233766528799
5.145	-4.2028709911208395	0.01378188575573955
5.155	-4.2083099208054096	0.014251378567198809
5.165	-4.214005863214926	0.015447827989949826
5.175	-4.219958743316301	0.014902610531481009
5.185	-4.226168366734981	0.01453913222583513
5.195	-4.232634419736316	0.013933335049758666
5.205	-4.239356469276554	0.014508842367031307
5.215	-4.246333963123362	0.014342248143610278
5.225	-4.253566230045758	0.013857610402749108
5.235	-4.261052480073282	0.013872755332151019
5.245	-4.268791804824195	0.013903045190954843
5.255	-4.276783177902458	0.013327537873682202
5.265	-4.285025455363175	0.012964059568036325
5.275	-4.293517376246176	0.012903479850428678
5.285	-4.302257563177353	0.012464276897773241
5.295	-4.311244523037316	0.01320637843846691
5.305	-4.32047664769691	0.013615291532318522
5.315	-4.329952214819072	0.012873189991624855
5.325	-4.339669388726493	0.012115943521529275
5.335	-4.349626221334476	0.011919059439304424
5.345	-4.359820653148369	0.012646016050596181
5.355	-4.370250514324898	0.012403697180165596
5.365	-4.380913525796675	0.013009494356242058
5.375	-4.391807300459161	0.012025073945117806
5.385	-4.402929344419249	0.012509711685978976
5.395	-4.414277058304686	0.01197963915691207
5.405	-4.425847738633415	0.012176523239136922
5.415	-4.4376385792419955	0.011313262263227961
5.425	-4.449646672772114	0.012191668168538833
5.435	-4.461869012214216	0.012433987038969418
5.445	-4.474302492507286	0.011919059439304424
5.455	-4.486943912193669	0.010995218745787816
5.465	-4.499789975127924	0.011373841980835606
5.475	-4.512837292238534	0.01063174044014194
5.485	-4.526082383341376	0.010858914381170613
5.495	-4.539521679003742	0.011282972404424137
5.505	-4.553151522457725	0.010025943264065475
5.515	-4.56696817156174	0.010192537487486502
5.525	-4.580967800808873	0.009662464958419596
5.535	-4.595146503380805	0.009556450452606216
5.545	-4.609500293246004	0.009480725805596658
5.555	-4.624025107300749	0.01054087086373047
5.565	-4.638716807551735	0.009556450452606216
5.575	-4.6535711833387445	0.008784059053108724
5.585	-4.668583953596056	0.0094050011585871
5.595	-4.68375076915107	0.009495870734998569
5.605	-4.699067215058743	0.009041522852941221
5.615	-4.7145288129702925	0.009329276511577542
5.625	-4.7301310235346925	0.008572030041481962
5.635	-4.745869248831436	0.008768914123706813
5.645	-4.761738834832978	0.008799203982510636
5.655	-4.77773507389535	0.007769348783180648
5.665	-4.79385320727531	0.008814348911912547
5.675	-4.810088427672489	0.007920798077199764
5.685	-4.826435881794877	0.007845073430190206
5.695	-4.842890672946041	0.007390725548132858
5.705	-4.859447863632461	0.0070878269600946255
5.715	-4.876102478189317	0.007436160336338592
5.725	-4.892849505423058	0.007072682030692714
5.735	-4.909683901269133	0.006996957383683156
5.745	-4.926600591463175	0.007436160336338592
5.755	-4.943594474223957	0.006603189219233455
5.765	-4.960660422946472	0.006482029784018162
5.775	-4.977793288903419	0.007208986395309918
5.785	-4.9949879039533815	0.006890942877869775
5.795	-5.0122390832540775	0.006406305137008604
5.805	-5.029541627978907	0.006800073301458306
5.815	-5.046890328035135	0.005936812325549345
5.825	-5.064279964782029	0.006103406548970372
5.835	-5.081705313747227	0.0064971747134200735
5.845	-5.099161147339666	0.006678913866243013
5.855	-5.1166422375573815	0.005936812325549345
5.865	-5.13414335868849	0.005633913737511113
5.875	-5.151659290003709	0.005558189090501555
5.885	-5.169184818438685	0.005739928243324494
5.895	-5.1867147412645584	0.005346160078874793
5.905	-5.204243868745041	0.00551275430229582
5.915	-5.221767026778396	0.0052401455730614116
5.925	-5.239279059522722	0.005482464443491997
5.935	-5.256774832002878	0.004876667267415533
5.945	-5.274249232697475	0.004906957126219356
5.955	-5.291697176104358	0.0053764499376786155
5.965	-5.309113605282997	0.004528333891171567
5.975	-5.326493494372227	0.004740362902798329
5.985	-5.343831851081815	0.004543478820573478
5.995	-5.361123719156333	0.005058406420238472
6.005	-5.378364180809853	0.0041951454443295115
6.015	-5.395548359129962	0.004134565726721865
6.025	-5.412671420449666	0.004725217973396418
6.035	-5.4297285766857355	0.004058841079712307
6.045	-5.446715087642103	0.004164855585525688
6.055	-5.463626263276918	0.004286015020740981
6.065	-5.480457465931893	0.004058841079712307
6.075	-5.497204112522615	0.004058841079712307
6.085	-5.5138616766885225	0.0037407975622721634
6.095	-5.5304256909012715	0.0037105077034683405
6.105	-5.546891748530225	0.00351362362124349
6.115	-5.563255505863851	0.003649927985860694
6.125	-5.579512684085862	0.0037862323504778985
6.135	-5.595659071204905	0.003180435174401435
6.145	-5.611690523936677	0.003437898974233932
6.155	-5.62760296953742	0.003831667138683633
6.165	-5.643392407587644	0.0033773192566262855
6.175	-5.6590549117251365	0.0031501453155976114
6.185	-5.67458663132622	0.0038165222092817214
6.195	-5.689983793134291	0.0034076091154301084
6.205	-5.705242702834747	0.0029986960215784954
6.215	-5.720359746575379	0.003089565597989965
6.225	-5.73533139243142	0.0033015946096167275
6.235	-5.750154191814387	0.0029986960215784954
6.245	-5.764824780823973	0.003241014892009081
6.255	-5.779339881542251	0.002938116303970849
6.265	-5.793696303269462	0.0026352177159326175
6.275	-5.807890943700749	0.003013840950980407
6.285	-5.821920790043221	0.0027260872923440867
6.295	-5.835782920072744	0.002347464057296297
6.305	-5.849474503129924	0.0029532612333727608
6.315	-5.862992801054798	0.0027412322217459984
6.325	-5.87633516905974	0.0028018119393536448
6.335	-5.889499056540197	0.00275637715114791
6.345	-5.902482007822858	0.0028775365863632028
6.355	-5.9152816628509095	0.002498913351315413
6.365	-5.9278957578061044	0.002529203210119236
6.375	-5.940322125667386	0.003104710527391877
6.385	-5.952558696705837	0.0026655075747364404
6.395	-5.96460349891581	0.0027412322217459984
6.405	-5.976454658382094	0.00275637715114791
6.415	-5.988110399583034	0.002196014763277181
6.425	-5.9995690456295865	0.0025594930689230595
6.435	-6.010829018440258	0.00237775391610012
6.445	-6.0218888388520275	0.0026200727865307058
6.455	-6.032747126667289	0.0022111596926790928
6.465	-6.043402600636973	0.0023323191278943854
6.475	-6.0538540783800014	0.0023171741984924737
6.485	-6.064100476239274	0.0026503626453345287
6.495	-6.074140809074462	0.0021505799750714464
6.505	-6.08397418999189	0.001862826316435126
6.515	-6.093599830011835	0.0022565944808848274
6.525	-6.103017037673622	0.0023171741984924737
6.535	-6.112225218578941	0.0019991306810523304
6.545	-6.121223874873832	0.0022111596926790928
6.555	-6.130012604669827	0.0025140582807173244
6.565	-6.138591101404806	0.0021505799750714464
6.575	-6.146959153144129	0.002302029269090562
6.585	-6.155116641822657	0.0019839857516504187
6.595	-6.16306354242832	0.0021051451868657114
6.605	-6.170799922127934	0.002196014763277181
6.615	-6.178325939335965	0.0020294205398561534
6.625	-6.185641842727037	0.0018173915282293912
6.635	-6.1927479701929835	0.0019082611046408607
6.645	-6.199644747745253	0.0021505799750714464
6.655	-6.206332688363579	0.0021354350456695348
6.665	-6.2128123907917985	0.002196014763277181
6.675	-6.219084538281776	0.0018931161752389492
6.685	-6.225149897286405	0.002044565469258065
6.695	-6.231009316102692	0.0020597103986599767
6.705	-6.236663723465973	0.0019385509634446839
6.715	-6.242114127096341	0.001832536457631303
6.725	-6.24736161219837	0.001635652375406452
6.735	-6.252407339915285	0.0019234060340427724
6.745	-6.257252545738746	0.001968840822248507
6.755	-6.261898537875426	0.0016205074460045406
6.765	-6.266346695571607	0.0018779712458370376
6.775	-6.270598467397051	0.0018173915282293912
6.785	-6.274655369489409	0.0017416668812198332
6.795	-6.278518983760461	0.001787101669425568
6.805	-6.282190956065536	0.0020294205398561534
6.815	-6.28567299433743	0.001756811810621745
6.825	-6.288966866686202	0.0015902175872007174
6.835	-6.292074399466245	0.001953695892846596
6.845	-6.294997475312039	0.00171137702241601
6.855	-6.297738031144009	0.0019385509634446839
6.865	-6.30029805614595	0.0018476813870332144
6.875	-6.302679589715495	0.0016053625166026289
6.885	-6.304884719389071	0.0018476813870332144
6.895	-6.306915578742906	0.001953695892846596
6.905	-6.30877434527154	0.001832536457631303
6.915	-6.310463238245418	0.0015144929401911594
6.925	-6.311984516549079	0.0018779712458370376
6.935	-6.313340476501506	0.0019385509634446839
6.945	-6.314533449660207	0.001862826316435126
6.955	-6.315565800610586	0.0017265219518179217
6.965	-6.3164399247422125	0.002014275610454242
6.975	-6.317158246013548	0.0018779712458370376
6.985	-6.317723214706764	0.0017416668812198332
6.995	-6.318137305174228	0.0015902175872007174
7.005	-6.318403013578276	0.00171137702241601
7.015	-6.318522855625878	0.001832536457631303
7.025	-6.31849936429983	0.001681087163612187
7.035	-6.31833508758805	0.002271739410286739
7.045	-6.318032586212631	0.0018931161752389492
7.055	-6.317594431360244	0.00171137702241601
7.065	-6.317023202415509	0.001681087163612187
7.075	-6.316321484698944	0.00171137702241601
7.085	-6.315491867211103	0.0016053625166026289
7.095	-6.314536940384476	0.0015447827989949826
7.105	-6.313459293844799	0.0017719567400236564
7.115	-6.312261514183296	0.0015750726577988057
7.125	-6.310946182741486	0.0018931161752389492
7.135	-6.30951587341008	0.0019234060340427724
7.145	-6.307973150443567	0.0017416668812198332
7.155	-6.306320566292005	0.0019234060340427724
7.165	-6.304560659451556	0.001787101669425568
7.175	-6.3026959523353145	0.0016053625166026289
7.185	-6.300728949165887	0.0020294205398561534
7.195	-6.298662133891256	0.001756811810621745
7.205	-6.296497968125381	0.0015902175872007174
7.215	-6.29423888911501	0.0017416668812198332
7.225	-6.2918873077341	0.0018931161752389492
7.235	-6.289445606507334	0.0019991306810523304
7.245	-6.2869161376640506	0.0014842030813873362
7.255	-6.284301221224039	0.0019385509634446839
7.265	-6.281603143116498	0.001635652375406452
7.275	-6.27882415333353	0.0021051451868657114
7.285	-6.275966464119437	0.0015902175872007174
7.295	-6.273032248197151	0.0017416668812198332
7.305	-6.270023637033014	0.0016659422342102752
7.315	-6.266942719141146	0.002044565469258065
7.325	-6.263791538428633	0.0020294205398561534
7.335	-6.2605720925826605	0.0018173915282293912
7.345	-6.257286331500787	0.0020748553280618884
7.355	-6.253936155765432	0.001862826316435126
7.365	-6.250523415163697	0.001862826316435126
7.375	-6.247049907253544	0.0022111596926790928
7.385	-6.243517375977381	0.0021505799750714464
7.395	-6.239927510324019	0.0020900002574638
7.405	-6.2362819430399705	0.0018779712458370376
7.415	-6.2325822493910135	0.0019082611046408607
7.425	-6.228829945974891	0.001862826316435126
7.435	-6.225026489586014	0.0019082611046408607
7.445	-6.221173276132989	0.001968840822248507
7.455	-6.217271639609719	0.002044565469258065
7.465	-6.213322851120861	0.001787101669425568
7.475	-6.209328117962311	0.002014275610454242
7.485	-6.205288582757413	0.0021354350456695348
7.495	-6.201205322649493	0.0018173915282293912
7.505	-6.197079348551329	0.001787101669425568
7.515	-6.192911604452104	0.0017719567400236564
7.525	-6.188702966782343	0.0017416668812198332
7.535	-6.184454243837327	0.0019839857516504187
7.545	-6.180166175259381	0.0018779712458370376
7.555	-6.1758394315794725	0.0019839857516504187
7.565	-6.171474613818425	0.0022263046220810045
7.575	-6.167072253148099	0.002196014763277181
7.585	-6.162632810612756	0.0021354350456695348
7.595	-6.158156676910897	0.002014275610454242
7.605	-6.153644172237694	0.002196014763277181
7.615	-6.149095546188205	0.0021051451868657114
7.625	-6.144510977721453	0.002423188704305855
7.635	-6.139890575185426	0.0021808698338752694
7.645	-6.135234376403028	0.001832536457631303
7.655	-6.13054234881894	0.002120290116267623
7.665	-6.125814389707337	0.0020597103986599767
7.675	-6.121050326440336	0.0022111596926790928
7.685	-6.116249916817047	0.002302029269090562
7.695	-6.111412849453005	0.0024383336337077664
7.705	-6.106538744229771	0.0021051451868657114
7.715	-6.101627152804406	0.002044565469258065
7.725	-6.0966775591785245	0.002044565469258065
7.735	-6.091689380326531	0.002014275610454242
7.745	-6.086661966882676	0.0021354350456695348
7.755	-6.081594603886465	0.002302029269090562
7.765	-6.076486511585941	0.0021808698338752694
7.775	-6.07133684629833	0.0022414495514829157
7.785	-6.06614470132747	0.0020900002574638
7.795	-6.06090910793743	0.0024383336337077664
7.805	-6.055629036381674	0.0024686234925115898
7.815	-6.050303396987094	0.002498913351315413
7.825	-6.044931041292173	0.0026503626453345287
7.835	-6.0395107632385585	0.002196014763277181
7.845	-6.034041300415202	0.002347464057296297
7.855	-6.028521335354278	0.002271739410286739
7.865	-6.022949496877984	0.002498913351315413
7.875	-6.017324361495319	0.0021657249044733577
7.885	-6.011644454847929	0.0025140582807173244
7.895	-6.005908253203993	0.002120290116267623
7.905	-6.000114184999192	0.0021808698338752694
7.915	-5.9942606324236944	0.0026352177159326175
7.925	-5.988345933054065	0.0027260872923440867
7.935	-5.982368381529028	0.002907826445167026
7.945	-5.97632623126791	0.0025594930689230595
7.955	-5.970217696230626	0.0027412322217459984
7.965	-5.96404095271796	0.0023928988455020317
7.975	-5.9577941412109645	0.0024837684219135014
7.985	-5.951475368248186	0.0025746379983249707
7.995	-5.945082708339449	0.0027260872923440867
8.005	-5.938614205914856	0.002604927857128794
8.015	-5.932067877307718	0.003028985880382319
8.025	-5.925441712769995	0.0026200727865307058
8.035	-5.918733678518898	0.0026200727865307058
8.045	-5.911941718813226	0.0026503626453345287
8.055	-5.905063758057999	0.0028775365863632028
8.065	-5.898097702935946	0.002907826445167026
8.075	-5.891041444564363	0.00275637715114791
8.085	-5.883892860675847	0.0028169568687555564
8.095	-5.876649817821399	0.0024686234925115898
8.105	-5.869310173594339	0.002347464057296297
8.115	-5.8618717788735335	0.0025897829277268824
8.125	-5.854332480084311	0.002938116303970849
8.135	-5.846690121475542	0.0029684061627746725
8.145	-5.838942547411255	0.003013840950980407
8.155	-5.831087604675194	0.003241014892009081
8.165	-5.823123144786707	0.0028775365863632028
8.175	-5.8150470263263365	0.002983551092176584
8.185	-5.806857117269473	0.003089565597989965
8.195	-5.798551297326415	0.003089565597989965
8.205	-5.790127460287212	0.003089565597989965
8.215	-5.781583516369613	0.0030744206685880534
8.225	-6.197753817900278	0.0019082611046408607
8.235	-6.188772349619066	0.0018779712458370376
8.245	-6.179664627170009	0.002453478563109678
8.255	-6.170428649964975	0.002044565469258065
8.265	-6.161062445571567	0.0021505799750714464
8.275	-6.151564072044667	0.0021505799750714464
8.285	-6.141931620249442	0.0025140582807173244
8.295	-6.132163216174071	0.0019839857516504187
8.305	-6.122257023230579	0.0024383336337077664
8.315	-6.112211244542078	0.0021051451868657114
8.325	-6.102024125214799	0.0016962320930140986
8.335	-6.091693954593235	0.0022263046220810045
8.345	-6.081219068496786	0.0022414495514829157
8.355	-6.070597851436229	0.002196014763277181
8.365	-6.059828738808465	0.0025140582807173244
8.375	-6.0489102190678565	0.0025897829277268824
8.385	-6.037840835872623	0.00237775391610012
8.395	-6.026619190204662	0.002347464057296297
8.405	-6.015243942461272	0.0028775365863632028
8.415	-6.003713814517174	0.0029684061627746725
8.425	-5.992027591755358	0.0021808698338752694
8.435	-5.9801841250651675	0.0025897829277268824
8.445	-5.968182332806169	0.002529203210119236
8.455	-5.9560212027363155	0.0026352177159326175
8.465	-5.943699793902934	0.002771522080549822
8.475	-5.931217238495099	0.002938116303970849
8.485	-5.918572743655996	0.0031350003861956998
8.495	-5.905765593253848	0.0026352177159326175
8.505	-5.892795149610066	0.0029229713745689374
8.515	-5.879660855183284	0.00284724672755938
8.525	-5.866362234207904	0.0027412322217459984
8.535	-5.852898894285967	0.0032107250332052578
8.545	-5.8392705279309665	0.0030592757391861417
8.555	-5.8254769140624765	0.003028985880382319
8.565	-5.811517919450326	0.0032864496802148158
8.575	-5.797393500107167	0.002907826445167026
8.585	-5.783103702628301	0.0032864496802148158
8.595	-5.768648665477662	0.0028018119393536448
8.605	-5.754028620218836	0.002983551092176584
8.615	-5.739243892690127	0.0035590584094492245
8.625	-5.7242949041226545	0.003604493197654959
8.635	-5.709182172200457	0.0033773192566262855
8.645	-5.693906312061737	0.003013840950980407
8.655	-5.678468037240293	0.0029532612333727608
8.665	-5.662868160546302	0.003256159821410993
8.675	-5.647107594885605	0.003392464186028197
8.685	-5.631187354016747	0.003104710527391877
8.695	-5.61510855324496	0.003695362774066429
8.705	-5.598872410052432	0.003755942491674075
8.715	-5.58248024466418	0.0033318844684205504
8.725	-5.565933480548887	0.00380137727987981
8.735	-5.549233644854102	0.004255725161937157
8.745	-5.532382368775295	0.0041194207973199535
8.755	-5.515381387858223	0.004164855585525688
8.765	-5.498232542234176	0.003998261362104661
8.775	-5.4809377767876235	0.004225435303133335
8.785	-5.463499141255967	0.004013406291506572
8.795	-5.445918790260996	0.00446775417356392
8.805	-5.428198983271774	0.004407174455956273
8.815	-5.410342084498727	0.00446775417356392
8.825	-5.3923505627186845	0.004604058538181124
8.835	-5.374226991030763	0.0047100730439945055
8.845	-5.355974046542938	0.005255290502463323
8.855	-5.337594509989263	0.004619203467583036
8.865	-5.319091265277654	0.00484637740861171
8.875	-5.300467298968324	0.004573768679377302
8.885	-5.2817256996829	0.005391594867080528
8.895	-5.262869657444289	0.005118986137846119
8.905	-5.243902462947514	0.005255290502463323
8.915	-5.224827506761675	0.005664203596314936
8.925	-5.205648278463253	0.00551275430229582
8.935	-5.186368365701112	0.005739928243324494
8.945	-5.166991453193431	0.005543044161099644
8.955	-5.147521321657055	0.005951957254951256
8.965	-5.127961846669546	0.0059065224667455216
8.975	-5.108316997464514	0.006027681901960814
8.985	-5.0885908356606855	0.006133696407774196
8.995	-5.068787513925214	0.006209421054783754
9.005	-5.04891127457191	0.007178696536506096
9.015	-5.028966448094951	0.006512319642821986
9.025	-5.008957451638786	0.006542609501625808
9.035	-4.988888787404923	0.007208986395309918
9.045	-4.968765040996422	0.006724348654448748
9.055	-4.9485908797007765	0.007299855971721388
9.065	-4.92837105071216	0.0070878269600946255
9.075	-4.908110379293841	0.007436160336338592
9.085	-4.887813766881672	0.007269566112917565
9.095	-4.867486189129699	0.007633044418563443
9.105	-4.847132693898785	0.007814783571386383
9.115	-4.826758399189383	0.007875363288994028
9.125	-4.806368491019457	0.007345290759927123
9.135	-4.785968221248715	0.00817826187703226
9.145	-4.765562905350292	0.008284276382845642
9.155	-4.7451579201310246	0.00855688511208005
9.165	-4.724758701401613	0.008541740182678139
9.175	-4.704370741597872	0.00913239242935269
9.185	-4.683999587354361	0.009071812711745045
9.195	-4.66365083703173	0.009707899746625332
9.205	-4.643330138199133	0.009329276511577542
9.215	-4.623043185073084	0.009677609887821507
9.225	-4.602795715914163	0.009813914252438712
9.235	-4.5825935103830595	0.00969275481722342
9.245	-4.5624423868573345	0.01035913171090753
9.255	-4.542348199710506	0.010525725934328557
9.265	-4.522316836554943	0.010010798334663564
9.275	-4.502354215450054	0.010404566499113265
9.285	-4.482466282077484	0.010919494098778258
9.295	-4.462659006884799	0.010889204239974436
9.305	-4.442938382199356	0.01160101592186428
9.315	-4.423310419313969	0.012267392815548391
9.325	-4.403781145546051	0.011707030427677663
9.335	-4.3843566012719455	0.01234311746255795
9.345	-4.36504283693811	0.012131088450931186
9.355	-4.345845910050887	0.013282103085476468
9.365	-4.326771882146659	0.012964059568036325
9.375	-4.307826815744075	0.012767175485811473
9.385	-4.289016771280165	0.014493697437629394
9.395	-4.270347804032114	0.013645581391122347
9.405	-4.251825961026502	0.014205943778993075
9.415	-4.23345727793782	0.01481174095506954
9.425	-4.215247775978094	0.01443311772002175
9.435	-4.197203458779431	0.015750726577988056
9.445	-4.179330309271326	0.01520550911951924
9.455	-4.161634286554616	0.015599277283968942
9.465	-4.144121322773884	0.01529637869593071
9.475	-4.126797319990207	0.01588703094260526
9.485	-4.109668147056086	0.01643224840107408
9.495	-4.092739636494443	0.015644712072174678
9.505	-4.076017581383533	0.016189929530643493
9.515	-4.059507732249668	0.01662913248329893
9.525	-4.0432157939695506	0.017749857259040387
9.535	-Inf	0.0
9.545	-Inf	0.0
9.555	-Inf	0.0
9.565	-Inf	0.0
9.575	-Inf	0.0
9.585	-Inf	0.0
9.595	-Inf	0.0
9.605	-Inf	0.0
9.615	-Inf	0.0
9.625	-Inf	0.0
9.635	-Inf	0.0
9.645	-Inf	0.0
9.655	-Inf	0.0
9.665	-Inf	0.0
9.675	-Inf	0.0
9.685	-Inf	0.0
9.695	-Inf	0.0
9.705	-Inf	0.0
9.715	-Inf	0.0
9.725	-Inf	0.0
9.735	-Inf	0.0
9.745	-Inf	0.0
9.755	-Inf	0.0
9.765	-Inf	0.0
9.775	-Inf	0.0
9.785	-Inf	0.0
9.795	-Inf	0.0
9.805	-Inf	0.0
9.815	-Inf	0.0
9.825	-Inf	0.0
9.835	-Inf	0.0
9.845	-Inf	0.0
9.855	-Inf	0.0
9.865	-Inf	0.0
9.875	-Inf	0.0
9.885	-Inf	0.0
9.895	-Inf	0.0
9.905	-Inf	0.0
9.915	-Inf	0.0
9.925	-Inf	0.0
9.935	-Inf	0.0
9.945	-Inf	0.0
9.955	-Inf	0.0
9.965	-Inf	0.0
9.975	-Inf	0.0
9.985	-Inf	0.0
9.995	-Inf	0.0
