0.005	-Inf	0.0
0.015	-Inf	0.0
0.025	-Inf	0.0
0.035	-Inf	0.0
0.045	-Inf	0.0
0.055	-Inf	0.0
0.065	-Inf	0.0
0.075	-Inf	0.0
0.085	-Inf	0.0
0.095	-Inf	0.0
0.105	-Inf	0.0
0.115	-Inf	0.0
0.125	-Inf	0.0
0.135	-Inf	0.0
0.145	-Inf	0.0
0.155	-Inf	0.0
0.165	-Inf	0.0
0.175	-Inf	0.0
0.185	-Inf	0.0
0.195	-Inf	0.0
0.205	-Inf	0.0
0.215	-Inf	0.0
0.225	-Inf	0.0
0.235	-Inf	0.0
0.245	-Inf	0.0
0.255	-Inf	0.0
0.265	-Inf	0.0
0.275	-Inf	0.0
0.285	-Inf	0.0
0.295	-Inf	0.0
0.305	-Inf	0.0
0.315	-Inf	0.0
0.325	-Inf	0.0
0.335	-Inf	0.0
0.345	-Inf	0.0
0.355	-Inf	0.0
0.365	-Inf	0.0
0.375	-Inf	0.0
0.385	-Inf	0.0
0.395	-Inf	0.0
0.405	-Inf	0.0
0.415	-Inf	0.0
0.425	-Inf	0.0
0.435	-Inf	0.0
0.445	-Inf	0.0
0.455	-Inf	0.0
0.465	-Inf	0.0
0.475	-Inf	0.0
0.485	-Inf	0.0
0.495	-Inf	0.0
0.505	-Inf	0.0
0.515	-Inf	0.0
0.525	-Inf	0.0
0.535	-Inf	0.0
0.545	-Inf	0.0
0.555	-Inf	0.0
0.565	-Inf	0.0
0.575	-Inf	0.0
0.585	-Inf	0.0
0.595	-Inf	0.0
0.605	-Inf	0.0
0.615	-Inf	0.0
0.625	-Inf	0.0
0.635	-Inf	0.0
0.645	-Inf	0.0
0.655	-Inf	0.0
0.665	-Inf	0.0
0.675	-Inf	0.0
0.685	-Inf	0.0
0.695	-Inf	0.0
0.705	-Inf	0.0
0.715	-Inf	0.0
0.725	-Inf	0.0
0.735	2.8697572139878993	2.1412512096945915
0.745	2.867342681575104	2.0970487123269166
0.755	2.8646015914283307	2.050202876246224
0.765	2.8615342224635465	2.0318463574058274
0.775	2.8581410006419397	1.9469658142878332
0.785	2.854422498626241	1.9980703627394976
0.795	2.8503794353682093	1.9327211556676853
0.805	2.8460126756275717	1.8847005023812078
0.815	2.841323229422792	1.8694278787059977
0.825	2.8363122514140127	1.8264001985441078
0.835	2.8309810402186075	1.7804354753677545
0.845	2.8253310376597742	1.7152331204466655
0.855	2.8193638279486484	1.7261001796001805
0.865	2.813081136800451	1.6315273945344568
0.875	2.8064848304852115	1.645331496702435
0.885	2.7995769148136347	1.5933458353464316
0.895	2.7923595340587255	1.6021569643898221
0.905	2.7848349698138017	1.5425349911962136
0.915	2.7770056397875718	1.5346049750571622
0.925	2.7688740965369627	1.501416388993725
0.935	2.7604430261384394	1.4664655771216097
0.945	2.7517152467985646	1.4138925071627138
0.955	2.7426937074045927	1.3868717114296498
0.965	2.733381486015911	1.3923052410064072
0.975	2.7237817882971673	1.3259280688795327
0.985	2.713897945893966	1.2717396252626818
0.995	2.703733414752021	1.2830472408683662
1.005	2.6932917733807042	1.2657186870830317
1.015	2.6825767210619205	1.1958170633388012
1.025	2.671592076005312	1.2036002273271293
1.035	2.66034177345077	1.16013199071307
1.045	2.6488298637193033	1.1580760606029457
1.055	2.6370605102132947	1.1002163132180154
1.065	2.6250379873672296	1.0894961062152235
1.075	2.612766678549993	1.0730486653342282
1.085	2.60025107391985	1.0568949287546792
1.095	2.587495768233254	0.997566659862517
1.105	2.574505458608636	0.9994757378219183
1.115	2.5612849422463677	0.9739234635960862
1.125	2.5478391141060834	0.9353013479558915
1.135	2.5341729645425937	0.9041686920025788
1.145	2.520291576901622	0.8903645898346004
1.155	2.506200125076617	0.8724486274463733
1.165	2.4919038710279118	0.8681899150754012
1.175	2.477408162265524	0.8360292940670263
1.185	2.4627184292968924	0.8041623773600977
1.195	2.447840183040864	0.8138546193078271
1.205	2.4327790122092754	0.7596661756909762
1.215	2.417540580657463	0.7645122966648409
1.225	2.402130624705049	0.7250090681203072
1.235	2.386554950428401	0.690939369152531
1.245	2.3708194309261077	0.6894708476452992
1.255	2.3549300035588883	0.6835967616163723
1.265	2.3388926671653127	0.6800723099990161
1.275	2.3227134792547646	0.6245621970256565
1.285	2.306398553179027	0.5956323233331914
1.295	2.2899540552839523	0.5863806378376315
1.305	2.2733862020426137	0.5891708287013717
1.315	2.2567012571713843	0.554660573281426
1.325	2.239905528730385	0.5410033232641709
1.335	2.2230053662097413	0.5639122587769859
1.345	2.2060071576030897	0.5238216216295596
1.355	2.1889173264697876	0.5138356753803838
1.365	2.1717423289872855	0.5150104925861692
1.375	2.1544886509950842	0.4879896968531053
1.385	2.137162805031768	0.4633185355316122
1.395	2.119771327366532	0.463171683380889
1.405	2.102320775026664	0.4515703634737583
1.415	2.0848177228224376	0.42631179354937243
1.425	2.0672687603708457	0.42308104623346265
1.435	2.0496804891196256	0.40531193599595866
1.445	2.0320595193730058	0.4188223338624906
1.455	2.0144124673206174	0.39591339834967554
1.465	1.9967459520709714	0.3895987558685791
1.475	1.9790665926909594	0.35347312679067844
1.485	1.9613810052527472	0.34715848430958196
1.495	1.9436957998894935	0.35288571818778575
1.505	1.9260175778612825	0.3499486751733223
1.515	1.9083529286326508	0.3396690246227001
1.525	1.8907084269630832	0.3139698982461448
1.535	1.873090630011857	0.31117970738240447
1.545	1.85550607445856	0.3139698982461448
1.555	1.837961273640661	0.2964944923100871
1.565	1.8204627147094188	0.286214841759465
1.575	1.8030168558054784	0.29032670197971383
1.585	1.7856301232554344	0.27608204335956604
1.595	1.7683089087906614	0.2666835057132829
1.605	1.7510595667896651	0.2737324089479953
1.615	1.7338884115452189	0.26594924495966704
1.625	1.7168017145575296	0.23584455406141652
1.635	1.6998057018546329	0.2458305003105923
1.645	1.6829065513412322	0.23320121534839938
1.655	1.666110390177177	0.23114528523827496
1.665	1.649423292186711	0.22013137393403695
1.675	1.6328512752996716	0.21190765349353924
1.685	1.616400299025749	0.2170474787688503
1.695	1.6000762619629008	0.195607064763267
1.705	1.5838849993410182	0.20647412391678183
1.715	1.5678322806019105	0.2077957932732904
1.725	1.5519238070166246	0.19325743035169624
1.735	1.5361652093411369	0.20324337660087202
1.745	1.520562045511404	0.23466973685563114
1.755	1.5051197983787359	0.2530262556960278
1.765	1.4898438734864552	0.27211703529004033
1.775	1.4747395968887422	0.2800470514290917
1.785	1.4598122130125732	0.31235452458818985
1.795	1.4450668825636361	0.3332075299908805
1.805	1.4305086804770433	0.3785848445643411
1.815	1.4161425939136774	0.3975287720076305
1.825	1.4019735203029788	0.419997151068276
1.835	1.388006265432903	0.41911603816393694
1.845	1.374245541587829	0.4370320005521641
1.855	1.360695965735108	0.4442277559375996
1.865	1.3473620577609489	0.4622905704765499
1.875	1.3342482387562884	0.4730107774793416
1.885	1.3213588293532967	0.4794722721111612
1.895	1.3086980481130963	0.5013532425689141
1.905	1.296270009965279	0.5079615893514569
1.915	1.2840787246997827	0.5061993635427788
1.925	1.2721280955116063	0.5314579334671646
1.935	1.2604219175988907	0.5244090302324523
1.945	1.2489638768147984	0.523234213026667
1.955	1.2377575483736338	0.5141293796818301
1.965	1.2268063956115935	0.5279334818498085
1.975	1.2161137688025354	0.555541686185765
1.985	1.205682904029087	0.5486396351017759
1.995	1.1955169221094142	0.5440872184293575
2.005	1.1856188275799464	0.5367446108931989
2.015	1.1759915077342782	0.5828561862202754
2.025	1.166637731718505	0.5354229415366903
2.035	1.1575601496831653	0.5691989362030202
2.045	1.1487612919919588	0.5440872184293575
2.055	1.1402435684873728	0.569933196956636
2.065	1.1320092678133356	0.5662618931885567
2.075	1.1240605567949435	0.5568633555422736
2.085	1.1163994798753392	0.5774226566435179
2.095	1.1090279586097407	0.5661150410378335
2.105	1.1019477912166091	0.5865274899883547
2.115	1.0951606521859185	0.5875554550434169
2.125	1.0886680919444593	0.5731639442725459
2.135	1.082471536578076	0.5542200168292565
2.145	1.076572287610702	0.5763946915884557
2.155	1.0709715218400566	0.5694926405044666
2.165	1.0656702912297988	0.5740450571768849
2.175	1.0606695228579446	0.5633248501740933
2.185	1.0559700189212995	0.5705206055595288
2.195	1.0515724567956388	0.5658213367363872
2.205	1.0474773891513571	0.5844715598782302
2.215	1.0436852441242432	0.590198793756434
2.225	1.0401963255410573	0.5700800491073592
2.235	1.0370108131995273	0.5904924980578803
2.245	1.0341287632023666	0.5708143098609751
2.255	1.0315501083448881	0.5810939604115972
2.265	1.029274658555773	0.5787443260000265
2.275	1.027302101390516	0.5603878071596298
2.285	1.025632002577044	0.6001847400056097
2.295	1.0242638066130032	0.5639122587769859
2.305	1.0231968374141442	0.584324707727507
2.315	1.022430299013264	0.5884365679477559
2.325	1.0219632763090918	0.5595066942552908
2.335	1.0217947358645176	0.5567165033915504
2.345	1.0219235267535236	0.5442340705800807
2.355	1.0223483814561618	0.5714017184638678
2.365	1.023067916800906	0.5730170921218227
2.375	1.0240806349536646	0.535129237235244
2.385	1.0253849244527617	0.573310796423269
2.395	1.0269790612891212	0.5633248501740933
2.405	1.0288612100309145	0.5520172345684089
2.415	1.0310294249919008	0.5451151834844198
2.425	1.033481651442648	0.5226468044237742
2.435	1.0362157268638466	0.5493738958553918
2.445	1.0392293822408678	0.55715705984372
2.455	1.0425202433987462	0.5307236727135487
2.465	1.046085832376707	0.533513863577289
2.475	1.0499235688413786	0.5251432909860682
2.485	1.0540307715377888	0.5217656915194352
2.495	1.0584046597772576	0.5154510490383387
2.505	1.063042354961257	0.5144230839832765
2.515	1.067940882140313	0.5007658339660214
2.525	1.0730971716070132	0.5255838474382377
2.535	1.07850806052216	0.5028217640761458
2.545	1.084170294573108	0.5179475356006327
2.555	1.0900805296633127	0.5301362641106561
2.565	1.096235333632107	0.4976819388008347
2.575	1.1026311880036999	0.4875491404009358
2.585	1.1092644897644144	0.5069336242963947
2.595	1.1161315531671403	0.5101643716123044
2.605	1.1232286115619812	0.5006189818152982
2.615	1.130551819252084	0.5023812076239763
2.625	1.1380972533736078	0.474185594685127
2.635	1.1458609157988	0.5012063904181909
2.645	1.1538387350611394	0.4912204441690151
2.655	1.162026568301491	0.49533230438926396
2.665	1.1704202032342352	0.4976819388008347
2.675	1.1790153601323077	0.4890176619081675
2.685	1.1878076938300997	0.491954704922631
2.695	1.1967927957431534	0.47330448178078793
2.705	1.205966195903605	0.4916610006211846
2.715	1.2153233650102984	0.49753508665011154
2.725	1.224859716492531	0.4945980436356481
2.735	1.234570608586346	0.486080618893704
2.745	1.2444513464223332	0.47917856780971485
2.755	1.25449718412387	0.48358413233141007
2.765	1.264703326914749	0.46170316187365723
2.775	1.275064933235145	0.470807995218494
2.785	1.2855771168648578	0.47124855167066354
2.795	1.296234949052804	0.47110169951994035
2.805	1.3070334606517084	0.4931295221284164
2.815	1.3179676442569443	0.4681646565054769
2.825	1.3290324563485285	0.47756319415175996
2.835	1.3402228194352048	0.49033933126467605
2.845	1.3515336241996279	0.4807939414676698
2.855	1.3629597316436257	0.48813654900382847
2.865	1.374495975232541	0.4805002371662234
2.875	1.386137163037645	0.5031154683775921
2.885	1.3978780798756665	0.4992973124587896
2.895	1.4097134894444248	0.49973786891095917
2.905	1.4216381364536195	0.5001784253631287
2.915	1.4336467487498235	0.4968008258964957
2.925	1.4457340394347185	0.4973882344993884
2.935	1.4578947089756533	0.49533230438926396
2.945	1.470123447307581	0.5108986323659204
2.955	1.4824149359254981	0.5192692049571412
2.965	1.4947638499664424	0.4981224952530042
2.975	1.5071648602802026	0.5308705248642719
2.985	1.5196126354878485	0.50810844150218
2.995	1.5321018440272165	0.5214719872179888
3.005	1.544627156184526	0.5227936565744974
3.015	1.5571832461112831	0.5429124012235721
3.025	1.5697647938256436	0.5434998098264648
3.035	1.5823664871974732	0.5382131324004306
3.045	1.5949830239162779	0.5377725759482611
3.055	1.607609113441256	0.5158916054905083
3.065	1.6202394789327248	0.5448214791829734
3.075	1.632868859164176	0.5602409550089066
3.085	1.6454920104142283	0.5667024496407262
3.095	1.6581037083378176	0.5389473931540465
3.105	1.6706987498158823	0.545262035635143
3.115	1.6832719547829216	0.5606815114610761
3.125	1.6958181680317614	0.5640591109277091
3.135	1.7083322609948928	0.5578913205973358
3.145	1.7208091335017695	0.5609752157625225
3.155	1.7332437155114877	0.5775695087942411
3.165	1.745630968820252	0.5812408125623204
3.175	1.7579658887430747	0.5689052319015738
3.185	1.7702435057691814	0.5711080141624214
3.195	1.7824588871906033	0.5734576485739922
3.205	1.7946071387034357	0.5975414012925927
3.215	1.806683405981313	0.5918141674143889
3.225	1.8186828762206302	0.6057651217330904
3.235	1.830600779657054	0.5984225141969317
3.245	1.84243239105293	0.5859400813854619
3.255	1.8541730311551752	0.593576393223067
3.265	1.865818068123259	0.6019469658142879
3.275	1.8773629189269438	0.6060588260345368
3.285	1.8888030507134295	0.6185412588460064
3.295	1.9001339821435577	0.615604215831543
3.305	1.9113512846968426	0.6145762507764808
3.315	1.9224505839449584	0.6167790330373284
3.325	1.9334275607935072	0.6248559013271029
3.335	1.9442779526917744	0.6267649792865042
3.345	1.9549975548102794	0.6492333583471497
3.355	1.9655822211859	0.6248559013271029
3.365	1.9760278658344148	0.6232405276691481
3.375	1.9863304638302899	0.6373383341385727
3.385	1.9964860523535681	0.6349886997270019
3.395	2.0064907317037495	0.6307299873560298
3.405	2.016340666280549	0.6310236916574762
3.415	2.026032085531468	0.6288209093966286
3.425	2.035561284866105	0.6523172535123364
3.435	2.044924626537159	0.6471774282370253
3.445	2.0541185404881106	0.6514361406079973
3.455	2.063139525167576	0.6564291137325852
3.465	2.071984148310337	0.6674430250368232
3.475	2.0806490476850827	0.6849184309728809
3.485	2.0891309318089286	0.6498207669500424
3.495	2.0974265806287447	0.6507018798543814
3.505	2.105532846169413	0.6662682078310378
3.515	2.113446653149115	0.6634780169672975
3.525	2.1211649995617297	0.6570165223354779
3.535	2.116073317037418	0.6460026110312399
3.545	2.1240470583103024	0.6578976352398169
3.555	2.1318167779861867	0.6514361406079973
3.565	2.1393797723338377	0.654520035773184
3.575	2.146733413322267	0.6407159336052056
3.585	2.1538751490094263	0.6352824040284483
3.595	2.160802503899356	0.6681772857904391
3.605	2.1675130792680197	0.6656807992281452
3.615	2.174004553458088	0.6835967616163723
3.625	2.180274682142941	0.6692052508455013
3.635	2.18632129856021	0.6573102266369243
3.645	2.1921423137151197	0.6667087642832074
3.655	2.1977357165539892	0.6968134551814579
3.665	2.2030995741081965	0.6803660143004625
3.675	2.20823203160895	0.6718485895585184
3.685	2.21313131257324	0.6756667454773209
3.695	2.217795718861332	0.688442882590237
3.705	2.2222236307061505	0.6771352669845526
3.715	2.22641350671499	0.663918573419467
3.725	2.2303638838439173	0.6724359981614111
3.735	2.2340733773452914	0.7040092105668934
3.745	2.2375406806888103	0.684184170219265
3.755	2.240764565456531	0.6681772857904391
3.765	2.243743881212272	0.6913799256047005
3.775	2.2464775553458756	0.6640654255701902
3.785	2.248964592892774	0.6354292561791715
3.795	2.2512040763292998	0.6802191621497393
3.805	2.2531951653442475	0.6824219444105869
3.815	2.254937096587134	0.6800723099990161
3.825	2.2564291833936583	0.6374851862892958
3.835	2.2576708154888316	0.6618626433093426
3.845	2.250967286840046	0.6866806567815589
3.855	2.2510514564359507	0.6650933906252524
3.865	2.250883795538436	0.6539326271702912
3.875	2.250463996032172	0.6605409739528341
3.885	2.249791824389512	0.6645059820223598
3.895	2.2488671212502704	0.6706737723527331
3.905	2.2476898009827195	0.6477648368399179
3.915	2.2462598512263567	0.6555480008282462
3.925	2.244577332416949	0.6872680653844516
3.935	2.2426423772943744	0.6523172535123364
3.945	2.240455190393809	0.6584850438427097
3.955	2.2380160475207624	0.6301425787531372
3.965	2.2353252952105174	0.6680304336397159
3.975	2.2323833501724644	0.6725828503121343
3.985	2.2291906987199055	0.645268350277624
3.995	2.2257478961858075	0.6496739147993192
4.005	2.222055566325074	0.6276460921908432
4.015	2.218114400703825	0.6480585411413643
4.025	2.213925158076228	0.6586318959934327
4.035	2.2094886637493967	0.6556948529789693
4.045	2.2048058089368707	0.662156347610789
4.055	2.199877550101197	0.6590724524456023
4.065	2.194704908286114	0.6769884148338294
4.075	2.189288968438863	0.649527062648596
4.085	2.18363087872311	0.6586318959934327
4.095	2.177731849822992	0.6565759658833084
4.105	2.1715931542387805	0.6417438986602678
4.115	2.165216125574637	0.6612752347064499
4.125	2.1586021578189603	0.6645059820223598
4.135	2.1517527046177953	0.6652402427759756
4.145	2.144669278541776	0.6380725948921885
4.155	2.137353450347064	0.6531983664166754
4.165	2.12980684823075	0.651142436306551
4.175	2.1220311570811505	0.6595130088977719
4.185	2.11402811772347	0.6251496056285493
4.195	2.1057995261612388	0.6336670303704933
4.205	2.0973472328139717	0.6477648368399179
4.215	2.088673141751455	0.6523172535123364
4.225	2.079779209925084	0.6324922131647079
4.235	2.070667446396646	0.6371914819878495
4.245	2.0613399115649513	0.6493802104978729
4.255	2.051798716390677	0.6329327696168775
4.265	2.042046021619827	0.6457089067297935
4.275	2.032084037006149	0.6260307185328883
4.285	2.021915020532887	0.6317579524110921
4.295	2.0115412776341843	0.6264712749850578
4.305	2.0009651604165093	0.6388068556458044
4.315	1.9901890668804003	0.6277929443415664
4.325	1.9792154401428672	0.6332264739183238
4.335	1.9680467676607274	0.6081147561446612
4.345	1.9566855804552012	0.5984225141969317
4.355	1.9451344523380234	0.6448277938254545
4.365	1.9333959991393614	0.6226531190662553
4.375	1.9214728779377863	0.6117860599127405
4.385	1.9093677862925547	0.6358698126313409
4.395	1.8970834614784413	0.6204503368054077
4.405	1.884622679723344	0.6066462346374294
4.415	1.8719882554488823	0.5888771243999255
4.425	1.8591830405141796	0.6178069980923906
4.435	1.8462099234630491	0.6179538502431138
4.445	1.8330718287747332	0.5993036271012707
4.455	1.8197717161183933	0.6018001136635647
4.465	1.8063125796114854	0.6103175384055087
4.475	1.7926974470821868	0.5934295410723438
4.485	1.7789293793359906	0.5888771243999255
4.495	1.765011469426618	0.594457506127406
4.505	1.7509468419313217	0.5921078717158352
4.515	1.7367386522307193	0.6239747884227639
4.525	1.7223900857932284	0.6135482857214185
4.535	1.707904357464172	0.5915204631129426
4.545	1.6932847107596372	0.5860869335361851
4.555	1.67853441716514	0.5871148985912473
4.565	1.663656775439128	0.5766883958899021
4.575	1.6486551109213674	0.5799191432058118
4.585	1.6335327748462345	0.5972476969911463
4.595	1.6182931436609054	0.5976882534433158
4.605	1.6029396183484863	0.5697863448059128
4.615	1.587475623756025	0.5714017184638678
4.625	1.5719046079274162	0.5674367103943421
4.635	1.5562300414411587	0.5521640867191321
4.645	1.5404554167529345	0.5683178232986812
4.655	1.524584247542937	0.5872617507419705
4.665	1.5086200680679243	0.5552479818843187
4.675	1.4925664325178887	0.5725765356696532
4.685	1.4764269143772926	0.5662618931885567
4.695	1.460205105790776	0.5772758044927947
4.705	1.4439046169332332	0.5575976162958894
4.715	1.4275290753841594	0.5561290947886578
4.725	1.4110821255061479	0.584324707727507
4.735	1.3945674278274347	0.5575976162958894
4.745	1.3779886584283334	0.5772758044927947
4.755	1.3613495083314382	0.5725765356696532
4.765	1.344653682895466	0.531751637768611
4.775	1.3279049012125483	0.5539263125278101
4.785	1.3111068955088565	0.5630311458726469
4.795	1.2942634105483615	0.5502550087597308
4.805	1.277378203039575	0.5533389039249175
4.815	1.2604550410450996	0.5355697936874134
4.825	1.2434977033937853	0.5244090302324523
4.835	1.2265099790953216	0.5527514953220247
4.845	1.2094956667570593	0.5298425598092097
4.855	1.1924585740028848	0.5575976162958894
4.865	1.175402516893917	0.5285208904527011
4.875	1.1583313193508333	0.5345418286323512
4.885	1.1412488125776286	0.5217656915194352
4.895	1.1241588344865576	0.5449683313336966
4.905	1.107065229124088	0.5116328931195362
4.915	1.0899718460976031	0.5180943877513559
4.925	1.0728825400026618	0.5108986323659204
4.935	1.0558011698505683	0.5120734495717058
4.945	1.0387315984960455	0.4932763742791395
4.955	1.021677692064778	0.4840246887835796
4.965	1.0046433193805788	0.5160384576412314
4.975	0.9876323513919774	0.5094301108586886
4.985	0.9706486605979703	0.5039965812819311
4.995	0.9536961204727428	0.500472129664575
5.005	0.9367786048890803	0.4824093151256247
5.015	0.9198999875402811	0.47859115920682216
5.025	0.9030641413603337	0.47330448178078793
5.035	0.8862749379421095	0.46992688231415497
5.045	0.8695362469533712	0.47932541996043804
5.055	0.8528519355503619	0.4734513339315111
5.065	0.8362258677887549	0.4567101887490693
5.075	0.8196619040317392	0.4758009683430819
5.085	0.803163900355033	0.4577381538041316
5.095	0.7867357079486164	0.44951443336363384
5.105	0.7703811725149574	0.4525983285288205
5.115	0.7541041336635437	0.4264586457000956
5.125	0.7379084243015068	0.4443746080883228
5.135	0.7217978700201475	0.4508361027201424
5.145	0.7057762884771916	0.44334664303326055
5.155	0.6898474887745318	0.4390879306622885
5.165	0.6740152708313518	0.4512766591723119
5.175	0.6582834247523981	0.4320390274275762
5.185	0.642655730191261	0.4101580569698234
5.195	0.627135955708485	0.4404096000187971
5.205	0.6117278581243908	0.4161789951494735
5.215	0.5964351818664009	0.427633462905881
5.225	0.5812616583107704	0.4336544010855311
5.235	0.5662110051186053	0.41030490912054657
5.245	0.5512869255659827	0.4402627478680739
5.255	0.5364931078681072	0.4082489790104221
5.265	0.5218332244973869	0.40692730965391355
5.275	0.5073109314953079	0.41324195213501
5.285	0.49292986777803605	0.41324195213501
5.295	0.4786936544356508	0.4048713795437891
5.305	0.46460589402496066	0.40589934459885135
5.315	0.45067016985579333	0.3973819198569073
5.325	0.43689004527077246	0.3818155918802509
5.335	0.42326906291846766	0.40663360535246723
5.345	0.40981074401992856	0.38416522629182165
5.355	0.3965185876285795	0.3922420945815962
5.365	0.3833960698834378	0.36492759454708595
5.375	0.3704466432556761	0.3778505838107252
5.385	0.35767373578852624	0.3791722531672338
5.395	0.3450807503305504	0.38827708651207055
5.405	0.33267106376231714	0.3900393123207486
5.415	0.32044802621651236	0.3853400434976071
5.425	0.30841496029153315	0.36492759454708595
5.435	0.2965751602586697	0.38225614833242044
5.445	0.2849318912629011	0.37227020208324463
5.455	0.27348838851743196	0.3609625864775603
5.465	0.2622478564920512	0.35934721281960535
5.475	0.25121346809543654	0.3741792800426459
5.485	0.2403883638515225	0.36037517787466755
5.495	0.22977565107007702	0.35273886603706256
5.505	0.21937840301162637	0.3552353525993565
5.515	0.20919965804688911	0.3672772289586567
5.525	0.1992424188109101	0.36654296820504084
5.535	0.18950965135205422	0.35303257033850893
5.545	0.18000428427607584	0.35787869131237365
5.555	0.17072920788546297	0.34818644936464416
5.565	0.16168727331429245	0.36037517787466755
5.575	0.15288129165880915	0.35273886603706256
5.585	0.14431403310398405	0.35773183916165047
5.595	0.1359882260463272	0.3559696133529724
5.605	0.12790655621318625	0.3452494063501807
5.615	0.12007166577885187	0.350536083776215
5.625	0.1124861524777363	0.3525920138863394
5.635	0.1051525687149426	0.350536083776215
5.645	0.09807342067453151	0.33629142515606714
5.655	0.0912511674258345	0.3310047477300329
5.665	0.08468822002812271	0.32865511331846214
5.675	0.07838694063399743	0.3276271482633999
5.685	0.07234964159187696	0.3315921563329256
5.695	0.06657858454792054	0.3436340326922258
5.705	0.06107597954780308	0.34715848430958196
5.715	0.055843984138706615	0.3196971321243485
5.725	0.05088470247196275	0.34010958107486966
5.735	0.0462001844067248	0.3330606778401573
5.745	0.04179242461512578	0.33394179074449637
5.755	0.03766336168933626	0.3329138256894342
5.765	0.033814877250962105	0.32292787944025836
5.775	0.030248795063256617	0.31749434986350095
5.785	0.026966880146578553	0.3304173391271402
5.795	0.023970837897590247	0.3277740004141231
5.805	0.021262313212657924	0.32307473159098155
5.815	0.018842889615948044	0.32850826116773896
5.825	0.016714088392713045	0.3310047477300329
5.835	0.014877367728264534	0.3166132369591619
5.845	0.013334121853147973	0.3304173391271402
5.855	0.01208568019503109	0.3288019654691853
5.865	0.011133306537827181	0.3321795649358183
5.875	0.01047819818859086	0.33526346010100494
5.885	0.010121485152706944	0.3364382773067903
5.895	0.010064229317927387	0.3148510111504838
5.905	0.010307423647791358	0.33673198160823664
5.915	0.010851991384986714	0.33496975579955857
5.925	0.011698785265199962	0.3561164655036955
5.935	0.012848586742026047	0.3396690246227001
5.945	0.014302105223488404	0.33056419127786335
5.955	0.016059977320741492	0.3261586267561682
5.965	0.018122766109533117	0.3243964009474901
5.975	0.02049096040498588	0.33555716440245126
5.985	0.023164974050276843	0.33585086870389763
5.995	0.026145145219801602	0.3348229036488354
6.005	0.029431735737387887	0.34759904076175147
6.015	0.03302493041013932	0.3248369573996596
6.025	0.03692483637850419	0.34084384182848554
6.035	0.04113148248312681	0.35171090098200036
6.045	0.04564481864907366	0.33526346010100494
6.055	0.050464715288019546	0.3337949385937732
6.065	0.05559096271895703	0.34334032839077944
6.075	0.061023270608010716	0.3420186590342709
6.085	0.06676126742793831	0.34818644936464416
6.095	0.07280449993788896	0.33585086870389763
6.105	0.07915243268396543	0.3337949385937732
6.115	0.08580444752119787	0.3308578955793097
6.125	0.09275984315745767	0.34289977193860993
6.135	0.10001783471987413	0.3499486751733223
6.145	0.10757755334432195	0.34745218861102833
6.155	0.11543804578852535	0.33115159988075604
6.165	0.12359827406929558	0.3426060676371636
6.175	0.1320571151244796	0.3442214412951185
6.185	0.14081336050012294	0.35949406497032854
6.195	0.14986571606337318	0.3270397396605072
6.205	0.15921280174164476	0.36375277734130057
6.215	0.16885315128856537	0.3343823471966659
6.225	0.17878521207717868	0.3445151455965649
6.235	0.18900734492091753	0.3609625864775603
6.245	0.1995178239228228	0.35332627463995525
6.255	0.21031483635347437	0.34627737140524295
6.265	0.22139648255811917	0.3621374036833457
6.275	0.23276077589341382	0.3680114897122726
6.285	0.2444056426942569	0.37080168057601287
6.295	0.2563289222711458	0.3757946537006008
6.305	0.26852836693843063	0.3779974359614484
6.315	0.2810016420739281	0.3743261321933691
6.325	0.29374632621026175	0.3928295031844889
6.335	0.30675991115831724	0.376822618755663
6.345	0.3200398021631794	0.37080168057601287
6.355	0.3335833180929182	0.4000252585699244
6.365	0.3473876916605414	0.392095242430873
6.375	0.3614500696794616	0.3872491214570083
6.385	0.37576751335281267	0.40692730965391355
6.395	0.3903369985968377	0.3895987558685791
6.405	0.40515541639871855	0.398850441364139
6.415	0.4202195732090579	0.38225614833242044
6.425	0.4355261913692958	0.4034028580365574
6.435	0.4510719095742508	0.39459172899316697
6.445	0.4668532833700785	0.3851931913468839
6.455	0.48286678568775665	0.39870358921341587
6.465	0.49910880741235	0.40017211072064757
6.475	0.5155756579882071	0.42528382849431023
6.485	0.5322635660601938	0.402228040830772
6.495	0.5491686801511497	0.43688514840144094
6.505	0.566287069375647	0.41338880428573316
6.515	0.5836147241901557	0.41632584730019667
6.525	0.6011475571796654	0.42440271558997117
6.535	0.618881403880859	0.42352160268563216
6.545	0.6368120236418431	0.4258712370972029
6.555	0.6549351005184456	0.42469641989141754
6.565	0.6732462442070977	0.4219062290276772
6.575	0.6917409910142636	0.4335075489348079
6.585	0.71041480486238	0.4104517612712697
6.595	0.7292630783322207	0.42954254086528226
6.605	0.7482811337416364	0.4520109199259278
6.615	0.7674642242605132	0.44804591185640213
6.625	0.7868075350618771	0.44187812152602884
6.635	0.8063061845089667	0.4440809037868764
6.645	0.8259552253780931	0.43012994946817495
6.655	0.8457496461171259	0.4584724145577474
6.665	0.8656843721393819	0.4431997908825374
6.675	0.8857542671526808	0.46640243069679876
6.685	0.9059541345233244	0.47286392532861843
6.695	0.9262787186746975	0.4614094575722109
6.705	0.9467227065202322	0.46772410005330733
6.715	0.9672807289304093	0.4584724145577474
6.725	0.9879473622334107	0.45421370218677537
6.735	1.0087171297491446	0.4931295221284164
6.745	1.0295845033561846	0.47726948985031364
6.755	1.0505439050912688	0.46698983929969146
6.765	1.071589708780921	0.47609467264452826
6.775	1.0927162417047454	0.49474489578637126
6.785	1.1139177862899179	0.4972413823486652
6.795	1.1351885818364145	0.47668208124742095
6.805	1.1565228262724678	0.5079615893514569
6.815	1.177914677939668	0.49371693073130907
6.825	1.1993582574072352	0.5039965812819311
6.835	1.2208476493148654	0.47653522909669777
6.845	1.2423769042435142	0.4875491404009358
6.855	1.2639400406135948	0.5107517802151972
6.865	1.2855310466098766	0.5236747694788364
6.875	1.3071438821325159	0.5129545624760448
6.885	1.3287724807734498	0.5003252775138518
6.895	1.3504107518175934	0.5172132748470168
6.905	1.3720525822679968	0.5198566135600339
6.915	1.3936918388943336	0.5200034657107571
6.925	1.415322370303964	0.5327796028236732
6.935	1.436938009034749	0.5301362641106561
6.945	1.458532573668919	0.5365977587424757
6.955	1.480099870967126	0.5530451996234711
6.965	1.5016336980219362	0.5552479818843187
6.975	1.5231278444298568	0.5426186969221258
6.985	1.5445760944811058	0.5175069791484631
6.995	1.565972229366229	0.5398285060583855
7.005	1.587310029398717	0.5442340705800807
7.015	1.608583276252682	0.5561290947886578
7.025	1.6297857552147135	0.5523109388698553
7.035	1.6509112574489953	0.5810939604115972
7.045	1.6719535822747078	0.5755135786841167
7.055	1.6929065394548202	0.5380662802497074
7.065	1.713763951495241	0.5768352480406252
7.075	1.7345196559533933	0.5512829738147931
7.085	1.7551675077552065	0.5539263125278101
7.095	1.7757013815195384	0.5972476969911463
7.105	1.7961151738889845	0.5852058206318461
7.115	1.8164028058660542	0.590198793756434
7.125	1.8365582251537254	0.5741919093276081
7.135	1.85657540849926	0.6001847400056097
7.145	1.876448364040257	0.5806534039594277
7.155	1.8961711336519183	0.5896113851535413
7.165	1.9157377952943768	0.6025343744171806
7.175	1.9351424653590628	0.6091427211997233
7.185	1.954379301013018	0.5854995249332924
7.195	1.9734425025400328	0.6101706862547855
7.205	1.9923263156775306	0.6111986513098477
7.215	2.011025033948087	0.6150168072286503
7.225	2.0295330009844874	0.6169258851880516
7.235	2.0478446128471637	0.6139888421735881
7.245	2.065954320332949	0.6204503368054077
7.255	2.0838566312740046	0.6345481432748323
7.265	2.1015461128257598	0.6326390653154311
7.275	2.119017393742792	0.6700863637498403
7.285	2.136265166641506	0.6502613234022119
7.295	2.153284190248449	0.6714080331063489
7.305	2.170069291633173	0.6671493207353768
7.315	2.1866153684245098	0.648645949744257
7.325	2.2029173910090964	0.6788974927932308
7.335	2.218970404711078	0.6584850438427097
7.345	2.2347695319518377	0.6855058395757735
7.355	2.2503099743886152	0.6860932481786662
7.365	2.265587015030934	0.7135546003638996
7.375	2.280596020333713	0.6929952992626554
7.385	2.295332442265938	0.6715548852570721
7.395	2.3097918203538192	0.7029812455118312
7.405	2.3239697836973123	0.7131140439117302
7.415	2.3378620529589362	0.7131140439117302
7.425	2.351464442323804	0.702834393361108
7.435	2.3647728614297705	0.7402816917955172
7.445	2.377783317266672	0.7267712939289853
7.455	2.3904919160435565	0.7188412777899339
7.465	2.402894865022914	0.7233936944623522
7.475	2.4149884743208156	0.7389600224390087
7.485	2.426769158671989	0.750267638044693
7.495	2.4382334391587746	0.7489459686881844
7.505	2.4493779449030026	0.7279461111347707
7.515	2.4601994147197894	0.7482117079345686
7.525	2.470694698732262	0.7805191810936667
7.535	2.480860759946289	0.7555543154707273
7.545	2.4906946757842525	0.7565822805257895
7.555	2.500193639576935	0.7471837428795064
7.565	2.5093549620126203	0.763778035911225
7.575	2.5181760725424955	0.7667150789256885
7.585	2.526654520741512	0.7653934095691799
7.595	2.5347879776237914	0.763778035911225
7.605	2.542574236911798	0.7759667644212483
7.615	2.550011216258397	0.7758199122705252
7.625	2.5570969584210386	0.7683304525836433
7.635	2.5638296323872645	0.7664213746242421
7.645	2.570207534450772	0.7802254767922204
7.655	2.5762290892373123	0.7693584176387056
7.665	2.581892850679672	0.7702395305430446
7.675	2.5871975029410796	0.7709737912966604
7.685	2.5921418612863265	0.7559948719228968
7.695	2.596724872899961	0.7675961918300275
7.705	2.600945617650936	0.7695052697894287
7.715	2.6048033088030937	0.760400436444592
7.725	2.608297293670903	0.7576102455808517
7.735	2.6114270542199023	0.773176573557508
7.745	2.6141922076113193	0.7913862402471816
7.755	2.6165925066903317	0.7376383530825001
7.765	2.6186278404175405	0.7656871138706263
7.775	2.62029823424315	0.7504144901954162
7.785	2.6216038504234582	0.7740576864618471
7.795	2.6225449882792495	0.7580508020330212
7.805	2.623122084395711	0.7620158101025469
7.815	2.6233357127635357	0.773176573557508
7.825	2.623186584860886	0.7523235681548175
7.835	2.6226755496759413	0.7577570977315748
7.845	2.621803593669748	0.7458620735229978
7.855	2.6205718406791556	0.7501207858939698
7.865	2.6189815517596475	0.7439529955635965
7.875	2.617034124967857	0.7455683692215515
7.885	2.6147310950836498	0.7322048235057427
7.895	2.612074133271662	0.7449809606186588
7.905	2.6090650466821956	0.7288272240391097
7.915	2.605705777991406	0.7182538691870413
7.925	2.6019984048808027	0.723099990160906
7.935	2.5979451394560034	0.7320579713550195
7.945	2.593548327604829	0.7085616272393117
7.955	2.5888104482947982	0.703715506265447
7.965	2.5837341128100855	0.6954917858249493
7.975	2.5783220639281152	0.7164916433783631
7.985	2.57257717503591	0.6784569363410612
7.995	2.566502449186429	0.6919673342075932
8.005	2.560101018095053	0.6971071594829042
8.015	2.5533761410765425	0.6417438986602678
8.025	2.546331203922673	0.6715548852570721
8.035	2.5389697177209283	0.6696458072976708
8.045	2.531295317614555	0.6533452185673986
8.055	2.5233117615043534	0.6489396540457033
8.065	2.515022928692627	0.6661213556803146
8.075	2.50643281846971	0.6358698126313409
8.085	2.4975455486435596	0.603709191622966
8.095	2.4883653540128594	0.6222125626140858
8.105	2.478896584784235	0.6276460921908432
8.115	2.4691437049340483	0.6200097803532382
8.125	2.4591112905154437	0.6042966002258586
8.135	2.4488040279111885	0.5925484281680048
8.145	2.4382267120330012	0.5830030383709985
8.155	2.4273842444680014	0.6082616082953843
8.165	2.4162816315730016	0.5714017184638678
8.175	2.4049239825174142	0.5856463770840156
8.185	2.393316507275409	0.573310796423269
8.195	2.3814645145682607	0.5521640867191321
8.205	2.3693734097575807	0.5254369952875145
8.215	2.3570486926903347	0.5574507641451664
8.225	2.344495955496502	0.5128077103253216
8.235	2.3317208803402636	0.5119265974209826
8.245	2.3187292371256345	0.5248495866846218
8.255	2.305526881157492	0.5135419710789375
8.265	2.292119750759023	0.49019247911395286
8.275	2.2785138648464507	0.48475894953719545
8.285	2.2647153204622357	0.4984161995544506
8.295	2.25073029026765	0.4940106350327554
8.305	2.2365650199958815	0.5032623205283153
8.315	2.2222258258667305	0.524115325931006
8.325	2.2077190919639973	0.49650712159504934
8.335	2.193051267576732	0.5154510490383387
8.345	2.1782288645054737	0.5079615893514569
8.355	2.16325845433466	0.534248124330905
8.365	2.148146665672433	0.5330733071251196
8.375	2.1329001813590427	0.5390942453047697
8.385	2.1175257356450574	0.5117797452702594
8.395	2.1020301113406985	0.5542200168292565
8.405	2.0864201369375204	0.5411501754148941
8.415	2.0707026837037557	0.5396816539076623
8.425	2.054884662754633	0.5432061055250185
8.435	2.03897302209898	0.5548074254321492
8.445	2.022974743663445	0.5464368528409284
8.455	2.0068968402957386	0.5653807802842177
8.465	1.9907463527482157	0.5675835625450653
8.475	1.9745303466431876	0.5429124012235721
8.485	1.9582559094213927	0.559653546406014
8.495	1.9419301472749981	0.5492270437046686
8.505	1.9255601820665678	0.5304299684121024
8.515	1.909153148235451	0.582562481918829
8.525	1.892716189692936	0.565674484585664
8.535	1.8762564567077882	0.569052084052297
8.545	1.8597811027834417	0.5708143098609751
8.555	1.8432972815284505	0.5874086028926937
8.565	1.826812143521615	0.5808002561101508
8.575	1.8103328331732436	0.580065995356535
8.585	1.7938664855840885	0.5994504792519939
8.595	1.777420223403409	0.594457506127406
8.605	1.76100115368766	0.5835904469738912
8.615	1.744616364761284	0.5893176808520949
8.625	1.728272923081188	0.5969539926897
8.635	1.7119778701062744	0.6015064093621183
8.645	1.6957382191736459	0.597835105594039
8.655	1.6795609523829307	0.5934295410723438
8.665	1.6634530174902213	0.6138419900228649
8.675	1.6474213248131604	0.6261775706836115
8.685	1.6314727441486572	0.6084084604461075
8.695	1.6156141017047168	0.6320516567125384
8.705	1.5998521770478664	0.6236810841213175
8.715	1.584193700067733	0.6188349631474528
8.725	1.5686453479601452	0.640128525002313
8.735	1.5532137422303225	0.6531983664166754
8.745	1.5379054457175765	0.6501144712514887
8.755	1.5227269596430055	0.628380352944459
8.765	1.5076847206816133	0.6413033422080984
8.775	1.4927850980603037	0.6408627857559288
8.785	1.478034390683194	0.6661213556803146
8.795	1.4634388242856586	0.6404222293037592
8.805	1.4490045486185097	0.6484990975935339
8.815	1.4347376346637133	0.6260307185328883
8.825	1.4206440718830367	0.6524641056630596
8.835	1.4067297655009818	0.6696458072976708
8.845	1.3930005338233897	0.6490865061964265
8.855	1.3794621055929976	0.6718485895585184
8.865	1.3661201173833502	0.6744919282715355
8.875	1.352980111032314	0.6806597186019088
8.885	1.3400475311165194	0.6834499094656491
8.895	1.3273277224679814	0.6997504981959214
8.905	1.3148259277341614	0.703715506265447
8.915	1.3025472849827178	0.7132608960624534
8.925	1.2904968253521254	0.7044497670190629
8.935	1.278679470749411	0.7044497670190629
8.945	1.2671000315960945	0.7101770008972667
8.955	1.2557632046235918	0.7398411353433477
8.965	1.2446735707191006	0.7198692428449961
8.975	1.2338355928231475	0.714729417569685
8.985	1.2232536138798467	0.7351418665202062
8.995	1.2129318548409096	0.7510018987983089
9.005	1.2028744127244737	0.7357292751230988
9.015	1.1930852587297187	0.7369040923288842
9.025	1.1835682364082682	0.742631326207088
9.035	1.174327059893308	0.7574633934301285
9.045	1.1653653121873784	0.7736171300096776
9.055	1.1566864435096877	0.7655402617199031
9.065	1.1482937697038518	0.7524704203055406
9.075	1.1401904707068888	0.796819769823939
9.085	1.1323795890802526	0.7571696891286822
9.095	1.1248640286037264	0.7742045386125703
9.105	1.1176465529328778	0.7853653020675314
9.115	1.1107297843208346	0.8333859553540092
9.125	1.104116202405029	0.8137077671571039
9.135	1.097808143059597	0.8131203585542113
9.145	1.0918077973140339	0.8140014714585503
9.155	1.0861172103387018	0.8436656059046314
9.165	1.0807382804977481	0.8153231408150589
9.175	1.0756727584699628	0.8565885951682706
9.185	1.0709222464380534	0.8636374984029829
9.195	1.066488197346804	0.858644525278395
9.205	1.0623719142305403	0.8957981194113579
9.215	1.0585745496102943	0.9129798210459692
9.225	1.0550971049610052	0.878910122078193
9.235	1.0519404302491027	0.9093085172778899
9.245	1.0491052235407372	0.9341265307501061
9.255	1.0465920306809138	0.9297209662284109
9.265	1.0444012450437556	0.9592382485237688
9.275	-Inf	0.0
9.285	-Inf	0.0
9.295	-Inf	0.0
9.305	-Inf	0.0
9.315	-Inf	0.0
9.325	-Inf	0.0
9.335	-Inf	0.0
9.345	-Inf	0.0
9.355	-Inf	0.0
9.365	-Inf	0.0
9.375	-Inf	0.0
9.385	-Inf	0.0
9.395	-Inf	0.0
9.405	-Inf	0.0
9.415	-Inf	0.0
9.425	-Inf	0.0
9.435	-Inf	0.0
9.445	-Inf	0.0
9.455	-Inf	0.0
9.465	-Inf	0.0
9.475	-Inf	0.0
9.485	-Inf	0.0
9.495	-Inf	0.0
9.505	-Inf	0.0
9.515	-Inf	0.0
9.525	-Inf	0.0
9.535	-Inf	0.0
9.545	-Inf	0.0
9.555	-Inf	0.0
9.565	-Inf	0.0
9.575	-Inf	0.0
9.585	-Inf	0.0
9.595	-Inf	0.0
9.605	-Inf	0.0
9.615	-Inf	0.0
9.625	-Inf	0.0
9.635	-Inf	0.0
9.645	-Inf	0.0
9.655	-Inf	0.0
9.665	-Inf	0.0
9.675	-Inf	0.0
9.685	-Inf	0.0
9.695	-Inf	0.0
9.705	-Inf	0.0
9.715	-Inf	0.0
9.725	-Inf	0.0
9.735	-Inf	0.0
9.745	-Inf	0.0
9.755	-Inf	0.0
9.765	-Inf	0.0
9.775	-Inf	0.0
9.785	-Inf	0.0
9.795	-Inf	0.0
9.805	-Inf	0.0
9.815	-Inf	0.0
9.825	-Inf	0.0
9.835	-Inf	0.0
9.845	-Inf	0.0
9.855	-Inf	0.0
9.865	-Inf	0.0
9.875	-Inf	0.0
9.885	-Inf	0.0
9.895	-Inf	0.0
9.905	-Inf	0.0
9.915	-Inf	0.0
9.925	-Inf	0.0
9.935	-Inf	0.0
9.945	-Inf	0.0
9.955	-Inf	0.0
9.965	-Inf	0.0
9.975	-Inf	0.0
9.985	-Inf	0.0
9.995	-Inf	0.0
