0.005	-Inf	0.0
0.015	-Inf	0.0
0.025	-Inf	0.0
0.035	-Inf	0.0
0.045	-1.1189758886960228	0.20159042047854384
0.055	-1.1222409967653004	0.18888296258388435
0.065	-1.1253401635380875	0.1932052271739046
0.075	-1.128269327753489	0.1919949930886989
0.085	-1.131024535708281	0.18827784554128152
0.095	-1.1336019438759983	0.18931518904288638
0.105	-1.1359978214491138	0.19234077425590054
0.115	-1.138208552802761	0.19597147651151753
0.125	-1.1402306398785107	0.18871007200028353
0.135	-1.1420607044867581	0.1785959728596362
0.145	-1.143695490526347	0.18559804149546896
0.155	-1.145131866120101	0.1879320643740799
0.165	-1.1463668256649946	0.18386913565946086
0.175	-1.1473974917957523	0.19078475900349326
0.185	-1.1482211172607288	0.18507936974466654
0.195	-1.148835086708968	0.18404202624306168
0.205	-1.1492369183874154	0.1769535123154285
0.215	-1.149424265747314	0.18360979978405967
0.225	-1.1493949189588581	0.18023843340384388
0.235	-1.1491468063332713	0.19078475900349326
0.245	-1.1486779956515096	0.18525226032826736
0.255	-1.14798669539887	0.18214022982345277
0.265	-1.1470712559048346	0.1879320643740799
0.275	-1.1459301703875608	0.1808435504464467
0.285	-1.1445620759024693	0.18395558095126127
0.295	-1.1429657541944689	0.18343690920045885
0.305	-1.1411401324534014	0.186462494413473
0.315	-1.139084283972365	0.1915627666296969
0.325	-1.1367974287086353	0.18542515091186815
0.335	-1.1342789337469754	0.18101644103004752
0.345	-1.1315283136651686	0.18317757332505763
0.355	-1.1285452308017057	0.18827784554128152
0.365	-1.1253294954255881	0.18127577690544874
0.375	-1.1218810658083054	0.18049776927924507
0.385	-1.1182000481980776	0.18309112803325722
0.395	-1.1142866966965477	0.17496527060401917
0.405	-1.1101414130381513	0.18940163433468676
0.415	-1.1057647462724627	0.18680827558067464
0.425	-1.101157392349884	0.18758628320687828
0.435	-1.0963201936111013	0.18447425270206372
0.445	-1.0912541381807914	0.19277300071490255
0.455	-1.0859603592661387	0.1845606979938641
0.465	-1.0804401343607706	0.19208143838049932
0.475	-1.0746948843547839	0.1829182374496564
0.485	-1.0687261725516024	0.19069831371169285
0.495	-1.062535703592463	0.1970088200131224
0.505	-1.0561253222893767	0.18957452491828758
0.515	-1.0494970123674956	0.19856483526552968
0.525	-1.0426528951178438	0.1988241711409309
0.535	-1.0355952279614602	0.19692237472132199
0.545	-1.028326402926027	0.20513467744236044
0.555	-1.0208489450361418	0.2026277639801487
0.565	-1.0131655106184256	0.20297354514735033
0.575	-1.0052788855227353	0.19761393705572522
0.585	-0.9971919832607727	0.20530756802596126
0.595	-0.9889078430634706	0.2025413186883483
0.605	-0.980429627858558	0.21568100304200982
0.615	-0.9717606221697789	0.21300119899619727
0.625	-0.9629042299392774	0.20686358327836854
0.635	-0.9538639722747118	0.21317408957979808
0.645	-0.9446434851227132	0.2137792066224009
0.655	-0.9352465168703517	0.2136927613306005
0.665	-0.9256769258763053	0.21576744833381023
0.675	-0.9159386779334929	0.20703647386196933
0.685	-0.906035843664955	0.2117045196191912
0.695	-0.8959725958548248	0.2228559622614434
0.705	-0.8857532067162548	0.21291475370439686
0.715	-0.8753820450982297	0.21490299541580618
0.725	-0.8648635736332035	0.21291475370439686
0.735	-0.8542023458275592	0.22423908693024988
0.745	-0.8434030030969173	0.21602678420921143
0.755	-0.8324702717483503	0.23029025735627823
0.765	-0.821408959911595	0.22752400801866526
0.775	-0.8102239544213923	0.22190506405163896
0.785	-0.7989202176531005	0.22415264163844947
0.795	-0.7875027843137719	0.23694654482490937
0.805	-0.7759767581908988	0.23132760085788306
0.815	-0.764347308861063	0.23314295198569157
0.825	-0.7526196683607442	0.23461252194629845
0.835	-0.7407991278215862	0.24507240225414742
0.845	-0.7288910340723955	0.2320191631922863
0.855	-0.7169007862102181	0.24360283229354054
0.865	-0.7048338321428198	0.2575205242734057
0.875	-0.6926956651049377	0.2523338067653814
0.885	-0.6804918201506585	0.25700185252260327
0.895	-0.6682278706243203	0.2571747431062041
0.905	-0.6559094246123316	0.26028677361101865
0.915	-0.6435421213783	0.2540627126013895
0.925	-0.6311316277839072	0.27126532566967004
0.935	-0.6186836346979256	0.2613241171126235
0.945	-0.6062038533958206	0.2646954834928393
0.955	-0.5936980119523576	0.2700550915844644
0.965	-0.5811718516296503	0.26875841220745833
0.975	-0.5686311232630765	0.27083309921066806
0.985	-0.556081583647494	0.2736857938400814
0.995	-0.5435289919261842	0.2725620050466761
1.005	-0.5309791059849425	0.28362700239712796
1.015	-0.5184376788537357	0.2775758319710996
1.025	-0.5059104551183305	0.28025563601691217
1.035	-0.4934031673442973	0.2796505189743093
1.045	-0.4809215325157705	0.288122157570749
1.055	-0.46847124849134736	0.2769707149284968
1.065	-0.4560579904794845	0.2796505189743093
1.075	-0.4436874075357351	0.2803420813087126
1.085	-0.43136511908416136	0.30567055180623115
1.095	-0.41909671146522554	0.2922715315771684
1.105	-0.40688773451245597	0.3018669589670133
1.115	-0.3947436981601441	0.3153524244878765
1.125	-0.38267006908433854	0.3083503558520437
1.135	-0.3706722673793319	0.3086096917274449
1.145	-0.3587556632718458	0.3169948850320842
1.155	-0.3469255738750867	0.31094371460605585
1.165	-0.33518725998479215	0.31241328456666273
1.175	-0.32354592291939155	0.3152659791960761
1.185	-0.31200670140634346	0.3120675033994611
1.195	-0.3005746685166981	0.33203636580535456
1.205	-0.28925482864988505	0.3265903124219291
1.215	-0.2780521145707102	0.3285785541333384
1.225	-0.2669713845004764	0.3339381622249635
1.235	-0.2560174192641418	0.34232335552960275
1.245	-0.24519491949535865	0.3444844878246129
1.255	-0.23450850290121472	0.33367882634956225
1.265	-0.22396270158844667	0.33886554385758655
1.275	-0.21356195945285594	0.33696374743797763
1.285	-0.20331062963361468	0.3565003833848691
1.295	-0.1932129720340936	0.3462998389524214
1.305	-0.18327315091081586	0.357969953345476
1.315	-0.17349523253207388	0.3523510093784497
1.325	-0.1638831829077101	0.35442569638165944
1.335	-0.15444086559151138	0.3707638565319359
1.345	-0.1451720395576055	0.3555494851750647
1.355	-0.13608035715221867	0.3711096376991375
1.365	-0.1271693621220712	0.3665280372337161
1.375	-0.11844248772067112	0.3600446403486857
1.385	-0.1099030548936728	0.3746538946629541
1.395	-0.10155427054444366	0.3554630398832643
1.405	-0.09339922588091798	0.3836442050101962
1.415	-0.08544089484474382	0.383384869134795
1.425	-0.0776821326237056	0.37672858166616385
1.435	-0.07012567424831229	0.376123464623561
1.445	-0.06277413327340997	0.3804457292135812
1.455	-0.055630000545600966	0.3839035408855974
1.465	-0.04869564305720964	0.3725792076597444
1.475	-0.04197330288745649	0.39030049247882737
1.485	-0.0354650962314591	0.3908191642296298
1.495	-0.02917301251760862	0.39211584360663587
1.505	-0.02309891361380778	0.3871020166822124
1.515	-0.0172445331230191	0.38969537543622457
1.525	-0.011611475768458002	0.3981670140326642
1.535	-0.006201216868778059	0.39557365527865207
1.545	-0.001015101903461213	0.40387240329149093
1.555	0.0039456538313836775	0.4072437696717067
1.565	0.008679965476696694	0.3982534593244646
1.575	0.013186878773565502	0.4000688104522731
1.585	0.017465570135723807	0.4068115432127047
1.595	0.02151534663155208	0.4084540037569124
1.605	0.025335645875657953	0.3981670140326642
1.615	0.028926035830269314	0.40750310554710795
1.625	0.032286214516652256	0.41536962710094477
1.635	0.035416009636884516	0.40793533200610993
1.645	0.03831537810634611	0.40473685620949496
1.655	0.04098440549736293	0.4179629858549569
1.665	0.04342330539449435	0.4086268943405132
1.675	0.045632418662008734	0.40594709029470066
1.685	0.04761221262418158	0.40586064500290026
1.695	0.04936328015905289	0.3941905306098456
1.705	0.05088633870641446	0.40828111317331156
1.715	0.05218222919077964	0.4212479069433723
1.725	0.05325191486020486	0.4075895508389083
1.735	0.05409648004185974	0.4126898230551322
1.745	0.054717128815304106	0.4204698993171686
1.755	0.055115183604494966	0.4078488867143095
1.765	0.05529208368958183	0.41770364997955567
1.775	0.055249383639641936	0.41346783068133586
1.785	0.054988751667501945	0.41493740064194273
1.795	0.05451196790790913	0.4113066983863257
1.805	0.053820922620322786	0.40153838041288
1.815	0.052917614317663064	0.4036995127078901
1.825	0.051804147822406166	0.40983712842571884
1.835	0.05048273225146549	0.3998094745768719
1.845	0.04895567893134045	0.4183087670221585
1.855	0.04722539924505886	0.40733021496350713
1.865	0.0452944024125117	0.406033535586501
1.875	0.04316529320577578	0.40127904453747876
1.885	0.0408407696011176	0.40975068313391844
1.895	0.03832362036938153	0.4034401768324889
1.905	0.03561672260650728	0.40992357371751925
1.915	0.03272303920598074	0.4036130674160897
1.925	0.029645616275054798	0.40050103691127514
1.935	0.026387580496600838	0.38960893014442416
1.945	0.022952136438505022	0.39522787411145044
1.955	0.019342563812565605	0.389781820728025
1.965	0.015562214684845532	0.38096440096438366
1.975	0.011614510639520681	0.3871884619740128
1.985	0.007502939898252237	0.38597822788880715
1.995	0.0032310543971557637	0.37508612112195616
2.005	-0.0011975331765204933	0.375259011705557
2.015	-0.005779152385874009	0.3762963552071618
2.025	-0.010510078081842567	0.3830390879675934
2.035	-0.015386533474518349	0.38796646960021647
2.045	-0.02040469323607086	0.36557713902391165
2.055	-0.025560686633077645	0.37387588703675045
2.065	-0.030850600685985885	0.3744810040793533
2.075	-0.036270483353452065	0.3709367471155367
2.085	-0.04181634673928181	0.3653178031485104
2.095	-0.0474841703196659	0.3650584672731092
2.105	-0.0532699041883854	0.36410756906330477
2.115	-0.059169472317696425	0.3590937421388813
2.125	-0.06517877583251097	0.37223342649254276
2.135	-0.07129369629557003	0.36808405248612336
2.145	-0.0775100990012314	0.36047686680768776
2.155	-0.08382383627552092	0.3562410475094679
2.165	-0.09023075078007525	0.35520370400786305
2.175	-0.09672667881761765	0.34915253358183473
2.185	-0.10330745363659966	0.3469049559950242
2.195	-0.10996890873261855	0.3563274928012683
2.205	-0.1167068811442783	0.35269679054565134
2.215	-0.12351721474110056	0.3473371824540262
2.225	-0.13039576350113258	0.3479422994966291
2.235	-0.1373383947759208	0.3505356582506412
2.245	-0.14434099254047994	0.3537341340472562
2.255	-0.15139946062592935	0.35001698649983876
2.265	-0.15850972593249335	0.33843331739858457
2.275	-0.165667741620528	0.33808753623138293
2.285	-0.17286949027729426	0.3418046837788003
2.295	-0.1801109870572004	0.3428420272804052
2.305	-0.1873882827932375	0.33696374743797763
2.315	-0.19469746707737923	0.32442918012691896
2.325	-0.20203467130772124	0.31587109623867893
2.335	-0.20939607170015184	0.32538007833672344
2.345	-0.2167778922623842	0.3157846509468785
2.355	-0.22417640772819558	0.32702253888093114
2.365	-0.2315879464497641	0.3247749612941206
2.375	-0.23900889324596553	0.3274547653399331
2.385	-0.24643569220461936	0.3176864473664874
2.395	-0.25386484943660514	0.32520718775312263
2.405	-0.2612929357798457	0.32097136845490276
2.415	-0.268716589451228	0.3048060988882271
2.425	-0.2761325186444723	0.3007431701736081
2.435	-0.28353750407208644	0.3015211777998117
2.445	-0.2909284014495268	0.30999281639625137
2.455	-0.29830214391975685	0.318032228533689
2.465	-0.3056557444164052	0.30653500472423517
2.475	-0.31298629796378874	0.306275668848834
2.485	-0.3202909839121115	0.29270375803617044
2.495	-0.32756706810616243	0.29296309391157166
2.505	-0.33481190498592306	0.30057027959000726
2.515	-0.3420229396175163	0.2960751244163862
2.525	-0.3491977096529627	0.29970582667200324
2.535	-0.356333847217301	0.3060163329734328
2.545	-0.3634290807216385	0.2948648903311806
2.555	-0.37048123660075516	0.2957293432491846
2.565	-0.3774882409739623	0.29348176566237405
2.575	-0.3844481212279407	0.29866848317039835
2.585	-0.39135900752032393	0.28768993111174695
2.595	-0.39821913420291466	0.2977175849605939
2.605	-0.4050268411633795	0.2896781728231563
2.615	-0.41178057508440136	0.291752859826366
2.625	-0.41847889061928967	0.28068786247591415
2.635	-0.42512045148311145	0.2957293432491846
2.645	-0.43170403145846165	0.2803420813087126
2.655	-0.4382285153150484	0.2882950481543498
2.665	-0.4446928996423583	0.28397278356432953
2.675	-0.45109629359464626	0.28786282169534777
2.685	-0.45743791954766627	0.29521067149838215
2.695	-0.4637171136665197	0.28933239165595465
2.705	-0.4699333263841156	0.2796505189743093
2.715	-0.47608612278977863	0.28345411181352714
2.725	-0.4821751829276123	0.2761927073022931
2.735	-0.48820030200427356	0.2795640736825089
2.745	-0.49416139050588126	0.2719568880040733
2.755	-0.5000584742238655	0.2797369642661097
2.765	-0.5058916941895732	0.2899375086985575
2.775	-0.5116613065175877	0.26953641983366194
2.785	-0.5173676821576996	0.2810336436431158
2.795	-0.5230113065555888	0.2751553638006883
2.805	-0.528592779222319	0.2701415368762648
2.815	-0.5341128132127981	0.27671137905309556
2.825	-0.5395722345134493	0.26893130279105915
2.835	-0.5449719813393694	0.2739451297154826
2.845	-0.5503131033413446	0.27506891850888787
2.855	-0.5555967607231135	0.2683261857484563
2.865	-0.5608242232693934	0.28155231539391823
2.875	-0.56599686928518	0.2726484503384765
2.885	-0.5711161844469356	0.27152466154507127
2.895	-0.5761837605663348	0.26806684987305507
2.905	-0.5812012942672806	0.28336766652172674
2.915	-0.5861705855770001	0.26798040458125466
2.925	-0.5910935364320307	0.2752418090924887
2.935	-0.5959721491000463	0.2774893866792992
2.945	-0.6008085245184509	0.2665972799124482
2.955	-0.6056048605507913	0.270400872751666
2.965	-0.610363450162057	0.2650412646600409
2.975	-0.61508667951401	0.26720239695505105
2.985	-0.6197770259817466	0.2727348956302769
2.995	-0.6244370560927335	0.2719568880040733
3.005	-0.6290694233896402	0.265905717578045
3.015	-0.6336768662183168	0.26789395928945425
3.025	-0.6382622054423397	0.26772106870585344
3.035	-0.6428283420855888	0.27066020862706724
3.045	-0.6473782549043889	0.2666837252042486
3.055	-0.6519149978907705	0.2647819287846397
3.065	-0.6564416977084796	0.2650412646600409
3.075	-0.6609615510634084	0.2617563435716255
3.085	-0.6654778220101532	0.259940992443817
3.095	-0.6699938391964853	0.2630530229486316
3.105	-0.6745129930475169	0.270400872751666
3.115	-0.6790387328914451	0.2719568880040733
3.125	-0.683574564028743	0.2627936870732304
3.135	-0.6881240447467659	0.25674251664720205
3.145	-0.6926907832817347	0.259940992443817
3.155	-0.6972784347301189	0.26910419337465996
3.165	-0.7018906979114877	0.2646954834928393
3.175	-0.7065313121849103	0.2575205242734057
3.185	-0.7112040542210529	0.25674251664720205
3.195	-0.7159127347321246	0.25086423680477454
3.205	-0.720661195161876	0.2634852494076336
3.215	-0.7254533043378806	0.259076539525813
3.225	-0.730292955088362	0.25095068209657495
3.235	-0.7351840608258462	0.26123767182082314
3.245	-0.7401305520999669	0.2644361476174381
3.255	-0.7451363731217554	0.2588172036504118
3.265	-0.7502054782617885	0.25864431306681096
3.275	-0.7553418285245728	0.2564831807718008
3.285	-0.7605493880015899	0.26270724178143
3.295	-0.7658321203054116	0.25103712738837536
3.305	-0.7711939849873548	0.2605461094864199
3.315	-0.7766389339411144	0.25250669734898223
3.325	-0.7821709077948745	0.2598545471520166
3.335	-0.787793832294375	0.24939466684416767
3.345	-0.7935116146794396	0.2613241171126235
3.355	-0.7993281400564826	0.25847142248321014
3.365	-0.8052472677695025	0.25432204847679074
3.375	-0.8112728277721104	0.25285247851618387
3.385	-0.8174086170031025	0.25267958793258305
3.395	-0.8236583957681256	0.24939466684416767
3.405	-0.830025884129974	0.2521609161817806
3.415	-0.8365147583100464	0.25700185252260327
3.425	-0.8431286471035024	0.24982689330316968
3.435	-0.8498711283106569	0.24317060583453853
3.445	-0.8567457251871248	0.2505184556375729
3.455	-0.8637559029152497	0.24550462871314946
3.465	-0.8709050650993239	0.24420794933614337
3.475	-0.8781965502871003	0.24256548879193568
3.485	-0.8856336285200834	0.24005857532972394
3.495	-0.8932194979150887	0.24368927758534095
3.505	-0.9009572812795109	0.24438083991974419
3.515	-0.9088500227627773	0.24368927758534095
3.525	-0.9169006845463719	0.24005857532972394
3.535	-0.9251121435748815	0.24187392645753245
3.545	-0.9334871883304131	0.23694654482490937
3.555	-0.9420285156527685	0.23668720894950818
3.565	-0.9507387276077051	0.2245848680974515
3.575	-0.9596203284055882	0.2376381071593126
3.585	-0.9686757213727342	0.22233729051064097
3.595	-0.9779072059776891	0.22977158560547578
3.605	-0.9873169749146593	0.2317598273168851
3.615	-0.9969071112463076	0.22631377393345958
3.625	-1.0066795856080504	0.2282155703530685
3.635	-1.0166362534759854	0.22078127525823368
3.645	-1.0267788525005435	0.2321056084840867
3.655	-1.0371089999079044	0.2283020156448689
3.665	-1.0476281899711772	0.22043549409103208
3.675	-1.058337791553333	0.23314295198569157
3.685	-1.0692390457237946	0.21291475370439686
3.695	-1.080333063450572	0.21490299541580618
3.705	-1.0916208233697842	0.21524877658300778
3.715	-1.1031031696343512	0.2102349496585843
3.725	-1.1147808098436005	0.2098891684913827
3.735	-1.12665431305548	0.2047024509833584
3.745	-1.1387241078830357	0.19865128055733008
3.755	-1.1509904806767186	0.20150397518674343
3.765	-1.1634535737940954	0.2099756137831831
3.775	-1.1761133839584286	0.20366510748175357
3.785	-1.1889697607075655	0.2025413186883483
3.795	-1.2020224049345185	0.200553076976939
3.805	-1.2152708675210606	0.1918221025050981
3.815	-1.228714548065587	0.19225432896410014
3.825	-1.2423526937064702	0.19095764958709405
3.835	-1.256184398042046	0.18386913565946086
3.845	-1.2702086001483113	0.1842149168266625
3.855	-1.2844240836953813	0.18049776927924507
3.865	-1.2988294761636558	0.18499292445286614
3.875	-1.313423248160595	0.17928753519403942
3.885	-1.3282037128389763	0.1790281993186382
3.895	-1.3431690254173667	0.1768670670236281
3.905	-1.3583171828035567	0.17461948943681757
3.915	-1.3736460233215917	0.17608905939742445
3.925	-1.3891532265429896	0.1603560162897508
3.935	-1.4048363132226558	0.16536984321417425
3.945	-1.4206926453399518	0.16727163963378316
3.955	-1.4367194262453071	0.1643324997125694
3.965	-1.4529137009126813	0.16398671854536778
3.975	-1.4692723562981362	0.15880000103734349
3.985	-1.485792121804701	0.15992378983074876
3.995	-1.5024695698536406	0.15620664228333137
4.005	-1.5193011165621746	0.15257594002771435
4.015	-1.5362830225276434	0.15197082298511153
4.025	-1.5534113937179972	0.14540098080828076
4.035	-1.570682182468489	0.14566031668368198
4.045	-1.5880911885843207	0.14687055076888764
4.055	-1.6056340605489576	0.14980969069010142
4.065	-1.6233062968377456	0.14194316913626456
4.075	-1.6411032473364067	0.13986848213305486
4.085	-1.6590201148639	0.14142449738546214
4.095	-1.677051956799104	0.13589199871023624
4.105	-1.6951936868106623	0.1371022327954419
4.115	-1.7134400766892999	0.13554621754303461
4.125	-1.7317857582818577	0.12551856369418768
4.135	-1.7502252255261783	0.12880348478260306
4.145	-1.7687528365859713	0.12724746953019578
4.155	-1.7873628160846677	0.11946739326815935
4.165	-1.80604925743724	0.11721981568134882
4.175	-1.8248061252789096	0.12145563497956866
4.185	-1.843627257989532	0.11583669101254235
4.195	-1.8625063703124898	0.11462645692733668
4.205	-1.8814370560667546	0.11350266813393142
4.215	-1.9004127909508104	0.11177376229792332
4.225	-1.9194269354369986	0.11211954346512494
4.235	-1.938472737754815	0.10658704478989904
4.245	-1.9575433369616306	0.10321567840968325
4.255	-1.9766317660992576	0.10779727887510471
4.265	-1.9957309554346796	0.10088165553107233
4.275	-2.0148337357832626	0.09759673444265694
4.285	-2.033932841912668	0.09915274969506423
4.295	-2.053020916025674	0.09543560214764683
4.305	-2.0720905113199946	0.0966458362328525
4.315	-2.0911340956231976	0.08488927654799745
4.325	-2.1101440551007253	0.09292868868543509
4.335	-2.12911269803502	0.0914591187248282
4.345	-2.148032258673622	0.08826064292821323
4.355	-2.1668949011441647	0.08437060479719502
4.365	-2.185692723434058	0.08722329942660838
4.375	-2.204417761432654	0.08705040884300756
4.385	-2.223061993033631	0.08411126892179381
4.395	-2.241617342295264	0.0784923249547675
4.405	-2.26007568365627	0.0822094725021849
4.415	-2.278428846204788	0.08125857429238045
4.425	-2.2966686179981197	0.08022123079077559
4.435	-2.3147867504307	0.07615830207615658
4.445	-2.332774962647843	0.0747751774073501
4.455	-2.3506249460026947	0.07252759982053958
4.465	-2.3683283685538337	0.07425650565654766
4.475	-2.3858768796009056	0.07728209086956184
4.485	-2.4032621142556665	0.07209537336153755
4.495	-2.420475698045757	0.073046271571342
4.505	-2.437509251548536	0.06431529709950112
4.515	-2.454354395052242	0.07062580340093066
4.525	-2.4710027532417476	0.06682221056171286
4.535	-2.4874459599061525	0.06543908589290638
4.545	-2.503675662665423	0.06474752355850315
4.555	-2.5196835277132834	0.06474752355850315
4.565	-2.5354612445735425	0.06630353881091043
4.575	-2.55100053086702	0.06284572713889425
4.585	-2.566293137086221	0.059733696634079674
4.595	-2.5813308513749265	0.059387915466878057
4.605	-2.596105504309786	0.05722678317186793
4.615	-2.6106089736810825	0.06293217243069464
4.625	-2.624833189269765	0.06077104013568453
4.635	-2.6387701376178567	0.059647251342279266
4.645	-2.652411866789361	0.057831900214470766
4.655	-2.6657504911187693	0.05878279842427522
4.665	-2.678778195944271	0.055065650876857816
4.675	-2.6914872423228013	0.0548063150014566
4.685	-2.703869971724009	0.051607839204841625
4.695	-2.7159188107002947	0.051521393913041225
4.705	-2.7276262755300307	0.05143494862124082
4.715	-2.7389849768311176	0.05143494862124082
4.725	-2.7499876241420123	0.05195362037204324
4.735	-2.760627030467393	0.04910092574262989
4.745	-2.770896116785655	0.05143494862124082
4.755	-2.780787916515415	0.05022471453603515
4.765	-2.790295579938245	0.04763135578202301
4.775	-2.799412378574862	0.04581600465421451
4.785	-2.8081317095120415	0.051607839204841625
4.795	-2.8164470996775237	0.04071573243799063
4.805	-2.8243522100602174	0.04469221586080925
4.815	-2.8318408398730366	0.044432879985408034
4.825	-2.838906930655718	0.03959194364458537
4.835	-2.8455445703150364	0.04253108356579913
4.845	-2.851747997099803	0.04512444231981127
4.855	-2.857511603508136	0.04322264590020237
4.865	-2.862829940124459	0.047112684031220584
4.875	-2.867697719383801	0.04590244994601492
4.885	-2.872109819260919	0.040110615395387794
4.895	-2.8760612868818702	0.046334676405016935
4.905	-2.879547342055682	0.044259989401807226
4.915	-2.882563380723804	0.04304975531660156
4.925	-2.8851049783250797	0.0420124118149967
4.935	-2.887167893074017	0.048063582241025034
4.945	-2.888748069150184	0.044259989401807226
4.955	-2.889841639796605	0.046248231113216534
4.965	-2.8904449303250934	0.04123440418879306
4.975	-2.890554461026486	0.04132084948059346
4.985	-2.890166949983816	0.049965378660633934
4.995	-2.8892793157865047	0.04650756698861775
5.005	-2.887888680143722	0.04365487235920439
5.015	-2.885992370395096	0.047026238739420176
5.025	-2.8835879219170417	0.04590244994601492
5.035	-2.880673080423011	0.04832291811642625
5.045	-2.877245804156029	0.04642112169681734
5.055	-2.8733042659719765	0.04503799702801087
5.065	-2.868846855312087	0.04071573243799063
5.075	-2.2967290009413457	0.08333326129559017
5.085	-2.2954282289272414	0.07615830207615658
5.095	-2.2936080703066395	0.07693630970236022
5.105	-2.29126779832255	0.080307676082576
5.115	-2.2884069109559952	0.08022123079077559
5.125	-2.285025132205851	0.07883810612196912
5.135	-2.2811224132491925	0.07693630970236022
5.145	-2.276698933481174	0.07892455141376953
5.155	-2.271755101433528	0.08341970658739056
5.165	-2.2662915555708647	0.0784923249547675
5.175	-2.2603091649639726	0.07780076262036426
5.185	-2.2538090298394757	0.08056701195797722
5.195	-2.2467924820051706	0.08073990254157802
5.205	-2.23926108515055	0.07719564557776143
5.215	-2.2312166350219864	0.08195013662678369
5.225	-2.2226611594721954	0.08125857429238045
5.235	-2.213596918383663	0.09076755639042497
5.245	-2.2040264034657513	0.08246880837758612
5.255	-2.1939523379253143	0.0837654877545922
5.265	-2.183377676010725	0.08679107296760635
5.275	-2.1723056024292653	0.08886575997081607
5.285	-2.160739531637934	0.08428415950539461
5.295	-2.1486831070077677	0.08696396355120717
5.305	-2.136140199861905	0.08800130705281202
5.315	-2.1231149083876013	0.08514861242339866
5.325	-2.1096115564225997	0.08851997880361445
5.335	-2.0956346921162243	0.0895573223052193
5.345	-2.081189086465691	0.0914591187248282
5.355	-2.066279731728229	0.09405247747884035
5.365	-2.0509118397096175	0.09111333755762659
5.375	-2.0350908399298655	0.09630005506565087
5.385	-2.018822377666802	0.09024888463962254
5.395	-2.0021123118784505	0.09275579810183428
5.405	-1.9849667130051225	0.10019009319666909
5.415	-1.9673918606521954	0.09690517210825371
5.425	-1.949394241154677	0.10165966315727597
5.435	-1.9309805450247164	0.10390724074408648
5.445	-1.9121576642832094	0.10165966315727597
5.455	-1.8929326896768546	0.1040801313276873
5.465	-1.8733129077819806	0.10226478019987881
5.475	-1.8533057979965408	0.1003629837802699
5.485	-1.8329190294218087	0.10650059949809863
5.495	-1.812160457635308	0.1113415358389213
5.505	-1.7910381213565847	0.11056352821271766
5.515	-1.7695602390075083	0.11108219996352009
5.525	-1.747735205168902	0.11194665288152413
5.535	-1.7255715869352135	0.10866173179310876
5.545	-1.7030781201692056	0.11471290221913709
5.555	-1.6802637056585206	0.11817071389115327
5.565	-1.6571374051761822	0.11808426859935287
5.575	-1.6337084374470106	0.11946739326815935
5.585	-1.6099861740221155	0.12404899373358079
5.595	-1.5859801350636467	0.1188622762255565
5.605	-1.5616999850419444	0.1256914542777885
5.615	-1.537155528347479	0.13061883591041157
5.625	-1.5123567048197821	0.1350275457922322
5.635	-1.4873135851958614	0.13796668571344595
5.645	-1.4620363664804445	0.1350275457922322
5.655	-1.4365353672406007	0.14099227092646013
5.665	-1.4108210228271818	0.14929101893929897
5.675	-1.384903880525717	0.14730277722788968
5.685	-1.3587945946393625	0.14730277722788968
5.695	-1.33250392150654	0.1568982046177346
5.705	-1.3060427144559843	0.15776265753573865
5.715	-1.2794219187019005	0.15707109520133541
5.725	-1.252652566182064	0.16001023512254917
5.735	-1.2257457703416055	0.16217136741755928
5.745	-1.198712720865396	0.1587135557455431
5.755	-1.171564678361834	0.1644189450043698
5.765	-1.1443129690009881	0.1734957006434123
5.775	-1.1169689791100472	0.17669417644002727
5.785	-1.089544149728997	0.18118933161364834
5.795	-1.0620499711295603	0.18689472087247505
5.805	-1.0344979773003575	0.18871007200028353
5.815	-1.0068997404014024	0.1880185096658803
5.825	-0.9792668651909417	0.19960217876713454
5.835	-0.9516109834276998	0.2027142092719491
5.845	-0.9239437482516843	0.20176331106214465
5.855	-0.8962768285466136	0.20686358327836854
5.865	-0.8686219032870984	0.208246707947175
5.875	-0.8409906558737128	0.20841959853077582
5.885	-0.8133947684591313	0.22164572817623773
5.895	-0.7858459162684077	0.22372041517944746
5.905	-0.7583557619166474	0.22302885284504423
5.915	-0.730935949727163	0.2303767026480786
5.925	-0.7035981000533282	0.2321056084840867
5.935	-0.6763538036072275	0.24057724708052639
5.945	-0.64921461579836	0.24870310450976443
5.955	-0.6221920510854733	0.24801154217536117
5.965	-0.5952975773447209	0.25501361081119395
5.975	-0.5685426102572735	0.26970931041726276
5.985	-0.5419385077195797	0.2692770839582608
5.995	-0.5154965642792834	0.2615834529880247
6.005	-0.48922800560002966	0.26728884224685145
6.015	-0.463143982958237	0.27818094901370244
6.025	-0.4372555677748328	0.27636559788589393
6.035	-0.4115737461851443	0.29702602262619066
6.045	-0.3861094136498995	0.29642090558358786
6.055	-0.3608733696103913	0.2976311396687935
6.065	-0.3358763121907984	0.3137099639436688
6.075	-0.31112883295068494	0.3087825823110457
6.085	-0.28664141169052004	0.3120675033994611
6.095	-0.26242441131323035	0.3163897679894813
6.105	-0.23848807274466532	0.32529363304492304
6.115	-0.21484250991576148	0.3263309765465279
6.125	-0.19149770480928585	0.33696374743797763
6.135	-0.1684635025739467	0.33670441156257647
6.145	-0.1457496067085834	0.35511725871606264
6.155	-0.12336557431913986	0.3574512815946736
6.165	-0.10132081145116589	0.3608226479748894
6.175	-0.07962456850034894	0.37819815162677073
6.185	-0.058285935703753955	0.3847679938036015
6.195	-0.03731383871428384	0.3821746350495893
6.205	-0.016717034260823382	0.38831225076741804
6.215	0.003495894103477948	0.3864104543478092
6.225	0.023316540162387045	0.39859924049166623
6.235	0.04273667910489665	0.4043910750422933
6.245	0.06174827149838458	0.41649341589435
6.255	0.08034346716440144	0.42859575674640665
6.265	0.09851460895487074	0.4234090392383824
6.275	0.11625423642662591	0.4284228661628059
6.285	0.13355508941219307	0.4345604818806346
6.295	0.1504101114848484	0.4474408303588949
6.305	0.16681245331596273	0.4471814944834937
6.315	0.18275547592280472	0.45790071066674387
6.325	0.19823275380494265	0.4602347335453548
6.335	0.21323807796751115	0.47000305151880056
6.345	0.22776545882967492	0.47138617618760703
6.355	0.24180912901660956	0.4907499215508977
6.365	0.2553635460335064	0.4923923820951054
6.375	0.2684233948200605	0.4916143744689017
6.385	0.28098359018408514	0.496368865517924
6.395	0.2930392791128238	0.500864020691545
6.405	0.30458584296073843	0.5093356592879847
6.415	0.31561889951256417	0.5089898781207831
6.425	0.3261343049204637	0.5050998399897648
6.435	0.33612815551421615	0.5348370203691041
6.445	0.34559678948351147	0.5242042494776543
6.455	0.3545367884313424	0.5274891705660697
6.465	0.3629449787977208	0.5385541679165216
6.475	0.3708184331529196	0.5291316311102774
6.485	0.3781544713595557	0.5364794809133118
6.495	0.3849506616028888	0.5299960840282815
6.505	0.3912048212888122	0.5493598293915721
6.515	0.3969150178090559	0.5347505750773037
6.525	0.4020795691732002	0.5516074069783826
6.535	0.40669704450724176	0.5324165521986928
6.545	0.41076626441840647	0.5612028343682275
6.555	0.41428630122610643	0.5430493230901425
6.565	0.41725647905893815	0.5601654908666227
6.575	0.4196763738177176	0.5467664706375599
6.585	0.4215458130046432	0.551261625811181
6.595	0.422864875418717	0.5503107276013766
6.605	0.4236338907176709	0.5534227581061911
6.615	0.423853438846687	0.5438273307163461
6.625	0.42352434933432415	0.5571399056536085
6.635	0.4226477004560649	0.5599061549912214
6.645	0.42122481826606695	0.5567076791946065
6.655	0.41925727549769376	0.5529905316471891
6.665	0.4167468903335294	0.5461613535949571
6.675	0.413695725045645	0.5424442060475397
6.685	0.4101060845069324	0.5401101831689288
6.695	0.4059805145744382	0.5368252620805134
6.705	0.401321800345672	0.5539414298569936
6.715	0.39613296428895195	0.536306590329711
6.725	0.3904172642489119	0.5383812773329207
6.735	0.3841781913283808	0.539937292585328
6.745	0.37741946764789924	0.5280942876086725
6.755	0.3701450439842202	0.5321572163232916
6.765	0.3623590972892159	0.5169428449664203
6.775	0.3540660280906507	0.5180666337598255
6.785	0.34527045777639254	0.5246364759366563
6.795	0.33597722576366307	0.5165970637992187
6.805	0.3261913865550179	0.5094221045797851
6.815	0.31591820668279347	0.5086440969535815
6.825	0.3051631615438468	0.49178726505250253
6.835	0.2939319321264344	0.49904866956373656
6.845	0.28223040163119517	0.48340207174786326
6.855	0.27006465198821505	0.49023124980009525
6.865	0.25744096027222785	0.47216418381381065
6.875	0.24436579501805156	0.48348851703966367
6.885	0.23084581243847602	0.46836059097459287
6.895	0.2168878525467539	0.45167664965711474
6.905	0.202498935186036	0.4514173137817135
6.915	0.187686255968051	0.44476102631308234
6.925	0.17245718212339733	0.4349927083396366
6.935	0.1568192482659181	0.42695329620219896
6.945	0.14078015207360695	0.43542493479863864
6.955	0.12434774988858166	0.42773130382840263
6.965	0.1075300522386784	0.4212479069433723
6.975	0.09033521928333421	0.40819466788151115
6.985	0.07277155618634235	0.408799784924114
6.995	0.05484750841823949	0.39012760189522655
7.005	0.03657165699102427	0.40119259924567835
7.015	0.017952713627994443	0.39514142881965003
7.025	-0.0010004841284801946	0.3769879175415651
7.035	-0.02027897786841526	0.3803592839217808
7.045	-0.039873693322026615	0.36817049777792377
7.055	-0.05977544542100177	0.36436690493870594
7.065	-0.07997494341024991	0.3443980425328125
7.075	-0.10046279600723429	0.3559817116340667
7.085	-0.12122951660584802	0.35338835288005455
7.095	-0.14226552852184526	0.33912487973298777
7.105	-0.1635611702767965	0.34068089498539506
7.115	-0.18510670091749126	0.32970234292674366
7.125	-0.2068923053677565	0.32788699179893516
7.135	-0.22890809980957683	0.31163527694045906
7.145	-0.25114413709041494	0.3195882437860963
7.155	-0.2735904121536339	0.30999281639625137
7.165	-0.29623686748888856	0.30549766122263033
7.175	-0.3190733985993558	0.30022449842280563
7.185	-0.3420898594826568	0.2973718037933923
7.195	-0.36527606812235036	0.284491455315132
7.205	-0.38862181198680046	0.2848372364823336
7.215	-0.41211685353232497	0.288986610488753
7.225	-0.4357509357074597	0.27308067679747855
7.235	-0.4595137874551607	0.2666837252042486
7.245	-0.4833951292098334	0.2649548193682405
7.255	-0.5073846783860713	0.25864431306681096
7.265	-0.5314721548559271	0.24861665921796403
7.275	-0.555647286411625	0.25510005610299435
7.285	-0.5798998142106371	0.251382908555577
7.295	-0.6042194981999804	0.24610974575575228
7.305	-0.6285961225166732	0.23789744303471383
7.315	-0.6530195008613451	0.2261408833498588
7.325	-0.6774794818418709	0.23625498249050614
7.335	-0.7019659542840723	0.22173217346803814
7.345	-0.7264688525064933	0.2190523694222256
7.355	-0.7509781615562363	0.2060855756521649
7.365	-0.7754839224029351	0.21040784024218512
7.375	-0.7999762370879805	0.20833315323897542
7.385	-0.8244452738260478	0.20375155277355397
7.395	-0.8488812720561149	0.20764159090457218
7.405	-0.8732745474391362	0.18914229845928557
7.415	-0.8976154967995924	0.1899203060854892
7.425	-0.9218946030081356	0.19000675137728962
7.435	-0.9461024398026534	0.18386913565946086
7.445	-0.970229676545062	0.18162155807265035
7.455	-0.994267082911169	0.17574327823022282
7.465	-1.018205533511082	0.18058421457104548
7.475	-1.0420360124375407	0.17038367013859773
7.485	-1.0657496177397214	0.16312226562736373
7.495	-1.0893375658200446	0.16208492212575887
7.505	-1.112791195751596	0.16009668041434957
7.515	-1.1361019735137723	0.16303582033556333
7.525	-1.1592614961438863	0.16260359387656131
7.535	-1.1822614958024644	0.15032836244090383
7.545	-1.2050938437500327	0.14885879248029696
7.555	-1.2277505542332787	0.15845421987014188
7.565	-1.250223788278457	0.15110637006710748
7.575	-1.2725058573900534	0.14125160680186133
7.585	-1.2945892271527486	0.1385718027560488
7.595	-1.3164665207347166	0.1443636373066759
7.605	-1.338130522290461	0.13969559154945405
7.615	-1.35957418026139	0.1445365278902767
7.625	-1.380790610572416	0.14306695792966984
7.635	-1.4017730997228959	0.13399020229062733
7.645	-1.4225151077703657	0.13243418703822005
7.655	-1.4430102712054873	0.12819836774000024
7.665	-1.4632524057167886	0.1256050089859881
7.675	-1.4832355088438185	0.1295814924088067
7.685	-1.5029537625173306	0.12015895560256258
7.695	-1.5224015354853013	0.11955383855995975
7.705	-1.541573385623568	0.1188622762255565
7.715	-1.560464062129998	0.11920805739275812
7.725	-1.5790685076011024	0.11989961972716137
7.735	-1.5973818599901812	0.11575024572074194
7.745	-1.6153994544460413	0.11341622284213101
7.755	-1.6331168250315016	0.11082286408811887
7.765	-1.6505297063209348	0.10857528650130835
7.775	-1.667634034876123	0.10338856899328407
7.785	-1.6844259505998638	0.10563614658009458
7.795	-1.7009017979667735	0.10382079545228609
7.805	-1.7170581271308452	0.10546325599649378
7.815	-1.7328916949093478	0.10165966315727597
7.825	-1.7483994656427948	0.09941208557046545
7.835	-1.763578611930722	0.10503102953749176
7.845	-1.7784265152431202	0.09699161740005412
7.855	-1.194613496547224	0.1807571051546463
7.865	-1.2045995563664178	0.18758628320687828
7.875	-1.2142477750907439	0.1697785530959949
7.885	-1.2235563732981105	0.17332281005981148
7.895	-1.2325237816285648	0.18179444865625116
7.905	-1.2411486406504884	0.17946042577764024
7.915	-1.2494298006034454	0.17280413830900906
7.925	-1.2573663210180681	0.17963331636124105
7.935	-1.2649574702135349	0.1753110517712208
7.945	-1.2722027246731809	0.16917343605339208
7.955	-1.2791017682989432	0.17496527060401917
7.965	-1.2856544915452988	0.16951921722059368
7.975	-1.2918609904335658	0.1715939042238034
7.985	-1.297721565447368	0.1698649983877953
7.995	-1.303236720310265	0.17289058360080947
8.005	-1.3084071606465	0.16727163963378316
8.015	-1.3132337925259696	0.16839542842718844
8.025	-1.317717720894553	0.17245835714180743
8.035	-1.321860247891026	0.1624307032929605
8.045	-1.3256628710518166	0.16770386609278518
8.055	-1.3291272814049455	0.17107523247300097
8.065	-1.332255361454593	0.1772992934826301
8.075	-1.3350491830577176	0.16536984321417425
8.085	-1.3375110051943073	0.16130691449955523
8.095	-1.3396432716328297	0.1643324997125694
8.105	-1.3414486084925432	0.1603560162897508
8.115	-1.3429298217043937	0.1675309755091844
8.125	-1.3440898943722877	0.15923222749634552
8.135	-1.3449319840365352	0.1659749602567771
8.145	-1.3454594198413965	0.16925988134519246
8.155	-1.345675699608638	0.16908699076159167
8.165	-1.3455844868191322	0.16493761675517224
8.175	-1.3451896075045204	0.167876756676386
8.185	-1.3444950470510755	0.16398671854536778
8.195	-1.34350494691787	0.16122046920775482
8.205	-1.3422236012714992	0.1697785530959949
8.215	-1.340655453539564	0.16839542842718844
8.225	-1.338805092885245	0.1732363647680111
8.235	-1.3366772506052755	0.17098878718120056
8.245	-1.3342767964536921	0.16943277192879327
8.255	-1.3316087348938117	0.1696921078041945
8.265	-1.3286782012808707	0.1697785530959949
8.275	-1.3254904579778233	0.17263124772540825
8.285	-1.32205089040685	0.16813609255178721
8.295	-1.3183650030391338	0.1735821459352127
8.305	-1.314438415325499	0.16277648446016213
8.315	-1.310276857570575	0.17652128585642646
8.325	-1.305886166753106	0.1753110517712208
8.335	-1.3012722822951504	0.17410081768601512
8.345	-1.2964412417828275	0.17081589659759977
8.355	-1.2913991766414123	0.16649363200757952
8.365	-1.2861523077675043	0.17582972352202322
8.375	-1.2807069411210847	0.1786824181514366
8.385	-1.2750694632802468	0.17850952756783578
8.395	-1.2692463369614362	0.18222667511525317
8.405	-1.2632440965080427	0.17600261410562404
8.415	-1.2570693433501936	0.17807730110883374
8.425	-1.250728741438631	0.18343690920045885
8.435	-1.2442290126555133	0.17833663698423496
8.445	-1.2375769322050776	0.1879320643740799
8.455	-1.2307793239870195	0.18058421457104548
8.465	-1.2238430559555198	0.18317757332505763
8.475	-1.2167750354667903	0.18680827558067464
8.485	-1.2095822046180642	0.18525226032826736
8.495	-1.2022715355809366	0.18551159620366856
8.505	-1.1948500259319423	0.18741339262327747
8.515	-1.187324693983308	0.19113054017069486
8.525	-1.1797025741166904	0.18153511278084994
8.535	-1.1719907121229136	0.19121698546249527
8.545	-1.1641961605504438	0.1862896038298722
8.555	-1.1563259740655925	0.19553925005251552
8.565	-1.1483872048272135	0.19510702359351348
8.575	-1.140386897878769	0.19458835184271106
8.585	-1.1323320865606097	0.19735460118032402
8.595	-1.1242297879452297	0.1915627666296969
8.605	-1.1160869982983133	0.19649014826231997
8.615	-1.1079106885683285	0.19605792180331794
8.625	-1.0997077999074367	0.204616005691558
8.635	-1.091485239226369	0.20349221689815275
8.645	-1.0832498747860548	0.20003440522613655
8.655	-1.075008531828589	0.20539401331776166
8.665	-1.066767988250199	0.20314643573095112
8.675	-1.0585349703188476	0.21092651199298756
8.685	-1.0503161484389842	0.20945694203238066
8.695	-1.0421181329660236	0.1989970617245317
8.705	-1.0339474700730347	0.21421143308140295
8.715	-1.0258106376721297	0.21740990887801792
8.725	-1.0177140413929275	0.21300119899619727
8.735	-1.009664010620542	0.2132605348715985
8.745	-1.0016667945953692	0.21853369767142317
8.755	-0.9937285585770528	0.22726467214326404
8.765	-0.9858553800748049	0.2206083846746329
8.775	-0.9780532451463533	0.22882068739567132
8.785	-0.9703280447676352	0.2208677205500341
8.795	-0.9626855712754003	0.22691889097606244
8.805	-0.9551315148847448	0.2264866645170604
8.815	-0.9476714602836003	0.2317598273168851
8.825	-0.9403108833061808	0.23279717081848994
8.835	-0.9330551476872231	0.23132760085788306
8.845	-0.9259095018989739	0.2321056084840867
8.855	-0.9188790760726115	0.23694654482490937
8.865	-0.9119688790059588	0.23651431836590736
8.875	-0.9051837952590757	0.23063603852347983
8.885	-0.8985285823394433	0.2389347865363187
8.895	-0.8920078679782513	0.23642787307410695
8.905	-0.8856261474993046	0.2466284175065547
8.915	-0.8793877812820512	0.2467148627983551
8.925	-0.8732969923200196	0.2410959188313288
8.935	-0.8673578638761115	0.24766576100815957
8.945	-0.8615743372358737	0.24948111213596808
8.955	-0.8559502095600897	0.2519015803063794
8.965	-0.8504891318376782	0.2466284175065547
8.975	-0.8451946069401014	0.2523338067653814
8.985	-0.8400699877781694	0.24585040988035106
8.995	-0.8351184755622398	0.2616698982798251
9.005	-0.8303431181666796	0.2606325547782203
9.015	-0.8257468085993451	0.26210212473882716
9.025	-0.8213322835768498	0.26893130279105915
9.035	-0.81710212220627	0.27143821625327086
9.045	-0.8130587447739068	0.2726484503384765
9.055	-0.8092044116415635	0.26538704582724254
9.065	-0.8055412222508981	0.2647819287846397
9.075	-0.802071114236137	0.2648683740764401
9.085	-0.7987958626455345	0.26625149874524656
9.095	-0.7957170792718194	0.27109243508606923
9.105	-0.7928362120917773	0.2769707149284968
9.115	-0.7901545448151037	0.27463669204988583
9.125	-0.7876731965425711	0.2698822010008636
9.135	-0.785393121533471	0.27316712208927896
9.145	-0.7833151090822474	0.26780751399765385
9.155	-0.78143978350413	0.2627936870732304
9.165	-0.7797676042295453	0.2644361476174381
9.175	-0.7782988660070266	0.26772106870585344
9.185	-0.7770336992142046	0.27299423150567814
9.195	-0.7759720702764719	0.269968646292664
9.205	-0.7751137821927857	0.26452259290923846
9.215	-0.7744584751680761	0.26893130279105915
9.225	-0.7740056273515623	0.26806684987305507
9.235	-0.7737545556803236	0.27066020862706724
9.245	-0.7737044168273057	0.27238911446307534
9.255	-0.7738542082529399	0.2692770839582608
9.265	-0.7742027693594895	0.27221622387947453
9.275	-0.7747487827471339	0.27403157500728303
9.285	-0.7754907755707587	0.2682397404566559
9.295	-0.7764271209963625	0.2716111068368717
9.305	-0.7775560397559484	0.26460903820103887
9.315	-0.7788756017996403	0.2686719669156579
9.325	-0.7803837280437984	0.26806684987305507
9.335	-0.7820781922137517	0.26538704582724254
9.345	-0.7839566227797852	0.26893130279105915
9.355	-0.7860165049849297	0.27645204317769434
9.365	-0.7882551829630451	0.26901774808285955
9.375	-0.7906698619456237	0.26538704582724254
9.385	-0.7932576105557074	0.266770170496049
9.395	-0.7960153631872805	0.27299423150567814
9.405	-0.7989399224683422	0.26711595166325064
9.415	-0.8020279618059964	0.2664243893288474
9.425	-0.8052760280116322	0.26374458528303485
9.435	-0.8086805440043933	0.2728213409220773
9.445	-0.8122378115910079	0.26936352925006113
9.455	-0.8159440143200154	0.26573282699444417
9.465	-0.8197952204083742	0.2605461094864199
9.475	-0.8237873857384133	0.25950876598481504
9.485	-0.8279163569230618	0.2596816565684158
9.495	-0.8321778744371625	0.2555322825619964
9.505	-0.8365675758127944	0.2519880255981798
9.515	-0.841080998896294	0.24783865159176038
9.525	-0.8457135851648346	0.25639673548000047
9.535	-0.8504606831001947	0.25829853189960933
9.545	-0.8553175516174998	0.25328470497518585
9.555	-0.860279363546504	0.2506049009293733
9.565	-0.8653412091631231	0.24853021392616362
9.575	-0.8704980997687651	0.2506049009293733
9.585	-0.8757449713150564	0.2573476336898049
9.595	-0.8810766880715125	0.24221970762473408
9.605	-0.8864880463336828	0.24230615291653448
9.615	-0.8919737781692636	0.24688775338195593
9.625	-0.8975285551996548	0.24723353454915753
9.635	-0.9031469924144729	0.2406636923723268
9.645	-0.9088236520163993	0.24541818342134905
9.655	-0.9145530472938601	0.24126880941492962
9.665	-0.9203296465189168	0.24126880941492962
9.675	-0.9261478768677923	0.23616853719870573
9.685	-0.9320021283614244	0.23452607665449804
9.695	-0.9378867578234475	0.23850256007731666
9.705	-0.9437960928529655	0.22691889097606244
9.715	-0.9497244358094988	0.2245848680974515
9.725	-0.9556660678074882	0.23841611478551625
9.735	-0.9616152527177199	0.22856135152027013
9.745	-0.967566241173039	0.2303767026480786
9.755	-0.9735132745757312	0.22406619634664907
9.765	-0.9794505891039345	0.22570865689085676
9.775	-0.985372419714493	0.2222508452188406
9.785	-0.9912730041396023	0.2190523694222256
9.795	-0.9971465868746623	0.22138639230083654
9.805	-1.0029874231547475	0.21135873845198958
9.815	-1.0087897829170915	0.2133469801633989
9.825	-1.0145479547470457	0.2136927613306005
9.835	-1.020256249804927	0.2120503007863928
9.845	-1.025909005731235	0.21481655012400577
9.855	-1.0315005905277117	0.20876537969797743
9.865	-1.037025406411753	0.211877410202792
9.875	-1.0424778936416739	0.2098891684913827
9.885	-1.04785253431039	0.193291672465705
9.895	-1.053143856105075	0.20314643573095112
9.905	-1.0583464360303876	0.20582623977676368
9.915	-1.063454904092891	0.19847838997372927
9.925	-1.0684639469443211	0.20184975635394506
9.935	-1.0733683114813757	0.19856483526552968
9.945	-1.0781628083997439	0.18896940787568475
9.955	-1.082842315700113	0.1990835070163321
9.965	-Inf	0.0
9.975	-Inf	0.0
9.985	-Inf	0.0
9.995	-Inf	0.0
