0.005	-Inf	0.0
0.015	-Inf	0.0
0.025	-Inf	0.0
0.035	-Inf	0.0
0.045	-Inf	0.0
0.055	-Inf	0.0
0.065	-Inf	0.0
0.075	-Inf	0.0
0.085	-Inf	0.0
0.095	-Inf	0.0
0.105	-Inf	0.0
0.115	-Inf	0.0
0.125	-Inf	0.0
0.135	-6.311268098692949	0.0016882565876676474
0.145	-6.329144604258728	0.00162796170953666
0.155	-6.34656943789754	0.00197968183196742
0.165	-6.3635337977255375	0.0016581091486021536
0.175	-6.380029180534211	0.0016681582949573182
0.185	-6.396047385913242	0.001577715977760837
0.195	-6.411580520185241	0.001718404026733141
0.205	-6.426621000150387	0.001577715977760837
0.215	-6.441161556639063	0.001577715977760837
0.225	-6.4551952378707185	0.0014973228069195205
0.235	-6.4687154126173	0.0013465856115920521
0.245	-6.481715773169723	0.001557617685050508
0.255	-6.494190338105979	0.0013566347579472167
0.265	-6.506133454859571	0.0015174210996298496
0.275	-6.517539802087144	0.001437027928788533
0.285	-6.528404391834252	0.0015174210996298496
0.295	-6.538722571498351	0.0015274702459850142
0.305	-6.548490025588226	0.0016078634168263308
0.315	-6.557702777279206	0.0014470770751436976
0.325	-6.5663571897636	0.0017987971975744576
0.335	-6.574449967395973	0.0012963398798162293
0.345	-6.581978156632944	0.0013164381725265584
0.355	-6.5889391467673875	0.0012661924407507356
0.365	-6.595330670456949	0.0013666839043023813
0.375	-6.6011508040470295	0.0013867821970127104
0.385	-6.6063979676884	0.0015174210996298496
0.395	-6.6110709252498285	0.0013465856115920521
0.405	-6.615168784026163	0.0012360450016852419
0.415	-6.618690994242477	0.0015375193923401788
0.425	-6.621637348354987	0.0012661924407507356
0.435	-6.624007980149586	0.0011757501235542544
0.445	-6.625803363638943	0.0012159467089749127
0.455	-6.627024311759274	0.0011958484162645836
0.465	-6.6276719748679715	0.0013767330506575459
0.475	-6.627747839043427	0.0014068804897230394
0.485	-6.627253724188486	0.0013767330506575459
0.495	-6.626191781939105	0.0013164381725265584
0.505	-6.624564493379889	0.0014571262214988622
0.515	-6.622374666568295	0.0011657009771990899
0.525	-6.619625433869435	0.001487273660564356
0.535	-6.616320249103473	0.0012058975626197481
0.545	-6.612462884507783	0.001437027928788533
0.555	-6.608057427516087	0.0014470770751436976
0.565	-6.6031082773569425	0.0014772245142091914
0.575	-6.59762014147405	0.0013566347579472167
0.585	-6.591598031770921	0.0013164381725265584
0.595	-6.585047260682609	0.0012058975626197481
0.605	-6.577973437077261	0.0013063890261713939
0.615	-6.570382461990361	0.00162796170953666
0.625	-6.562280524194656	0.0013867821970127104
0.635	-6.5536740956088115	0.0015877651241160016
0.645	-6.54456992654797	0.00162796170953666
0.655	-6.53497504081948	0.0013867821970127104
0.665	-6.524896730667113	0.0016581091486021536
0.675	-6.514342551567226	0.0017083548803779765
0.685	-6.503320316880378	0.001326487318881723
0.695	-6.491838092362013	0.001648060002246989
0.705	-6.47990419053586	0.001416929636078204
0.715	-6.467527164933871	0.001718404026733141
0.725	-6.454715804206465	0.0015475685386953434
0.735	-6.4414791261070485	0.0016782074413124828
0.745	-6.427826371354756	0.0017586006121537994
0.755	-6.413766997379483	0.0015978142704711662
0.765	-6.399310671953309	0.0016581091486021536
0.775	-6.384467266712516	0.0016179125631814954
0.785	-6.369246850574417	0.0016782074413124828
0.795	-6.353659683053303	0.0018992886611261034
0.805	-6.337716207479868	0.0020399767100984074
0.815	-6.321427044128504	0.0018088463439296222
0.825	-6.304802983256925	0.0018791903684157742
0.835	-6.28785497806263	0.001788748051219293
0.845	-6.270594137560735	0.001929436100191597
0.855	-6.253031719387762	0.0018188954902847868
0.865	-6.235179122536018	0.0019495343929019262
0.875	-6.217047880023217	0.0020198784173880782
0.885	-6.198649651502015	0.001648060002246989
0.895	-6.179996215814211	0.00197968183196742
0.905	-6.161099463494336	0.0021907139054258757
0.915	-6.14197138922739	0.0019193869538364325
0.925	-6.122624084265538	0.0021304190272948883
0.935	-6.103069728808547	0.0021907139054258757
0.945	-6.083320584352796	0.0022208613444913696
0.955	-6.063388986013667	0.002371598539818838
0.965	-6.043287334826183	0.002492188296080813
0.975	-6.023028090028701	0.002602728905987623
0.985	-6.002623761334526	0.00244194256430499
0.995	-5.9820869011962685	0.002602728905987623
1.005	-5.9614300970678	0.002492188296080813
1.015	-5.940665963668608	0.0024519917106601546
1.025	-5.919807135255399	0.0026630237841186104
1.035	-5.898866257905728	0.002723318662249598
1.045	-5.877855981818451	0.0027032203695392686
1.055	-5.856788953635776	0.0029443998820632184
1.065	-5.83567780879164	0.0029243015893528892
1.075	-5.814535163891148	0.0029845964674838766
1.085	-5.793373609125747	0.002673072930473775
1.095	-5.772205700728819	0.002884105003932231
1.105	-5.751043953476288	0.0032358251263629907
1.115	-5.729900833236855	0.003306169150849143
1.125	-5.708788749576392	0.0035172012243075987
1.135	-5.687720048421002	0.003406660614400788
1.145	-5.666707004783215	0.003386562321690459
1.155	-5.645761815555722	0.003416709760755953
1.165	-5.62489659237699	0.0037483315904763836
1.175	-5.604123354573106	0.003667938419635067
1.185	-5.583454022180058	0.0037282332977660545
1.195	-5.562900409050657	0.00395936366393484
1.205	-5.542474216050236	0.0037583807368315484
1.215	-5.522187024345186	0.003999560249355498
1.225	-5.502050288788311	0.003818675614962536
1.235	-5.482075331404965	0.004381427810851751
1.245	-5.462273334983781	0.0041502974446829665
1.255	-5.44265533677582	0.004471870128048233
1.265	-5.423232222305816	0.004622607323375701
1.275	-5.404014719299165	0.004502017567113726
1.285	-5.385013391728186	0.004512066713468891
1.295	-5.366238633981132	0.004723098786927346
1.305	-5.347700665157346	0.004843688543189321
1.315	-5.32940952349181	0.004622607323375701
1.325	-5.311375060912338	0.005044671470292613
1.335	-5.293606937732514	0.005205457811975246
1.345	-5.276114617483363	0.005466735617209525
1.355	-5.258907361886745	0.004893934274965144
1.365	-5.241994225973242	0.0049944257385167905
1.375	-5.225384053347298	0.0049944257385167905
1.385	-5.209085471602259	0.005426539031788867
1.395	-5.193106887887817	0.00580840659328512
1.405	-5.177456484632295	0.0055069322026301834
1.415	-5.162142215422124	0.005838554032350614
1.425	-5.147171801040706	0.005838554032350614
1.435	-5.132552725668774	0.00604958610580907
1.445	-5.118292233248297	0.005868701471416107
1.455	-5.104397324011772	0.0061299792766503864
1.465	-5.090874751178734	0.0063812079355295
1.475	-5.0777310178211525	0.006320913057398513
1.485	-5.064972373899272	0.006431453667305323
1.495	-5.052604813469343	0.006662584033474108
1.505	-5.040634072064616	0.006501797691791475
1.515	-5.029065624250803	0.006742977204315425
1.525	-5.017904681357093	0.0068635669605773995
1.535	-5.007156189383783	0.0067530263506705894
1.545	-4.996824827087348	0.006712829765249931
1.555	-4.986915004243735	0.006602289155343121
1.565	-4.977430860090534	0.007305729400204641
1.575	-4.968376261948556	0.007154992204877172
1.585	-4.9597548040232295	0.007195188790297831
1.595	-4.951569806386107	0.007024353302260033
1.605	-4.943824314136695	0.007717744400766388
1.615	-4.9365210967446185	0.0076574495226354004
1.625	-4.929662647572119	0.007345925985625299
1.635	-4.923251183576699	0.006843468667867071
1.645	-4.917288645193603	0.0071449430585220075
1.655	-4.911776696397781	0.007396171717401122
1.665	-4.9067167249447845	0.007255483668428818
1.675	-4.9021098427899705	0.00767754781534573
1.685	-4.89795688668527	0.0075971546445044134
1.695	-4.894258418952673	0.007215287083008159
1.705	-4.891014728433433	0.007617252937214742
1.715	-4.888225831611915	0.007295680253849476
1.725	-4.885891473912926	0.007496663180952767
1.735	-4.884011131171146	0.007154992204877172
1.745	-4.88258401127132	0.007667498668990565
1.755	-4.881609055957642	0.007245434522073654
1.765	-4.881084942810711	0.00787853074244902
1.775	-4.881010087390314	0.007325827692914969
1.785	-4.881382645542216	0.007747891839831882
1.795	-4.882200515866975	0.007355975131980464
1.805	-4.883461342348761	0.008039317084131654
1.815	-4.8851625171420245	0.007697646108056059
1.825	-4.88730118351376	0.007305729400204641
1.835	-4.889874238939014	0.007165041351232337
1.845	-4.892878338347217	0.007647400376280236
1.855	-4.896309897516787	0.007577056351794084
1.865	-4.900165096615364	0.007687596961700894
1.875	-4.904439883883009	0.007366024278335628
1.885	-4.909129979455489	0.0075971546445044134
1.895	-4.914230879324803	0.007456466595532109
1.905	-4.919737859433969	0.007466515741887274
1.915	-5.325253123569239	0.00488388512860998
1.925	-5.331534927221445	0.004622607323375701
1.935	-5.33820736154534	0.005084868055713271
1.945	-5.345264865811979	0.004924081714030638
1.955	-5.352701681621163	0.004682902201506688
1.965	-5.360511857734704	0.004703000494217018
1.975	-5.368689255020896	0.004783393665058334
1.985	-5.377227551506598	0.0049441800067409674
1.995	-5.386120247533345	0.004703000494217018
2.005	-5.395360671013714	0.004542214152534385
2.015	-5.404941982784224	0.004230690615524283
2.025	-5.414857182050938	0.004542214152534385
2.035	-5.4250991119239025	0.004351280371786258
2.045	-5.4356604650364595	0.004260838054589777
2.055	-5.446533789245518	0.0041502974446829665
2.065	-5.457711493408709	0.004250788908234612
2.075	-5.469185853234377	0.0042105923228139535
2.085	-5.480949017200302	0.004361329518141423
2.095	-5.492993012537025	0.0042105923228139535
2.105	-5.505309751271534	0.00406990427384165
2.115	-5.5178910363271925	0.004079953420196815
2.125	-5.530728567675565	0.004009609395710662
2.135	-5.543813948535949	0.004029707688420992
2.145	-5.557138691618276	0.004130199151972637
2.155	-5.570694225405068	0.00404980598113132
2.165	-5.584471900468139	0.003858872200383194
2.175	-5.598462995815648	0.0036076435415040796
2.185	-5.612658725265193	0.0034971029315972696
2.195	-5.627050243838514	0.0038689213467383585
2.205	-5.641628654173481	0.0036076435415040796
2.215	-5.656385012948936	0.0031755302482320033
2.225	-5.671310337318028	0.003436808053466282
2.235	-5.686395611345643	0.003276021711783649
2.245	-5.701631792445575	0.003436808053466282
2.255	-5.717009817813009	0.003004694760194206
2.265	-5.732520610848029	0.0029845964674838766
2.275	-5.748155087565732	0.0031252845164561806
2.285	-5.76390416298866	0.003326267443559472
2.295	-5.779758757517213	0.0027333678086047626
2.305	-5.795709803273754	0.0031755302482320033
2.315	-5.811748250416144	0.0029644981747735475
2.325	-5.827865073416463	0.0025625323205669646
2.335	-5.844051277300693	0.003004694760194206
2.345	-5.8602979038452006	0.0029544490284183827
2.355	-5.876596037725867	0.002874055857577066
2.365	-5.8929368126157735	0.0026630237841186104
2.375	-5.909311417227345	0.002321352808043015
2.385	-5.925711101294975	0.0026127780523427877
2.395	-5.9421271814941266	0.0025424340278566355
2.405	-5.9585510472929855	0.002743416954959927
2.415	-5.974974166732815	0.002462040857015319
2.425	-5.991388092133157	0.0025625323205669646
2.435	-6.007784465718141	0.0023113036616878506
2.445	-6.024155025160182	0.0024318934179498254
2.455	-6.040491609037426	0.002351500247108509
2.465	-6.056786162201371	0.0021304190272948883
2.475	-6.073030741051122	0.002100271588229395
2.485	-6.089217518710858	0.0022711070762671923
2.495	-6.105338790107132	0.00209022244187423
2.505	-6.121386976942672	0.002140468173650053
2.515	-6.137354632563491	0.002140468173650053
2.525	-6.153234446716116	0.0020600750028087365
2.535	-6.169019250191898	0.0023314019543981797
2.545	-6.1847020193553615	0.001859092075705445
2.555	-6.200275880553733	0.001969632685612255
2.565	-6.21573411440478	0.0020299275637432426
2.575	-6.23107015996024	0.0020399767100984074
2.585	-6.246277618742174	0.001999780124677749
2.595	-6.261350258649708	0.0018691412220606096
2.605	-6.276282017733634	0.0021505173200052174
2.615	-6.291067007836562	0.001507371953274685
2.625	-6.3056995180962705	0.0017284531730883056
2.635	-6.32017401831012	0.001909337807481268
2.645	-6.3344851621584	0.0017987971975744576
2.655	-6.348627790284632	0.001788748051219293
2.665	-6.362596933230926	0.0014772245142091914
2.675	-6.376387814226616	0.0016078634168263308
2.685	-6.389995851828453	0.0017385023194434702
2.695	-6.403416662410789	0.00162796170953666
2.705	-6.41664606250427	0.0017083548803779765
2.715	-6.42968007098163	0.001416929636078204
2.725	-6.442514911089359	0.0014671753678540268
2.735	-6.455147012324025	0.001648060002246989
2.745	-6.4675730121522435	0.0011958484162645836
2.755	-6.4797897575732915	0.0016078634168263308
2.765	-6.4917943065235635	0.0016179125631814954
2.775	-6.503583929122115	0.0014671753678540268
2.785	-6.515156108756669	0.0018088463439296222
2.795	-6.52650854300957	0.0013566347579472167
2.805	-6.537639144423306	0.0014671753678540268
2.815	-6.548546041105238	0.0014973228069195205
2.825	-6.559227577171444	0.0013867821970127104
2.835	-6.569682313029515	0.0012862907334610647
2.845	-6.579909025500394	0.0011355535381335961
2.855	-6.589906707779389	0.001437027928788533
2.865	-6.599674569236606	0.0013566347579472167
2.875	-6.609212035057176	0.0013867821970127104
2.885	-6.618518745721764	0.0013365364652368876
2.895	-6.62759455632791	0.0012360450016852419
2.905	-6.636439535752939	0.0014068804897230394
2.915	-6.645053965659193	0.0011355535381335961
2.925	-6.653438339342552	0.001256143294395571
2.935	-6.661593360425195	0.0014470770751436976
2.945	-6.6695199413937685	0.0013365364652368876
2.955	-6.677219201984185	0.0013566347579472167
2.965	-6.684692467414353	0.0014772245142091914
2.975	-6.69194126646631	0.0010652095136474441
2.985	-6.698967329419278	0.0012259958553300773
2.995	-6.705772585835274	0.0012963398798162293
3.005	-6.712359162199023	0.0011657009771990899
3.015	-6.718729379414031	0.001326487318881723
3.025	-6.724885750156703	0.0009144723183199757
3.035	-6.730830976090604	0.0012661924407507356
3.045	-6.736567944942923	0.0012159467089749127
3.055	-6.742099727445417	0.0012460941480404064
3.065	-6.747429574142117	0.0010049146355164567
3.075	-6.752560912066204	0.0012460941480404064
3.085	-6.757497341288549	0.0012963398798162293
3.095	-6.762242631340508	0.001115455245423267
3.105	-6.76680071751362	0.001256143294395571
3.115	-6.7711756970389345	0.0012058975626197481
3.125	-6.77537182514888	0.0013365364652368876
3.135	-6.77939351102447	0.0012259958553300773
3.145	-6.783245313630926	0.0011456026844887607
3.155	-6.786931937444726	0.0010853078063577733
3.165	-6.790458228075244	0.0011556518308439253
3.175	-6.793829167784168	0.001115455245423267
3.185	-6.797049870905967	0.0010250129282267859
3.195	-6.800125579172809	0.0011556518308439253
3.205	-6.803061656947242	0.0013465856115920521
3.215	-6.805863586366185	0.0010250129282267859
3.225	-6.808536962399741	0.0009245214646751403
3.235	-6.811087487828402	0.0011657009771990899
3.245	-6.813520968142305	0.0011456026844887607
3.255	-6.8158433063662365	0.0011556518308439253
3.265	-6.818060497814132	0.0011054060990681024
3.275	-6.820178624776841	0.0010853078063577733
3.285	-6.822203851147062	0.0009245214646751403
3.295	-6.82414241698523	0.001115455245423267
3.305	-6.8260006330303895	0.0011958484162645836
3.315	-6.827784875159915	0.0009345706110303048
3.325	-6.829501578802147	0.0010551603672922796
3.335	-6.831157233305929	0.0009446197573854694
3.345	-6.8327583762711095	0.0011355535381335961
3.355	-6.834311587844102	0.0011657009771990899
3.365	-6.835823484982587	0.0011556518308439253
3.375	-6.83730071569353	0.001045111220937115
3.385	-6.838749953248586	0.0012360450016852419
3.395	-6.840177890381121	0.0011556518308439253
3.405	-6.841591233468989	0.001045111220937115
3.415	-6.842996696707264	0.0011757501235542544
3.425	-6.844400996275086	0.001115455245423267
3.435	-6.845810844500864	0.0011456026844887607
3.445	-6.847232944029989	0.0010953569527129379
3.455	-6.84867398199927	0.0009747671964509631
3.465	-6.850140624222289	0.0011958484162645836
3.475	-6.851639509389842	0.0010350620745819504
3.485	-6.853177243289644	0.0011657009771990899
3.495	-6.854760393049469	0.0009044231719648111
3.505	-6.856395481407854	0.0011456026844887607
3.515	-6.85808898101651	0.0011355535381335961
3.525	-6.859847308778522	0.0008943740256096465
3.535	-6.861676820226438	0.0010652095136474441
3.545	-6.863583803944301	0.0010049146355164567
3.555	-6.865574476037636	0.001115455245423267
3.565	-6.867654974655405	0.0009345706110303048
3.575	-6.869831354567859	0.0011556518308439253
3.585	-6.872109581804235	0.0010752586600026087
3.595	-6.874495528354173	0.0009747671964509631
3.605	-6.8769949669366754	0.0011456026844887607
3.615	-6.879613565840417	0.0011556518308439253
3.625	-6.882356883839148	0.0009245214646751403
3.635	-6.885230365185872	0.0009747671964509631
3.645	-6.8882393346894535	0.0009044231719648111
3.655	-6.891388992877254	0.0009647180500957985
3.665	-6.894684411247269	0.0010350620745819504
3.675	-6.898130527613298	0.0008642265865441528
3.685	-6.901732141546531	0.0009345706110303048
3.695	-6.905493909916862	0.0009245214646751403
3.705	-6.909420342537243	0.000884324879254482
3.715	-6.91351579791427	0.000884324879254482
3.725	-6.917784479108106	0.0009446197573854694
3.735	-6.922230429704852	0.0011657009771990899
3.745	-6.926857529904295	0.000954668903740634
3.755	-6.9316694927259626	0.0009245214646751403
3.765	-6.936669860336325	0.0009948654891612921
3.775	-6.941862000499847	0.0010752586600026087
3.785	-6.947249103156585	0.0010049146355164567
3.795	-6.952834177128887	0.0008642265865441528
3.805	-6.958620046959679	0.0008642265865441528
3.815	-6.964609349884748	0.0009747671964509631
3.825	-6.9708045329413215	0.0008541774401889883
3.835	-6.977207850215155	0.0009848163428061276
3.845	-6.98382136022825	0.0009144723183199757
3.855	-6.990646923469236	0.0008039317084131654
3.865	-6.997686200068346	0.00081398085476833
3.875	-7.004940647618794	0.0007838334157028363
3.885	-7.012411519146321	0.0009948654891612921
3.895	-7.020099861228518	0.0009446197573854694
3.905	-7.02800651226546	0.0008240300011234945
3.915	-7.036132100903076	0.0009948654891612921
3.925	-7.044477044610613	0.0007637351229925071
3.935	-7.053041548413329	0.0009747671964509631
3.945	-7.061825603781642	0.0008240300011234945
3.955	-7.070828987677638	0.0007335876839270134
3.965	-7.080051261759908	0.0009848163428061276
3.975	-7.089491771747472	0.0006632436594408615
3.985	-7.0991496469434825	0.0008742757328993174
3.995	-7.109023799919286	0.0006732928057960261
4.005	-7.1191129263593025	0.0008642265865441528
4.015	-7.129415505067085	0.0007134893912166843
4.025	-7.139929798132797	0.0008340791474786591
4.035	-7.150653851262245	0.0007938825620580008
4.045	-7.161585494267504	0.0007335876839270134
4.055	-7.172722341719032	0.0007938825620580008
4.065	-6.623621033598189	0.0015475685386953434
4.075	-6.637860835831117	0.0012762415871059001
4.085	-6.652297403710699	0.0012661924407507356
4.095	-6.666927500582836	0.0010652095136474441
4.105	-6.681747680224117	0.0012762415871059001
4.115	-6.696754288454927	0.001326487318881723
4.125	-6.711943464910387	0.001256143294395571
4.135	-6.72731114496811	0.0009747671964509631
4.145	-6.742853061831749	0.0012360450016852419
4.155	-6.758564748769129	0.001185799269909419
4.165	-6.774441541503679	0.0011456026844887607
4.175	-6.790478580757783	0.0010350620745819504
4.185	-6.806670814946535	0.0010953569527129379
4.195	-6.823013003020305	0.0011054060990681024
4.205	-6.839499717454408	0.0009747671964509631
4.215	-6.856125347384066	0.0009245214646751403
4.225	-6.872884101882757	0.0010752586600026087
4.235	-6.889770013381928	0.0010752586600026087
4.245	-6.906776941229984	0.001045111220937115
4.255	-6.923898575388336	0.0008943740256096465
4.265	-6.941128440262205	0.0009245214646751403
4.275	-6.958459898663776	0.0010953569527129379
4.285	-6.975886155905243	0.0009144723183199757
4.295	-6.99340026401913	0.0008340791474786591
4.305	-7.010995126103242	0.0008441282938338237
4.315	-7.028663500787461	0.0009747671964509631
4.325	-7.046398006819567	0.0009345706110303048
4.335	-7.064191127767142	0.0007034402448615197
4.345	-7.08203521683254	0.0006933910985063552
4.355	-7.099922501777842	0.0008340791474786591
4.365	-7.117845089956592	0.0007235385375718488
4.375	-7.135794973449121	0.0006431453667305324
4.385	-7.1537640342980735	0.0008642265865441528
4.395	-7.171744049840764	0.0008943740256096465
4.405	-7.189726698134924	0.0006531945130856969
4.415	-7.207703563474241	0.0007938825620580008
4.425	-7.225666141990153	0.0005527030495340512
4.435	-7.243605847336193	0.0006129979276650386
4.445	-7.2615140164511525	0.0007335876839270134
4.455	-7.279381915397314	0.0006632436594408615
4.465	-7.29720074526988	0.0008943740256096465
4.475	-7.3149616481737025	0.0006230470740202032
4.485	-7.332655713263388	0.0007335876839270134
4.495	-7.350273982842753	0.0005828504885995449
4.505	-7.367807458519609	0.0006933910985063552
4.515	-7.385247107411784	0.0006330962203753678
4.525	-7.402583868400242	0.0006833419521511906
4.535	-7.41980865842515	0.0005527030495340512
4.545	-7.436912378820677	0.0004622607323375701
4.555	-7.4538859216843125	0.0005828504885995449
4.565	-7.470720176276415	0.0006732928057960261
4.575	-7.487406035445698	0.0005426539031788866
4.585	-7.503934402076367	0.0006330962203753678
4.595	-7.520296195552538	0.0005527030495340512
4.605	-7.536482358235594	0.0004924081714030638
4.615	-7.552483861950095	0.0005627521958892158
4.625	-7.568291714473883	0.000371818415141089
4.635	-7.583896966027939	0.0004622607323375701
4.645	-7.59929071576164	0.00042206414691691184
4.655	-7.614464118228955	0.0005024573177582284
4.665	-7.629408389851217	0.0005928996349547095
4.675	-7.6441148153620295	0.0006129979276650386
4.685	-7.658574754229904	0.0005225556104685575
4.695	-7.672779647054262	0.0005928996349547095
4.705	-7.686721021930356	0.0005928996349547095
4.715	-7.700390500778807	0.0003617692687859244
4.725	-7.713779805635324	0.0005728013422443804
4.735	-7.726880764896319	0.0006330962203753678
4.745	-7.73968531951607	0.0005024573177582284
4.755	-7.752185529151148	0.0005326047568237221
4.765	-7.764373578247846	0.0005125064641133929
4.775	-7.7762417820683405	0.00045221158598240555
4.785	-7.787782592651419	0.0004723098786927347
4.795	-7.798988604703582	0.00041201500056174727
4.805	-7.8098525614163945	0.0004019658542065827
4.815	-7.820367360205995	0.0004019658542065827
4.825	-7.830526058370701	0.0004622607323375701
4.835	-7.84032187866276	0.0003919167078514181
4.845	-7.849748214770216	0.0004622607323375701
4.855	-7.858798636705091	0.0004019658542065827
4.865	-7.867466896093932	0.000371818415141089
4.875	-7.875746931367026	0.00033162182972043075
4.885	-7.883632872842512	0.0004019658542065827
4.895	-7.891119047701713	0.0003416709760755953
4.905	-7.898199984852142	0.00045221158598240555
4.915	-7.904870419674571	0.000442162439627241
4.925	-7.9111252986507825	0.0003115235370101016
4.935	-7.916959783868541	0.0003416709760755953
4.945	-7.922369257400506	0.00033162182972043075
4.955	-7.927349325553843	0.0004622607323375701
4.965	-7.931895822987349	0.0002813760979446079
4.975	-7.936004816693034	0.0003617692687859244
4.985	-7.939672609839135	0.00038186756149625355
4.995	-7.942895745471675	0.0003215726833652662
5.005	-7.945671010071725	0.00029142524429977246
5.015	-7.947995436965622	0.00038186756149625355
5.025	-7.949866309585517	0.0003115235370101016
5.035	-7.951281164577683	0.0003617692687859244
5.045	-7.952237794756117	0.0003617692687859244
5.055	-7.952734251899103	0.000371818415141089
5.065	-7.95276884938643	0.00030147439065493704
5.075	-7.952340164675122	0.00033162182972043075
5.085	-7.951447041611606	0.0003617692687859244
5.095	-7.9500885925783695	0.00041201500056174727
5.105	-7.948264200473217	0.00038186756149625355
5.115	-7.945973520519408	0.00030147439065493704
5.125	-7.943216481905001	0.0003115235370101016
5.135	-7.939993289249871	0.0002713269515894433
5.145	-7.936304423898997	0.0003215726833652662
5.155	-7.932150645040638	0.00030147439065493704
5.165	-7.927532990648256	0.00041201500056174727
5.175	-7.92245277824504	0.0004622607323375701
5.185	-7.916911605490068	0.00030147439065493704
5.195	-7.910911350585222	0.000371818415141089
5.205	-7.904454172502128	0.0005426539031788866
5.215	-7.897542511028435	0.0003416709760755953
5.225	-7.890179086632933	0.0004019658542065827
5.235	-7.882366900149119	0.00033162182972043075
5.245	-7.874109232276865	0.0005024573177582284
5.255	-7.865409642902054	0.000442162439627241
5.265	-7.856271970234111	0.0003919167078514181
5.275	-7.846700329761495	0.0002512286588791142
5.285	-7.836699113025299	0.00042206414691691184
5.295	-7.826272986211269	0.0005426539031788866
5.305	-7.815426888560698	0.0003115235370101016
5.315	-7.804166030600603	0.0003416709760755953
5.325	-7.792495892193983	0.0004622607323375701
5.335	-7.78042222041079	0.0003416709760755953
5.345	-7.767951027220549	0.00041201500056174727
5.355	-7.755088587007649	0.00041201500056174727
5.365	-7.741841433910353	0.00038186756149625355
5.375	-7.728216358984798	0.0003617692687859244
5.385	-7.714220407195296	0.0005527030495340512
5.395	-7.699860874232442	0.00038186756149625355
5.405	-7.685145303160526	0.000442162439627241
5.415	-7.670081480895996	0.00041201500056174727
5.425	-7.65467743451871	0.0005426539031788866
5.435	-7.638941427417929	0.0005024573177582284
5.445	-7.622881955275011	0.0005527030495340512
5.455	-7.606507741884996	0.0005627521958892158
5.465	-7.5898277348192345	0.0006029487813098741
5.475	-7.572851100931426	0.0005125064641133929
5.485	-7.555587221709546	0.0005326047568237221
5.495	-7.53804568847612	0.0004723098786927347
5.505	-7.520236297439574	0.0005627521958892158
5.515	-7.502169044599325	0.0006029487813098741
5.525	-7.4838541205075195	0.0006129979276650386
5.535	-7.4653019048903175	0.0005928996349547095
5.545	-7.44652296113179	0.00048235902504789927
5.555	-7.427528030623502	0.0005326047568237221
5.565	-7.408328026983085	0.0006029487813098741
5.575	-7.388934030145018	0.0004622607323375701
5.585	-7.369357280327058	0.00048235902504789927
5.595	-7.349609171875841	0.0005527030495340512
5.605	-7.3297012469951115	0.0005527030495340512
5.615	-7.309645189360347	0.0005326047568237221
5.625	-7.289452817623416	0.0006431453667305324
5.635	-7.269136078811125	0.0005728013422443804
5.645	-7.2487070416214925	0.0007235385375718488
5.655	-7.228177889621753	0.0006230470740202032
5.665	-7.207560914352043	0.0008039317084131654
5.675	-7.186868508338906	0.0008441282938338237
5.685	-7.166113158022765	0.0006933910985063552
5.695	-7.145307436603561	0.00081398085476833
5.705	-7.12446399680883	0.0009044231719648111
5.715	-7.103595563588563	0.000954668903740634
5.725	-7.082714926741251	0.0009245214646751403
5.735	-7.061834933475496	0.0008039317084131654
5.745	-7.040968480911768	0.0008943740256096465
5.755	-7.020128508528733	0.0008240300011234945
5.765	-6.99932799055882	0.0008039317084131654
5.775	-6.978579928337604	0.0009245214646751403
5.785	-6.9578973426116715	0.0009245214646751403
5.795	-6.93729326580965	0.0010149637818716213
5.805	-6.91678073428113	0.0009044231719648111
5.815	-6.896372780508252	0.0010752586600026087
5.825	-6.8760824252947135	0.0009948654891612921
5.835	-6.855922669936992	0.0010853078063577733
5.845	-6.835906488382642	0.0009948654891612921
5.855	-6.816046819380484	0.0011355535381335961
5.865	-6.796356558627532	0.0009747671964509631
5.875	-6.776848550917526	0.0011556518308439253
5.885	-6.757535582295992	0.0011355535381335961
5.895	-6.738430372226619	0.0012058975626197481
5.905	-6.719545565773919	0.0012762415871059001
5.915	-6.700893725807013	0.0012159467089749127
5.925	-6.682487325229412	0.0013164381725265584
5.935	-6.664338739239666	0.0013666839043023813
5.945	-6.646460237627774	0.0015274702459850142
5.955	-6.628863977112153	0.0011556518308439253
5.965	-6.611561993722014	0.0012360450016852419
5.975	-6.594566195229974	0.0011456026844887607
5.985	-6.5778883536396675	0.001487273660564356
5.995	-6.561540097733123	0.0013465856115920521
6.005	-6.545532905682647	0.0012460941480404064
6.015	-6.529878097731932	0.0014973228069195205
6.025	-6.514586828951008	0.0015274702459850142
6.035	-6.499670082069729	0.0012661924407507356
6.045	-6.485138660394355	0.001416929636078204
6.055	-6.471003180811748	0.0015274702459850142
6.065	-6.457274066885758	0.001396831343367875
6.075	-6.443961542050187	0.0014671753678540268
6.085	-6.4310756229027355	0.0016179125631814954
6.095	-6.418626112604329	0.0015475685386953434
6.105	-6.406622594388057	0.0015274702459850142
6.115	-6.395074425181971	0.0016782074413124828
6.125	-6.3839907293499225	0.0017987971975744576
6.135	-6.373380392554513	0.0017385023194434702
6.145	-6.363252055746224	0.00197968183196742
6.155	-6.353614109282632	0.0018691412220606096
6.165	-6.34447468718167	0.0016179125631814954
6.175	-6.335841661512661	0.0017786989048641285
6.185	-6.327722636928948	0.0018289446366399514
6.195	-6.320124945345678	0.0016882565876676474
6.205	-6.313055640766399	0.0017485514657986348
6.215	-6.306521494261885	0.0018892395147709388
6.225	-6.300528989104602	0.0018088463439296222
6.235	-6.295084316062159	0.0017385023194434702
6.245	-6.290193368852901	0.001859092075705445
6.255	-6.285861739766788	0.001969632685612255
6.265	-6.282094715454595	0.001859092075705445
6.275	-6.278897272888329	0.0019495343929019262
6.285	-6.276274075495716	0.001929436100191597
6.295	-6.274229469471446	0.0018691412220606096
6.305	-6.2727674802678335	0.001718404026733141
6.315	-6.271891809267355	0.001838993782995116
6.325	-6.271605830639521	0.00209022244187423
6.335	-6.271912588384348	0.0020500258564535717
6.345	-6.272814793564593	0.0018791903684157742
6.355	-6.27431482172888	0.0023113036616878506
6.365	-6.2764147105276225	0.00197968183196742
6.375	-6.279116157523619	0.0018289446366399514
6.385	-6.2824205181990305	0.001959583539257091
6.395	-6.286328804160355	0.001929436100191597
6.405	-6.290841681542897	0.0018892395147709388
6.415	-6.295959469616082	0.0017485514657986348
6.425	-6.301682139590914	0.002110320734584559
6.435	-6.308009313630624	0.0019193869538364325
6.445	-6.314940264065607	0.0018188954902847868
6.455	-6.322473912813474	0.0018088463439296222
6.465	-6.330608831004977	0.001969632685612255
6.475	-6.339343238816486	0.0018992886611261034
6.485	-6.348675005509485	0.0017083548803779765
6.495	-6.358601649677472	0.0018892395147709388
6.505	-6.369120339700558	0.0017987971975744576
6.515	-6.380227894407878	0.0017786989048641285
6.525	-6.391920783947774	0.0018088463439296222
6.535	-6.404195130865714	0.0018691412220606096
6.545	-6.417046711389653	0.0017284531730883056
6.555	-6.430470956922418	0.0017083548803779765
6.565	-6.444462955740727	0.0014068804897230394
6.575	-6.4590174549001	0.001557617685050508
6.585	-6.474128862344972	0.0015375193923401788
6.595	-6.489791249223117	0.0014269787824333685
6.605	-6.505998352403393	0.0014973228069195205
6.615	-6.522743577195596	0.0016179125631814954
6.625	-6.540020000271301	0.001437027928788533
6.635	-6.557820372784214	0.0015676668314056725
6.645	-6.576137123688528	0.001416929636078204
6.655	-6.594962363253751	0.001437027928788533
6.665	-6.614287886774145	0.001396831343367875
6.675	-6.6341051784709855	0.0012762415871059001
6.685	-6.654405415585647	0.001396831343367875
6.695	-6.675179472661368	0.0013867821970127104
6.705	-6.543911132378795	0.0014470770751436976
6.715	-6.56290370582338	0.001698305734022812
6.725	-6.582340952270842	0.0013365364652368876
6.735	-6.6022125819836	0.001416929636078204
6.745	-6.622508026683633	0.0013164381725265584
6.755	-6.643216444915808	0.0013666839043023813
6.765	-6.6643267275819795	0.0012460941480404064
6.775	-6.685827503642863	0.0012360450016852419
6.785	-6.707707145984524	0.001326487318881723
6.795	-6.7299537774463065	0.0011958484162645836
6.805	-7.401396310584483	0.0006029487813098741
6.815	-7.407207446730717	0.0005125064641133929
6.825	-7.413348502865327	0.0005326047568237221
6.835	-7.419806665030629	0.0005828504885995449
6.845	-7.426568901663844	0.0007034402448615197
6.855	-7.433621970520533	0.0007838334157028363
6.865	-7.440952425734256	0.0005828504885995449
6.875	-7.448546625008438	0.00048235902504789927
6.885	-7.456390736936352	0.0005627521958892158
6.895	-7.464470748445191	0.0005426539031788866
6.905	-7.472772472359894	0.0005928996349547095
6.915	-7.481281555082482	0.00042206414691691184
6.925	-7.489983484382551	0.0005728013422443804
6.935	-7.49886359729442	0.0006431453667305324
6.945	-7.507907088116466	0.0005527030495340512
6.955	-7.5170990165080545	0.0005527030495340512
6.965	-7.526424315679435	0.00045221158598240555
6.975	-7.535867800669816	0.0004622607323375701
6.985	-7.545414176708986	0.0006330962203753678
6.995	-7.555048047657542	0.0005527030495340512
7.005	-7.564753924520905	0.0005024573177582284
7.015	-7.574516234032203	0.0005326047568237221
7.025	-7.584319327299021	0.0005125064641133929
7.035	-7.594147488509005	0.0005527030495340512
7.045	-7.603984943689299	0.0005426539031788866
7.055	-7.613815869514697	0.0005024573177582284
7.065	-7.623624402159333	0.0005828504885995449
7.075	-7.633394646186847	0.000442162439627241
7.085	-7.643110683473733	0.0005928996349547095
7.095	-7.652756582160727	0.0005326047568237221
7.105	-7.662316405626965	0.0005326047568237221
7.115	-7.671774221481631	0.00048235902504789927
7.125	-7.681114110567867	0.00045221158598240555
7.135	-7.690320175973621	0.0004321132932720764
7.145	-7.699376552044146	0.00042206414691691184
7.155	-7.708267413390844	0.0006029487813098741
7.165	-7.716976983891158	0.00048235902504789927
7.175	-7.7254895456741695	0.0004622607323375701
7.185	-7.733789448086647	0.0004321132932720764
7.195	-7.741861116634209	0.000371818415141089
7.205	-7.749689061892311	0.0005125064641133929
7.215	-7.757257888381785	0.0004622607323375701
7.225	-7.764552303403715	0.0005326047568237221
7.235	-7.771557125828311	0.00038186756149625355
7.245	-7.778257294832658	0.00041201500056174727
7.255	-7.784637878582077	0.0004019658542065827
7.265	-7.790684082849983	0.0004019658542065827
7.275	-7.796381259571036	0.000442162439627241
7.285	-7.801714915322602	0.00041201500056174727
7.295	-7.8066707197293255	0.0005024573177582284
7.305	-7.81123451378587	0.0004321132932720764
7.315	-7.8153923180928855	0.0004019658542065827
7.325	-7.819130341001171	0.00048235902504789927
7.335	-7.822434986659228	0.00042206414691691184
7.345	-7.825292862959381	0.0003617692687859244
7.355	-7.827690789377646	0.000442162439627241
7.365	-7.82961580470268	0.0003919167078514181
7.375	-7.831055174649147	0.0003416709760755953
7.385	-7.831996399350924	0.0003416709760755953
7.395	-7.832427220729613	0.000442162439627241
7.405	-7.832335629733931	0.0004019658542065827
7.415	-7.83170987344562	0.000371818415141089
7.425	-7.830538462047522	0.0005125064641133929
7.435	-7.828810175649678	0.000371818415141089
7.445	-7.826514070969257	0.00048235902504789927
7.455	-7.823639487860278	0.000371818415141089
7.465	-7.820176055689176	0.0003617692687859244
7.475	-7.816113699552307	0.0004321132932720764
7.485	-7.81144264633161	0.00041201500056174727
7.495	-7.806153430584752	0.0003617692687859244
7.505	-7.800236900266134	0.00045221158598240555
7.515	-7.793684222275261	0.000371818415141089
7.525	-7.786486887829096	0.00048235902504789927
7.535	-7.778636717655057	0.0005024573177582284
7.545	-8.389117433348197	0.0002713269515894433
7.555	-8.39707126978131	0.0002813760979446079
7.565	-8.404349758905429	0.00011054060990681025
7.575	-8.410946087723776	0.00019093378074812678
7.585	-8.416853795917092	0.0002713269515894433
7.595	-8.422066779897358	0.00017083548803779766
7.605	-8.42657929666213	0.00029142524429977246
7.615	-8.430385967447052	0.0002713269515894433
7.625	-8.433481781174272	0.00024117951252394963
7.635	-8.435862097694578	0.00030147439065493704
7.645	-8.4375226508212	0.0002210812198136205
7.655	-8.438459551153336	0.00021103207345845592
7.665	-8.438669288687617	0.00024117951252394963
7.675	-8.438148735215806	0.00024117951252394963
7.685	-8.436895146507187	0.0001808846343929622
7.695	-8.434906164274203	0.00021103207345845592
7.705	-8.432179817920051	0.00026127780523427875
7.715	-8.42871452606704	0.00030147439065493704
7.725	-8.424509097864703	0.00024117951252394963
7.735	-8.419562734076704	0.0002210812198136205
7.745	-8.413875027945789	0.00020098292710329135
7.755	-8.407445965836107	0.00021103207345845592
7.765	-8.400275927652407	0.0002210812198136205
7.775	-8.392365687035674	0.00021103207345845592
7.785	-8.383716411335001	0.00020098292710329135
7.795	-8.374329661355539	0.0002512286588791142
7.805	-8.364207390882521	0.00017083548803779766
7.815	-8.353351945981569	0.00024117951252394963
7.825	-8.341766064075443	0.0003115235370101016
7.835	-8.329452872797768	0.0002512286588791142
7.845	-8.316415888624167	0.00021103207345845592
7.855	-8.302659015281533	0.00023113036616878506
7.865	-8.288186541936236	0.00021103207345845592
7.875	-8.273003141162162	0.00021103207345845592
7.885	-8.257113866689702	0.00026127780523427875
7.895	-8.240524150936825	0.00033162182972043075
7.905	-8.223239802323628	0.0002713269515894433
7.915	-8.205267002371741	0.0003617692687859244
7.925	-8.186612302590238	0.0002512286588791142
7.935	-8.16728262114971	0.0003115235370101016
7.945	-8.147285239346342	0.0001808846343929622
7.955	-8.126627797858005	0.0003617692687859244
7.965	-8.10531829279435	0.0003617692687859244
7.975	-8.083365071543188	0.00023113036616878506
7.985	-8.060776828415488	0.00029142524429977246
7.995	-8.037562600091345	0.000371818415141089
8.005	-8.013731760869584	0.00026127780523427875
8.015	-7.989294017723656	0.00030147439065493704
8.025	-7.964259405166592	0.00033162182972043075
8.035	-7.938638279927931	0.00035172012243075984
8.045	-7.912441315445706	0.0004019658542065827
8.055	-7.885679496176546	0.00042206414691691184
8.065	-7.858364111727145	0.0003919167078514181
8.075	-7.830506750810546	0.0005024573177582284
8.085	-7.802119295030522	0.00045221158598240555
8.095	-7.773213912497768	0.0004321132932720764
8.105	-7.743803051281466	0.0003416709760755953
8.115	-7.713899432700029	0.00042206414691691184
8.125	-7.683516044454824	0.0004723098786927347
8.135	-7.652666133610863	0.0004622607323375701
8.145	-7.621363199428509	0.0006431453667305324
8.155	-7.589620986050211	0.0007335876839270134
8.165	-7.557453475046648	0.00035172012243075984
8.175	-7.5248748778264645	0.00042206414691691184
8.185	-7.49189962791395	0.0005828504885995449
8.195	-7.458542373099225	0.0006129979276650386
8.205	-7.424817967465382	0.0004622607323375701
8.215	-7.390741463297205	0.0005928996349547095
8.225	-7.356328102876143	0.0006330962203753678
8.235	-7.3215933101663175	0.0007134893912166843
8.245	-7.2865526823962625	0.0005125064641133929
8.255	-7.251221981541418	0.0005728013422443804
8.265	-7.215617125712232	0.0008039317084131654
8.275	-7.179754180452748	0.0007235385375718488
8.285	-7.143649349954954	0.0009245214646751403
8.295	-7.10731896819378	0.0009948654891612921
8.305	-7.070779489987964	0.0008441282938338237
8.315	-7.034047481991955	0.0008039317084131654
8.325	-7.72583822181517	0.00048235902504789927
8.335	-7.616229337879485	0.0005024573177582284
8.345	-7.5064782041257	0.0006431453667305324
8.355	-7.3966017432743465	0.0005527030495340512
8.365	-7.2866169439907225	0.0006632436594408615
8.375	-7.176540851573881	0.0006029487813098741
8.385	-7.06639055861386	0.0008642265865441528
8.395	-6.956183195622601	0.000954668903740634
8.405	-6.845935921644052	0.0011054060990681024
8.415	-6.735665914848736	0.0013465856115920521
8.425	-6.6253903631184565	0.0012460941480404064
8.435	-6.515126454626463	0.0014470770751436976
8.445	-6.4048913684184665	0.0016179125631814954
8.455	-6.2947022650002005	0.0017786989048641285
8.465	-6.184576276936827	0.0021706156127155466
8.475	-6.074530499469631	0.0021505173200052174
8.485	-5.964581981155489	0.002582630613277294
8.495	-5.8547477145345885	0.002833859272156408
8.505	-5.745044626831629	0.0033463657362698012
8.515	-5.635489570696254	0.0034770046388869404
8.525	-5.526099314987471	0.003858872200383194
8.535	-5.416890535608146	0.004411575249917245
8.545	-5.307879806394246	0.004914032567675474
8.555	-6.138849101571861	0.0019394852465467616
8.565	-6.102825658990647	0.002140468173650053
8.575	-6.067049285510524	0.002532384881501471
8.585	-6.0315360568772665	0.0022208613444913696
8.595	-5.996301902224816	0.002482139149725648
8.605	-5.961362595404009	0.002673072930473775
8.615	-5.926733746402371	0.002743416954959927
8.625	-5.8924307928599715	0.0029142524429977244
8.635	-5.858468991686094	0.003115235370101016
8.645	-5.8248634107817345	0.0029243015893528892
8.655	-5.791628920872556	0.00290420329664256
8.665	-5.75878018745707	0.0032659725654284846
8.675	-5.726331662874704	0.003406660614400788
8.685	-5.694297578498269	0.0032056776872974972
8.695	-5.662691937055323	0.003396611468045624
8.705	-5.631528505082853	0.0038789704930935233
8.715	-5.6008208055196596	0.003557397809728257
8.725	-5.5705821104405695	0.0034770046388869404
8.735	-5.540825433936781	0.004019658542065827
8.745	-5.511563525146283	0.003999560249355498
8.755	-5.482808861438462	0.004140248298327802
8.765	-5.454573641756703	0.004260838054589777
8.775	-5.4268697801227805	0.00453216500617922
8.785	-5.399708899306798	0.004451771835337903
8.795	-5.373102324666272	0.004984376592161626
8.805	-5.3470610781577745	0.0047130496405721825
8.815	-5.321595872524634	0.005014524031227119
8.825	-5.296717105663953	0.005426539031788867
8.835	-5.272434855176074	0.0053360967145923855
8.845	-5.248758873099683	0.005235605251040739
8.855	-5.22569858083536	0.005185359519264917
8.865	-5.203263064260584	0.005888799764126437
8.875	-5.181461069038799	0.005717964276088639
8.885	-5.160300996125276	0.00580840659328512
8.895	-5.139790897472154	0.005828504885995449
8.905	-5.119938471935132	0.0055873253734715
8.915	-5.100751061384068	0.006441502813660488
8.925	-5.082235647019537	0.006210372447491703
8.935	-5.064398845897527	0.006451551960015653
8.945	-5.047246907663954	0.006793222936091248
8.955	-5.030785711501002	0.0067530263506705894
8.965	-5.015020763286693	0.006773124643380918
8.975	-4.99995719296941	0.006672633179829273
8.985	-4.9855997521586115	0.00651184683814664
8.995	-4.971952811933039	0.006954009277773881
9.005	-4.959020360867605	0.007044451594970362
9.015	-4.946806003279853	0.007235385375718489
9.025	-4.935312957696942	0.007335876839270134
9.035	-4.9245440555438265	0.006813321228801576
9.045	-4.914501740053317	0.007567007205438919
9.055	-4.905188065398375	0.007747891839831882
9.065	-4.896604696047106	0.007456466595532109
9.075	-4.888752906340573	0.007325827692914969
9.085	-4.881633580293519	0.007798137571607705
9.095	-4.875247211617988	0.0074263191564666155
9.105	-4.8695939039695855	0.007396171717401122
9.115	-4.864673371416108	0.0070846481803910205
9.125	-4.860484939128062	0.0075971546445044134
9.135	-4.8570275442904975	0.008330742328431427
9.145	-4.854299737235438	0.007587105498149249
9.155	-4.852299682794054	0.007868481596093857
9.165	-4.8510251618675975	0.007958923913290337
9.175	-4.850473573216027	0.008280496596655603
9.185	-4.850641935463028	0.007818235864318034
9.195	-4.851526889316131	0.00789862903515935
9.205	-4.853124700000377	0.0074866140345976025
9.215	-4.855431259903966	0.007466515741887274
9.225	-4.8584420914341155	0.007506712327307932
9.235	-4.8621523500812796	0.007687596961700894
9.245	-4.866556827689729	0.0074866140345976025
9.255	-4.871649955932413	0.007556958059083755
9.265	-4.877425809987823	0.007979022206000667
9.275	-4.883878112416584	0.007355975131980464
9.285	-4.891000237235237	0.007265532814783982
9.295	-4.8987852141846915	0.007577056351794084
9.305	-4.907225733190608	0.0070846481803910205
9.315	-4.916314149012957	0.007335876839270134
9.325	-4.926042486081791	0.007124844765811679
9.335	-4.936402443516235	0.0068635669605773995
9.345	-4.947385400323553	0.007235385375718489
9.355	-4.958982420775074	0.006984156716839374
9.365	-4.971184259955614	0.007074599034035856
9.375	-4.983981369482965	0.0070846481803910205
9.385	-4.997363903393936	0.007004255009549704
9.395	-5.011321724193275	0.006441502813660488
9.405	-5.025844409061783	0.006773124643380918
9.415	-5.040921256219782	0.006572141716277628
9.425	-5.056541291442026	0.006310863911043348
9.435	-4.689860113460508	0.009004035134227453
9.445	-4.706554851636129	0.009456246720209859
9.455	-4.723758287863296	0.008521676109179553
9.465	-4.741458426171107	0.008632216719086363
9.475	-4.7596430328467445	0.00858197098731054
9.485	-4.778299643772335	0.008672413304507022
9.495	-4.797415571883651	0.008481479523758896
9.505	-4.816977914746086	0.007818235864318034
9.515	-4.836973562243294	0.007727793547121552
9.525	-4.857389204373897	0.007717744400766388
9.535	-4.87821133915146	0.007888579888804186
9.545	-4.899426280603027	0.0073157785465598054
9.555	-4.921020166861355	0.00754690891272859
9.565	-4.942978968345964	0.006763075497025754
9.575	-4.965288496028088	0.007104746473101349
9.585	-4.987934409774564	0.006682682326184438
9.595	-5.0109022267655785	0.006361109642819171
9.605	-5.034177329981325	0.00604958610580907
9.615	-5.0577449767523825	0.005828504885995449
9.625	-5.081590307368742	0.006069684398519399
9.635	-5.105698353742303	0.005868701471416107
9.645	-5.130054048117705	0.005928996349547095
9.655	-5.154642231826209	0.005838554032350614
9.665	-5.1794476640775	0.00569786598337831
9.675	-5.204455030784116	0.005315998421882056
9.685	-5.229648953413221	0.005215506958330411
9.695	-5.255013997860553	0.005295900129171727
9.705	-5.280534683341174	0.005024573177582284
9.715	-5.306195491291824	0.004833639396834157
9.725	-5.331980874279504	0.005014524031227119
9.735	-5.357875264911169	0.004341231225431093
9.745	-5.383863084739079	0.004190494030103625
9.755	-5.40992875315669	0.004280936347300106
9.765	-5.436056696279749	0.004481919274403398
9.775	-5.46223135580745	0.0042105923228139535
9.785	-5.488437197858293	0.004411575249917245
9.795	-5.514658721775595	0.004411575249917245
9.805	-5.540880468897436	0.0038789704930935233
9.815	-5.5670870312858085	0.0036176926878592444
9.825	-5.593263060410044	0.0034669554925317756
9.835	-5.619393275779238	0.003667938419635067
9.845	-5.645462473518774	0.003386562321690459
9.855	-5.671455534885884	0.0032358251263629907
9.865	-5.697357434719326	0.0035975943951489153
9.875	-Inf	0.0
9.885	-Inf	0.0
9.895	-Inf	0.0
9.905	-Inf	0.0
9.915	-Inf	0.0
9.925	-Inf	0.0
9.935	-Inf	0.0
9.945	-Inf	0.0
9.955	-Inf	0.0
9.965	-Inf	0.0
9.975	-Inf	0.0
9.985	-Inf	0.0
9.995	-Inf	0.0
