0.005	-Inf	0.0
0.015	-Inf	0.0
0.025	-Inf	0.0
0.035	-Inf	0.0
0.045	-Inf	0.0
0.055	-Inf	0.0
0.065	-Inf	0.0
0.075	-Inf	0.0
0.085	-Inf	0.0
0.095	-Inf	0.0
0.105	-Inf	0.0
0.115	-Inf	0.0
0.125	-Inf	0.0
0.135	-Inf	0.0
0.145	-Inf	0.0
0.155	-5.188785514824359	0.005867451414476095
0.165	-5.168911378497476	0.005522801689557012
0.175	-5.1496368524163625	0.006304568138763713
0.185	-5.130971894918113	0.006102821958323274
0.195	-5.1129261303502656	0.005556426052963752
0.205	-5.095508843492146	0.006228913321098548
0.215	-5.078728974174727	0.006203695048543493
0.225	-5.062595112102274	0.0060860097766199045
0.235	-5.047115491878863	0.006001948868103055
0.245	-5.032297988242772	0.006514720410055836
0.255	-5.018150111511624	0.006237319411950233
0.265	-5.004679003241005	0.006556750864314262
0.275	-4.99189143209917	0.006287755957060343
0.285	-4.979793789960322	0.0064810960466490965
0.295	-4.968392088218808	0.006371816865577192
0.305	-4.957691954326435	0.007027491952008619
0.315	-4.947698628554997	0.007069522406267043
0.325	-4.93841696098595	0.006573563046017631
0.335	-4.9298514087290215	0.006825745771568179
0.345	-4.922006033371458	0.007212425950745688
0.355	-4.91488449865938	0.007103146769673783
0.365	-4.908490068412691	0.007338517313520962
0.375	-4.902825604674719	0.007187207678190632
0.385	-4.897893566097751	0.0073637355860760164
0.395	-4.893696006565368	0.007321705131817592
0.405	-4.890234574052427	0.007430984312889496
0.415	-4.887510509723345	0.0073469234043726465
0.425	-4.885524647269209	0.00762432440247825
0.435	-4.884277412484102	0.007599106129923195
0.445	-4.8837688230808745	0.007456202585444551
0.455	-4.883998488746446	0.007473014767147921
0.465	-4.884965611436593	0.007473014767147921
0.475	-4.8866689859100205	0.007296486859262537
0.485	-4.889107000501356	0.0073637355860760164
0.495	-4.892277638132614	0.0073301112226692765
0.505	-4.896178477562445	0.007304892950114222
0.515	-4.900806694872435	0.00764113658418162
0.525	-4.90615906518952	0.007397359949482756
0.535	-4.912231964643427	0.007271268586707482
0.545	-4.919021372557978	0.006766903135606385
0.555	-4.926522873874871	0.007153583314783893
0.565	-4.934731661808463	0.007405766040334441
0.575	-4.943642540729931	0.007229238132449058
0.585	-4.953249929279027	0.006909806680085029
0.595	-4.9635478637015416	0.0070022736794535636
0.605	-4.974530001410415	0.006842557953271549
0.615	-4.986189624768326	0.0067248726813479605
0.625	-4.998519645089452	0.006834151862419865
0.635	-5.011512606857943	0.0067416848630513304
0.645	-5.025160692160553	0.006581969136869316
0.655	-5.0394557253307015	0.006060791504064849
0.665	-5.0543891778011565	0.006077603685768219
0.675	-5.069952173162363	0.006455877774094042
0.685	-5.086135492423351	0.006052385413213165
0.695	-5.102929579471992	0.006010354958954739
0.705	-5.120324546731323	0.005800202687662616
0.715	-5.138310181008446	0.005993542777251369
0.725	-5.156875949532482	0.005716141779145766
0.735	-5.176011006177893	0.005749766142552506
0.745	-5.195704197869379	0.005690923506590712
0.755	-5.215944071164481	0.0056152686889255465
0.765	-5.2367188790098655	0.004757847422053682
0.775	-5.2580165876671945	0.0052538067823030945
0.785	-5.279824883804386	0.005329461599968259
0.795	-5.30213118174794	0.004749441331201997
0.805	-5.324922630891958	0.004951187511642436
0.815	-5.34818612325931	0.004850314421422216
0.825	-5.3719083012104285	0.0043711672428761745
0.835	-5.396075565294989	0.0046653804226851475
0.845	-5.420674082241778	0.004203045425842475
0.855	-5.445689793081847	0.004413197697134599
0.865	-5.471108421400084	0.004026517517957092
0.875	-5.496915481710163	0.004270294152655955
0.885	-5.523096287947829	0.004068547972215516
0.895	-5.549635962077357	0.0034969337943009395
0.905	-5.5765194428059885	0.0035221520668559944
0.915	-5.603731494401067	0.003698679974741378
0.925	-5.6312567156045485	0.003757522610703173
0.935	-5.659079548639479	0.003614619066224529
0.945	-5.687184288303014	0.0033372180681189253
0.955	-5.715555091140485	0.0031270657968268016
0.965	-5.744175984694944	0.0033708424315256652
0.975	-5.773030876826642	0.0031354718876784866
0.985	-5.802103565096786	0.0031606901602335416
0.995	-5.8313777462099186	0.0027571977993526638
1.005	-5.8608370255092295	0.0030009744340515274
1.015	-5.890464926519076	0.002740385617649294
1.025	-5.920244900528944	0.0027740099810560337
1.035	-5.950160336213094	0.002387329801878526
1.045	-5.9801945692800835	0.002404141983581896
1.055	-6.0103308921463725	0.0024797968012470603
1.065	-6.040552563628167	0.002378923711026841
1.075	-6.07084281864569	0.0024629846195436903
1.085	-6.10118487793404	0.002336893256768416
1.095	-6.131561957754796	0.0022864567116583066
1.105	-6.161957279602532	0.0021015227129212374
1.115	-6.1923540799004275	0.0019249948050358537
1.125	-6.222735619679132	0.002017461804404388
1.135	-6.253085194233106	0.001874558259925744
1.145	-6.283386142748612	0.0017232486245954148
1.155	-6.313621857897627	0.001992243531849333
1.165	-6.3437757953918945	0.0017652790788538395
1.175	-6.37383148349142	0.0017232486245954148
1.185	-6.403772532461716	0.0017400608062987848
1.195	-6.433582643974129	0.0015215024441549761
1.205	-6.463245620443657	0.0015130963533032912
1.215	-6.492745374298663	0.0016644059886336202
1.225	-6.522065937176955	0.0014206293539347566
1.235	-6.551191469042753	0.001529908535006661
1.245	-6.5801062672191195	0.0013029440820111673
1.255	-6.608794775330455	0.0014458476264898115
1.265	-6.63724159214976	0.0015887511709684555
1.275	-6.665431480345385	0.0010591674473123037
1.285	-6.693349375122094	0.001193664900939263
1.295	-6.720980392751296	0.0012272892643460027
1.305	-6.748309838985399	0.0013029440820111673
1.315	-6.775323217351298	0.0012272892643460027
1.325	-6.8020062373180945	0.0010843857198673586
1.335	-6.8283448223342145	0.001193664900939263
1.345	-6.8543251177291875	0.0011011979015707286
1.355	-6.879933498475423	0.001025543083905564
1.365	-6.9051565768054095	0.001008730902202194
1.375	-6.929981209679873	0.0009582943570920844
1.385	-6.954394506102486	0.0009582943570920844
1.395	-6.978383834276853	0.001000324811350509
1.405	-7.001936828601578	0.0009751065387954542
1.415	-7.02504139649933	0.0009246699936853445
1.425	-7.047685725075903	0.0008826395394269197
1.435	-7.069858287605413	0.0008574212668718649
1.445	-7.091547849837862	0.00084901517602018
1.455	-7.112743476125381	0.0008153908126134402
1.465	-7.133434535363649	0.00084901517602018
1.475	-7.153610706745017	0.0007397359949482756
1.485	-7.17326198532006	0.000680893358986481
1.495	-7.192378687364334	0.0008237969034651251
1.505	-7.210951455547283	0.0007313299040965907
1.515	-7.2289712639003385	0.0007901725400583854
1.525	-7.2464294225813966	0.000680893358986481
1.535	-7.263317582432958	0.0006640811772831111
1.545	-7.279627739331383	0.0006640811772831111
1.555	-7.295352238324807	0.0006220507230246863
1.565	-7.310483777557404	0.0004791471785460422
1.575	-7.325015411977837	0.0007901725400583854
1.585	-7.3389405568298445	0.000504365451101097
1.595	-7.352252990923048	0.0007565481766516456
1.605	-7.364946859682219	0.0006640811772831111
1.615	-7.377016677973378	0.0006052385413213165
1.625	-7.388457332705194	0.000680893358986481
1.635	-7.906423633250149	0.0003698679974741378
1.645	-7.917230264020965	0.0004034923608808776
1.655	-7.927394646830868	0.000336243634067398
1.665	-7.9369131782352	0.00034464972491908297
1.675	-7.945782636426278	0.0003530558157707679
1.685	-7.954000182463136	0.00031102536151234316
1.695	-7.961563361270054	0.0003698679974741378
1.705	-7.9684701024034865	0.0003530558157707679
1.715	-7.974718720587151	0.0003530558157707679
1.725	-7.980307916015221	0.0003866801791775077
1.735	-7.985236774423655	0.000336243634067398
1.745	-7.989504766929876	0.00041189845173256255
1.755	-7.993111749641137	0.0003614619066224529
1.765	-7.9960579630320545	0.00030261927066065823
1.775	-7.998344031091951	0.0003530558157707679
1.785	-7.999970960242745	0.0003614619066224529
1.795	-8.000940138028326	0.000336243634067398
1.805	-8.001253331576438	0.0004034923608808776
1.815	-8.000912685834258	0.0003782740883258228
1.825	-7.999920721579024	0.0004034923608808776
1.835	-7.99828033320512	0.0003782740883258228
1.845	-7.99599478628927	0.0003530558157707679
1.855	-7.993067714935537	0.00031102536151234316
1.865	-7.989503118902004	0.00031943145236402814
1.875	-7.985305360511143	0.0003782740883258228
1.885	-7.980479161346001	0.0003950862700291927
1.895	-7.975029598734454	0.00041189845173256255
1.905	-7.968962102023928	0.00031102536151234316
1.915	-7.962282448649105	0.00043711672428761744
1.925	-7.95499675999525	0.0003950862700291927
1.935	-7.947111497059934	0.0003698679974741378
1.945	-7.938633455916024	0.00041189845173256255
1.955	-7.929569762978963	0.00030261927066065823
1.965	-7.919927870081476	0.0003614619066224529
1.975	-7.909715549358902	0.0003698679974741378
1.985	-7.898940887948559	0.0003614619066224529
1.995	-7.887612282506576	0.0003866801791775077
2.005	-7.875738433545781	0.00032783754321571306
2.015	-7.863328339598326	0.00042871063343593246
2.025	-7.850391291206844	0.000495959360249412
2.035	-7.836936864748022	0.00027740099810560334
2.045	-7.822974916092597	0.00031943145236402814
2.055	-7.8085155741058365	0.0004707410876943572
2.065	-7.79356923399272	0.000512771541952782
2.075	-7.778146550492076	0.00046233499684267227
2.085	-7.762258430924048	0.00042030454258424753
2.095	-7.7459160280953405	0.0004875532693977271
2.105	-7.729130733066791	0.000521177632804467
2.115	-7.711914167787853	0.0005968324504696315
2.125	-7.694278177602749	0.0004875532693977271
2.135	-7.676234823632969	0.0003866801791775077
2.145	-7.657796375041069	0.0005800202687662616
2.155	-7.638975301180581	0.00045392890599098735
2.165	-7.619784263637068	0.0005716141779145766
2.175	-7.600236108165367	0.00045392890599098735
2.185	-7.580343856528061	0.000512771541952782
2.195	-7.56012069824043	0.0005463959053595218
2.205	-7.539579982226985	0.0006472689955797411
2.215	-7.518735208394935	0.0005379898145078368
2.225	-7.49760001912983	0.0006304568138763713
2.235	-7.476188190718762	0.0005463959053595218
2.245	-7.454513624706488	0.00043711672428761744
2.255	-7.432590339189922	0.0005463959053595218
2.265	-7.410432460056441	0.0006136446321730013
2.275	-7.388054212171486	0.0006304568138763713
2.285	-7.365469910520979	0.0006892994498381659
2.295	-7.342693951314098	0.0006892994498381659
2.305	-7.31974080305195	0.0007229238132449058
2.315	-7.29662499756771	0.0005716141779145766
2.325	-7.27336112104383	0.0006977055406898509
2.335	-7.249963805011884	0.0007565481766516456
2.345	-7.226447717340665	0.0008658273577235499
2.355	-7.2028275532181105	0.0006977055406898509
2.365	-7.179118026132668	0.0006220507230246863
2.375	-7.155333858859707	0.0008742334485752349
2.385	-7.131489774458489	0.0008826395394269197
2.395	-7.107600487285377	0.000991918720498824
2.405	-7.083680694028727	0.0009330760845370295
2.415	-7.059745064771061	0.0009078578119819747
2.425	-7.035808234084029	0.001017136993053879
2.435	-7.011884792161602	0.0010927918107190436
2.445	-6.9879892759970215	0.0009751065387954542
2.455	-6.964136160608842	0.001000324811350509
2.465	-6.940339850321548	0.0010675735381639887
2.475	-6.916614670106009	0.0009330760845370295
2.485	-6.892974856985131	0.001025543083905564
2.495	-6.869434551509931	0.0010675735381639887
2.505	-6.8460077893112645	0.001218883173494318
2.515	-6.822708492732349	0.001202070991790948
2.525	-6.799550462547178	0.001202070991790948
2.535	-6.7765473697698795	0.0011600405375325233
2.545	-6.7537127475599945	0.0011011979015707286
2.555	-6.7310599832285805	0.001185258810087578
2.565	-6.708602310349981	0.0012777258094561126
2.575	-6.686352800984058	0.001210477082642633
2.585	-6.664324358013559	0.0013281623545662222
2.595	-6.6425297076012475	0.001361786717972962
2.605	-6.620981391771368	0.001176852719235893
2.615	-6.599691761119845	0.0013954110813797019
2.625	-6.578672967657651	0.0015467207167100309
2.635	-6.55793695779159	0.001529908535006661
2.645	-6.537495465446706	0.0015551268075617158
2.655	-6.517360005334426	0.0015383146258583459
2.665	-6.497541866370412	0.0015130963533032912
2.675	-6.478052105246068	0.0014626598081931815
2.685	-6.4589015401574725	0.0015887511709684555
2.695	-6.440100744695484	0.0016307816252268805
2.705	-6.421660041900564	0.0015803450801167708
2.715	-6.403589498485853	0.0016139694435235105
2.725	-6.3858989192318445	0.0017400608062987848
2.735	-6.368597841555982	0.0016475938069302502
2.745	-6.35169553026025	0.0019165887141841687
2.755	-6.335200972459893	0.0021267409854762924
2.765	-6.319122872696115	0.0015803450801167708
2.775	-6.303469648235591	0.001983837440997648
2.785	-6.28824942455949	0.0018829643507774288
2.795	-6.27347003104455	0.001874558259925744
2.805	-6.259138996838623	0.0018157156239639494
2.815	-6.245263546933067	0.0019502130775909084
2.825	-6.2318505984341	0.002009055713552703
2.835	-6.218906757035214	0.0017652790788538395
2.845	-6.206438313692578	0.0019586191684425936
2.855	-6.194451241505208	0.0021435531671796623
2.865	-6.182951192801582	0.0021687714397347173
2.875	-6.171943496434254	0.002051086167811128
2.885	-6.1614331552838335	0.0022612384391032516
2.895	-6.151424843973622	0.0021435531671796623
2.905	-6.14192290679605	0.002059492258662813
2.915	-6.132931355851883	0.0021099288037729224
2.925	-6.124453869403093	0.002420954165285266
2.935	-6.116493790440091	0.001992243531849333
2.945	-6.109054125463951	0.0021267409854762924
2.955	-6.102137543484028	0.0022696445299549366
2.965	-6.095746375231347	0.002404141983581896
2.975	-6.089882612587898	0.002395735892730211
2.985	-6.084547908231891	0.0022528323482515667
2.995	-6.079743575498899	0.0022276140756965117
3.005	-6.075470588458639	0.0021267409854762924
3.015	-6.071729582207022	0.0023200810750650465
3.025	-6.068520853372984	0.002202395803141457
3.035	-6.065844360839463	0.0023116749842133615
3.045	-6.063699726677723	0.0022948628025099916
3.055	-6.062086237294145	0.002404141983581896
3.065	-6.061002844788442	0.002412548074433581
3.075	-6.0604481685220914	0.0021351470763279774
3.085	-6.060420496895733	0.002412548074433581
3.095	-6.060917789334039	0.002395735892730211
3.105	-6.061937678476527	0.0024545785286920053
3.115	-6.063477472572601	0.0022192079848448267
3.125	-6.065534158079005	0.0022360201665481967
3.135	-6.0681044024577195	0.0024966089829504302
3.145	-6.0711845571722485	0.002353705438471786
3.155	-6.0747706608800796	0.002345299347620101
3.165	-6.078858442818992	0.0022444262573998817
3.175	-6.08344332638478	0.0022528323482515667
3.185	-6.0885204328978215	0.002404141983581896
3.195	-6.094084585555807	0.002051086167811128
3.205	-6.10013031356983	0.002328487165916731
3.215	-6.106651856480949	0.0021435531671796623
3.225	-6.113643168654171	0.0020931166220695525
3.235	-6.12109792394673	0.0021939897122897722
3.245	-6.129009520547451	0.0021519592580313473
3.255	-6.137371085983797	0.0022108018939931418
3.265	-6.146175482293206	0.0019502130775909084
3.275	-6.155415311355128	0.0021771775305864023
3.285	-6.165082920380138	0.0021519592580313473
3.295	-6.175170407552355	0.0018241217148156341
3.305	-6.185669627821353	0.002067898349514498
3.315	-6.19657219883962	0.0021351470763279774
3.325	-6.207869507041534	0.0019418069867392234
3.335	-6.219552713859774	0.002025867895256073
3.345	-6.231612762074958	0.001983837440997648
3.355	-6.244040382294241	0.002000649622701018
3.365	-6.2568260995545355	0.0019502130775909084
3.375	-6.269960240045905	0.0018241217148156341
3.385	-6.283432937950674	0.0018829643507774288
3.395	-6.297234142393641	0.0016728120794853051
3.405	-6.311353624498817	0.0018997765324807988
3.415	-6.32578098454793	0.0017904973514088944
3.425	-6.340505659236011	0.0016223755343751955
3.435	-6.355516929019188	0.0018997765324807988
3.445	-6.370803925549859	0.0016055633526718255
3.455	-6.3863556391943055	0.001874558259925744
3.465	-6.402160926627797	0.0016391877160785654
3.475	-6.418208518502162	0.0016307816252268805
3.485	-6.434487027180772	0.0015971572618201405
3.495	-6.450984954535888	0.0015719389892650858
3.505	-6.467690699803159	0.001370192808824647
3.515	-6.484592567488232	0.0015719389892650858
3.525	-6.501678775320175	0.0014206293539347566
3.535	-6.518937462246604	0.0014542537173414965
3.545	-6.536356696465188	0.0012609136277527426
3.555	-6.5539244834863775	0.0015383146258583459
3.565	-6.571628774222013	0.0014374415356381265
3.575	-6.589457473094591	0.001025543083905564
3.585	-6.607398446161886	0.0014374415356381265
3.595	-6.625439529251631	0.001193664900939263
3.605	-6.643568536100988	0.0011348222649774683
3.615	-6.661773266495507	0.0012525075369010576
3.625	-6.680041514402312	0.001210477082642633
3.635	-6.698361076092201	0.0009835126296471393
3.645	-6.716719758245464	0.001185258810087578
3.655	-6.735105386036101	0.0010591674473123037
3.665	-6.753505811189282	0.0012272892643460027
3.675	-6.771908920006814	0.0013365684454179072
3.685	-6.790302641355422	0.0011348222649774683
3.695	-6.808674954612741	0.0011348222649774683
3.705	-6.827013897565869	0.0009835126296471393
3.715	-6.845307574257403	0.0010591674473123037
3.725	-6.863544162773948	0.001025543083905564
3.735	-6.881711922972044	0.0008910456302786047
3.745	-6.899799204136627	0.000991918720498824
3.755	-6.917794452567056	0.001000324811350509
3.765	-6.935686219085887	0.0010591674473123037
3.775	-6.953463166465587	0.0010591674473123037
3.785	-6.971114076768443	0.0009667004479437693
3.795	-6.988627858594979	0.0009414821753887144
3.805	-7.005993554236293	0.001000324811350509
3.815	-7.023200346725709	0.0008069847217617552
3.825	-7.040237566785319	0.0008658273577235499
3.835	-7.057094699662973	0.0007229238132449058
3.845	-7.0737613918553786	0.0009162639028336596
3.855	-7.090227457713086	0.0009667004479437693
3.865	-7.106482885923133	0.0008153908126134402
3.875	-7.122517845865311	0.0009246699936853445
3.885	-7.138322693838003	0.0007145177223932208
3.895	-7.15388797914968	0.0007985786309100703
3.905	-7.169204450072263	0.0007229238132449058
3.915	-7.184263059652554	0.0005716141779145766
3.925	-7.199054971378151	0.0008322029943168101
3.935	-7.213571564694281	0.0007901725400583854
3.945	-7.227804440368093	0.0007565481766516456
3.955	-7.241745425697105	0.0007901725400583854
3.965	-7.255386579558542	0.0006136446321730013
3.975	-7.268720197296439	0.0007733603583550154
3.985	-7.2817388154434965	0.0007733603583550154
3.995	-7.29443521627477	0.0006220507230246863
4.005	-7.306802432190381	0.0007481420857999606
4.015	-7.318833749924595	0.0007061116315415358
4.025	-7.330522714578661	0.0005884263596179465
4.035	-7.3418631334749636	0.0006892994498381659
4.045	-7.35284907983018	0.0006640811772831111
4.055	-7.363474896245186	0.0005379898145078368
4.065	-7.373735198009638	0.0006640811772831111
4.075	-7.3836248762192564	0.0006640811772831111
4.085	-7.393139100703951	0.0006220507230246863
4.095	-7.402273322765073	0.0005548019962112067
4.105	-7.411023277720192	0.0005968324504696315
4.115	-7.41938498725392	0.0005716141779145766
4.125	-7.427354761573444	0.0005548019962112067
4.135	-7.4349292013675505	0.0005716141779145766
4.145	-7.442105199568055	0.0005800202687662616
4.155	-7.448879942912667	0.0005632080870628917
4.165	-7.455250913308477	0.0006472689955797411
4.175	-7.46121588899538	0.0004875532693977271
4.185	-7.466772945508824	0.0005800202687662616
4.195	-7.471920456441511	0.0005716141779145766
4.205	-7.476657094003702	0.0005548019962112067
4.215	-7.480981829381967	0.0006136446321730013
4.225	-7.48489393289636	0.0005884263596179465
4.235	-7.488392973956083	0.0006472689955797411
4.245	-7.491478820813887	0.0006220507230246863
4.255	-7.494151640119548	0.0005716141779145766
4.265	-7.4964118962729245	0.0005379898145078368
4.275	-7.498260350577189	0.0005463959053595218
4.285	-7.499698060193012	0.00041189845173256255
4.295	-7.500726376894545	0.000672487268134796
4.305	-7.501346945628238	0.0005548019962112067
4.315	-7.501561702875595	0.0006220507230246863
4.325	-7.501372874821172	0.0006136446321730013
4.335	-7.500782975327164	0.0004707410876943572
4.345	-7.4997948037161155	0.000512771541952782
4.355	-7.498411442363406	0.0005800202687662616
4.365	-7.496636254101253	0.000495959360249412
4.375	-7.494472879436121	0.00043711672428761744
4.385	-7.491925233581565	0.0005548019962112067
4.395	-7.488997503308598	0.0005968324504696315
4.405	-7.485694143615855	0.0006220507230246863
4.415	-7.48201987422192	0.000512771541952782
4.425	-7.477979675882259	0.000680893358986481
4.435	-7.473578786533371	0.0005968324504696315
4.445	-7.4688226972668765	0.0006472689955797411
4.455	-7.463717148136314	0.0006388629047280563
4.465	-7.458268123799589	0.0005632080870628917
4.475	-7.45248184900011	0.0005632080870628917
4.485	-7.446364783889717	0.0005463959053595218
4.495	-7.439923619196642	0.0007229238132449058
4.505	-7.43316527124186	0.0006472689955797411
4.515	-7.426096876807211	0.0006052385413213165
4.525	-7.418725787858865	0.0006640811772831111
4.535	-7.411059566129714	0.0005379898145078368
4.545	-7.403105977564428	0.0007061116315415358
4.555	-7.394872986630938	0.0006472689955797411
4.565	-7.386368750502276	0.0007145177223932208
4.575	-7.3776016131126765	0.0006304568138763713
4.585	-7.368580099092052	0.0006304568138763713
4.595	-7.359312907582912	0.0006136446321730013
4.605	-7.3498089059439655	0.0006136446321730013
4.615	-7.3400771233446465	0.0007061116315415358
4.625	-7.330126744254929	0.000680893358986481
4.635	-7.3199671018348305	0.0005968324504696315
4.645	-7.309607671228067	0.0006388629047280563
4.655	-7.29905806276442	0.0006892994498381659
4.665	-7.288328015075382	0.0007649542675033304
4.675	-7.277427388127709	0.0007985786309100703
4.685	-7.266366156179656	0.0008237969034651251
4.695	-7.255154400664546	0.0007901725400583854
4.705	-7.243802303006526	0.0007985786309100703
4.715	-7.232320137373334	0.0007649542675033304
4.725	-7.220718263370937	0.0007397359949482756
4.735	-7.20900711868497	0.0006640811772831111
4.745	-7.197197211673922	0.0006640811772831111
4.755	-7.185299113919005	0.0007145177223932208
4.765	-7.173323452735756	0.0007481420857999606
4.775	-7.161280903652383	0.0007397359949482756
4.785	-7.149182182859879	0.0007061116315415358
4.795	-7.137038039638971	0.0007901725400583854
4.805	-7.124859248769003	0.0009162639028336596
4.815	-7.112656602923807	0.0007397359949482756
4.825	-7.100440905059681	0.0008658273577235499
4.835	-7.088222960800533	0.0009751065387954542
4.845	-7.076013570825324	0.0008069847217617552
4.855	-7.063823523262865	0.0008406090851684951
4.865	-7.051663586099116	0.0009246699936853445
4.875	-7.039544499601965	0.0008658273577235499
4.885	-7.027476968768633	0.0009246699936853445
4.895	-7.015471655800734	0.0010591674473123037
4.905	-7.003539172611978	0.0009078578119819747
4.915	-6.991690073373564	0.0010507613564606187
4.925	-6.9799348471022284	0.0008910456302786047
4.935	-6.968283910295865	0.0009498882662403994
4.945	-6.956747599621703	0.0009330760845370295
4.955	-6.94533616466183	0.0010507613564606187
4.965	-6.934059760720993	0.0009078578119819747
4.975	-6.922928441701389	0.0008910456302786047
4.985	-6.911952153049287	0.0010507613564606187
4.995	-6.901140724778089	0.0009246699936853445
5.005	-6.890503864572578	0.001017136993053879
5.015	-6.880051150978871	0.0011096039924224134
5.025	-6.869792026684679	0.0009330760845370295
5.035	-6.859735791894315	0.0009246699936853445
5.045	-6.849891597802882	0.0009246699936853445
5.055	-6.840268440174007	0.001033949174757249
5.065	-6.830875153025348	0.0011180100832740983
5.075	-6.82172040242618	0.0011096039924224134
5.085	-6.812812680411087	0.0011011979015707286
5.095	-6.804160299013886	0.0011432283558291533
5.105	-6.795771384425772	0.0010507613564606187
5.115	-6.787653871281511	0.0010759796290156737
5.125	-6.779815497077548	0.001008730902202194
5.135	-6.772263796725762	0.0013281623545662222
5.145	-6.765006097246442	0.0010843857198673586
5.155	-6.758049512604078	0.0011011979015707286
5.165	-6.751400938689408	0.0009835126296471393
5.175	-6.745067048451032	0.0012609136277527426
5.185	-6.73905428717989	0.0012356953551976876
5.195	-6.73336886794973	0.0010675735381639887
5.205	-6.728016767216614	0.0012525075369010576
5.215	-6.723003720580398	0.0011516344466808383
5.225	-6.718335218711044	0.0010675735381639887
5.235	-6.714016503442448	0.001210477082642633
5.245	-6.710052564036448	0.0011264161741257833
5.255	-6.706448133619466	0.0013365684454179072
5.265	-6.7032076857942045	0.0011516344466808383
5.275	-6.700335431428654	0.001185258810087578
5.285	-6.697835315624583	0.001202070991790948
5.295	-6.695711014867513	0.0011432283558291533
5.305	-6.693965934360139	0.0013113501728628523
5.315	-6.692603205540962	0.001353380627121277
5.325	-6.69162568378981	0.0012609136277527426
5.335	-6.691035946321812	0.001176852719235893
5.345	-6.690836290271235	0.0013281623545662222
5.355	-6.691028730966492	0.001168446628384208
5.365	-6.691615000397496	0.0011348222649774683
5.375	-6.692596545876405	0.0015635328984134008
5.385	-6.6939745288926815	0.0011096039924224134
5.395	-6.695749824163243	0.0010843857198673586
5.405	-6.697923018878399	0.0012693197186044276
5.415	-6.700494412144069	0.001218883173494318
5.425	-6.703464014620717	0.0012356953551976876
5.435	-6.706831548359259	0.001185258810087578
5.445	-6.710596446834095	0.001344974536269592
5.455	-6.714757855173278	0.0012356953551976876
5.465	-6.719314630585705	0.0010843857198673586
5.475	-6.724265342985087	0.001042355265608934
5.485	-6.729608275810314	0.001168446628384208
5.495	-6.735341427041714	0.001185258810087578
5.505	-6.741462510412584	0.0011011979015707286
5.515	-6.7479689568152	0.0011516344466808383
5.525	-6.754857915900448	0.0014038171722313866
5.535	-6.762126257870027	0.001210477082642633
5.545	-6.769770575460096	0.0010507613564606187
5.555	-6.777787186115083	0.0011011979015707286
5.565	-6.786172134350254	0.0011011979015707286
5.575	-6.794921194301526	0.0010675735381639887
5.585	-6.804029872460875	0.0011096039924224134
5.595	-6.813493410595548	0.001042355265608934
5.605	-6.823306788849229	0.001218883173494318
5.615	-6.833464729023089	0.000991918720498824
5.625	-6.84396169803465	0.001185258810087578
5.635	-6.854791911552157	0.001000324811350509
5.645	-6.865949337802129	0.0010759796290156737
5.655	-6.877427701547592	0.0009414821753887144
5.665	-6.889220488234405	0.0009751065387954542
5.675	-6.9013209483029705	0.000991918720498824
5.685	-6.913722101662522	0.0009246699936853445
5.695	-6.926416742325037	0.0009330760845370295
5.705	-6.939397443195793	0.0010507613564606187
5.715	-6.952656561017397	0.0009414821753887144
5.725	-6.9661862414640545	0.0007985786309100703
5.735	-6.97997842438276	0.0010675735381639887
5.745	-6.994024849177959	0.0009414821753887144
5.755	-7.008317060336162	0.0007733603583550154
5.765	-7.022846413086886	0.0008153908126134402
5.775	-7.0376040791962104	0.0008658273577235499
5.785	-7.05258105288912	0.0008658273577235499
5.795	-7.067768156896798	0.0008574212668718649
5.805	-7.083156048624854	0.0008994517211302897
5.815	-7.098735226438448	0.0007397359949482756
5.825	-7.114496036060164	0.0009498882662403994
5.835	-7.130428677076465	0.0007061116315415358
5.845	-7.1465232095484055	0.0007313299040965907
5.855	-7.162769560722254	0.0008406090851684951
5.865	-7.179157531835649	0.000680893358986481
5.875	-7.195676805014759	0.0007985786309100703
5.885	-7.212316950257904	0.0007481420857999606
5.895	-7.229067432501083	0.0007817664492067004
5.905	-7.245917618760672	0.0007901725400583854
5.915	-7.26285678534866	0.0006977055406898509
5.925	-7.279874125155576	0.0006556750864314261
5.935	-7.296958754996398	0.0005463959053595218
5.945	-7.314099723014475	0.000512771541952782
5.955	-7.33128601613868	0.0006640811772831111
5.965	-7.348506567588791	0.0005968324504696315
5.975	-7.365750264424154	0.0007397359949482756
5.985	-6.598254371131391	0.0013113501728628523
5.995	-6.614872730630243	0.001176852719235893
6.005	-6.631480695760678	0.0012525075369010576
6.015	-6.648067045117321	0.0013113501728628523
6.025	-6.6646205493512625	0.001218883173494318
6.035	-6.681129978872673	0.001202070991790948
6.045	-6.697584111561293	0.0014038171722313866
6.055	-6.713971740479639	0.0012609136277527426
6.065	-6.730281681583834	0.0011432283558291533
6.075	-6.746502781426892	0.0013029440820111673
6.085	-6.7626239248494056	0.0011180100832740983
6.095	-6.778634042652433	0.0011432283558291533
6.105	-6.794522119247547	0.001000324811350509
6.115	-6.8102772002789065	0.0008322029943168101
6.125	-6.8258884002122855	0.0010759796290156737
6.135	-6.841344909886007	0.0010759796290156737
6.145	-6.856636004018689	0.0010675735381639887
6.155	-6.8717510486688855	0.001008730902202194
6.165	-6.886679508641516	0.0010591674473123037
6.175	-6.90141095483624	0.0010675735381639887
6.185	-6.915935071532767	0.001176852719235893
6.195	-6.9302416636082915	0.0011348222649774683
6.205	-6.944320663682147	0.0009751065387954542
6.215	-6.958162139182946	0.001008730902202194
6.225	-6.97175629933343	0.0010759796290156737
6.235	-6.985093502048299	0.0008994517211302897
6.245	-6.99816426074045	0.0009751065387954542
6.255	-7.010959251030982	0.0009582943570920844
6.265	-7.023469317358461	0.0008574212668718649
6.275	-7.0356854794829795	0.0009498882662403994
6.285	-7.047598938880617	0.0008742334485752349
6.295	-7.059201085023976	0.0007733603583550154
6.305	-7.070483501544515	0.0009078578119819747
6.315	-7.081437972272546	0.0008742334485752349
6.325	-7.092056487150711	0.0007901725400583854
6.335	-7.102331248017007	0.0008910456302786047
6.345	-7.112254674253344	0.0008658273577235499
6.355	-7.121819408295805	0.0006640811772831111
6.365	-7.131018321002847	0.0008910456302786047
6.375	-7.139844516877741	0.0007229238132449058
6.385	-7.148291339141695	0.0009246699936853445
6.395	-7.156352374654126	0.0007985786309100703
6.405	-7.164021458676728	0.0008069847217617552
6.415	-7.1712926794779985	0.0007145177223932208
6.425	-7.178160382775088	0.0007565481766516456
6.435	-7.184619176009807	0.0008658273577235499
6.445	-7.190663932455875	0.0007313299040965907
6.455	-7.196289795154485	0.0008574212668718649
6.465	-7.201492180675461	0.00084901517602018
6.475	-7.206266782701309	0.0007313299040965907
6.485	-7.210609575431651	0.0007061116315415358
6.495	-7.21451681680561	0.000672487268134796
6.505	-7.21798505153982	0.0007229238132449058
6.515	-7.221011113979902	0.0007817664492067004
6.525	-7.223592130763291	0.0006977055406898509
6.535	-7.225725523291509	0.0006556750864314261
6.545	-7.227409010010017	0.0007985786309100703
6.555	-7.228640608493969	0.0007313299040965907
6.565	-7.229418637338288	0.0007649542675033304
6.575	-7.229741717850571	0.000672487268134796
6.585	-7.229608775545574	0.0008153908126134402
6.595	-7.229019041439995	0.0008742334485752349
6.605	-7.227972053146541	0.0006556750864314261
6.615	-7.2264676557663305	0.0007397359949482756
6.625	-7.224506002578802	0.0007145177223932208
6.635	-7.222087555528464	0.0006220507230246863
6.645	-7.219213085507959	0.0008069847217617552
6.655	-7.2158836724369815	0.0007229238132449058
6.665	-7.212100705136809	0.0006304568138763713
6.675	-7.20786588100028	0.0007145177223932208
6.685	-7.203181205457195	0.0007985786309100703
6.695	-7.198048991235263	0.0008322029943168101
6.705	-7.192471857416853	0.0008574212668718649
6.715	-7.186452728291908	0.0008826395394269197
6.725	-7.1799948320075435	0.0008069847217617552
6.735	-7.173101699014993	0.0008322029943168101
6.745	-7.165777160314658	0.0008406090851684951
6.755	-7.158025345500169	0.0007649542675033304
6.765	-7.149850680602524	0.0007481420857999606
6.775	-7.141257885735442	0.0007817664492067004
6.785	-7.1322519725432585	0.0008322029943168101
6.795	-7.122838241452781	0.0007733603583550154
6.805	-7.113022278730655	0.0006640811772831111
6.815	-7.102809953347948	0.0008153908126134402
6.825	-7.092207413653736	0.0009414821753887144
6.835	-7.08122108385965	0.0007901725400583854
6.845	-7.069857660337433	0.0009667004479437693
6.855	-7.05812410773169	0.000680893358986481
6.865	-7.046027654890155	0.0008322029943168101
6.875	-7.033575790613852	0.0009667004479437693
6.885	-7.020776259229768	0.001008730902202194
6.895	-7.007637055988621	0.0008153908126134402
6.905	-6.9941664222905535	0.001000324811350509
6.915	-6.9803728407416274	0.0008994517211302897
6.925	-6.966265030044102	0.0010507613564606187
6.935	-6.951851939723635	0.0009330760845370295
6.945	-6.937142744696617	0.0009246699936853445
6.955	-6.92214683968096	0.0008994517211302897
6.965	-6.906873833453766	0.001008730902202194
6.975	-6.8913335429594325	0.0011264161741257833
6.985	-6.875535987271814	0.0008826395394269197
6.995	-6.859491381414147	0.001168446628384208
7.005	-6.843210130040602	0.001000324811350509
7.015	-6.8267028209833605	0.0009751065387954542
7.025	-6.809980218669221	0.0011096039924224134
7.035	-6.7930532574098486	0.001008730902202194
7.045	-6.775933034569836	0.0010507613564606187
7.055	-6.758630803616828	0.0013029440820111673
7.065	-6.741157967058092	0.001370192808824647
7.075	-6.723526069267925	0.0009667004479437693
7.085	-6.705746789210407	0.0013197562637145372
7.095	-6.687831933062044	0.0011096039924224134
7.105	-6.669793426738988	0.0013870049905280169
7.115	-6.6516433083334965	0.0012693197186044276
7.125	-6.6333937204643965	0.0012693197186044276
7.135	-6.615056902546402	0.0013197562637145372
7.145	-6.596645182983168	0.0014710658990448662
7.155	-6.578170971288972	0.001353380627121277
7.165	-6.559646750144091	0.0012609136277527426
7.175	-6.541085067388826	0.0013870049905280169
7.185	-6.5224985279613	0.0014038171722313866
7.195	-6.503899785784158	0.0013870049905280169
7.205	-6.485301535605286	0.0014962841715999212
7.215	-6.466716504797791	0.0017232486245954148
7.225	-6.448157445124412	0.0017064364428920448
7.235	-6.429637124471684	0.0014710658990448662
7.245	-6.41116831855906	0.0016223755343751955
7.255	-6.392763802628336	0.001857746078222374
7.265	-6.374436343118686	0.00169803035204036
7.275	-6.356198689332644	0.0016644059886336202
7.285	-6.338063565098347	0.0017064364428920448
7.295	-6.320043660433418	0.0017316547154470998
7.305	-6.302151623215864	0.0021183348946246074
7.315	-6.284400050867265	0.001849339987370689
7.325	-6.266801482053714	0.0018997765324807988
7.335	-6.249368388409771	0.0018325278056673191
7.345	-6.232113166290801	0.0022948628025099916
7.355	-6.215048128559042	0.002042680076959443
7.365	-6.198185496408689	0.0018913704416291138
7.375	-6.181537391235263	0.0021855836214380872
7.385	-6.1651158265546	0.002051086167811128
7.395	-6.1489326999766245	0.0022864567116583066
7.405	-6.132999785239189	0.0022108018939931418
7.415	-6.117328724307102	0.0023116749842133615
7.425	-6.101931019541511	0.002202395803141457
7.435	-6.086818025944773	0.0021435531671796623
7.445	-6.072000943485802	0.0021939897122897722
7.455	-6.057490809511007	0.0024797968012470603
7.465	-6.043298491245664	0.0022696445299549366
7.475	-6.029434678390762	0.0024629846195436903
7.485	-6.015909875820088	0.002378923711026841
7.495	-6.0027343963823885	0.0026815429816874994
7.505	-5.989918353813346	0.002362111529323471
7.515	-5.977471655762019	0.002748791708500979
7.525	-5.965403996936381	0.002731979526797609
7.535	-5.953724852372473	0.002698355163390869
7.545	-5.942443470831622	0.002429360256136951
7.555	-5.931568868330129	0.002437766346988636
7.565	-5.921109821805714	0.002706761254242554
7.575	-5.911074862924956	0.002740385617649294
7.585	-5.901472272035819	0.0026563247091324444
7.595	-5.892310072269394	0.0027908221627594037
7.605	-5.8835960237947145	0.0027908221627594037
7.615	-5.875337618230596	0.0025890759823189646
7.625	-5.8675420732182175	0.002891695252979623
7.635	-5.860216327158132	0.0026311064365773895
7.645	-5.853367034115282	0.002832852617017828
7.655	-5.847000558895471	0.002891695252979623
7.665	-5.841122972296688	0.0029421317980897325
7.675	-5.835740046538481	0.002824446526166143
7.685	-5.830857250872595	0.002841258707869513
7.695	-5.826479747377864	0.0030261927066065823
7.705	-5.822612386942282	0.0031186597059751167
7.715	-5.819259705435079	0.0034717155217458846
7.725	-5.816425920071483	0.0031018475242717467
7.735	-5.8141149259727145	0.0033540302498222953
7.745	-5.812330292923695	0.0030934414334200617
7.755	-5.811075262330793	0.0033372180681189253
7.765	-5.810352744381769	0.002816040435314458
7.775	-5.810165315410051	0.003059817070013322
7.785	-5.810515215465269	0.0030261927066065823
7.795	-5.811404346091837	0.0030766292517166918
7.805	-5.812834268317339	0.0031438779785301716
7.815	-5.814806200852229	0.003059817070013322
7.825	-5.817321018502288	0.0033372180681189253
7.835	-5.820379250795158	0.002891695252979623
7.845	-5.823981080822076	0.003185908432788596
7.855	-5.828126344295872	0.002916913525534678
7.865	-5.832814528826109	0.002891695252979623
7.875	-5.838044773412124	0.0030093805249032123
7.885	-5.84381586815458	0.002883289162127938
7.895	-5.850126254186051	0.002748791708500979
7.905	-5.856974023820936	0.002866476980424568
7.915	-5.864356920924945	0.002832852617017828
7.925	-5.872272341504218	0.003194314523640281
7.935	-5.880717334514013	0.002723573435945924
7.945	-5.88968860288674	0.0026395125274290745
7.955	-5.899182504779035	0.0026731368908358144
7.965	-5.909195055037345	0.002706761254242554
7.975	-5.919721926881444	0.0028076343444627732
7.985	-5.93075845380509	0.002404141983581896
7.995	-5.942299631692969	0.0025806698914672796
8.005	-5.954340121152846	0.002437766346988636
8.015	-5.966874250061785	0.0024629846195436903
8.025	-5.979896016325143	0.0027908221627594037
8.035	-5.993399090846865	0.0025050150738021152
8.045	-6.007376820709543	0.0026142942548740195
8.055	-6.02182223256251	0.0021183348946246074
8.065	-6.036728036216147	0.0025722638006155946
8.075	-6.052086628440409	0.002336893256768416
8.085	-6.067890096965516	0.0024882028920987453
8.095	-6.084130224682521	0.002353705438471786
8.105	-6.100798494041456	0.002059492258662813
8.115	-6.117886091644538	0.0022360201665481967
8.125	-6.135383913031831	0.002009055713552703
8.135	-6.153282567656666	0.0021519592580313473
8.145	-6.1715723840479155	0.0019502130775909084
8.155	-6.190243415156206	0.0019165887141841687
8.165	-6.209285443880934	0.0018829643507774288
8.175	-6.228687988774901	0.002076304440366183
8.185	-6.2484403099232555	0.0019081826233324837
8.195	-6.268531414993297	0.0018157156239639494
8.205	-6.288950065451595	0.0018913704416291138
8.215	-6.309684782944771	0.0018409338965190041
8.225	-6.330723855840227	0.0016055633526718255
8.235	-6.352055345922889	0.0017484668971504698
8.245	-6.373667095244072	0.001689624261188675
8.255	-6.395546733118369	0.0016307816252268805
8.265	-6.417681683264389	0.0016559998977819352
8.275	-6.440059171085171	0.0017400608062987848
8.285	-6.462666231083839	0.0014374415356381265
8.295	-6.485489714410118	0.0014626598081931815
8.305	-6.5085162965331795	0.0014542537173414965
8.315	-6.531732485036242	0.0013954110813797019
8.325	-6.555124627528204	0.0014206293539347566
8.335	-6.578678919667567	0.001370192808824647
8.345	-6.602381413293836	0.0013954110813797019
8.355	-6.62621802466149	0.001370192808824647
8.365	-6.6501745427715075	0.0013365684454179072
8.375	-6.674236637795451	0.0013029440820111673
8.385	-6.698389869587011	0.0012693197186044276
8.395	-6.72261969627582	0.001210477082642633
8.405	-6.746911482938326	0.0011432283558291533
8.415	-6.771250510340512	0.0012861319003077973
8.425	-6.795621983747035	0.0010759796290156737
8.435	-6.820011041791507	0.0009835126296471393
8.445	-6.844402765402518	0.000991918720498824
8.455	-6.8687821867798515	0.001000324811350509
8.465	-6.893134298415519	0.00084901517602018
8.475	-6.9174440621540345	0.0010843857198673586
8.485	-6.941696418286405	0.0008153908126134402
8.495	-6.965876294672236	0.0009582943570920844
8.505	-6.989968615884424	0.0008658273577235499
8.515	-7.013958312370688	0.0007313299040965907
8.525	-7.03783032962651	0.0008322029943168101
8.535	-7.061569637373608	0.0009162639028336596
8.545	-7.085161238738492	0.00084901517602018
8.555	-7.108590179425322	0.0008574212668718649
8.565	-7.131841556877449	0.0007145177223932208
8.575	-7.154900529421992	0.0008742334485752349
8.585	-7.177752325391799	0.0006220507230246863
8.595	-7.200382252219089	0.0007481420857999606
8.605	-7.222775705495266	0.000680893358986481
8.615	-7.244918177991184	0.000680893358986481
8.625	-7.266795268632274	0.0007397359949482756
8.635	-7.288392691423056	0.0006977055406898509
8.645	-7.30969628431537	0.0007145177223932208
8.655	-7.330692018014897	0.0006977055406898509
8.665	-7.351366004720441	0.0006136446321730013
8.675	-7.37170450679056	0.0007565481766516456
8.685	-7.391693945332082	0.0005968324504696315
8.695	-7.4113209087052425	0.000672487268134796
8.705	-7.430572160940034	0.0007229238132449058
8.715	-7.4494346500585396	0.0006472689955797411
8.725	-7.4678955162980465	0.0006304568138763713
8.735	-7.485942100229788	0.0005632080870628917
8.745	-7.503561950768189	0.0006640811772831111
8.755	-7.520742833065627	0.0004791471785460422
8.765	-7.5374727362876905	0.00046233499684267227
8.775	-7.553739881264113	0.0004875532693977271
8.785	-7.5695327280104845	0.000521177632804467
8.795	-7.584839983116032	0.00042030454258424753
8.805	-7.59965060699281	0.0006052385413213165
8.815	-7.613953820981689	0.0005548019962112067
8.825	-7.627739114310652	0.000495959360249412
8.835	-7.640996250900985	0.0004707410876943572
8.845	-7.653715276017038	0.0003782740883258228
8.855	-7.66588652275531	0.00046233499684267227
8.865	-7.677500618368757	0.000504365451101097
8.875	-7.688548490422235	0.0004034923608808776
8.885	-7.699021372775181	0.0005884263596179465
8.895	-7.708910811387685	0.0004707410876943572
8.905	-7.718208669946225	0.00042030454258424753
8.915	-7.726907135305426	0.0006304568138763713
8.925	-7.7349987227423735	0.000495959360249412
8.935	-7.742476281020046	0.00042030454258424753
8.945	-7.749332997256605	0.0003614619066224529
8.955	-7.755562401597363	0.0004875532693977271
8.965	-7.761158371686392	0.00043711672428761744
8.975	-7.766115136934852	0.00042030454258424753
8.985	-7.77042728258321	0.00042030454258424753
8.995	-7.774089753554708	0.00041189845173256255
9.005	-7.7770978580974885	0.0006052385413213165
9.015	-7.779447271212985	0.00042030454258424753
9.025	-7.78113403786826	0.0003866801791775077
9.035	-7.782154575990141	0.0004791471785460422
9.045	-7.782505679239111	0.000504365451101097
9.055	-7.78218451956106	0.00046233499684267227
9.065	-7.781188649515137	0.00042871063343593246
9.075	-7.779516004376072	0.00034464972491908297
9.085	-7.777164904009469	0.00031943145236402814
9.095	-7.774134054518745	0.00043711672428761744
9.105	-7.770422549662463	0.0004791471785460422
9.115	-7.766029872041024	0.0003782740883258228
9.125	-7.760955894051752	0.00042871063343593246
9.135	-7.7552008786116176	0.00043711672428761744
9.145	-7.748765479646913	0.00041189845173256255
9.155	-7.7416507423494005	0.0004875532693977271
9.165	-7.733858103198546	0.0004791471785460422
9.175	-7.725389389749648	0.00044552281513930236
9.185	-7.716246820187754	0.0005295837236561518
9.195	-7.706433002647433	0.0006052385413213165
9.205	-7.695950934298643	0.00046233499684267227
9.215	-7.684804000199003	0.0003782740883258228
9.225	-7.6729959719129965	0.0004875532693977271
9.235	-7.660531005898736	0.00043711672428761744
9.245	-7.64741364166305	0.0004707410876943572
9.255	-7.633648799685849	0.00044552281513930236
9.265	-7.61924177911482	0.0005379898145078368
9.275	-7.604198255231639	0.0005716141779145766
9.285	-7.588524276691068	0.00045392890599098735
9.295	-7.57222626253442	0.0005548019962112067
9.305	-7.555310998979023	0.000495959360249412
9.315	-7.537785635985406	0.0004875532693977271
9.325	-7.519657683604171	0.00043711672428761744
9.335	-7.500935008104525	0.0007649542675033304
9.345	-7.481625827886693	0.0006892994498381659
9.355	-7.46173870918045	0.0005632080870628917
9.365	-7.441282561532294	0.0005295837236561518
9.375	-7.420266633083752	0.0006388629047280563
9.385	-7.398700505643536	0.0006388629047280563
9.395	-7.376594089556387	0.0007481420857999606
9.405	-7.353957618371539	0.0004875532693977271
9.415	-7.330801643313866	0.0006472689955797411
9.425	-7.307137027560926	0.0006556750864314261
9.435	-7.282974940329211	0.0006556750864314261
9.445	-7.258326850773	0.0006892994498381659
9.455	-7.233204521699422	0.0007733603583550154
9.465	-7.207620003103356	0.0006977055406898509
9.475	-7.181585625525921	0.0008069847217617552
9.485	-7.155113993240486	0.0007985786309100703
9.495	-7.128217977270171	0.0006556750864314261
9.505	-7.100910708240894	0.0008910456302786047
9.515	-7.0732055690742515	0.0008574212668718649
9.525	-7.045116187524411	0.0007985786309100703
9.535	-7.016656428563527	0.0006640811772831111
9.545	-6.987840386620076	0.0008994517211302897
9.555	-6.958682377674745	0.001017136993053879
9.565	-6.929196931218534	0.001033949174757249
9.575	-6.899398782077787	0.001000324811350509
9.585	-6.869302862111039	0.001000324811350509
9.595	-6.838924291782616	0.0011432283558291533
9.605	-6.808278371617861	0.0009414821753887144
9.615	-6.777380573545213	0.0011348222649774683
9.625	-6.746246532130186	0.0012693197186044276
9.635	-6.714892035706467	0.0012861319003077973
9.645	-6.683333017409433	0.001361786717972962
9.655	-6.651585546117406	0.0011264161741257833
9.665	-6.619665817306028	0.0013029440820111673
9.675	-6.587590143821212	0.0014290354447864416
9.685	-6.555374946576243	0.0016475938069302502
9.695	-6.523036745178383	0.0015046902624516062
9.705	-6.490592148490813	0.0014626598081931815
9.715	-6.45805784513537	0.0015130963533032912
9.725	-6.425450593941859	0.0016475938069302502
9.735	-6.392787214349558	0.0016644059886336202
9.745	-6.360084576766736	0.0017232486245954148
9.755	-6.327359592893902	0.0017232486245954148
9.765	-6.294629206016617	0.0021099288037729224
9.775	-6.2619103812735775	0.0018325278056673191
9.785	-6.229220095905961	0.0018241217148156341
9.795	-6.1965753294937596	0.002084710531217868
9.805	-6.163993054184935	0.0021939897122897722
9.815	-6.131490224923382	0.0022864567116583066
9.825	-6.0990837696813935	0.0023200810750650465
9.835	-6.06679057970263	0.0022948628025099916
9.845	-6.034627499761376	0.002555451618912225
9.855	-Inf	0.0
9.865	-Inf	0.0
9.875	-Inf	0.0
9.885	-Inf	0.0
9.895	-Inf	0.0
9.905	-Inf	0.0
9.915	-Inf	0.0
9.925	-Inf	0.0
9.935	-Inf	0.0
9.945	-Inf	0.0
9.955	-Inf	0.0
9.965	-Inf	0.0
9.975	-Inf	0.0
9.985	-Inf	0.0
9.995	-Inf	0.0
