0.005	-Inf	0.0
0.015	1.1410770528251692	0.5936024564851352
0.025	1.1467849131532457	0.594427333965052
0.035	1.1522715607492406	0.6003045860094592
0.045	1.1575324139119088	0.5964895276648441
0.055	1.1625630549511663	0.5894780690855511
0.065	1.1673592331524474	0.6048414121490018
0.075	1.171916867631336	0.5973144051447609
0.085	1.1762320500767287	0.5906122756204367
0.095	1.1803010473808584	0.6026761087642202
0.105	1.1841203041545842	0.5814355136563623
0.115	1.1876864451264095	0.6031916571891681
0.125	1.1909962774237874	0.5955615404999376
0.135	1.19404679273533	0.6021605603392721
0.145	1.1968351693526196	0.5828790492462167
0.155	1.1993587740903981	0.5987579407346153
0.165	1.2016151640839836	0.5907153853054263
0.175	1.2036020884628418	0.5917464821553223
0.185	1.2053174898993269	0.5919527015253016
0.195	1.2067595060316685	0.5998921472695009
0.205	1.207926470760378	0.6066973864788145
0.215	1.208816915417316	0.6298970656014748
0.225	1.2094295698067494	0.6300001752864645
0.235	1.2097633631178053	0.605047631518981
0.245	1.2098174247078073	0.6125746385232218
0.255	1.2095910847560676	0.6013356828593553
0.265	1.2090838747877848	0.6280410912716621
0.275	1.2082955280677792	0.6152554903329515
0.285	1.2072259798638825	0.6097906770285026
0.295	1.2058753675798783	0.6204109745824316
0.305	1.2042440307579754	0.605047631518981
0.315	1.2023325109508693	0.6237104845020988
0.325	1.2001415514635414	0.6042227540390641
0.335	1.1976720969650174	0.5936024564851352
0.345	1.1949252929703924	0.6193798777325356
0.355	1.1919024851935132	0.6270099944217661
0.365	1.1886052187707812	0.5947366630200208
0.375	1.185035237356633	0.6006139150644281
0.385	1.1811944820913256	0.5848381332610191
0.395	1.1770850904417354	0.6110279932483779
0.405	1.1727093949159646	0.5918495918403119
0.415	1.16806992165262	0.6053569605739497
0.425	1.1631693888857157	0.5850443526309983
0.435	1.1580107052862203	0.6148430515929931
0.445	1.1525969681813528	0.5825697201912479
0.455	1.1469314616528083	0.6070067155337834
0.465	1.141017654515161	0.577620455311747
0.475	1.1348591981757776	0.5810230749164038
0.485	1.1284599243776463	0.5699903386225165
0.495	1.1218238428265879	0.5940148952250937
0.505	1.1149551387044045	0.5753520422419758
0.515	1.1078581700695829	0.5723618613772773
0.525	1.1005374651472346	0.5682374739776933
0.535	1.0929977195100409	0.5800950877514974
0.545	1.0852437931520116	0.5739085066521213
0.555	1.0772807074569706	0.5569985183138267
0.565	1.0691136420637013	0.5661752802779012
0.575	1.0607479316297868	0.5701965579924957
0.585	1.052189062496229	0.5601949185485043
0.595	1.0434426692549785	0.5523585824892946
0.605	1.0345145312215978	0.5717432032673397
0.615	1.0254105688153003	0.549162182254617
0.625	1.016136839848706	0.5415320655653865
0.635	1.0066995357296746	0.5426662721002721
0.645	0.9971049775776538	0.546584440129877
0.655	0.9873596122570194	0.5300868905315408
0.665	0.9774700083299499	0.5317366454913743
0.675	0.9674428519314086	0.5301900002165304
0.685	0.9572849425688676	0.5096711729035996
0.695	0.947003188849456	0.516579521797903
0.705	0.9366046041372402	0.5219412254173622
0.715	0.9260963021434138	0.515032876523059
0.725	0.9154854924521928	0.49853532692472274
0.735	0.9047794759852601	0.49843221723973313
0.745	0.8939856404076469	0.5070934307788596
0.755	0.8831114554779542	0.4857497259860121
0.765	0.8721644683458778	0.48533728724605374
0.775	0.8611522988000081	0.4903896618105442
0.785	0.8500826344689216	0.4710050410324991
0.795	0.8389632259785985	0.4731703444172808
0.805	0.8278018820692338	0.4765729640219376
0.815	0.8166064646745328	0.46605577615299826
0.825	0.8053848839665954	0.48667771315091857
0.835	0.7941450933695287	0.46275626623333105
0.845	0.7828950845449268	0.45667279481894457
0.855	0.7716428823523964	0.44955822655466204
0.865	0.7603965397882904	0.45687901418892374
0.875	0.749164132905859	0.44873334907474527
0.885	0.7379537557200057	0.4599723047386118
0.895	0.7267735150998622	0.4256367796370745
0.905	0.7156315256524066	0.45533236891407974
0.915	0.7045359046003254	0.4538888333242253
0.925	0.6934947666573616	0.43306067695632583
0.935	0.6825162189043534	0.4452276197850988
0.945	0.6716083556691974	0.43037982514659623
0.955	0.6607792534139371	0.4393503677406915
0.965	0.6500369656322018	0.4290393992417314
0.975	0.6393895177601808	0.43398866412123227
0.985	0.6288449021043367	0.44244365829037957
0.995	0.6184110727890317	0.4295549476666794
1.005	0.6080959407272257	0.3934665579203189
1.015	0.5979073686174087	0.4004780164996118
1.025	0.5878531659698817	0.4215123922374905
1.035	0.5779410841655088	0.39790027437487174
1.045	0.568178811550023	0.38851729304081806
1.055	0.5585739685669489	0.39119814485054766
1.065	0.549134102932187	0.3960443000450589
1.075	0.5398666848532598	0.3935696676053085
1.085	0.5307791022962132	0.4002717971296326
1.095	0.5218786563031097	0.39078570611058927
1.105	0.5131725563630423	0.38789863493088045
1.115	0.5046679158395361	0.38439290564123396
1.125	0.49637174745719587	0.38892973178077644
1.135	0.4882909588503907	0.3914043642205269
1.145	0.48043234817675107	0.3861457702860572
1.155	0.4728025997981959	0.38315558942135874
1.165	0.46540828003216606	0.37439126619724267
1.175	0.4582558329757019	0.37418504682726345
1.185	0.4513515764049454	0.3865582090260156
1.195	0.44470169775260804	0.37583480178709705
1.205	0.43831225016588704	0.3710917562775754
1.215	0.43218914864726654	0.38789863493088045
1.225	0.4263381662805809	0.36036834903865683
1.235	0.4207649305446735	0.373257059662357
1.245	0.4154749197169109	0.3738757177722946
1.255	0.41047345936877133	0.3842897959562444
1.265	0.4057657189556565	0.3676891366729186
1.275	0.40135670850301963	0.36696736887799136
1.285	0.3972512753908405	0.36841090446784575
1.295	0.39345410123841357	0.371194865962565
1.305	0.3899696988913557	0.3788249826517955
1.315	0.3868024095126628	0.3660393817130849
1.325	0.38395639977959795	0.355419084159156
1.335	0.3814356591881063	0.3688233432078042
1.345	0.3792439974663935	0.3782063245418579
1.355	0.3773850420992344	0.36737980761794975
1.365	0.3758622359645075	0.3540786582542912
1.375	0.3746788350833724	0.3637709686433137
1.385	0.37383790648545107	0.3648020654932097
1.395	0.3733423261902815	0.3844960153262236
1.405	0.37319477730625183	0.3636678589583241
1.415	0.37339774824814387	0.3625336524234385
1.425	0.37395353107434104	0.36583316234310576
1.435	0.37486421994467356	0.38099028603657714
1.445	0.3761317096998082	0.3633585299033553
1.455	0.3777576945630057	0.3723290724974506
1.465	0.3797436669649876	0.3728446209223986
1.475	0.382090916492588	0.3608838974636049
1.485	0.38480052896177996	0.3782063245418579
1.495	0.3878733856155805	0.3726384015524194
1.505	0.39131016244727806	0.36737980761794975
1.515	0.39511132964933154	0.3707824272226066
1.525	0.39927715118820967	0.3613994458885529
1.535	0.40380768450537885	0.36748291730293936
1.545	0.4087027803445385	0.3573781681739584
1.555	0.413962082705155	0.370679317537617
1.565	0.4195850289222412	0.370163769112669
1.575	0.425570849872258	0.3761441308420659
1.585	0.4319185703049428	0.37294773060738823
1.595	0.4386270093007746	0.3703699884826482
1.605	0.44569478085372083	0.37934053107674354
1.615	0.45312029457882325	0.3625336524234385
1.625	0.460901756544103	0.3792374213917539
1.635	0.4690371702261997	0.3852177831211508
1.645	0.4775243375890527	0.3772783373769515
1.655	0.486360860284896	0.3839804669012756
1.665	0.4955441409767185	0.37707211800697227
1.675	0.5050713847813014	0.37934053107674354
1.685	0.5149396008318485	0.3987251518547886
1.695	0.5251456039591551	0.39676606783998614
1.705	0.5356860164901922	0.38387735721628596
1.715	0.5465572701628976	0.37593791147208666
1.725	0.5577556081559141	0.3806809569816083
1.735	0.5692770872319124	0.37377260808730506
1.745	0.5811175799931045	0.4084174622438111
1.755	0.5932727772474379	0.3868675380809844
1.765	0.6057381904839401	0.40769569444888387
1.775	0.6185091544555812	0.40202466177445584
1.785	0.6315808298679493	0.385939550916078
1.795	0.6449482061720295	0.4085205719288007
1.805	0.6586061044592122	0.39078570611058927
1.815	0.6725491804566956	0.41965641790767766
1.825	0.6867719276213105	0.40367441673428944
1.835	0.7012686803297721	0.4108920946835615
1.845	0.7160336171632984	0.414397823973208
1.855	0.7310607642844656	0.42800830239183535
1.865	0.7463439989041318	0.4466711553749532
1.875	0.7618770528361705	0.4357415287660555
1.885	0.7776535161377718	0.42130617286751126
1.895	0.7936668408329146	0.43275134790135705
1.905	0.8099103447166685	0.41893465011275044
1.915	0.8263772152378503	0.4329575672713362
1.925	0.8430605134575638	0.4380099418358267
1.935	0.8599531780810865	0.43326689632630505
1.945	0.8770480295605182	0.44687737474493244
1.955	0.8943377742655858	0.4693552860726655
1.965	0.9118150087199044	0.46481845993312304
1.975	0.9294722239000538	0.46502467930310226
1.985	0.947301809594661	0.46337492434326866
1.995	0.9652960588207743	0.44728981348489083
2.005	0.9834471722946732	0.47863515772172965
2.015	1.0017472629542996	0.4739952218971976
2.025	1.0201883605304283	0.47131437008746796
2.035	1.038762416163678	0.4646122405631439
2.045	1.057461307064431	0.475954305912
2.055	1.0762768412127033	0.4680148601678007
2.065	1.095200762095021	0.46894284733270714
2.075	1.1142247534752563	0.4765729640219376
2.085	1.133340444196448	0.48760570031582495
2.095	1.1525394130105566	0.49337984267524265
2.105	1.1718131934331046	0.47873826740671926
2.115	1.1911532786196517	0.49905087534967074
2.125	1.2105511262610025	0.48420308071116813
2.135	1.2299981634941208	0.5012161787344523
2.145	1.2494857918255846	0.4919363070853882
2.155	1.2690053920645545	0.5051343467640572
2.165	1.288548329262125	0.5076089792038077
2.175	1.308105957653939	0.5145173280981109
2.185	1.3276696256030327	0.5290557936816447
2.195	1.3472306805397114	0.5261687225019359
2.205	1.3667804738954836	0.5300868905315408
2.215	1.3863103660278466	0.5397792009205633
2.225	1.4058117311329479	0.5361703619459273
2.235	1.4252759621429747	0.5498839500495442
2.245	1.4446944756052793	0.5402947493455112
2.255	1.4640587165401457	0.5573078473687955
2.265	1.4833601632742122	0.5374076781658025
2.275	1.502590332246521	0.5573078473687955
2.285	1.5217407827842124	0.5697841192525372
2.295	1.5408031218449019	0.5528741309142426
2.305	1.5597690087227893	0.5706089967324541
2.315	1.578630159715604	0.5863847785358631
2.325	1.5973783527494656	0.5873127657007695
2.335	1.6160054319588333	0.6057693993139082
2.345	1.6345033122186956	0.5743209453920798
2.355	1.6528639836262118	0.5653504027979844
2.365	1.6710795159290495	0.5924682499502496
2.375	1.6891420628976674	0.5854567913709567
2.385	1.7070438666389165	0.6023667797092513
2.395	1.7247772618482342	0.5946335533350312
2.405	1.7423346799978954	0.616183477497858
2.415	1.7597086534587232	0.613811954743097
2.425	1.7768918195527381	0.6106155545084194
2.435	1.793876924534317	0.62340115544713
2.445	1.8106568274973716	0.6160803678128683
2.455	1.8272245042062518	0.6393831566205183
2.465	1.843573050847972	0.624432252297026
2.475	1.8596956877035624	0.6458790667748631
2.485	1.8755857627362742	0.6444355311850087
2.495	1.8912367550945133	0.6665010037727834
2.505	1.9066422785273764	0.6526843059841768
2.515	1.9217960847107558	0.6646450294429705
2.525	1.9366920664820182	0.6662947844028042
2.535	1.951324260981335	0.6605206420433865
2.545	1.9656868526977958	0.6613455195233033
2.555	1.979774176418496	0.6684600877875858
2.565	1.9935807200788798	0.6655730166078769
2.575	2.0071011275126387	0.6603144226734073
2.585	2.020330201099574	0.6866073923457556
2.595	2.03326290430988	0.6973307995846743
2.605	2.045894364143361	0.6972276898996846
2.615	2.058219873462206	0.6680476490476274
2.625	2.070234893215951	0.6738217914070451
2.635	2.0819350545573965	0.6939281799800173
2.645	2.093316160848261	0.696093483364799
2.655	2.104374189553463	0.6838234308510364
2.665	2.1151052940229897	0.6763995335317852
2.675	2.125505805160355	0.7027956128891231
2.685	2.13557223297677	0.7090853036734888
2.695	2.1453012680301757	0.7121785942231768
2.705	2.1546897827484077	0.7087759746185199
2.715	2.163734832635794	0.7097039617834263
2.725	2.1724336573626135	0.7016614063542375
2.735	2.1807836817368527	0.6979494576946118
2.745	2.188782516557845	0.7104257295783536
2.755	2.1964279593514053	0.6906286700603501
2.765	2.203717994986163	0.698155677064591
2.775	2.210650796170883	0.6812456887262964
2.785	2.217224723832625	0.701248967614279
2.795	2.2234383273756833	0.6975370189546534
2.805	2.2292903448213197	0.6931033025001005
2.815	2.2347797028283702	0.6990836642294974
2.825	2.2399055165949044	0.6878447085656308
2.835	2.244667089641174	0.7138283491830104
2.845	2.249063913474174	0.7182620656375632
2.855	2.2530956671342075	0.6858856245508285
2.865	2.256762216623937	0.693515741240059
2.875	2.2600636142204493	0.6965059221047574
2.885	2.263000097670991	0.7034142709990607
2.895	2.265572089273043	0.7033111613140711
2.905	2.267780194839509	0.7137252394980208
2.915	2.269625202549891	0.6916597669102461
2.925	2.2711080816883387	0.7040329291089983
2.935	2.2722299812695836	0.7140345685529896
2.945	2.2729922285538167	0.6968152511597262
2.955	2.2733963274516484	0.7033111613140711
2.965	2.273443956820349	0.6870198310857141
2.975	2.2731369686526497	0.6814519080962755
2.985	2.2724773861594563	0.6882571473055893
2.995	2.2714674017478655	0.6878447085656308
3.005	2.27010937489599	0.710838168318312
3.015	2.26840582992611	0.6942375090349862
3.025	2.2663594536777802	0.690937999115319
3.035	2.2639730930825603	0.6745435592019723
3.045	2.2612497526420987	0.7006303095043415
3.055	2.2581925918113717	0.6816581274662548
3.065	2.2548049222889306	0.6856794051808492
3.075	2.251090205216093	0.683410992111078
3.085	2.2470520482870175	0.6807301403013484
3.095	2.2426942027717236	0.6722751461322011
3.105	2.2380205604541294	0.6774306303816812
3.115	2.2330351504872508	0.6715533783372738
3.125	2.2277421361677465	0.6632014938531161
3.135	2.2221458116320667	0.6700067330624299
3.145	2.216250598476475	0.6610361904683345
3.155	2.210061042303317	0.6653667972378978
3.165	2.203581809195885	0.665057468182929
3.175	2.196817682124336	0.6588708870835529
3.185	2.1897735572851253	0.6489723573245512
3.195	2.1824544403764894	0.6545402803139896
3.205	2.1748654428124925	0.6408266922103726
3.215	2.167011777878295	0.6483536992146135
3.225	2.158898756829206	0.6417546793752791
3.235	2.1505317849362413	0.6423733374852166
3.245	2.1419163574808433	0.651343880079312
3.255	2.133058055701535	0.6206171939524108
3.265	2.1239625426952147	0.6460852861448423
3.275	2.1146355592759276	0.6209265230073796
3.285	2.10508291979391	0.6298970656014748
3.295	2.095310507917718	0.6364960854408094
3.305	2.0853242723823415	0.6406204728403935
3.315	2.07513022270615	0.624947800721974
3.325	2.0647344248795947	0.6074191542737418
3.335	2.0541429970285403	0.6191736583625563
3.345	2.0433621050552206	0.6196892067875044
3.355	2.0323979582596707	0.6146368322230139
3.365	2.02125680494468	0.6263913363118284
3.375	2.009944928007162	0.6105124448234298
3.385	1.9984686405189274	0.6168021356077955
3.395	1.9868342812998567	0.6258757878868805
3.405	1.9750482104863951	0.5941180049100832
3.415	1.9631168050984058	0.62855663969661
3.425	1.9510464546073238	0.5977268438847193
3.435	1.9388435565085742	0.5837039267261335
3.445	1.9265145119012623	0.6163896968678371
3.455	1.9140657210780498	0.595973979239896
3.465	1.901503579128211	0.617214574347754
3.475	1.8888344715567786	0.6046351927790226
3.485	1.876064769922743	0.6125746385232218
3.495	1.863200827499172	0.5922620305802704
3.505	1.8502489749582127	0.5714338742123709
3.515	1.8372155160837926	0.6132964063181491
3.525	1.8241067235149364	0.5833945976711646
3.535	1.8109288345224857	0.6089657995485858
3.545	1.7976880468220875	0.6012325731743657
3.555	1.7843905144262033	0.5908184949904159
3.565	1.7710423435379068	0.5826728298762375
3.575	1.757649588489235	0.586694107590832
3.585	1.744218247726737	0.5766924681468406
3.595	1.7307542598469416	0.5775173456267574
3.605	1.7172634996843612	0.5931900177451768
3.615	1.7037517744546167	0.5549363246140346
3.625	1.690224819955248	0.5596793701235564
3.635	1.6766882968267618	0.5574109570537851
3.645	1.663147786876342	0.5718463129523293
3.655	1.6496087894667124	0.5638037575231404
3.665	1.6360767179725086	0.5632882090981924
3.675	1.6225568963065065	0.5642161962630988
3.685	1.6090545555180382	0.5571016279988164
3.695	1.5955748304658097	0.5704027773624749
3.705	1.582122756567324	0.5508119372144507
3.715	1.568703266627087	0.5342112779311248
3.725	1.55532118774564	0.5330770713962392
3.735	1.5419812383115172	0.5494715113095858
3.745	1.528688025078041	0.5403978590305009
3.755	1.5154460403269625	0.5294682324216031
3.765	1.502259659120729	0.5551425439840139
3.775	1.4891331366452603	0.5467906594998562
3.785	1.4760706056449295	0.5485435241446794
3.795	1.463076073951459	0.5267873806118735
3.805	1.4501534221083334	0.5299837808465512
3.815	1.43730640109231	0.5260656128169463
3.825	1.4245386301334988	0.5366859103708752
3.835	1.411853594635437	0.5289526839966552
3.845	1.3992546441965392	0.5101867213285477
3.855	1.3867449907341713	0.522250554472331
3.865	1.374327706712619	0.5147235474680901
3.875	1.3620057234760612	0.5084338566837244
3.885	1.3497818296876447	0.5162701927429342
3.895	1.3376586698756827	0.5125582440833085
3.905	1.3256387430878815	0.5120426956583605
3.915	1.3137244016544989	0.4947202685801075
3.925	1.301917850061199	0.4987415462947019
3.935	1.290221143932328	0.5082276373137452
3.945	1.2786361891252702	0.4981228881847643
3.955	1.2671647409364302	0.5015255077894212
3.965	1.2558084034193557	0.5034845918042236
3.975	1.2445686288154107	0.4974011203898371
3.985	1.2334467170973555	0.488121248740773
3.995	1.2224438156260755	0.48368753228622013
4.005	1.2115609189206977	0.4981228881847643
4.015	1.2007988685421567	0.49368917173021143
4.025	1.1901583530902977	0.5024534949543276
4.035	1.1796399083144593	0.4878119196858042
4.045	1.1692439173374245	0.47894448677669843
4.055	1.158970610992558	0.4920394167703778
4.065	1.1488200682738685	0.49461715889511787
4.075	1.1387922168986528	0.4903896618105442
4.085	1.1288868339823095	0.4903896618105442
4.095	1.119103546824824	0.488636797165721
4.105	1.1094418338083814	0.48090357079150087
4.115	1.0999010254054475	0.48564661630102257
4.125	1.0904803052966054	0.4715205894574472
4.135	1.081178711597382	0.459662975683643
4.145	1.0719951381931732	0.4799755836265945
4.155	1.0629283361813577	0.49946331408962913
4.165	1.0539769154195922	0.4767791833919168
4.175	1.0451393461791898	0.47925381583166726
4.185	1.0364139609024723	0.4758511962270104
4.195	1.0277989560628331	0.4737890025272184
4.205	1.019292394126271	0.4899772230705858
4.215	1.0108922056129999	0.48379064197120974
4.225	1.0025961912577364	0.5017317271594004
4.235	0.9944020242671732	0.4828626548063033
4.245	0.9863072526730688	0.5000819721995667
4.255	0.9783093017793516	0.49286429425029465
4.265	0.9704054767015455	0.4793569255166569
4.275	0.9625929649967808	0.48544039693104335
4.285	0.9548688393825646	0.4766760737069272
4.295	0.9472300605424673	0.4828626548063033
4.305	0.9396734800167829	0.47172680882742635
4.315	0.9321958431761836	0.4805942417365321
4.325	0.924793792276335	0.4720361378823952
4.335	0.9174638695913608	0.47925381583166726
4.345	0.9102025206240247	0.4830688741762825
4.355	0.9030060973904163	0.4671899826878839
4.365	0.8958708617768973	0.47894448677669843
4.375	0.8887929889669973	0.48523417756106413
4.385	0.8817685709359091	0.47739784150185444
4.395	0.8747936200101991	0.48090357079150087
4.405	0.867864072490276	0.48090357079150087
4.415	0.8609757923331423	0.48028491268156326
4.425	0.8541245748928965	0.48090357079150087
4.435	0.8473061507164217	0.4800786933115841
4.445	0.840516189391654	0.4715205894574472
4.455	0.8337503034457989	0.4966793525949099
4.465	0.827004052290788	0.48832746811075217
4.475	0.8202729462133143	0.47688229307690644
4.485	0.8135524504066489	0.4761605252819792
4.495	0.8068379890415249	0.4918331974003986
4.505	0.8001249493732244	0.4830688741762825
4.515	0.7934086858821099	0.4737890025272184
4.525	0.786684524444702	0.47028327323757196
4.535	0.7799477665324427	0.47110815071748874
4.545	0.7731936934352711	0.47079882166251996
4.555	0.7664175705070625	0.4909052102354922
4.565	0.7596146514300487	0.4770885124468856
4.575	0.7527801824952267	0.4846155194511265
4.585	0.7459094068958484	0.49368917173021143
4.595	0.7389975690309752	0.4793569255166569
4.605	0.7320399188161638	0.4905958811805234
4.615	0.7250317159982793	0.4746138800071352
4.625	0.7179682344714394	0.49224563614035705
4.635	0.7108447665911205	0.48523417756106413
4.645	0.7036566274834082	0.49276118456530504
4.655	0.6963991593464146	0.4880181390557834
4.665	0.6890677357408791	0.4893585649606482
4.675	0.68165776586694	0.47193302819740557
4.685	0.6741646988241321	0.4737890025272184
4.695	0.6665840278516049	0.4952358170050555
4.705	0.6589112945456421	0.48523417756106413
4.715	0.6511420930514954	0.47863515772172965
4.725	0.6432720742266219	0.4817284482714177
4.735	0.6352969497724144	0.4688397376477175
4.745	0.6272124963314945	0.4811097901614801
4.755	0.6190145595477266	0.48832746811075217
4.765	0.6106990580860762	0.489152345590669
4.775	0.6022619876094837	0.4709019313475096
4.785	0.5936994247099409	0.48482173882110574
4.795	0.5850075307910032	0.4833782032312513
4.805	0.5761825558989779	0.47811960929678166
4.815	0.5672208425000729	0.47110815071748874
4.825	0.5581188292008183	0.4819346676413969
4.835	0.5488730544091129	0.4766760737069272
4.845	0.5394801599332721	0.4664682148929567
4.855	0.5299368945165173	0.47141747977245757
4.865	0.5202401173043558	0.47894448677669843
4.875	0.5103868012423608	0.4827595451213137
4.885	0.5003740364019009	0.4442996326201924
4.895	0.49019903323141384	0.4531670655292981
4.905	0.4798591257308634	0.46615888583798787
4.915	0.4693517745470677	0.4658495567830191
4.925	0.4586745699876355	0.45770389166884057
4.935	0.44782523495129717	0.45656968513395496
4.945	0.43680162777248144	0.45718834324389257
4.955	0.42560174497803094	0.4475991425398596
4.965	0.41422372395398654	0.4670868730028943
4.975	0.4026658455204914	0.4458462778950364
4.985	0.3909265364128328	0.46430291150817504
4.995	0.37900437166679357	0.4609002919035182
5.005	0.3668980769064545	0.4358446384510451
5.015	0.3546065305327348	0.445949387580026
5.025	0.34212876581096713	0.44130945175549396
5.035	0.3294639728558718	0.4393503677406915
5.045	0.31661150051239617	0.4445058519901716
5.055	0.3035708581309016	0.4431654260853068
5.065	0.2903417172353021	0.4387317096307539
5.075	0.2769239130827697	0.4488364587597348
5.085	0.2633174461137442	0.4445058519901716
5.095	0.24952248329101323	0.4318233607364506
5.105	0.23553935932673625	0.42006885664763605
5.115	0.22136857779632257	0.42697720554193935
5.125	0.20701081213817218	0.414397823973208
5.135	0.1924669065383524	0.4024371005144142
5.145	0.17773787669937047	0.4229559278273449
5.155	0.16282491049222347	0.42759586365187696
5.165	0.14772936849108464	0.4083143525588215
5.175	0.13245278438994723	0.4142947142882184
5.185	0.11699686530070186	0.3931572288653501
5.195	0.10136349193216665	0.3865582090260156
5.205	0.08555471864969177	0.3858364412310884
5.215	0.06957277341498436	0.3847022346962028
5.225	0.05342005760593915	0.3928478998103813
5.235	0.03709914571632489	0.3915074739055165
5.245	0.020612784935202133	0.3841866862712548
5.255	0.003963894606091922	0.38253693131142114
5.265	-0.012844434434021057	0.3625336524234385
5.275	-0.029808940635728476	0.3586154843938336
5.285	-0.04692619263803244	0.3621212136834801
5.295	-0.06419259028868518	0.36170877494352166
5.305	-0.08160436578361052	0.3655238332881369
5.315	-0.0991575849250046	0.35840926502385445
5.325	-0.11684814849750147	0.3633585299033553
5.335	-0.13467179376185334	0.3397464120407366
5.345	-0.1526240960653873	0.33830287645088214
5.355	-0.17070047056847282	0.34407701881029984
5.365	-0.18889617408615778	0.3278887982669324
5.375	-0.20720630704404552	0.33737488928597575
5.385	-0.22562581554741712	0.3268577014170364
5.395	-0.24414949356251137	0.3331473922014021
5.405	-0.2627719852088114	0.3239706302373276
5.415	-0.281487787161137	0.3175778297679723
5.425	-0.30029125116023403	0.312731674573461
5.435	-0.31917658663046367	0.3191244750428163
5.445	-0.33813786340321483	0.30850417748888737
5.455	-0.3571690145444646	0.3046891191442721
5.465	-0.3762638392849449	0.2911817504106343
5.475	-0.3954160060512695	0.3031424738694281
5.485	-0.41461905559627654	0.2894288857658111
5.495	-0.433866404226825	0.29293461505545754
5.505	-0.4531513471271993	0.2835516337214038
5.515	-0.472467061776213	0.280664562541695
5.525	-0.4918066114559929	0.2877791308059775
5.535	-0.5111629488504796	0.2644763419983276
5.545	-0.5305289197314804	0.2602488449137539
5.555	-0.5498972667301509	0.25674311562410745
5.565	-0.5692606331916705	0.26643542601313
5.575	-0.5886115671108603	0.25664000593911784
5.585	-0.6079425251464026	0.2603519545987435
5.595	-0.6272458767112541	0.2585990899539203
5.605	-0.6465139081368816	0.24839123113994974
5.615	-0.665738826908753	0.2314812428016551
5.625	-0.684912765970618	0.23436831398136396
5.635	-0.704027788094953	0.2312750234316759
5.645	-0.7230758903169525	0.2292128297318839
5.655	-0.742049008429384	0.22570710044223743
5.665	-0.7609390215356049	0.22591331981221666
5.675	-0.7797377566579744	0.2167365578481421
5.685	-0.7984369933988422	0.21879875154793416
5.695	-0.8170284686512974	0.2146743641483501
5.705	-0.8355038813568052	0.21065308643375563
5.715	-0.8538548973068136	0.2076629055690572
5.725	-0.8720731539853834	0.20591004092423398
5.735	-0.8901502654498894	0.20364162785446274
5.745	-0.9080778272467658	0.1985892532899723
5.755	-0.9258474213592955	0.18848450416099133
5.765	-0.9434506211843818	0.19044358817579377
5.775	-0.9608789965352067	0.1855974329812825
5.785	-0.9781241186666971	0.1930213303005338
5.795	-0.9951775653206887	0.18900005258593935
5.805	-1.0120309257876419	0.18796895573604333
5.815	-1.0286758059817491	0.17631756133221838
5.825	-1.0451038335262857	0.17631756133221838
5.835	-1.0613066628460404	0.18033883904681283
5.845	-1.0772759802636094	0.16837811558801907
5.855	-1.0930035090963819	0.1629133022835702
5.865	-1.1084810147510191	0.16518171535334142
5.875	-1.1237003098122365	0.15755159866411092
5.885	-1.1386532591226404	0.16930610275292549
5.895	-1.1533317848504894	0.16157287637870538
5.905	-1.1677278715421144	0.16136665700872618
5.915	-1.1818335711558405	0.16002623110386135
5.925	-1.1956410080742084	0.16610970251824783
5.935	-1.209142384091333	0.16600659283325825
5.945	-1.2223299833721932	0.16487238629837261
5.955	-1.2351961773807423	0.1548707468543813
5.965	-1.2477334297736675	0.15023081102984923
5.975	-1.2599343012566822	0.15177745630469325
5.985	-1.271791454400235	0.15167434661970364
5.995	-1.2832976584115814	0.1421882556006603
6.005	-1.2944457938601102	0.15260233378461005
6.015	-1.3052288573529172	0.13940429410594107
6.025	-1.3156399661576144	0.14620953331525477
6.035	-1.325672362769363	0.14404422993047314
6.045	-1.3353194194192097	0.1411571587507643
6.055	-1.3445746425207923	0.14631264300024438
6.065	-1.353431677052515	0.1403322812708475
6.075	-1.361884310872357	0.13806386820107627
6.085	-1.369926478962506	0.13837319725604508
6.095	-1.3775522676010192	0.13569234544631542
6.105	-1.3847559184578002	0.13208350647167938
6.115	-1.391531832612194	0.13548612607633623
6.125	-1.397874574489557	0.132186616156669
6.135	-1.4037788757141985	0.13435191954145062
6.145	-1.4092396388761452	0.13589856481629464
6.155	-1.4142519412092418	0.133217713006565
6.165	-1.4188110381781072	0.1339394808014922
6.175	-1.4229123669715906	0.12847466749704334
6.185	-1.4265515499003474	0.13043375151184575
6.195	-1.4297243976962757	0.1258969253723033
6.205	-1.4324269127115756	0.13012442245687694
6.215	-1.4346552920152593	0.1338363711165026
6.225	-1.436405930385018	0.1276497900171265
6.235	-1.4376754231923696	0.12435028009745927
6.245	-1.4384605691791412	0.12187564765770885
6.255	-1.4387583731233398	0.12362851230253206
6.265	-1.4385660483925649	0.12971198371691856
6.275	-1.4378810193831821	0.13837319725604508
6.285	-1.4367009238435333	0.12177253797271924
6.295	-1.4350236150795355	0.12775289970211612
6.305	-1.4328471640410911	0.12991820308689775
6.315	-1.4301698612878035	0.12424717041246967
6.325	-1.426990218832557	0.12785600938710573
6.335	-1.4233069718616034	0.12909332560698095
6.345	-1.4191190803298719	0.12352540261754247
6.355	-1.4144257304302785	0.1270311319071889
6.365	-1.409226335935914	0.12208186702768804
6.375	-1.4035205394140409	0.13002131277188736
6.385	-1.3973082133109074	0.1266186931672305
6.395	-1.3905894609065088	0.12455649946743848
6.405	-1.383364617138429	0.118988576478
6.415	-1.3756342492940479	0.12373162198752166
6.425	-1.3673991575704258	0.12280363482261525
6.435	-1.358660375501311	0.1255875963173345
6.445	-1.3494191702507181	0.11187400821371751
6.455	-1.3396770427727098	0.12156631860274004
6.465	-1.3294357278369944	0.12785600938710573
6.475	-1.318697193920097	0.12527826726236568
6.485	-1.307463642961939	0.12043211206785442
6.495	-1.2957375099877075	0.1328052742666066
6.505	-0.3300624393700533	0.31469075858826345
6.515	-0.3226379969330293	0.3105663711886794
6.525	-0.3147296702656186	0.312731674573461
6.535	-0.3063408202600768	0.32139288811258754
6.545	-0.29747503698521705	0.3044828997742929
6.555	-0.28813613850270103	0.313762771423357
6.565	-0.27832816955026285	0.3191244750428163
6.575	-0.2680554000924399	0.3239706302373276
6.585	-0.2573223237394401	0.311185029298617
6.595	-0.24613365603490567	0.31469075858826345
6.605	-0.2344943326133253	0.31417521016331545
6.615	-0.22240950722804598	0.33211629535150605
6.625	-0.2098845496507986	0.3170622813430243
6.635	-0.19692504344380457	0.31675295228805544
6.645	-0.18353678360560566	0.32077423000264993
6.655	-0.16972577409178757	0.31572185543815945
6.665	-0.15549822521191037	0.32293953338743153
6.675	-0.14086055090396998	0.3193306944127955
6.685	-0.12581936588786002	0.3284043466918804
6.695	-0.11038148269932768	0.33500336653121493
6.705	-0.094553908605997	0.338096657080903
6.715	-0.07834384240712244	0.3291261144868076
6.725	-0.06175867111883504	0.32221776559250437
6.735	-0.04480596654661717	0.3312914178715893
6.745	-0.027493481746935555	0.3407775088906326
6.755	-0.009829147379958214	0.33778732802593414
6.765	0.008178932044668796	0.3323225147214853
6.775	0.026522482026860805	0.33685934086102776
6.785	0.04519306203782991	0.3486138449498423
6.795	0.06418206958231809	0.3343847084212773
6.805	0.08348074435906638	0.3388184248758302
6.815	0.10308017251713031	0.3563470713240624
6.825	0.12297129100574389	0.33892153456081975
6.835	0.14314489201519986	0.34809829652489427
6.845	0.16359162750628276	0.3476858577849359
6.855	0.18430201382566846	0.34459256723524784
6.865	0.2052664364046941	0.35376932919932236
6.875	0.22647515453882194	0.3473765287299671
6.885	0.24791830624503042	0.34974805148472793
6.895	0.269585913194452	0.36284298147840727
6.905	0.2914678857173387	0.3708855369075962
6.915	0.31355402787754316	0.36665803982302253
6.925	0.3358340426136224	0.3819182732014835
6.935	0.3582975369435488	0.38109339572156675
6.945	0.3809340272300775	0.3591310328187816
6.955	0.40373294450373554	0.39068259642559966
6.965	0.4266836398403533	0.37294773060738823
6.975	0.4497753897900195	0.3856302218611092
6.985	0.4729974018543286	0.3921261320154541
6.995	0.4963388200087637	0.3861457702860572
7.005	0.5197887302670041	0.400684235869591
7.015	0.5433361662839045	0.39532253225013175
7.025	0.5669701149939244	0.39759094531990297
7.035	0.5906795222817065	0.401715332719487
7.045	0.6144532986815144	0.39975624870468457
7.055	0.6382803251022193	0.4092423397237279
7.065	0.6621494585744565	0.39655984847000697
7.075	0.6860495380166336	0.39521942256514214
7.085	0.7099693900164123	0.4135729464932912
7.095	0.7338978346242997	0.41450093365819757
7.105	0.757823691155917	0.40491173295416466
7.115	0.7817357839995712	0.4226465987723761
7.125	0.805622948425771	0.4304829348315858
7.135	0.8294740363951971	0.4408970130155355
7.145	0.853277922361769	0.4374943934108787
7.155	0.877023509067431	0.4356384190810659
7.165	0.9006997333251672	0.4522390783643917
7.175	0.9242955717869275	0.45543547859906935
7.185	0.9478000466930507	0.44295920671532757
7.195	0.9712022315997682	0.4520328589944125
7.205	0.9944912570814628	0.4703863829225615
7.215	1.017656316404284	0.4511048718295061
7.225	1.0406866711678384	0.4623438274933726
7.235	1.0635716569115359	0.44295920671532757
7.245	1.0863006886823796	0.4726547959923328
7.255	1.1088632665608658	0.4751294284320832
7.265	1.1312489811417314	0.4772947318168648
7.275	1.1534475189663151	0.4813160095314593
7.285	1.1754486679033733	0.4747169896921248
7.295	1.197242322475089	0.4827595451213137
7.305	1.2188184891251748	0.47853204803674004
7.315	1.240167291425986	0.48430619039615774
7.325	1.5231877053706457	0.64928168637952
7.335	1.5438937262359593	0.6352587692209342
7.345	1.5643435073318999	0.6561900352738232
7.355	1.584527691488726	0.6617579582632617
7.365	1.6044370636789496	0.6703160621173986
7.375	1.6240625557950048	0.6511376607093328
7.385	1.6433952513451482	0.664026371333033
7.395	1.662426390064873	0.6502096735444264
7.405	1.6811473724410595	0.6783586175465876
7.415	1.6995497641462294	0.6979494576946118
7.425	1.717625300380248	0.6590771064535321
7.435	1.735365890116886	0.653406073779104
7.445	1.7527636202527908	0.6684600877875858
7.455	1.7698107596563228	0.6903193410053813
7.465	1.7864997631139503	0.6857825148658389
7.475	1.8028232751717888	0.6879478182506205
7.485	1.8187741338700596	0.6923815347051734
7.495	1.8343453743682276	0.6884633666755685
7.505	1.8495302324586997	0.6900100119504124
7.515	1.8643221479669927	0.701248967614279
7.525	1.878714768036332	0.6978463480096222
7.535	1.8927019502947915	0.7073324390286655
7.545	1.9062777659030647	0.7009396385593103
7.555	1.919436502481072	0.7122817039081664
7.565	1.9321726669116852	0.6957841543098302
7.575	1.9444809880198957	0.7299134600413882
7.585	1.9563564191258866	0.7357907120857955
7.595	1.9677941404704393	0.7344502861809307
7.605	1.9787895615113156	0.7646614238828839
7.615	1.9893383230892052	0.7209429174472929
7.625	1.999436299462002	0.723005111147085
7.635	2.0090796002062126	0.7433177190900364
7.645	2.018264571984358	0.7388840026354836
7.655	2.0269878001773605	0.7430083900350676
7.665	2.0352461103809456	0.7392964413754419
7.675	2.0430365697652113	0.7483700936545269
7.685	2.0503564882965435	0.7302227890963571
7.695	2.057203419821189	0.7494011905044229
7.705	2.063575163009877	0.7474421064896205
7.715	2.0694697621629174	0.755587771603799
7.725	2.0748855078753414	0.738780892950494
7.735	2.079820937561717	0.7514633842042149
7.745	2.0842748358403367	0.7351720539758579
7.755	2.0882462347765745	0.7333160796460451
7.765	2.091734413985324	0.7673422756926136
7.775	2.0947389005924424	0.7448643643648805
7.785	2.0972594690552855	0.7506385067242981
7.795	2.099296140842446	0.754556674753903
7.805	2.1008491839729464	0.7342440668109514
7.815	2.1019191124151564	0.7415648544452133
7.825	2.1025066853458605	0.7441425965699532
7.835	2.1026129062699237	0.7417710738151924
7.845	2.1022390220011262	0.7363062605107435
7.855	2.1013865215048115	0.7348627249208891
7.865	2.1000571346030728	0.7498136292443813
7.875	2.098252830543278	0.7544535650689134
7.885	2.0959758164308306	0.7299134600413882
7.895	2.0932285355271416	0.7288823631914922
7.905	2.090013665413865	0.7073324390286655
7.915	2.0863341160245152	0.7180558462675841
7.925	2.082193027544717	0.7053733550138631
7.935	2.0775937681823367	0.7348627249208891
7.945	2.072539931808894	0.7161998719377712
7.955	2.0670353354737125	0.7081573165085824
7.965	2.061084016792294	0.6903193410053813
7.975	2.0546902312105573	0.7013520772992686
7.985	2.047858449146606	0.6920722056502046
7.995	2.0405933530117593	0.6763995335317852
8.005	2.03289983411269	0.6778430691216395
8.015	2.0247829894365554	0.6706253911723674
8.025	2.016248118321067	0.6843389792759844
8.035	2.007300719011569	0.6868136117157349
8.045	1.997946485107195	0.6743373398319931
8.055	1.9881913018982773	0.6754715463668787
8.065	1.9780412425972518	0.6622735066882097
8.075	1.967502564465348	0.64670394425478
8.085	1.9565817048374203	0.6447448602399775
8.095	1.9452852770473423	0.6382489500856326
8.105	1.933620066256453	0.6358774273308718
8.115	1.9215930251875744	0.6332996852061318
8.125	1.909211269767212	0.6292784074915373
8.135	1.8964820746785775	0.6118528707282946
8.145	1.8834128688281444	0.605047631518981
8.155	1.8700112307284693	0.6198954261574836
8.165	1.8562848838001083	0.5901998368804784
8.175	1.8422416915954816	0.6129870772631802
8.185	1.8278896529475421	0.5898905078255096
8.195	1.8132368970462505	0.5823635008212686
8.205	1.7982916784457945	0.5894780690855511
8.215	1.7830623720056127	0.5855599010559462
8.225	1.7675574677682608	0.5533896793391907
8.235	1.7517855657772552	0.5589576023286291
8.245	1.73575537083799	0.5615353444533692
8.255	1.7194756872249388	0.5533896793391907
8.265	1.7029554133383482	0.5612260153984003
8.275	1.6862035363135894	0.5466875498148666
8.285	1.6692291265865253	0.5298806711615616
8.295	1.652041332418103	0.5242096384871334
8.305	1.634649374381522	0.5175075089628094
8.315	1.6170625398152887	0.5135893409332045
8.325	1.5992901772455184	0.512970682823267
8.335	1.5813416907808553	0.4999788625145771
8.345	1.5632265344833853	0.5131769021932461
8.355	1.5449542067189252	0.5178168380177782
8.365	1.5265342444901395	0.5037939208591924
8.375	1.5079762177558578	0.4930705136202738
8.385	1.4892897237400353	0.4969886816498787
8.395	1.4704843812337822	0.4948233782650971
8.405	1.5010485734684846	0.519672812347591
8.415	1.4873130679674915	0.5087431857386933
8.425	1.4734876427407415	0.5065778823539117
8.435	1.459581945849759	0.5246220772270919
8.445	1.4456056184494845	0.5115271472334125
8.455	1.4315682891207373	0.5108053794384853
8.465	1.4174795682196983	0.5219412254173622
8.475	1.4033490422478085	0.5066809920389013
8.485	1.3891862682454734	0.5134862312482149
8.495	1.3750007682129275	0.512970682823267
8.505	1.3608020235615907	0.5098773922735789
8.515	1.3465994695992887	0.5024534949543276
8.525	1.3324024900525342	0.5080214179437661
8.535	1.3182204116292904	0.4974011203898371
8.545	1.3040624986253349	0.5000819721995667
8.555	1.2899379475775297	0.5130737925082565
8.565	1.2758558819671555	0.5158577540029757
8.575	1.261825346976471	0.5082276373137452
8.585	1.2478553043016338	0.5097742825885893
8.595	1.2339546270250787	0.508536966368714
8.605	1.2201320945503753	0.5043094692841404
8.615	1.2063963876025965	0.49410161047016987
8.625	1.192756083297198	0.5185386058127054
8.635	1.179219650280271	0.503381482119234
8.645	1.1657954439431049	0.4969886816498787
8.655	1.1524917017138767	0.4992570947196499
8.665	1.1393165384292407	0.5034845918042236
8.675	1.126277941788573	0.4909052102354922
8.685	1.11338376789356	0.4976073397598163
8.695	1.1006417368757262	0.5012161787344523
8.705	1.0880594286145044	0.500288191569546
8.715	1.0756442785483806	0.4992570947196499
8.725	1.06340357358153	0.49451404921012826
8.735	1.0513444480883751	0.4879150293707938
8.745	1.0394738800183991	0.5081245276287556
8.755	1.0277986871034814	0.4755418671720416
8.765	1.0163255231699846	0.49451404921012826
8.775	1.0050608745576997	0.48884301653570017
8.785	0.9940110566477822	0.4815222289014385
8.795	0.9831822105016577	0.49214252645536744
8.805	0.9725802996128274	0.4838937516561993
8.815	0.9622111067734815	0.4967824622798995
8.825	0.952080231057687	0.47234546693736396
8.835	0.9421930849228947	0.4745107703221456
8.845	0.9325548914314175	0.47915070614667765
8.855	0.9231706815934474	0.49977264314459796
8.865	0.9140452918331221	0.4833782032312513
8.875	0.9051833615790723	0.46450913087815426
8.885	0.896589330980796	0.47966625457162565
8.895	0.8882674387521157	0.47337656378726
8.905	0.8802217201429339	0.48038802236655287
8.915	0.8724560050403847	0.4878119196858042
8.925	0.8649739162004157	0.4752325381170728
8.935	0.8577788676107567	0.4726547959923328
8.945	0.8508740629861287	0.47172680882742635
8.955	0.8442624943965119	0.45656968513395496
8.965	0.8379469410291347	0.47059260229254074
8.975	0.8319299680848474	0.44976444592464127
8.985	0.8262139258093981	0.46894284733270714
8.995	0.8208009486600594	0.4750263187470936
9.005	0.8156929546080011	0.46956150544264474
9.015	0.8108916445766798	0.47121126040247835
9.025	0.571505766631618	0.36624560108306414
9.035	0.5674809748469478	0.36119322651857366
9.045	0.5637666639949857	0.3771752276919619
9.055	0.560363663917999	0.37531925336214905
9.065	0.5572725866469872	0.3807840666665979
9.075	0.5544938266575328	0.36573005265811614
9.085	0.5520275612613246	0.37305084029237784
9.095	0.5498737511329871	0.37696900832198266
9.105	0.5480321409717345	0.39697228720996536
9.115	0.5465022602973011	0.3640802976982825
9.125	0.5452834243795195	0.38377424753129635
9.135	0.544374735300823	0.3976940550048926
9.145	0.5437750831508862	0.37294773060738823
9.155	0.5434831473525077	0.3699575497426898
9.165	0.5434973981177968	0.37985607950169153
9.175	0.5438160980336111	0.3870737574509636
9.185	0.5444373037751223	0.3800622988716707
9.195	0.5453588679463355	0.3868675380809844
9.205	0.5465784410462582	0.38119650540655636
9.215	0.548093473559386	0.3868675380809844
9.225	0.5499012181690746	0.38171205383150436
9.235	0.5519987320922879	0.3851146734361612
9.245	0.5543828795341491	0.37593791147208666
9.255	0.5570503342606444	0.3708855369075962
9.265	0.5599975822877538	0.38233071194144197
9.275	0.5632209246852202	0.3852177831211508
9.285	0.5667164804930858	0.38284626036638997
9.295	0.570480189749067	0.3936727772902981
9.305	0.5745078166247652	0.371194865962565
9.315	0.5787949526686553	0.3841866862712548
9.325	0.5833370201537056	0.3926416804404021
9.335	0.5881292755274505	0.3705762078526274
9.345	0.5931668129622397	0.3716073047025234
9.355	0.5984445680033723	0.37995918918668115
9.365	0.6039573213127115	0.38088717635158753
9.375	0.6096997025053601	0.3925385707554125
9.385	0.6156661940769046	0.3925385707554125
9.395	0.6218511354186802	0.3909919254805685
9.405	0.6282487269184488	0.3949100935101733
9.415	0.6348530341438627	0.3939821063452669
9.425	0.6416579921059908	0.41398538523324957
9.435	0.6486574096001603	0.38954838989071405
9.445	0.6558449736213477	0.4013028939795286
9.455	0.6632142538512408	0.40604593948905027
9.465	0.6707587072141136	0.3966629581549965
9.475	0.678471682498592	0.4228528181423553
9.485	0.6863464250423372	0.4165631273579896
9.495	0.6943760814766502	0.4061490491740399
9.505	0.7025537045279768	0.41398538523324957
9.515	0.7108722578732256	0.42873007018676257
9.525	0.71932462104581	0.4151195917681352
9.535	0.7279035943892814	0.4249150118421473
9.545	0.7366019040554093	0.41800666294784405
9.555	0.7454122070435014	0.42573988932206414
9.565	0.7543270962777795	0.4266678764869706
9.575	0.763339105719576	0.4283176314468042
9.585	0.7724407155111064	0.4426498776603588
9.595	0.7816243571475302	0.4351228706561179
9.605	0.7908824186740762	0.4378037224658475
9.615	0.8002072499048668	0.4324420188463882
9.625	0.8095911676601858	0.45471371080414213
9.635	0.8190264610188638	0.4515173105694645
9.645	0.8285053965824449	0.4539919430092149
9.655	0.8380202237478205	0.460694072533539
9.665	0.847563179985001	0.4605909628485494
9.675	0.8571264961166896	0.44863023938975566
9.685	0.8667024015963075	0.4662619955229775
9.695	0.8762831297812008	0.4578070013538302
9.705	0.8858609231976311	0.47141747977245757
9.715	0.8954280387942962	0.4720361378823952
9.725	0.9049767531810344	0.46203449843840383
9.735	0.9144993678494504	0.48585283567100174
9.745	0.9239882143721534	0.47131437008746796
9.755	0.9334356595773569	0.4972980107048475
9.765	0.9428341106955863	0.49389539110019065
9.775	0.9521760204752808	0.5020410562143691
9.785	0.9614538922640516	0.49327673299025304
9.795	0.9706602850524373	0.49327673299025304
9.805	0.9797878184769978	0.518126167072747
9.815	0.9888291777795946	0.5047219080240988
9.825	0.9977771187197864	0.5290557936816447
9.835	1.0066244724372426	0.5141048893581526
9.845	1.0153641502611448	0.5197759220325806
9.855	1.0239891484635915	0.5264780515569047
9.865	1.0324925529540174	0.5309117680114576
9.875	1.0408675439117105	0.521219457622435
9.885	1.0491074003535403	0.543491149580189
9.895	1.0572055046340603	0.5411196268254281
9.905	1.0651553468751733	0.5454502335949913
9.915	1.0729505293226103	0.554833214929045
9.925	1.0805847706265286	0.5536990083941594
9.935	1.088051910043544	0.5623602219332859
9.945	1.0953459115576316	0.562875770358234
9.955	1.1024608679172987	0.5606073572884628
9.965	1.1093910045865618	0.574011616337111
9.975	1.1161306836072704	0.5694747901975685
9.985	1.1226744073703867	0.5735991775971525
9.995	-Inf	0.0
