0.005	-Inf	0.0
0.015	-Inf	0.0
0.025	-Inf	0.0
0.035	-Inf	0.0
0.045	-Inf	0.0
0.055	-Inf	0.0
0.065	-Inf	0.0
0.075	-Inf	0.0
0.085	-Inf	0.0
0.095	-Inf	0.0
0.105	-Inf	0.0
0.115	-Inf	0.0
0.125	-Inf	0.0
0.135	-Inf	0.0
0.145	-Inf	0.0
0.155	-Inf	0.0
0.165	-Inf	0.0
0.175	-Inf	0.0
0.185	-Inf	0.0
0.195	-Inf	0.0
0.205	-Inf	0.0
0.215	-Inf	0.0
0.225	-Inf	0.0
0.235	-Inf	0.0
0.245	-Inf	0.0
0.255	-Inf	0.0
0.265	-Inf	0.0
0.275	-Inf	0.0
0.285	-Inf	0.0
0.295	-Inf	0.0
0.305	-Inf	0.0
0.315	-Inf	0.0
0.325	-Inf	0.0
0.335	-Inf	0.0
0.345	-Inf	0.0
0.355	-Inf	0.0
0.365	-Inf	0.0
0.375	-Inf	0.0
0.385	-Inf	0.0
0.395	-Inf	0.0
0.405	-Inf	0.0
0.415	-Inf	0.0
0.425	-Inf	0.0
0.435	-Inf	0.0
0.445	-Inf	0.0
0.455	-Inf	0.0
0.465	-2.4268432939663054	0.0832774427227308
0.475	-2.434134538990087	0.0793811182035762
0.485	-2.441597483967187	0.07906941224204384
0.495	-2.4492332032659254	0.08348524669708571
0.505	-2.4570427213279102	0.08042013807535076
0.515	-2.4650270110274795	0.08057599105611694
0.525	-2.473186992038716	0.07927721621639874
0.535	-2.4815235292113114	0.08410865862015043
0.545	-2.490037430956521	0.07351065592804995
0.555	-2.4987294476444926	0.08000453012664094
0.565	-2.507600270014213	0.07808234336385801
0.575	-2.516650527597358	0.07574454865236525
0.585	-2.5258807871573095	0.08119940297918168
0.595	-2.535291551144586	0.07501723474212306
0.605	-2.544883256169976	0.0765757645497849
0.615	-2.5546562714966257	0.07408211685752596
0.625	-2.5646108975523276	0.07299114599216268
0.635	-2.5747473644632843	0.07039359631272628
0.645	-2.585065830610577	0.07496528374853434
0.655	-2.595566381210589	0.0721079791011543
0.665	-2.6062490269206195	0.0747055287805907
0.675	-2.6171137024709146	0.06514654596026476
0.685	-2.628160265324329	0.06623751682562805
0.695	-2.6393884943648267	0.0648348399987324
0.705	-2.650798088616032	0.0663414188128055
0.715	-2.6623886659909926	0.06452313403720003
0.725	-2.6741597620743587	0.06395167310772402
0.735	-2.6861108289381095	0.06499069297949858
0.745	-2.698241233991996	0.06348411416542547
0.755	-2.7105502588698203	0.061146319453932715
0.765	-2.7230370983526813	0.06202948634494109
0.775	-2.735700859330259	0.05937998567191597
0.785	-2.7485405598012553	0.06322435919748183
0.795	-2.761555127914032	0.05989949560780325
0.805	-2.774743401048498	0.05912023070397233
0.815	-2.7881041249402694	0.057665602883487946
0.825	-2.801635952848116	0.05704219096042321
0.835	-2.815337444765667	0.05615902406941484
0.845	-2.8292070666783387	0.05709414195401194
0.855	-2.843243189866438	0.054340739293809365
0.865	-2.857444090255333	0.05647073003094721
0.875	-2.8718079478136005	0.05356147438997844
0.885	-2.886332846000014	0.05262635650538135
0.895	-2.901016771260194	0.051691238620784244
0.905	-2.915857612573768	0.04873003198622675
0.915	-2.9308531610527897	0.049872953845178765
0.925	-2.9460011095922036	0.04961319887723513
0.935	-2.9612990525730742	0.04613248230679036
0.945	-2.976744485619283	0.04634028628114527
0.955	-2.992334805408357	0.048522228011871844
0.965	-3.008067309537094	0.046392237274733995
0.975	-3.0239391964425617	0.04530126640937071
0.985	-3.03994756537908	0.043223226665821596
0.995	-3.0560894164517194	0.045561021377314354
1.005	-3.072361650706824	0.04493760945424962
1.015	-3.0887610702800625	0.041093235928683754
1.025	-3.1052843786024367	0.04327517765941032
1.035	-3.1219281806646695	0.0437946875952976
1.045	-3.1386889833403515	0.041041284935095027
1.055	-3.1555631957682	0.03865153923001354
1.065	-3.172547129793723	0.03948275512743319
1.075	-3.1896370004705834	0.04114518692227248
1.085	-3.2068289266218932	0.040885431954328845
1.095	-3.2241189314616383	0.035898136569810966
1.105	-3.2415029432764038	0.035742283589044785
1.115	-3.258976796167538	0.034443508749326585
1.125	-3.2765362308538286	0.03454741073650404
1.135	-3.294176895534763	0.0346513127236815
1.145	-3.311894346814393	0.034443508749326585
1.155	-3.3296840506857617	0.03272912596089857
1.165	-3.3475413835758627	0.03340448887755203
1.175	-3.3654616334510212	0.03236546900577747
1.185	-3.3834400009825614	0.03215766503142256
1.195	-3.4014716007725943	0.03387204781985058
1.205	-3.419551462639716	0.03236546900577747
1.215	-3.4376745329643628	0.03330058689037457
1.225	-3.4558356760935345	0.03059913522376072
1.235	-3.474029675804573	0.029144507403276343
1.245	-3.492251236827614	0.030495233236583267
1.255	-3.5104949864263197	0.02919645839686507
1.265	-3.52875547603646	0.028417193493034152
1.275	-3.547027182961831	0.027274271634082137
1.285	-3.5653045121270415	0.028105487531501785
1.295	-3.583581797886568	0.025352084871299207
1.305	-3.6018533058895104	0.028001585544324328
1.315	-3.620113234999409	0.02545598685847666
1.325	-3.638355719268465	0.02504037890976684
1.335	-3.656574829965433	0.023949408044403552
1.345	-3.6747645776564783	0.02405331003158101
1.355	-3.692918914338201	0.02504037890976684
1.365	-3.711031735622001	0.023377947114927546
1.375	-3.7290968829689644	0.023429898108516273
1.385	-3.747108145974353	0.02280648618545154
1.395	-3.7650592647007928	0.021923319294443164
1.405	-3.7829439320592004	0.022702584198274086
1.415	-3.800755796236462	0.02181941730726571
1.425	-3.8184884631688187	0.02306624115339518
1.435	-3.836135499059929	0.021923319294443164
1.445	-3.8536904329425026	0.018858210672708223
1.455	-3.8711467592823694	0.01916991663424059
1.465	-3.8884979406238567	0.020001132531660235
1.475	-3.905737410275256	0.01916991663424059
1.485	-3.9228585750331875	0.018754308685530765
1.495	-3.9398548179445974	0.018130896762466032
1.505	-3.956719501105119	0.019949181538071507
1.515	-3.973445968492479	0.016780170929159104
1.525	-3.9900275488336407	0.01792309278811112
1.535	-4.006457558504282	0.017507484839401295
1.545	-4.0227293044592605	0.01792309278811112
1.555	-4.038836087192615	0.01792309278811112
1.565	-4.054771203725693	0.017299680865046383
1.575	-4.07052795062191	0.017455533845812568
1.585	-4.086099627026682	0.017819190800933662
1.595	-4.101479537730983	0.016000906025328186
1.605	-4.116660996257032	0.01496188615355363
1.615	-4.131637327964524	0.013351405352303065
1.625	-4.146401873175843	0.015793102050973278
1.635	-4.160947990318655	0.016520415961215465
1.645	-4.175269059084273	0.016000906025328186
1.655	-4.1893584836001505	0.014338474230488896
1.665	-4.20320969561487	0.014182621249722712
1.675	-4.216816157693939	0.013870915288190344
1.685	-4.230171366424736	0.012831895416415787
1.695	-4.243268855628887	0.01542944509585218
1.705	-4.256102199580397	0.012052630512584869
1.715	-4.26866501622777	0.014026768268956527
1.725	-4.2809509704184325	0.013559209326657978
1.735	-4.292953777123684	0.013403356345891793
1.745	-4.3046672046624455	0.01272799342923833
1.755	-4.316085077922026	0.012364336474117235
1.765	-4.327201281574155	0.013455307339480522
1.775	-4.338009763284498	0.012831895416415787
1.785	-4.348504536913893	0.011585071570286317
1.795	-4.358679685709488	0.011637022563875046
1.805	-4.368529365484038	0.011740924551052502
1.815	-4.378047807781544	0.01277994442282706
1.825	-4.387229323027451	0.01127336560875395
1.835	-4.396068303661613	0.01226043448693978
1.845	-4.4045592272522525	0.009974590769035754
1.855	-4.4126966595890975	0.011740924551052502
1.865	-4.420475257753945	0.012156532499762325
1.875	-4.4278897731668465	0.010857757660044128
1.885	-4.434935054606159	0.011688973557463773
1.895	-4.441606051200676	0.011221414615165222
1.905	-4.447897815392103	0.009143374871616107
1.915	-4.453805505866099	0.011325316602342678
1.925	-4.459324390450151	0.011221414615165222
1.935	-4.464449848976568	0.009766786794680841
1.945	-4.469177376108841	0.011013610640810311
1.955	-4.473502584129687	0.011325316602342678
1.965	-4.4774212056890725	0.011065561634399038
1.975	-4.480929096510541	0.01054605169851176
1.985	-4.484022238054173	0.011429218589520134
1.995	-4.486696740134553	0.010857757660044128
2.005	-4.488948843492076	0.01127336560875395
2.015	-4.4907749223160325	0.01054605169851176
2.025	-4.49217148671784	0.009610933813914658
2.035	-4.493135185152875	0.010494100704923032
2.045	-4.493662806789351	0.010494100704923032
2.055	-4.493751283822717	0.010909708653632855
2.065	-4.4933976937340745	0.01127336560875395
2.075	-4.49259926149115	0.011169463621576494
2.085	-4.491353361690347	0.011117512627987767
2.095	-4.489657520638477	0.011013610640810311
2.105	-4.487509418372763	0.009507031826737202
2.115	-4.484906890617749	0.011117512627987767
2.125	-4.481847930677775	0.011377267595931407
2.135	-4.47833069126371	0.010805806666455399
2.145	-4.474353486252671	0.012104581506173596
2.155	-4.469914792379467	0.010805806666455399
2.165	-4.465013250858577	0.010390198717745576
2.175	-4.459647668935469	0.010701904679277943
2.185	-4.453817021366101	0.011065561634399038
2.195	-4.447520451823531	0.010390198717745576
2.205	-4.440757274230527	0.010701904679277943
2.215	-4.433526974017156	0.011896777531818685
2.225	-4.425829209302348	0.011325316602342678
2.235	-4.417663811998467	0.011169463621576494
2.245	-4.409030788837976	0.011585071570286317
2.255	-4.399930322321307	0.01153312057669759
2.265	-4.39036277158508	0.011117512627987767
2.275	-4.380328673189882	0.012468238461294691
2.285	-4.369828741826838	0.01298774839718197
2.295	-4.358863870942252	0.012104581506173596
2.305	-4.34743513327963	0.012104581506173596
2.315	-4.335543781338466	0.012831895416415787
2.325	-4.3231912477491825	0.012676042435649603
2.335	-4.310379145563677	0.014286523236900167
2.345	-4.297109268460988	0.011481169583108863
2.355	-4.283383590867589	0.013559209326657978
2.365	-4.2692042679919115	0.012935797403593243
2.375	-4.254573635772729	0.013403356345891793
2.385	-4.239494210741076	0.01324750336512561
2.395	-4.22396868979541	0.015793102050973278
2.405	-4.207999949889794	0.014026768268956527
2.415	-4.191591047634912	0.013143601377948153
2.425	-4.174745218811786	0.01371506230742416
2.435	-4.1574658777980735	0.014857984166376174
2.445	-4.139756616906945	0.015117739134319814
2.455	-4.121621205638491	0.015377494102263453
2.465	-4.10306358984375	0.014702131185609991
2.475	-4.08408789080144	0.017351631858635114
2.485	-4.06469840420753	0.01594895503173946
2.495	-4.0448995990778425	0.016052857018916917
2.505	-4.024696116563961	0.017559435832990022
2.515	-4.0040927686826695	0.017351631858635114
2.525	-3.9830945369593165	0.0171438278842802
2.535	-3.9617065709854478	0.018546504711175853
2.545	-3.939934186891171	0.01958552458295041
2.555	-3.9177828657326828	0.01839065173040967
2.565	-3.8952582517955423	0.0193777206085955
2.575	-3.872366150814214	0.02041674048037006
2.585	-3.8491125281085212	0.01906601464706313
2.595	-3.82550350663766	0.02015698551242642
2.605	-3.8015453649725313	0.021455760352144616
2.615	-3.7772445351870676	0.02155966233932207
2.625	-3.7526076006694415	0.021975270288031895
2.635	-3.727641293853946	0.02207917227520935
2.645	-3.7023524938744683	0.02280648618545154
2.655	-3.676748224140501	0.023429898108516273
2.665	-3.650835649836651	0.024884525929000655
2.675	-3.6246220753466774	0.02358575108928246
2.685	-3.598114941603158	0.02358575108928246
2.695	-3.5713218233638626	0.02555988884565412
2.705	-3.544250426415991	0.024157212018758464
2.715	-3.516908584709517	0.024832574935411928
2.725	-3.4893042574207893	0.02743012461484832
2.735	-3.4614455259477825	0.026754761698194858
2.745	-3.433340590838211	0.027378173621259595
2.755	-3.404997768651932	0.029144507403276343
2.765	-3.3764254887590006	0.028521095480211606
2.775	-3.3476322900748334	0.03096279217888182
2.785	-3.318626817733942	0.03153425310835782
2.795	-3.289417819703737	0.03267717496730984
2.805	-3.2600141433399576	0.0333525378839633
2.815	-3.2304247318853294	0.03382009682626185
2.825	-3.20065862091299	0.03200181205065637
2.835	-3.17072493471643	0.03252132198654365
2.845	-3.1406328826475494	0.03496301868521386
2.855	-3.1103917554045655	0.03756056836465026
2.865	-3.0800109212715343	0.03579423458263351
2.875	-3.049499822311237	0.0396905591017881
2.885	-3.0188679705132104	0.0409893339415063
2.895	-2.988124943898809	0.04010616705049792
2.905	-2.9572803825850977	0.04301542269146669
2.915	-2.9263439848094865	0.04587272733884672
2.925	-2.895325502917003	0.04447005051195107
2.935	-2.864234739312124	0.04685979621703255
2.945	-2.833081542377169	0.04758711012727474
2.955	-2.8018758023591417	0.05262635650538135
2.965	-2.7706274472271137	0.05111977769130824
2.975	-2.739346438502089	0.05028856179388859
2.985	-2.708042767061437	0.05486024922969664
2.995	-2.676726448919911	0.05200294458231661
3.005	-2.645407520989353	0.056678534005302116
3.015	-2.6140960368191224	0.05860072076808505
3.025	-2.582802062319427	0.06150997640905381
3.035	-2.551535671469558	0.06218533932570727
3.045	-2.5203069420132653	0.06073071150522289
3.055	-2.4891259511433357	0.06467898701796622
3.065	-2.458002771177534	0.06753629166534625
3.075	-2.426947465228077	0.07044554730631501
3.085	-2.395970082866803	0.06738043868458006
3.095	-2.3650806557881454	0.07465357778700196
3.105	-2.3342891934721868	0.0739782148703485
3.115	-2.3036056788498693	0.0803162360881733
3.125	-2.2730400639725903	0.07901746124845511
3.135	-2.242602265688365	0.07699137249849472
3.145	-2.212302161326707	0.0799525791330522
3.155	-2.182149584394441	0.08629060035087702
3.165	-2.1521543202845876	0.0870179142611192
3.175	-2.122326102000524	0.08873229704954722
3.185	-2.092674605897584	0.09610933813914659
3.195	-2.063209447444227	0.0950183672737833
3.205	-2.0339401770049985	0.09849908384422806
3.215	-2.0048762756473595	0.10561636996588378
3.225	-1.9760271509745544	0.10182394743390664
3.235	-1.9474021329866833	0.10836977262608637
3.245	-1.9190104699719976	0.10790221368378781
3.255	-1.890861324430632	0.10909708653632855
3.265	-1.8629637690327823	0.11439608788237879
3.275	-1.835326782613453	0.11611047067080682
3.285	-1.8079592462057792	0.12031850115149377
3.295	-1.7808699391150422	0.1255655515039553
3.305	-1.7540675350352948	0.12592920845907637
3.315	-1.7275605982107078	0.12639676740137493
3.325	-1.701357579643532	0.13398161246532922
3.335	-1.6754668133506776	0.14047548666392018
3.345	-1.649896512670837	0.14021573169597656
3.355	-1.6246547666240563	0.14229377143952568
3.365	-1.5997495363256524	0.14759277278557592
3.375	-1.5751886514563185	0.15086568538166578
3.385	-1.5509798067902545	0.14909935159964902
3.395	-1.5271305587831514	0.15543737281747383
3.405	-1.5036483222217494	0.1585544324327975
3.415	-1.4805403669367754	0.15793102050973276
3.425	-1.4578138145809163	0.1693602390992529
3.435	-1.435475635473537	0.16884072916336562
3.445	-1.4135326455137958	0.1713863278492133
3.455	-1.3919915031637418	0.1740358285222384
3.465	-1.3708587065029796	0.18416627227204033
3.475	-1.3501405903564647	0.18463383121433888
3.485	-1.3298433234968976	0.18769893983607383
3.495	-1.309972905923194	0.18920551865014695
3.505	-1.2905351662164843	0.18842625374631602
3.515	-1.2715357589749665	0.19814108954740814
3.525	-1.252980162329039	0.1995437663743038
3.535	-1.2348736755379401	0.20182961009220782
3.545	-1.217221416669224	0.2062454445472497
3.555	-1.200028320362239	0.21138859291253376
3.565	-1.1832991356768299	0.2207917227520935
3.575	-1.1670384240283682	0.21450565252785742
3.585	-1.151250557210213	0.2207917227520935
3.595	-1.135939715504637	0.22094757573285967
3.605	-1.1211098858832338	0.23232484332879108
3.615	-1.1067648602977336	0.2364809228158893
3.625	-1.0929082340621432	0.23196118637367
3.635	-1.0795434043270828	0.2340392261172191
3.645	-1.06667356864709	0.23559775592488094
3.655	-1.0543017236416963	0.23845506057226099
3.665	-1.0424306637509553	0.24271504204653666
3.675	-1.0310629800860942	0.24926086723871638
3.685	-1.0202010593759145	0.2491050142579502
3.695	-1.0098470830094812	0.2540923096424681
3.705	-1.0000030261756296	0.25648205534754953
3.715	-0.9906706570997512	0.2591315560205747
3.725	-0.9818515363782518	0.25653400634113827
3.735	-0.9735470164110713	0.26354739047561654
3.745	-0.9657582409325376	0.2552352315014201
3.755	-0.9584861446408426	0.25746912422573537
3.765	-0.9517314529263228	0.2579366831680339
3.775	-0.9454946816987124	0.2679112739370697
3.785	-0.9397761373134541	0.27118418653315957
3.795	-0.9345759165971348	0.27684684483433086
3.805	-0.9298939069720216	0.2629239785525518
3.815	-0.9257297866796623	0.26448250836021364
3.825	-0.9220830251034282	0.2698334606998526
3.835	-0.9189528831898448	0.27248296137287775
3.845	-0.9163384139685022	0.2750805110523141
3.855	-0.9142384631702698	0.270716627590861
3.865	-0.9126516699435148	0.27102833355239336
3.875	-0.9115764676679441	0.27882098259070254
3.885	-0.9110110848656587	0.2750285600587254
3.895	-0.9109535462089517	0.2694178527511428
3.905	-0.9114016736243131	0.27196345143699047
3.915	-0.9123530874921038	0.2746129521100156
3.925	-0.9138052079412362	0.2714958924946919
3.935	-0.9157552562382185	0.2672359110204162
3.945	-0.9182002562698364	0.2679112739370697
3.955	-0.9211370361186857	0.2703529706357399
3.965	-0.9245622297307574	0.26370324345638274
3.975	-0.9284722786741926	0.2680151759242471
3.985	-0.9328634339883042	0.26240446861666455
3.995	-0.9377317581218763	0.2674956659883599
4.005	-0.9430731269597767	0.2632876355076729
4.015	-0.9488832319367746	0.26074203682182523
4.025	-0.9551575822374903	0.26515787127686713
4.035	-0.9618915070813407	0.26188495868077727
4.045	-0.9690801580912483	0.2547676725591215
4.055	-0.9767185117449193	0.2575210752193241
4.065	-0.9848013719073876	0.24993623015536984
4.075	-0.9933233724435127	0.25424816262323424
4.085	-1.0022789799090621	0.24791014140540946
4.095	-1.0116624963189857	0.24749453345669964
4.105	-1.021468061991425	0.24863745531565165
4.115	-1.031689658465971	0.24661136656569124
4.125	-1.0423211114946782	0.23315605922621074
4.135	-1.0533560941042257	0.23642897182230058
4.145	-1.0647881297276816	0.22920778371346742
4.155	-1.0766105954041878	0.23320801021979945
4.165	-1.0888167250449383	0.22354512541229607
4.175	-1.1013996127637211	0.22229830156616662
4.185	-1.1143522162703108	0.2239607333610059
4.195	-1.1276673603249243	0.21860978102136694
4.205	-1.1413377402519407	0.2116483478804774
4.215	-1.1553559255110883	0.216687594258584
4.225	-1.1697143633241973	0.21466150550862362
4.235	-1.1844053823556568	0.21081713198305774
4.245	-1.1994211964446508	0.20655715050878207
4.255	-1.2147539083872638	0.20224521804091763
4.265	-1.2303955137664266	0.1975176776243434
4.275	-1.2463379048277938	0.19512793191926192
4.285	-1.262572874399467	0.192634284227003
4.295	-1.2790921198535958	0.18842625374631602
4.305	-1.2958872471077454	0.1911796564065186
4.315	-1.3129497746639995	0.18681577294506546
4.325	-1.330271137683673	0.18359481134256433
4.335	-1.3478426920955713	0.18214018352207995
4.345	-1.365655718735619	0.17803605502857045
4.355	-1.3837014275157424	0.1741916815030046
4.365	-1.4019709616198757	0.17543850534913405
4.375	-1.4204554017248678	0.16650293445187286
4.385	-1.4391457702441848	0.16151563906735497
4.395	-1.4580330355921516	0.15658029467642584
4.405	-1.4771081164665867	0.1596454032981608
4.415	-1.4963618861475931	0.1625027079455408
4.425	-1.5157851768103354	0.1529956761188036
4.435	-1.5353687838495413	0.14956691054194757
4.445	-1.555103470213544	0.14670960589456752
4.455	-1.57497997074561	0.14852789067017302
4.465	-1.5949889965303945	0.14016378070238783
4.475	-1.6151212392431973	0.14068329063827512
4.485	-1.6353673754999165	0.13777403499730634
4.495	-1.6557180712053605	0.13398161246532922
4.505	-1.6761639858978161	0.13294259259355465
4.515	-1.6966957770875633	0.1285787091321015
4.525	-1.7173041045871895	0.1302930919205295
4.535	-1.7379796348314778	0.1257733554783102
4.545	-1.7587130451846988	0.12561750249754403
4.555	-1.7794950282331052	0.12400702169629345
4.565	-1.800316296060447	0.11855216736947703
4.575	-1.8211675845044053	0.11699363756181519
4.585	-1.8420396573917053	0.12088996208096978
4.595	-1.8629233107498975	0.11408438192084643
4.605	-1.8838093769935451	0.10847367461326382
4.615	-1.90468872908286	0.10655148785048088
4.625	-1.925552284652599	0.10623978188894852
4.635	-1.9463910101092199	0.10390198717745576
4.645	-1.9671959246942181	0.10629173288253725
4.655	-1.9879581045116406	0.09969395669676881
4.665	-2.008668686517747	0.09917444676088152
4.675	-2.029318872470904	0.10177199644031792
4.685	-2.0498999328396743	0.0959534851583804
4.695	-2.070403210667232	0.09481056329942839
4.705	-2.090820125390196	0.08945961095978941
4.715	-2.1111421766099676	0.08935570897261196
4.725	-2.1313609478147866	0.08935570897261196
4.735	-2.1514681100506294	0.08774522817136139
4.745	-2.1714554255391967	0.08275793278684351
4.755	-2.1913147512412383	0.08280988378043225
4.765	-2.211038042363471	0.08317354073555334
4.775	-2.230617355807403	0.08114745198559295
4.785	-2.2500448535584274	0.07777063740232563
4.795	-2.269312806013547	0.07538089169724416
4.805	-2.2884135952461455	0.07912136323563257
4.815	-2.307339718206253	0.07969282416510858
4.825	-2.3260837898548163	0.0750691857357118
4.835	-2.344638546230462	0.0743418718254696
4.845	-2.3629968474473575	0.07387431288317105
4.855	-2.3811516806227497	0.06810775259482225
4.865	-2.399096162732815	0.07039359631272628
4.875	-2.4168235433955605	0.06982213538325027
4.885	-2.4343272075794364	0.06888701749865317
4.895	-2.451600678236475	0.0659777618576844
4.905	-2.468637618858749	0.06712068371663642
4.915	-2.4854318359570264	0.06535434993461968
4.925	-2.501977281460489	0.06156192740264254
4.935	-2.5182680550365015	0.06286070224236073
4.945	-2.534298406329381	0.0626009472744171
4.955	-2.5500627371172353	0.06156192740264254
4.965	-2.565555603385931	0.05922413269114978
4.975	-2.580771717319344	0.060159250575746885
4.985	-2.5957059492050343	0.0581331618257865
4.995	-2.6103533292545977	0.058808524742439965
5.005	-2.6247090493379654	0.054808298236107916
5.015	-2.6387684646309464	0.05860072076808505
5.025	-2.6525270951753956	0.0562629260565923
5.035	-2.6659806273514377	0.05610707307582611
5.045	-2.6791249152611853	0.05657463201812466
5.055	-2.6919559820234777	0.05558756313993883
5.065	-2.7044700209792163	0.054029033332276995
5.075	-2.716663396806876	0.05241855253102643
5.085	-2.728532646547898	0.05558756313993883
5.095	-2.7400744805416424	0.051535385640018055
5.105	-2.7512857832696715	0.053041964454091164
5.115	-2.7621636141091845	0.05241855253102643
5.125	-2.772705207995458	0.04841832602469438
5.135	-2.782907975993198	0.04784686509521838
5.145	-2.792769505776769	0.04748320814009729
5.155	-2.802287562019324	0.05158733663360679
5.165	-2.811460086690867	0.04924954192211403
5.175	-2.8202851992653755	0.05023661080029986
5.185	-2.828761196837151	0.048522228011871844
5.195	-2.836886554146579	0.04940539490288021
5.205	-2.844659923515575	0.04795076708239583
5.215	-2.852080134693013	0.047535159133686014
5.225	-2.859146194610499	0.047379306152919826
5.235	-2.8658572870488737	0.04904173794775912
5.245	-2.872212772215917	0.04971710086441258
5.255	-2.8782121862357304	0.04883393397340421
5.265	-2.8838552405503464	0.04779491410162965
5.275	-2.8891418212341664	0.05060026775542096
5.285	-2.8940719882218495	0.048366375031105656
5.295	-2.8986459744503397	0.0454571193901369
5.305	-2.902864184915754	0.04815857105675075
5.315	-2.906727195645921	0.04618443330037909
5.325	-2.910235752589358	0.046703943236266365
5.335	-2.913390770421572	0.04665199224267764
5.345	-2.9161933312695707	0.04400249156965252
5.355	-2.9186446833555393	0.045716874358080535
5.365	-2.920746239560662	0.04410639355682997
5.375	-2.922499575910128	0.04644418826832273
5.385	-2.923906429980373	0.04530126640937071
5.395	-2.924968699229683	0.04311932467864414
5.405	-2.9256884392532942	0.04441809951836234
5.415	-2.9260678619641913	0.04343103064017651
5.425	-2.9261093337008064	0.04592467833243545
5.435	-2.9258153732628935	0.046236384293967814
5.445	-2.9251886498768767	0.044885658460660886
5.455	-2.9242319810919892	0.04395054057606379
5.465	-2.922948330608592	0.04696369820421001
5.475	-2.9213408060400403	0.047535159133686014
5.485	-2.919412656609562	0.04779491410162965
5.495	-2.917167270783591	0.04914563993493658
5.505	-2.9146081738430616	0.04805466906957329
5.515	-2.9117390253941737	0.04566492336449181
5.525	-2.9085636168201994	0.04660004124908891
5.535	-2.905085868675906	0.04447005051195107
5.545	-2.9013098280261937	0.048366375031105656
5.555	-2.8972396657305968	0.048678080992638026
5.565	-2.8928796736753113	0.04358688362094269
5.575	-2.8882342619543975	0.049665149870823856
5.585	-2.8833079560019192	0.04857417900546057
5.595	-2.8781053936767034	0.046548090255500184
5.605	-2.872631322301483	0.04483370746707216
5.615	-2.866890595658203	0.04914563993493658
5.625	-2.8608881709412657	0.04893783596058166
5.635	-2.8546291056705204	0.05028856179388859
5.645	-2.8481185545658265	0.049353443909291486
5.655	-2.8413617663850395	0.04784686509521838
5.665	-2.834364080727225	0.053509523396389716
5.675	-2.827130924803038	0.050652218749009686
5.685	-2.819667810174086	0.04971710086441258
5.695	-2.8119803294631964	0.056314877050181025
5.705	-2.8040741530374693	0.052522454518203886
5.715	-2.795955025666049	0.05200294458231661
5.725	-2.787628763154497	0.05200294458231661
5.735	-2.77910124895772	0.054029033332276995
5.745	-2.7703784307733743	0.05101587570413078
5.755	-2.761466317117648	0.05662658301171339
5.765	-2.752370973885415	0.053041964454091164
5.775	-2.7430985208966465	0.05579536711429375
5.785	-2.733655128431054	0.053041964454091164
5.795	-2.7240470137528736	0.05615902406941484
5.805	-2.7142804376277687	0.05615902406941484
5.815	-2.704361700833737	0.054340739293809365
5.825	-2.694297140668017	0.05673048499889085
5.835	-2.68409312745185	0.058808524742439965
5.845	-2.6737560610350766	0.0603670545501018
5.855	-2.663292367302478	0.05745779890913304
5.865	-2.652708494683729	0.059483887659093425
5.875	-2.6420109106689025	0.06291265323594947
5.885	-2.631206098331399	0.06291265323594947
5.895	-2.620300552860199	0.0587046227552625
5.905	-2.609300778103242	0.05953583865268215
5.915	-2.5982132831238927	0.06062680951804544
5.925	-2.587044578772227	0.06322435919748183
5.935	-2.5758011742730007	0.06514654596026476
5.945	-2.564489573832156	0.06296460422953819
5.955	-2.5531162732635773	0.06753629166534625
5.965	-2.5416877566379084	0.06712068371663642
5.975	-2.5302104929551943	0.06654922278716041
5.985	-2.5186909328430622	0.0674323896781688
5.995	-2.5071355052821453	0.06473093801155494
6.005	-2.4955506143604635	0.07049749829990373
6.015	-2.4839426360584302	0.0717443221460332
6.025	-2.4723179150660646	0.06847140954994335
6.035	-2.4606827616341436	0.07013384134478264
6.045	-2.449043448460773	0.07273139102421904
6.055	-2.4374062076150036	0.07387431288317105
6.065	-2.425777227499022	0.07351065592804995
6.075	-2.414162649850434	0.07501723474212306
6.085	-2.402568566786087	0.07932916720998748
6.095	-2.3910010178889323	0.07283529301139649
6.105	-2.3794659873393313	0.07756283342797073
6.115	-2.3679694010921617	0.0816150109278915
6.125	-2.3565171241011478	0.07839404932539037
6.135	-2.3451149575916883	0.07912136323563257
6.145	-2.3337686363835086	0.08473207054321517
6.155	-2.3224838262643557	0.08099159900482676
6.165	-2.3112661214160277	0.07943306919716493
6.175	-2.300121041893848	0.07896551025486638
6.185	-2.289054031160806	0.08374500166502935
6.195	-2.2780704536774445	0.08442036458168281
6.205	-2.267175592548585	0.08696596326753048
6.215	-2.2563746472279416	0.08753742419700648
6.225	-2.2456727312816094	0.0879530321457163
6.235	-2.2350748702114323	0.0873815712162403
6.245	-2.2245859993391215	0.08977131692132177
6.255	-2.2142109617521006	0.09512226926096075
6.265	-2.203954506311809	0.09164155269051598
6.275	-2.193821285725416	0.09543397522249313
6.285	-2.1838158546815936	0.09117399374821743
6.295	-2.17394266805112	0.0959534851583804
6.305	-2.164206079153066	0.09325203349176654
6.315	-2.1546103380870867	0.09730421099168732
6.325	-2.1451595901325513	0.10094078054289828
6.335	-2.1358578742149725	0.09797957390834078
6.345	-2.126709121440355	0.10026541762624482
6.355	-2.117717153697836	0.09543397522249313
6.365	-2.108885682331182	0.100992731536487
6.375	-2.1002183068794267	0.10307077128003611
6.385	-2.0917185138870527	0.10301882028644739
6.395	-2.083389675784076	0.10504490903640777
6.405	-2.075235049836193	0.10551246797870632
6.415	-2.067257777165337	0.10608392890818233
6.425	-2.0594608818407356	0.10790221368378781
6.435	-2.0518472700406853	0.11075951833116784
6.445	-2.0444197292850745	0.10535661499794015
6.455	-2.0371809277387936	0.10738270374790053
6.465	-2.03013341358598	0.11070756733757911
6.475	-2.02327961447509	0.10842172361967509
6.485	-2.016621837034788	0.11008415541451438
6.495	-2.010162266460441	0.10966854746580455
6.505	-2.0039029661711796	0.10805806666455399
6.515	-1.9978458775372432	0.11746119650411374
6.525	-1.991992819677452	0.11283755807471696
6.535	-1.9863454893264711	0.11455194086314498
6.545	-1.9809054607716134	0.11366877397213661
6.555	-1.9756741858587858	0.10878538057479618
6.565	-1.9706529940672108	0.11413633291443516
6.575	-1.9658430926524921	0.11117512627987766
6.585	-1.9612455668575415	0.11501949980544353
6.595	-1.9568613801908883	0.11387657794649152
6.605	-1.9526913747717918	0.11413633291443516
6.615	-1.9487362717416155	0.1140324309272577
6.625	-1.9449966717408	0.12005874618355014
6.635	-1.941473055450828	0.11829241240153339
6.645	-1.9381657842004514	0.11953923624766286
6.655	-1.9350751006354778	0.12130557002967961
6.665	-1.9322011294513532	0.11657802961310537
6.675	-1.9295438781877374	0.11517535278620972
6.685	-1.9271032380842585	0.11787680445282356
6.695	-1.9248789849965826	0.12343556076681744
6.705	-1.9228707803719012	0.12026655015790505
6.715	-1.921078172282912	0.12078606009379232
6.725	-1.919500596519366	0.11730534352334755
6.735	-1.9181373777361526	0.11990289320278395
6.745	-1.916987730656947	0.12198093294633307
6.755	-1.9160507613323643	0.11829241240153339
6.765	-1.915325468451548	0.11751314749770247
6.775	-1.9148107447061067	0.11730534352334755
6.785	-1.9145053782052677	0.11678583358746028
6.795	-1.914408053941107	0.11839631438871084
6.805	-1.9145173553026744	0.1187080203502432
6.815	-1.9148317656378353	0.11985094220919522
6.825	-1.9153496698615924	0.11688973557463773
6.835	-1.9160693561096445	0.12151337400403452
6.845	-1.9169890174359554	0.12182507996556688
6.855	-1.9181067535529939	0.12255239387580907
6.865	-1.9194205726134	0.11912362829895304
6.875	-1.920928393031717	0.11896777531818685
6.885	-1.9226280453448734	0.11564291172850827
6.895	-1.924517274110047	0.11917557929254176
6.905	-1.9265937398385566	0.11657802961310537
6.915	-1.9288550209643773	0.11595461769004063
6.925	-1.9312986158458954	0.1197989912156065
6.935	-1.933921944799485	0.11205829317088604
6.945	-1.9367223521634775	0.11761704948487993
6.955	-1.9396971083911008	0.11299341105548315
6.965	-1.9428434121709302	0.12000679518996141
6.975	-1.946158392573404	0.11460389185673371
6.985	-1.949639111221936	0.11377267595931406
6.995	-1.953282564487159	0.11735729451693629
7.005	-1.9570856857028216	0.12088996208096978
7.015	-1.9610453474018508	0.11335706801060423
7.025	-1.9651583635711036	0.1140324309272577
7.035	-1.9694214919233048	0.11465584285032243
7.045	-1.9738314361846945	0.11221414615165222
7.055	-1.9783848483968773	0.1125258521131846
7.065	-1.9830783312313838	0.10805806666455399
7.075	-1.9879084403154494	0.11024000839528056
7.085	-1.9928716865675205	0.1177729024656461
7.095	-1.997964538540991	0.10972049845939329
7.105	-2.003183424774689	0.11164268522217621
7.115	-2.008524736148617	0.10795416467737654
7.125	-2.0139848282434873	0.11039586137604675
7.135	-2.019560023702561	0.10862952759403
7.145	-2.0252466145943284	0.10868147858761873
7.155	-2.0310408647745897	0.10457735009410922
7.165	-2.0369390122464583	0.10535661499794015
7.175	-2.0429372715168705	0.10405784015822195
7.185	-2.049031835948165	0.10223955538261648
7.195	-2.055218880103304	0.10385003618386704
7.205	-2.0614945620833467	0.10260321233773756
7.215	-2.067855025855773	0.10270711432491503
7.225	-2.0742964035722773	0.10374613419668959
7.235	-2.08081481787467	0.10592807592741615
7.245	-2.087406384187541	0.1028629673056812
7.255	-2.0940672129963547	0.09849908384422806
7.265	-2.1007934121096454	0.09626519111991276
7.275	-2.1075810889040296	0.09917444676088152
7.285	-2.1144263525507667	0.10036931961342227
7.295	-2.121325316222575	0.09387544541483128
7.305	-2.128274099279501	0.09777176993398587
7.315	-2.1352688294325977	0.09709640701733241
7.325	-2.1423056448842233	0.0985510348378168
7.335	-2.149380696443787	0.09242081759434691
7.345	-2.156490149617801	0.09610933813914659
7.355	-2.163630186673074	0.09496641628019457
7.365	-2.1707970086719826	0.09252471958152436
7.375	-2.1779868374787266	0.09257667057511308
7.385	-2.185195917735499	0.09257667057511308
7.395	-2.1924205188075714	0.09356373945329892
7.405	-2.199656936696266	0.093355935478944
7.415	-2.20690149591885	0.09107009176103997
7.425	-2.214150551354421	0.09309618051100037
7.435	-2.2214004900548305	0.09003107188926542
7.445	-2.228647733019793	0.09153765070333852
7.455	-2.23588873693528	0.08940765996620069
7.465	-2.2431199958744132	0.08784913015853885
7.475	-2.2503380429599993	0.08956351294696686
7.485	-2.2575394519879945	0.08395280563938426
7.495	-2.2647208390111064	0.08468011954962645
7.505	-2.271878863881845	0.0898232679149105
7.515	-2.279010231754355	0.08525158047910246
7.525	-2.286111694544362	0.08166696192148024
7.535	-2.2931800523466146	0.08358914868426316
7.545	-2.3002121548092695	0.08348524669708571
7.555	-2.3072049024646337	0.08177086390865769
7.565	-2.3141552480157546	0.08405670762656171
7.575	-2.3210601975784013	0.08244622682531115
7.585	-2.327916811877936	0.07699137249849472
7.595	-2.3347222074006866	0.08525158047910246
7.605	-2.3414735574994423	0.0799525791330522
7.615	-2.3481680934526934	0.07849795131256783
7.625	-2.354803105477302	0.07803039237026928
7.635	-2.3613759436943447	0.07922526522281002
7.645	-2.367884019047838	0.0760043036203089
7.655	-2.3743248041761422	0.07865380429333402
7.665	-2.380695834235882	0.07662771554337362
7.675	-2.3869947076781832	0.07610820560748635
7.685	-2.3932190869771572	0.07704332349208345
7.695	-2.3993666993105074	0.07382236188958231
7.705	-2.405435337192249	0.07626405858825253
7.715	-2.411422859057478	0.07387431288317105
7.725	-2.417327189799234	0.0747055287805907
7.735	-2.4231463212575086	0.07662771554337362
7.745	-2.428878312660443	0.07517308772288925
7.755	-2.434521291017888	0.07345870493446123
7.765	-2.4400734514674016	0.0726794400306303
7.775	-2.4455330575729204	0.06951042942171791
7.785	-2.4508984415762733	0.07366650890881614
7.795	-2.4561680046018193	0.07023774333196009
7.805	-2.461340216814424	0.07454967579982451
7.815	-2.4664136175311304	0.07143261618450084
7.825	-2.4713868152868383	0.07143261618450084
7.835	-2.476258487854331	0.0736145579152274
7.845	-2.4810273822190916	0.07475747977417942
7.855	-2.4856923145092877	0.0726794400306303
7.865	-2.4902521698813804	0.06914677246659681
7.875	-2.4947059023618694	0.07086115525502483
7.885	-2.499052534645648	0.06717263471022515
7.895	-2.503291157851506	0.06623751682562805
7.905	-2.5074209312353517	0.06873116451788698
7.915	-2.5114410818617636	0.07236773406909794
7.925	-2.5153509042344098	0.0670687327230477
7.935	-2.519149759886078	0.06956238041530663
7.945	-2.5228370769288975	0.06732848769099134
7.955	-2.526412349565465	0.07065335128066992
7.965	-2.5298751375616195	0.0676401936525237
7.975	-2.5332250656815463	0.07101700823579102
7.985	-2.536461823086016	0.06805580160123352
7.995	-2.539585162694492	0.06623751682562805
8.005	-2.542594900511957	0.06514654596026476
8.015	-2.5454909149212237	0.0676401936525237
8.025	-2.5482731459416343	0.06810775259482225
8.035	-2.5509415944549327	0.06717263471022515
8.045	-2.55349632139925	0.06358801615260293
8.055	-2.5559374469320715	0.06374386913336912
8.065	-2.558265149563095	0.06525044794744222
8.075	-2.5604796652579234	0.06758824265893497
8.085	-2.5625812865135007	0.06254899628082837
8.095	-2.5645703614063224	0.06384777112054657
8.105	-2.5664472926142845	0.06462703602437748
8.115	-2.5682125364132786	0.06592581086409569
8.125	-2.5698666016494185	0.060678760511634164
8.135	-2.571410048687991	0.06400362410131274
8.145	-2.572843488340105	0.0654063009282084
8.155	-2.574167580768088	0.06795189961405607
8.165	-2.5753830343706765	0.0659777618576844
8.175	-2.576490604648995	0.06192558435776364
8.185	-2.5774910930544928	0.06644532079998296
8.195	-2.5783853458197528	0.06343216317183674
8.205	-2.5791742527733765	0.06228924131288473
8.215	-2.579858746139939	0.06774409563970116
8.225	-2.580439799326103	0.06499069297949858
8.235	-2.5809184256939983	0.06395167310772402
8.245	-2.5812956773229447	0.06457508503078875
8.255	-2.5815726437605897	0.06395167310772402
8.265	-2.5817504507645435	0.06332826118465928
8.275	-2.5818302590356477	0.0667050757679266
8.285	-2.5818132629438937	0.06535434993461968
8.295	-2.581700689248147	0.06649727179357169
8.305	-2.5814937958107187	0.06405557509490148
8.315	-2.5811938703078603	0.06358801615260293
8.325	-2.5808022289373045	0.06291265323594947
8.335	-2.5803202151238773	0.06348411416542547
8.345	-2.579749198224287	0.06301655522312692
8.355	-2.579090572232116	0.062445094293650916
8.365	-2.5783457544841086	0.06499069297949858
8.375	-2.5775161843687684	0.06436728105643384
8.385	-2.5766033220383386	0.06202948634494109
8.395	-2.575608647125161	0.06462703602437748
8.405	-2.574533657463468	0.06545825192179713
8.415	-2.573379867817583	0.06602971285127314
8.425	-2.5721488086175595	0.06389972211413529
8.435	-2.5708420247032358	0.06395167310772402
8.445	-2.5694610740776644	0.0674323896781688
8.455	-2.5680075266708986	0.06608166384486186
8.465	-2.566482963115065	0.06602971285127314
8.475	-2.5648889735316773	0.06888701749865317
8.485	-2.5632271563320743	0.0650426439730873
8.495	-2.561499117031923	0.06551020291538585
8.505	-2.5597064670806255	0.06784799762687861
8.515	-2.557850822706534	0.06654922278716041
8.525	-2.555933803778818	0.06779604663328989
8.535	-2.553957032686784	0.06789994862046735
8.545	-2.551922133237488	0.06519849695385349
8.555	-2.5498307295724287	0.06618556583203933
8.565	-2.5476844451040797	0.06883506650506445
8.575	-2.5454849014730243	0.06961433140889536
8.585	-2.5432337175264133	0.0659777618576844
8.595	-2.54093250831846	0.07028969432554882
8.605	-2.5385828841336457	0.0672765366974026
8.615	-2.5361864495333224	0.06561410490256331
8.625	-2.5337448024263236	0.07236773406909794
8.635	-2.5312595331642145	0.06904287047941936
8.645	-2.5287322236617764	0.07132871419732338
8.655	-2.5261644465432838	0.07044554730631501
8.665	-2.5235577643151212	0.07226383208192048
8.675	-2.5209137285652576	0.07241968506268667
8.685	-2.5182338791900722	0.0726794400306303
8.695	-2.515519743648988	0.07226383208192048
8.705	-2.512772836247373	0.06888701749865317
8.715	-2.509994657448104	0.06592581086409569
8.725	-2.507186693212191	0.0680038506076448
8.735	-2.5043504143688193	0.07080920426143611
8.745	-2.501487276015142	0.06977018438966154
8.755	-2.4985987169461352	0.07335480294728376
8.765	-2.4956861591147907	0.07190017512679939
8.775	-2.492751007122889	0.0685753115371208
8.785	-2.489794647742599	0.07335480294728376
8.795	-2.4868184494690695	0.0723157830755092
8.805	-2.483823762104215	0.07190017512679939
8.815	-2.480811916371804	0.07179627313962193
8.825	-2.477784223563978	0.07413406785111469
8.835	-2.474741975219286	0.07325090096010631
8.845	-2.4716864428322896	0.07117286121655719
8.855	-2.4686188775947464	0.07215993009474303
8.865	-2.4655405101684087	0.07408211685752596
8.875	-2.4624525504893766	0.07704332349208345
8.885	-2.4593561876039587	0.07366650890881614
8.895	-2.456252589535968	0.0760043036203089
8.905	-2.453142903185321	0.07273139102421904
8.915	-2.4500282542578127	0.07335480294728376
8.925	-2.4469097472259005	0.07590040163313143
8.935	-2.4437884653203055	0.07538089169724416
8.945	-2.440665470552181	0.07860185329974528
8.955	-2.4375418037656567	0.07912136323563257
8.965	-2.434418484720423	0.07979672615228603
8.975	-2.431296512204093	0.07714722547926091
8.985	-2.4281768641740062	0.08042013807535076
8.995	-2.425060497928105	0.07740698044720454
9.005	-2.4219483503045276	0.07558869567159907
9.015	-2.4188413379095053	0.0803162360881733
9.025	-2.415740357373128	0.07834209833180164
9.035	-2.4126462856325213	0.07823819634462419
9.045	-2.4095599802419936	0.08431646259450536
9.055	-2.4064822797096	0.07610820560748635
9.065	-2.403414003859636	0.08109550099200423
9.075	-2.400355954220504	0.07803039237026928
9.085	-2.397308914437376	0.08171891291506896
9.095	-2.394273650709073	0.07922526522281002
9.105	-2.391250912248537	0.08182281490224641
9.115	-2.3882414317662817	0.07829014733821292
9.125	-2.3852459259761263	0.0838489036522068
9.135	-2.382265096122605	0.08182281490224641
9.145	-2.379299628529293	0.07958892217793112
9.155	-2.376350195167375	0.08057599105611694
9.165	-2.373417454243717	0.08400475663297298
9.175	-2.370502050807698	0.08213452086377879
9.185	-2.36760461737603	0.08545938445345737
9.195	-2.364725774574786	0.0838489036522068
9.205	-2.361866131797855	0.08530353147269118
9.215	-2.3590262878809853	0.08971936592773305
9.225	-2.356206831790626	0.08400475663297298
9.235	-2.353408343326693	0.08416060961373917
9.245	-2.3506313938384222	0.08374500166502935
9.255	-2.3478765469524543	0.08426451160091662
9.265	-2.3451443593122554	0.08493987451757008
9.275	-2.34243538132801	0.09117399374821743
9.285	-2.3397501579360505	0.08706986525470793
9.295	-2.337089229366967	0.08696596326753048
9.305	-2.3344531319214314	0.08805693413289375
9.315	-2.331842398752853	0.08717376724188539
9.325	-2.329257560655914	0.09221301361999198
9.335	-2.3266991468600224	0.08971936592773305
9.345	-2.3241676858268048	0.08987521890849924
9.355	-2.3216637060506216	0.0892518069854345
9.365	-2.3191877368611897	0.0883166891008374
9.375	-2.3167403092273524	0.08951156195337814
9.385	-2.31432195656101	0.0892518069854345
9.395	-2.311933215520295	0.09008302288285415
9.405	-2.3095746268109796	0.08805693413289375
9.415	-2.3072467359852116	0.09174545467769343
9.425	-2.3049500942365313	0.09034277785079779
9.435	-2.3026852591903015	0.09283642554305672
9.445	-2.3004527956885243	0.08930375797902323
9.455	-2.298253276568108	0.09543397522249313
9.465	-2.296087283431649	0.09257667057511308
9.475	-2.2939554074097304	0.09029082685720906
9.485	-2.291858249913852	0.09049863083156397
9.495	-2.2897964233790002	0.09122594474180616
9.505	-2.287770551994984	0.0909142387802738
9.515	-2.285781272425514	0.09325203349176654
9.525	-2.283829234514251	0.09439495535071855
9.535	-2.2819151019767485	0.09366764144047637
9.545	-Inf	0.0
9.555	-Inf	0.0
9.565	-Inf	0.0
9.575	-Inf	0.0
9.585	-Inf	0.0
9.595	-Inf	0.0
9.605	-Inf	0.0
9.615	-Inf	0.0
9.625	-Inf	0.0
9.635	-Inf	0.0
9.645	-Inf	0.0
9.655	-Inf	0.0
9.665	-Inf	0.0
9.675	-Inf	0.0
9.685	-Inf	0.0
9.695	-Inf	0.0
9.705	-Inf	0.0
9.715	-Inf	0.0
9.725	-Inf	0.0
9.735	-Inf	0.0
9.745	-Inf	0.0
9.755	-Inf	0.0
9.765	-Inf	0.0
9.775	-Inf	0.0
9.785	-Inf	0.0
9.795	-Inf	0.0
9.805	-Inf	0.0
9.815	-Inf	0.0
9.825	-Inf	0.0
9.835	-Inf	0.0
9.845	-Inf	0.0
9.855	-Inf	0.0
9.865	-Inf	0.0
9.875	-Inf	0.0
9.885	-Inf	0.0
9.895	-Inf	0.0
9.905	-Inf	0.0
9.915	-Inf	0.0
9.925	-Inf	0.0
9.935	-Inf	0.0
9.945	-Inf	0.0
9.955	-Inf	0.0
9.965	-Inf	0.0
9.975	-Inf	0.0
9.985	-Inf	0.0
9.995	-Inf	0.0
