0.005	-Inf	0.0
0.015	-Inf	0.0
0.025	-Inf	0.0
0.035	-Inf	0.0
0.045	-Inf	0.0
0.055	-Inf	0.0
0.065	-Inf	0.0
0.075	-Inf	0.0
0.085	-Inf	0.0
0.095	-Inf	0.0
0.105	-Inf	0.0
0.115	-Inf	0.0
0.125	-Inf	0.0
0.135	-Inf	0.0
0.145	-Inf	0.0
0.155	-Inf	0.0
0.165	-Inf	0.0
0.175	-Inf	0.0
0.185	-Inf	0.0
0.195	-Inf	0.0
0.205	-Inf	0.0
0.215	-Inf	0.0
0.225	-Inf	0.0
0.235	-Inf	0.0
0.245	-Inf	0.0
0.255	-Inf	0.0
0.265	-Inf	0.0
0.275	2.9447391547876824	1.762547164935132
0.285	2.952385502299548	1.7451801312865043
0.295	2.9596642153319213	1.743939628883031
0.305	2.966568335576975	1.6958701607484366
0.315	2.9730911655260464	1.8023466170465705
0.325	2.9792262737809403	1.8030702434485968
0.335	2.9849675001926594	1.8053444978549646
0.345	2.9903089608239948	1.789838217811547
0.355	2.1322186430095154	0.7366516772626247
0.365	2.1470434739279334	0.7733498733653796
0.375	2.1614525914368095	0.7721093709619062
0.385	2.175441262430245	0.7756241277717476
0.395	2.189005052067729	0.7999172998397684
0.405	2.2021398276112225	0.8109784462707397
0.415	2.2148417620643333	0.8034320566496097
0.425	2.2271073376109722	0.8275184783170517
0.435	2.238933348851004	0.837442497544839
0.445	2.25031690583052	0.8312399855274719
0.455	2.261255436864529	0.8428180079598904
0.465	2.2717466911499464	0.868661808032253
0.475	2.281788741166946	0.8549129063937562
0.485	2.2913799848668335	0.8655605520235695
0.495	2.3005191476447635	0.8595647904067815
0.505	2.3092052840957544	0.8863389672817491
0.515	2.31743777955259	0.8589445392050447
0.525	2.3252163514043316	0.8781723264588825
0.535	2.3325410501943304	0.8862355920814596
0.545	2.339412260496745	0.8607019176099654
0.555	2.345830701570721	0.881480332868145
0.565	2.35179742779154	0.8922313536982478
0.575	2.357313828858181	0.9135266449578746
0.585	2.3623816297768827	0.8940921073034579
0.595	2.367002890620447	0.9150772729622164
0.605	2.371180006063154	0.9319274306093968
0.615	2.3749157046913245	0.9020519977257456
0.625	2.378213048089691	0.898227115315036
0.635	2.3810754297039	0.9316173050085285
0.645	2.383506573479601	0.9199359073758205
0.655	2.3855105322787273	0.9246911665891353
0.665	2.3870916860737283	0.9514653434641029
0.675	2.38825473992063	0.922106786581899
0.685	2.3890047217119825	0.9036026257300873
0.695	2.3893469797108597	0.9277924225978188
0.705	2.3892871798672406	0.944125704243552
0.715	2.3888313029182395	0.9541530986716287
0.725	2.3879856412737923	0.9743112627280716
0.735	2.3867567956895366	0.961802863493048
0.745	2.3851516717287837	0.9320308058096862
0.755	2.3831774760155935	0.9412311986354474
0.765	2.3808417122811196	0.9122861425544012
0.775	2.3781521772055196	0.9118726417532435
0.785	2.3751169560578527	0.890680725693906
0.795	2.3717444181365317	0.8952292345066418
0.805	2.368043212013021	0.8724866904429628
0.815	2.364022260581603	0.852121775985941
0.825	2.359690755918152	0.8231767199048948
0.835	2.35505815395101	0.8229699695043159
0.845	2.3501341689471387	0.798676797436295
0.855	2.34492876781689	0.7902000310125601
0.865	2.3394521642408184	0.7816198893885357
0.875	2.333714812622107	0.7670439861477232
0.885	2.3277274018682657	0.7528815837080685
0.895	2.321500849005905	0.7385124308678348
0.905	2.3150462926324678	0.7205251460174704
0.915	2.308375086208935	0.711014627590841
0.925	2.3014987911976097	0.7076032459812891
0.935	2.294429170049207	0.6842404507158732
0.945	2.287178179043549	0.6798986923037164
0.955	2.2797579609882916	0.6448544994055926
0.965	2.272180837780197	0.632552850571148
0.975	2.264459302833532	0.6198377009355456
0.985	2.2566060133803156	0.6197343257352561
0.995	2.2486337826471634	0.6091900553057321
1.005	2.2405555719136188	0.6035044192898124
1.015	2.2323844824568893	0.5645319687806896
1.025	2.224133747388035	0.5565720783584018
1.035	2.215816723384675	0.5478885615340879
1.045	2.2074468823254105	0.5434434279216416
1.055	2.19903780283117	0.5265932702744611
1.065	2.190603161718797	0.5182198790510156
1.075	2.1821567253722303	0.5172895022484106
1.085	2.1737123410366967	0.4932030805809686
1.095	2.165283928041399	0.4825554349511552
1.105	2.1568854689562076	0.48110818214710294
1.115	2.1485310006879446	0.45619475887734534
1.125	2.140234605521869	0.45030237246084664
1.135	2.1320104021140156	0.4416188556365328
1.145	2.123872536440098	0.43841422442755984
1.155	2.1158351727066846	0.4373804724246653
1.165	2.107912484230419	0.41474130356127564
1.175	2.1001186442910607	0.4284902051997726
1.185	2.092467816964163	0.3864164986819662
1.195	2.0849741479391986	0.4006822763219104
1.205	2.0776517553289846	0.3782498578590996
1.215	2.0705147204762633	0.3977877707138058
1.225	2.0635770787632786	0.37793973225823124
1.235	2.056852810430239	0.3709102186385486
1.245	2.0503558314085097	0.35933219620613016
1.255	2.0440999841744065	0.35157905618442137
1.265	2.0380990286294414	0.3406212849537396
1.275	2.0323666330128645	0.34806429937458006
1.285	2.026916364852332	0.370083217036233
1.295	2.021761681958507	0.3874502506848607
1.305	2.0169159234693876	0.41515480436243346
1.315	2.012392300950118	0.46115676849123893
1.325	2.0082038895540233	0.4729415413242363
1.335	2.0043636192505607	0.48875794696852226
1.345	2.000884266125867	0.5203907582570941
1.355	1.9977784437615003	0.5259730190727244
1.365	1.9950585946969852	0.5159456246446478
1.375	1.9927369819816712	0.5104667390293068
1.385	1.9908256808214038	0.5369307903034062
1.395	1.9893365703254202	0.540548922313537
1.405	1.9882813253588518	0.5439603039230888
1.415	1.9876714085061367	0.5583294567633225
1.425	1.9875180621505832	0.533209283092986
1.435	1.9878323006752685	0.5580193311624542
1.445	1.988624902790369	0.577040368015713
1.455	1.9899064039919498	0.5919263968573939
1.465	1.99168708915718	0.5669095983873469
1.475	1.9939769852808267	0.5596733343670853
1.485	1.9967858543578227	0.5998862872796816
1.495	2.000123186416605	0.6005065384814183
1.505	2.0039981927078436	0.618803948932651
1.515	2.008419799053047	0.607536052101101
1.525	2.013396639357503	0.6267638393549387
1.535	2.0189370492918437	0.624076084147413
1.545	2.025049060146462	0.6152891921228097
1.555	2.0317403928629094	0.6458882514084872
1.565	2.0390184522462476	0.6517806378249857
1.575	2.046890321362286	0.6585000258438001
1.585	2.0553627561234658	0.6498165090194862
1.595	2.0644421800670685	0.6926138419393187
1.605	2.0741346793292976	0.6948880963456867
1.615	2.084445997818672	0.7113247531917093
1.625	2.0953815325920315	0.7196981444151548
1.635	2.1069463294363473	0.7365483020623352
1.645	2.1191450786593995	0.7420271876776762
1.655	2.1319821110922437	0.7727296221636429
1.665	1.6592631184959497	0.48017780534449783
1.675	1.6630888281568592	0.490308574972864
1.685	1.6675636199199502	0.4766630485346565
1.695	1.6726903510652895	0.47707654933581434
1.705	1.678471502678922	0.47935080374218225
1.715	1.684909176980275	0.5034372254096242
1.725	1.6920050948781427	0.48689719336331216
1.735	1.6997605937570934	0.5024034734067298
1.745	1.708176625496008	0.49795833979428333
1.755	1.7172537547202864	0.5094329870264124
1.765	1.726992157289164	0.5205975086576731
1.775	1.7373916190193794	0.5083992350235178
1.785	1.7484515346463303	0.5234920142657776
1.795	1.7601709070236846	0.5117072414327802
1.805	1.7725483465622685	0.5312451542874864
1.815	1.7855820709089099	0.5222515118623042
1.825	1.7992699048657728	0.5321755310900915
1.835	1.8136092805505348	0.5408590479144053
1.845	1.8285972377976656	0.5411691735152737
1.855	1.8442304248008567	0.5230785134646199
1.865	1.8605050989965426	0.5465446839303251
1.875	1.8774171281882792	0.5413759239158525
1.885	1.894961991911617	0.5427198015196154
1.895	1.9131347830389234	0.5402387967126686
1.905	1.9319302096234963	0.5495425647387192
1.915	1.9513425969821367	0.5218380110611465
1.925	1.971365890015195	0.5617408383728744
1.935	1.991993655762984	0.5576058303612963
1.945	2.013219086197273	0.56256783997519
1.955	2.035035001246449	0.5600868351682431
1.965	2.057433852052763	0.5537809479505866
1.975	2.080407724459985	0.5662893471856102
1.985	2.1039483427295558	0.5767302424148447
1.995	2.1280470734832813	0.5511965679433504
2.005	2.152694929870402	0.5744559880084767
2.015	2.1778825759567453	0.5797281232232387
2.025	2.2036003313335537	0.5512999431436398
2.035	2.2298381759434127	0.5673230991885047
2.045	2.25658575512056	0.5658758463844523
2.055	2.2838323848427753	0.5642218431798212
2.065	2.3115670571918425	0.5682534759911098
2.075	2.339778446019498	0.5805551248255544
2.085	2.3684549128156265	0.593787150462604
2.095	2.397584512775342	0.5861373856411847
2.105	2.427155001061457	0.5913061456556572
2.115	2.4571538392587495	0.590582519253631
2.125	2.487568202016246	0.6040212952912596
2.135	2.5183849838737276	0.6069158008993643
2.145	2.5495908062684265	0.6031942936889441
2.155	2.5811720247178576	0.6012301648834445
2.165	2.6131147361745923	0.6193208249340983
2.175	2.6454047865486086	0.6050550472941542
2.185	2.6780277783928974	0.5921331472579728
2.195	2.7109690787476777	0.6296583449630434
2.205	2.74421382713872	0.6222153305422029
2.215	2.7777469437249467	0.6334832273737531
2.225	2.811553137590569	0.6403059905928568
2.235	2.8456169151767945	0.6448544994055926
2.245	2.879922588848131	0.6559156458365638
2.255	2.91445428558818	0.6421667441980669
2.265	2.949195955819742	0.6335866025740425
2.275	2.984131382343997	0.6276942161575438
2.285	3.0192441893934054	0.6379283609861994
2.295	3.054517851792909	0.6416498681966196
2.305	3.0899357042240028	0.6453713754070398
2.315	3.125480950586068	0.6558122706362743
2.325	3.1611366734493958	0.6298650953636222
2.335	3.1968858435942096	0.6338967281749108
2.345	3.232711329629965	0.662841784255957
2.355	3.2685959076891247	0.6712151754794025
2.365	3.304522271189618	0.6500232594200651
2.375	3.340473040660021	0.6692510466739029
2.385	3.376430773621644	0.6849640771178994
2.395	3.4123779745214504	0.6780379386985063
2.405	3.4482971047098854	0.6631519098568254
2.415	3.484170592457561	0.6732826794851915
2.425	3.5199808430046917	0.6665632914663772
2.435	3.555710248637303	0.7012973587636326
2.445	3.591341198783961	0.6609810306507469
2.455	3.6268560901270575	0.6923037163384504
2.465	3.662237336722371	0.7048121155734739
2.475	3.697467380120865	0.705742492376079
2.485	3.7325286994865157	0.6902362123326614
2.495	3.767403821704036	0.6985062283558174
2.505	3.8020753314703413	0.7138057579986561
2.515	3.836525881363609	0.7161833876053135
2.525	3.8707382018838095	0.7185610172119709
2.535	3.9046951114585706	0.749573577298806
2.545	3.938379526408273	0.7436811908823073
2.555	3.971774470864311	0.7609448493306455
2.565	4.00486308663444	0.7342740476559674
2.575	4.037628643009194	0.7647697317413552
2.585	4.070054546503355	0.7436811908823073
2.595	4.102124350526563	0.7906135318137179
2.605	4.133821764977056	0.764046105339329
2.615	4.165130665752778	0.7946451646250065
2.625	4.196035104173912	0.8131493254768181
2.635	4.226519316311148	0.7869953998035871
2.645	4.2565677322138935	0.8127358246756603
2.655	4.286164985032788	0.8528454023879671
2.665	4.315295920030942	0.8166640822866594
2.675	4.343945603478301	0.8251408487103944
2.685	4.3720993314237155	0.8329973639323927
2.695	4.399742638339272	0.83537499353905
2.705	4.426861305631604	0.8564635343980979
2.715	4.453441370014896	0.8322737375303665
2.725	4.479469131740455	0.8522251511862304
2.735	4.5049311626777255	0.8675246808290691
2.745	4.529814314241795	0.8484002687755208
2.755	4.554105725162476	0.8487103943763891
2.765	4.577792829090148	0.8660774280250167
2.775	4.600863362033682	0.838579624748023
2.785	4.623305369625797	0.8872693440843542
2.795	4.6451072142113805	0.8773453248565669
2.805	4.666257581754381	0.8577040368015713
2.815	4.686745488558931	0.881273582467566
2.825	4.706560287800585	0.8775520752571458
2.835	4.725691675863574	0.8755879464516463
2.845	4.744129698480146	0.8849950896779862
2.855	4.761864756668153	0.8525352767870987
2.865	4.7788876124631985	0.8710394376389105
2.875	4.795189394441733	0.8964697369101152
2.885	4.810761603031695	0.8935752313020107
2.895	4.825596115607304	0.8797229544632242
2.905	4.839685191364881	0.9107355145500594
2.915	4.8530214759765755	0.8966764873106942
2.925	4.865598006019104	0.89181785289709
2.935	4.877408213174707	0.8811702072672766
2.945	4.88844592820165	0.8888199720886959
2.955	4.89870538467178	0.8983304905153253
2.965	4.908181222472756	0.8605985424096759
2.975	4.9168684910727105	0.8972967385124309
2.985	4.924762652545289	0.876001447252804
2.995	4.9318595843531	0.8801364552643821
3.005	4.938155581887797	0.8775520752571458
3.015	4.943647360765147	0.8625626712151755
3.025	4.948332058873598	0.8853052152788546
3.035	4.952207238174984	0.8639065488189384
3.045	4.955270886256194	0.8753811960510673
3.055	4.957521417630761	0.867938181630227
3.065	4.958957674789459	0.8513981495839148
3.075	4.959578928999215	0.8610120432108337
3.085	4.95938488084972	0.8390965007494702
3.095	4.958375660547322	0.8375458727451285
3.105	4.956551827955928	0.8747609448493306
3.115	4.9539143723848085	0.8458158887682845
3.125	4.950464712123314	0.823900346306921
3.135	4.946204693722727	0.8090143174652401
3.145	4.941136591025562	0.8448855119656794
3.155	4.935263103942846	0.857187160800124
3.165	4.928587356980005	0.8384762495477335
3.175	4.9211128975121845	0.8371323719439706
3.185	4.912843693809958	0.828035354318499
3.195	4.903784132816538	0.8341344911355766
3.205	4.893939017677759	0.8120121982736341
3.215	4.883313565026242	0.8391998759497596
3.225	4.871913402021319	0.838579624748023
3.235	4.8597445631464415	0.8263813511138678
3.245	4.846813486765912	0.8538791543908616
3.255	4.8331270114429845	0.8310332351268931
3.265	4.818692372021482	0.8249340983098155
3.275	4.803517195473232	0.8276218535173412
3.285	4.787609496513772	0.8229699695043159
3.295	4.770977672988933	0.8310332351268931
3.305	4.753630501034996	0.8224530935028687
3.315	4.735577130015335	0.8401302527523647
3.325	4.716827077236528	0.8107716958701607
3.335	4.697390222447084	0.7994004238383212
3.345	4.677276802122073	0.7973329198325322
3.355	4.656497403537049	0.7978497958339794
3.365	4.6350629586348315	0.8000206750400579
3.375	4.612984737688782	0.7992970486380317
3.385	4.5902743427663735	0.7886494030082183
3.395	4.566943700996989	0.7844110197963509
3.405	4.543005057647938	0.7887527782085078
3.415	4.518470969012896	0.7702486173566961
3.425	4.493354295116981	0.7458520700883858
3.435	4.467668192242861	0.7880291518064816
3.445	4.441426105282428	0.7700418669561172
3.455	4.41464175991855	0.7674574869488809
3.465	4.387329154641674	0.752778208507779
3.475	4.359502552606043	0.7493668268982271
3.485	4.3311764733304425	0.7577402181216726
3.495	4.302365684248459	0.7200082700160232
3.505	4.273085192113371	0.7357213004600196
3.515	4.243350234262788	0.7281749108388897
3.525	4.213176269748388	0.7249702796299168
3.535	4.182578970336007	0.721352147619786
3.545	4.15157421138159	0.6948880963456867
3.555	4.120178062588446	0.6912699643355559
3.565	4.08840677865142	0.6703881738770869
3.575	4.056276789793601	0.6847573267173205
3.585	4.023804692201304	0.6885822091280301
3.595	3.99100723836307	0.6883754587274513
3.605	3.957901327318557	0.674316431488086
3.615	3.9245039948231533	0.6702847986767975
3.625	3.89083240343431	0.6740063058872177
3.635	3.8569038325255605	0.692200341138161
3.645	3.8227356682342233	0.6930273427404766
3.655	3.788345393348947	0.7008838579624748
3.665	3.7537505771430997	0.7084302475836047
3.675	3.7189688651602295	0.68486070191761
3.685	3.6840179689577535	0.7031581123688427
3.695	3.6489156558150304	0.7161833876053135
3.705	3.6136797384120847	0.7086369979841836
3.715	3.5783280644852105	0.6878585827260041
3.725	3.5428785064656774	0.6882720835271618
3.735	3.507348951107858	0.6941644699436605
3.745	3.471757289112977	0.7137023827983666
3.755	3.4361214047548145	0.6874450819248462
3.765	3.40045916551359	0.6986096035561069
3.775	3.3647884117243323	0.7037783635705794
3.785	3.329126946245946	0.6870315811236885
3.795	3.2934925241572595	0.7287951620406264
3.805	3.257902842486238	0.7198015196154443
3.815	3.222375529978632	0.7006771075618959
3.825	3.1869281369121576	0.6933374683413449
3.835	3.151578124962438	0.6859978291207939
3.845	3.1163428571267815	0.7074998707809996
3.855	3.0812395877118934	0.6842404507158732
3.865	3.046285452391584	0.6996433555590014
3.875	3.0114974583404526	0.6757636842921383
3.885	2.9768924744494925	0.7145293844006823
3.895	2.942487221629578	0.6851708275184784
3.905	2.9082982632086147	0.678658189900243
3.915	2.874341995428193	0.7040884891714477
3.925	2.8406346380454632	0.6903395875329509
3.935	2.807192225045871	0.6834134491135576
3.945	2.7740305954724103	0.6935442187419238
3.955	2.741165384376862	0.7073964955807102
3.965	2.7086120138985006	0.697265725952344
3.975	2.6763856844756226	0.6950948467462655
3.985	2.644501366195208	0.6683206698712979
3.995	2.612973790285894	0.6749366826898228
4.005	2.5818174407594103	0.6872383315242673
4.015	2.551046546205443	0.6822763219103737
4.025	2.5206750717449378	0.6850674523181889
4.035	2.490716711146595	0.6728691786840337
4.045	2.461184879111344	0.6580865250426423
4.055	2.4320927037293942	0.6734894298857704
4.065	2.403453019114392	0.6524008890267224
4.075	2.3752783582191035	0.6510570114229597
4.085	2.3475809458369152	0.6598439034475629
4.095	2.320372691793323	0.6708016746782447
4.105	2.2936651843315223	0.6351372305783842
4.115	2.2674696836960004	0.6602574042487207
4.125	2.241797115917965	0.6271773401560966
4.135	2.216658066806353	0.6381351113867784
4.145	2.1920627761479325	0.6150824417222308
4.155	2.168021132119998	0.6197343257352561
4.165	2.1445426659189417	0.6212849537395979
4.175	2.121636546607883	0.6154959425233887
4.185	2.0993115761864343	0.6247997105494392
4.195	2.077576184885476	0.6138419393187574
4.205	2.0564384266897373	0.632346100170569
4.215	2.035905975090795	0.5916162712565256
4.225	2.015986119073	0.5997829120793922
4.235	1.9966857593346687	0.6115676849123896
4.245	1.9780114047467339	0.615806068124257
4.255	1.9599691690509087	0.595854654468393
4.265	1.9425647677992914	0.5962681552695508
4.275	1.9258035155371485	0.5919263968573939
4.285	1.9096903232304965	0.614875691321652
4.295	1.8942296959399263	0.601126789683155
4.305	1.8794257307419988	0.6082596785031271
4.315	1.8652821148993481	0.5920297720576834
4.325	1.8518021242805132	0.5874812632449475
4.335	1.8389886220303076	0.5976120328733137
4.345	1.8268440574914722	0.5980255336744715
4.355	1.815370465378109	0.6007132888819972
4.365	1.8045694652013098	0.6017470408848917
4.375	1.7944422609471777	0.5799348736238177
4.385	1.7849896410073458	0.5862407608414741
4.395	1.7762119783619015	0.5925466480591306
4.405	1.7681092310144675	0.6219052049413346
4.415	1.7606809426790782	0.6113609345118106
4.425	1.7539262437182659	0.5900656432521838
4.435	1.747843852331697	0.5898588928516049
4.445	1.7424320759944811	0.6018504160851812
4.455	1.7376888131441517	0.5881015144466842
4.465	1.733611555115162	0.6145655657207836
4.475	1.7301973883195791	0.5966816560707087
4.485	1.7274429966725227	0.6114643097121001
4.495	1.7253446642607293	0.5951310280663669
4.505	1.7238982782524856	0.6179769473303355
4.515	1.7230993320470145	0.621078203339019
4.525	1.722942928661269	0.6361709825812788
4.535	1.7234237843519242	0.6212849537395979
4.545	1.7245362324702282	0.6142554401199153
4.555	1.7262742275472194	0.6119811857135473
4.565	1.7286313496066819	0.614668940921073
4.575	1.7316008087030794	0.621078203339019
4.585	1.7351754496815532	0.6338967281749108
4.595	1.739347757156947	0.6233524577453868
4.605	0.9023306481533875	0.2920349408176978
4.615	0.9082257101495257	0.27218690236212334
4.625	0.9146937841133833	0.28407505039541014
4.635	0.9217259677955272	0.2797332919832532
4.645	0.9293130267810705	0.28345479919367345
4.655	0.9374454007116517	0.2791130407815165
4.665	0.946113209701523	0.28107716958701606
4.675	0.9553062609437133	0.3044399648524319
4.685	0.9650140555020723	0.2925518168191451
4.695	0.9752257952849401	0.3103323512689306
4.705	0.985930390196037	0.30475009045330026
4.715	0.9971164654580962	0.30102858324288
4.725	1.0087723691046127	0.31270998087558793
4.735	1.0208861796350246	0.30909184886545715
4.745	1.0334457138285098	0.3105391016695095
4.755	1.0464385347115197	0.3220137489016385
4.765	1.0598519596740374	0.3235643769059803
4.775	1.073673068729492	0.3234610017056908
4.785	1.08788871291315	0.33390189693492534
4.795	1.1024855228137582	0.3444461673644493
4.805	1.1174499172330798	0.3465136713702383
4.815	1.1327681119679234	0.3308006409262418
4.825	1.148426128709199	0.327182508916111
4.835	1.164409804052429	0.33762340414534553
4.845	1.1807047986141175	0.35933219620613016
4.855	1.1972966062482846	0.35013180338036903
4.865	1.2141705633574182	0.35643769059802555
4.875	1.2313118582920808	0.3602625730087352
4.885	1.2487055408332892	0.37308109784462706
4.895	1.266336531751783	0.3858996226805189
4.905	1.284189632438251	0.3772161058562051
4.915	1.3022495345985217	0.3793869850622836
4.925	1.3205008300076955	0.37246084664289036
4.935	1.3389280203171887	0.4071949139401458
4.945	1.3575155269085677	0.39882152271670024
4.955	1.3762477007881024	0.3846591202770455
4.965	1.3951088325158794	0.42786995399803585
4.975	1.414083162163343	0.4041970331317517
4.985	1.4331548892930877	0.41887631157285365
4.995	1.4523081829547282	0.4304543340052721
5.005	1.4715271916906727	0.42766320359745696
5.015	1.4907960535456015	0.43831084922727037
5.025	1.5100989060734629	0.458882514084871
5.035	1.5294198963358305	0.46870315811236885
5.045	1.5487431908854186	0.4666356541065798
5.055	1.5680529857286043	0.4731482917248152
5.065	1.58733351626083	0.47769680053755104
5.075	1.6065690671687263	0.46932340931410554
5.085	1.625743982292896	0.4738719181268414
5.095	1.6448426744452496	0.48358918695404973
5.105	1.6638496351748462	0.5153253734429111
5.115	1.6827494444762974	0.497648214193415
5.125	1.7015267804346632	0.5157388742440688
5.135	1.7201664288009952	0.5215278854602781
5.145	1.7386532924925977	0.5182198790510156
5.155	1.756972401012217	0.5058148550162815
5.165	1.7751089197803278	0.5292810254819869
5.175	1.793048159374837	0.5415826743164315
5.185	1.8107755846725413	0.5612239623714271
5.195	1.8282768238867073	0.5500594407401664
5.205	1.8455376774952676	0.5714581072000827
5.215	1.862544127054196	0.5839665064351062
5.225	1.8792823438906212	0.5918230216571044
5.235	1.8957386976704096	0.5841732568356851
5.245	1.911899764834989	0.6114643097121001
5.255	1.9277523369022536	0.6353439809789632
5.265	1.9432834286264944	0.6072259265002325
5.275	1.9584802860124029	0.644957874605882
5.285	1.9733303941782547	0.6236625833462552
5.295	1.9878214850635236	0.6407194913940146
5.305	2.0019415449762095	0.6620147826536414
5.315	2.0156788219753348	0.6559156458365638
5.325	2.029021833084125	0.6841370755155838
5.335	2.041959371329512	0.6688375458727451
5.345	2.054480512603709	0.6898227115315035
5.355	2.0665746223437025	0.6938543443427921
5.365	2.0782313620246575	0.7039851139711584
5.375	2.0894406954633022	0.7095673747867887
5.385	2.100192894927536	0.7239365276270223
5.395	2.1104785470485665	0.7244534036284695
5.405	2.1202885585320375	0.7239365276270223
5.415	2.1296141616647617	0.725487155631364
5.425	2.1384469196137452	0.7608414741303561
5.435	2.146778731514358	0.7648731069416447
5.445	2.1546018373446287	0.780999638186799
5.455	2.1619088225827925	0.7803793869850623
5.465	2.1686926226453105	0.7896831550111129
5.475	2.174946527102784	0.8005375510415051
5.485	2.1806641836712686	0.7811030133870884
5.495	2.1858396019766544	0.799813924639479
5.505	2.1904671570899525	0.8084974414637929
5.515	2.194541592831408	0.815630330283765
5.525	2.1980580248415635	0.8270016023156045
5.535	2.2010119434175057	0.8384762495477335
5.545	2.2033992161127025	0.8123223238745025
5.555	2.2052160900989604	0.840440378353233
5.565	2.206459194289193	0.8536724039902828
5.575	2.2071255412198587	0.8442652607639427
5.585	2.20721252869203	0.87300356644441
5.595	2.2067179411702633	0.8712461880394893
5.605	2.205639950938546	0.8585310384038869
5.615	2.2039771190127704	0.8452990127668373
5.625	2.201728395809333	0.8510880239830465
5.635	2.1988931215696077	0.8578074120018607
5.645	2.1954710265401944	0.8450922623662583
5.655	2.1914622309089964	0.8306197343257352
5.665	2.1868672444973334	0.832377112730656
5.675	2.1816869662084457	0.8281387295187884
5.685	2.1759226832329066	0.8212125910993953
5.695	2.1695760700116002	0.8217294671008425
5.705	2.1626491869570685	0.8215227167002636
5.715	2.1551444789342016	0.8220395927017109
5.725	2.1470647735013895	0.8223497183025792
5.735	2.1384132789133647	0.8127358246756603
5.745	2.129193581887191	0.793404662221533
5.755	2.119409645132906	0.7651832325425131
5.765	2.109065804650556	0.7983666718354266
5.775	2.098166766795453	0.7792422597818783
5.785	2.086717605113651	0.7739701245671163
5.795	2.0747237569497634	0.7814131389879568
5.805	2.0621910198293962	0.7509174549025689
5.815	2.0491255476186447	0.7558794645164625
5.825	2.0355338464631445	0.7418204372770972
5.835	2.021422770509402	0.7154597612032874
5.845	2.0067995174112374	0.7179407660102342
5.855	1.991671623624248	0.7081201219827363
5.865	1.9760469594914367	0.7100842507882359
5.875	1.9599337241231485	0.6893058355300563
5.885	1.9433404400747327	0.6908564635343981
5.895	1.9262759478253204	0.6879619579262934
5.905	1.908749400061368	0.6892024603297668
5.915	1.8907702557686332	0.6593270274461157
5.925	1.8723482741364195	0.6453713754070398
5.935	1.8534935082780273	0.6353439809789632
5.945	1.8342162987714663	0.6470253786116711
5.955	1.8145272670246106	0.6291414689615961
5.965	1.7944373084690044	0.629348219362175
5.975	1.7739575855867686	0.6161161937251254
5.985	1.7530995207750402	0.6151858169225203
5.995	1.7318747890525241	0.6076394273013904
6.005	1.7102953106128203	0.593787150462604
6.015	1.6883732432293361	0.6088799297048638
6.025	1.6661209745165644	0.5867576368429214
6.035	1.6435511140527277	0.6000930376802605
6.045	1.6206764853688067	0.5678399751899519
6.055	1.5975101178090023	0.5562619527575334
6.065	1.5740652382678944	0.5702176047966093
6.075	1.5503552628095043	0.539411795110353
6.085	1.5263937881735963	0.5518168191450871
6.095	1.5021945831746013	0.5324856566909598
6.105	1.4777715799986777	0.5363105391016695
6.115	1.4531388654043365	0.5351734118984856
6.125	1.4283106718322964	0.5281438982788029
6.135	1.4033013684301374	0.5190468806533313
6.145	1.3781254519974797	0.5215278854602781
6.155	1.3527975378573431	0.4843128133560759
6.165	1.3273323506595571	0.49485708378559984
6.175	1.3017447151219375	0.49661446219052047
6.185	1.2760495467151087	0.5056081046157027
6.195	1.250261842296863	0.47976430454334007
6.205	1.2243966707019465	0.4720111645216313
6.215	1.1984691632931632	0.4642580244999225
6.225	1.1724945044798067	0.4564015092779242
6.235	1.1464879222093556	0.45691838527937145
6.245	1.1204646784383854	0.460019641288055
6.255	1.0944400595887163	0.45681501007908204
6.265	1.0684293669947849	0.4348994676177185
6.275	1.042447907348235	0.4364500956220603
6.285	1.016510983145694	0.42890370600093036
6.295	0.9906338831457373	0.43004083320411435
6.305	0.964831872841045	0.42063368997777434
6.315	0.9391201849516602	0.4303509588049827
6.325	0.9135140099453514	0.41101979635085545
6.335	0.8880284865909456	0.4133974259575128
6.345	0.8626786925505794	0.3976843955135163
6.355	0.8374796350167224	0.40492065953377787
6.365	0.8124462413998292	0.39696076911149014
6.375	0.787593350072394	0.40409365793146224
6.385	0.7629357011751747	0.3984080219155425
6.395	0.7384879274913834	0.37855998345996794
6.405	0.7142645453944136	0.390034630692097
6.415	0.6902799458748059	0.379490360262573
6.425	0.6665483856519723	0.38372874347444047
6.435	0.6430839783762761	0.39034475629296533
6.445	0.6199006859268092	0.3780431074585207
6.455	0.5970123098103881	0.3651212074223394
6.465	0.5744324826669687	0.3592288210058407
6.475	0.5521746598868298	0.3631570786168398
6.485	0.5302521113446668	0.36481108182147104
6.495	0.5086779132556982	0.3799038610637308
6.505	0.48746494015882424	0.36005582260815633
6.515	0.46662585703174475	0.3428955393601075
6.525	0.44617311154296146	0.345996795368791
6.535	0.4261189264453473	0.34806429937458006
6.545	0.406475292116002	0.33514239933839873
6.555	0.38725395924697725	0.33152426732826795
6.565	0.3684664316913233	0.34392929136300204
6.575	0.3501239594688692	0.3300770145242156
6.585	0.3322375319359594	0.3419651625575025
6.595	0.31481787112340376	0.3253217553109009
6.605	0.2978754252465903	0.3414482865560552
6.615	0.2814203623918239	0.31146947847211454
6.625	0.26546256438263605	0.3240812529074275
6.635	0.25001162082983663	0.3270791337158216
6.645	0.2350768233688978	0.3305938905256629
6.655	0.22066716008814424	0.33111076652711013
6.665	0.20679131015112207	0.31911924329353386
6.675	0.19345763861635712	0.3200496200961389
6.685	0.18067419145763797	0.3247015041091642
6.695	0.16844869078779467	0.2975138264330387
6.705	0.15678853028880146	0.3064040936579315
6.715	0.1457007708509379	0.31291673127616687
6.725	0.1351921364236155	0.31777536568977105
6.735	0.12526901008025026	0.31064247686979896
6.745	0.11593743029956638	0.3076445960614049
6.755	0.10720308746545681	0.31395048327906133
6.765	0.09907132058744494	0.3264588825140849
6.775	0.09154711424364947	0.3065074688582209
6.785	0.08463509574799755	0.31188297927327235
6.795	0.0783395325432874	0.3067142192587998
6.805	0.07266432982156656	0.2954463224272497
6.815	0.06761302837317418	0.3142606088799297
6.825	0.06318880266556892	0.31901586809324445
6.835	0.05939445915300867	0.2919315656174084
6.845	0.05623243481797191	0.30774797126169434
6.855	0.053704795945008765	0.3051635912544581
6.865	0.0518132371276705	0.30309608724866904
6.875	0.05055908050889979	0.3064040936579315
6.885	0.049943275255219355	0.30350958804982686
6.895	0.04996639726482499	0.29389569442290797
6.905	0.05062864910962128	0.29772057683361763
6.915	0.05192986021099966	0.3148808600816664
6.925	0.05386948724909457	0.3034062128495374
6.935	0.056446614805067075	0.2967902000310126
6.945	0.05965995623578513	0.29947795523853826
6.955	0.0635078547802248	0.29906445443738044
6.965	0.06798828489663977	0.2806636687858583
6.975	0.0730988538295061	0.30123533364345895
6.985	0.07883680340504462	0.30350958804982686
6.995	0.0851990120540238	0.30020158164056443
7.005	0.09218199706034547	0.29844420323564375
7.015	0.09978191703383166	0.2946193208249341
7.025	0.10799457460546602	0.3029927120483796
7.035	0.11681541934316719	0.28872693440843544
7.045	0.12623955088613403	0.298030702434486
7.055	0.1362617222955329	0.2814906703881739
7.065	0.14687634361927193	0.2889336848090143
7.075	0.15807748566840196	0.30185558484519565
7.085	0.16985888400261473	0.30009820644027496
7.095	0.18221394312210482	0.31074585207008837
7.105	0.1951357408629919	0.30909184886545715
7.115	0.20861703299334167	0.2950328216260919
7.125	0.2226502580067269	0.3082648472631416
7.135	0.23722754211010377	0.29896107923709103
7.145	0.2523407044026924	0.3064040936579315
7.155	0.2679812622424369	0.3138471080787719
7.165	0.2841404367964513	0.3094019744663255
7.175	0.3008091587718247	0.3203597456970073
7.185	0.3179780743229754	0.3425854137592392
7.195	0.3356375511316543	0.31963611929498115
7.205	0.35377768465563086	0.3253217553109009
7.215	0.3723883045419094	0.33524577453868815
7.225	0.39145898120033706	0.34589342016850155
7.235	0.410979032533223	0.32335762650540134
7.245	0.4309375308166268	0.3510621801829741
7.255	0.4513233097287994	0.3608828242104719
7.265	0.4721249715211888	0.35219930738615807
7.275	0.4933308943273347	0.3527161833876053
7.285	0.5149292396049283	0.35292293378818423
7.295	0.5369079597061628	0.36015919780844574
7.305	0.5592548055714499	0.3686359642321807
7.315	0.5819573345415883	0.375355352250995
7.325	0.6050029182832084	0.36873933943247017
7.335	0.6283787508224548	0.3686359642321807
7.345	0.6520718566816708	0.37297772264433765
7.355	0.676069099113827	0.36997984183594357
7.365	0.7003571884293662	0.38610637308109785
7.375	0.7249226904101413	0.3827983666718354
7.385	0.74975203480496	0.3880705018865974
7.395	0.7748315239013017	0.399441773918437
7.405	0.800147341167669	0.40874554194448753
7.415	0.8256855599610491	0.41515480436243346
7.425	0.851432152293861	0.4240450715873262
7.435	0.8773729976547351	0.4424458572388484
7.445	0.9034938918775484	0.42373494598645783
7.455	0.9297805560529198	0.44234248203855897
7.465	0.9562186454765556	0.4304543340052721
7.475	0.9827937586286464	0.4642580244999225
7.485	1.0094914461786004	0.45629813407763475
7.495	1.0362972200093408	0.47645629813407764
7.505	1.063196562255429	0.4706672869178684
7.515	1.0901749343492226	0.4974414637928361
7.525	1.117217786069266	0.48544994055925983
7.535	1.1443105645852134	0.4956840853879154
7.545	1.1714387234934733	0.5152219982426216
7.555	1.1985877318378166	0.49795833979428333
7.565	1.2257430831092448	0.5013697214038352
7.575	1.2528903042193424	0.5085026102238073
7.585	1.2800149644414969	0.4934098309815475
7.595	1.3071026843141944	0.5178063782498579
7.605	1.334139144500865	0.509122861425544
7.615	1.3611100946005412	0.513464619837701
7.625	1.3880013619038518	0.5277303974776452
7.635	1.414798860088748	0.5264898950741717
7.645	1.4414885978504648	0.5243190158680933
7.655	1.4680566874602907	0.5525404455471132
7.665	1.4944893532476966	0.5679433503902414
7.675	1.520772940000542	0.5426164263193259
7.685	1.5468939212779769	0.577040368015713
7.695	1.5728389076308515	0.5631880911769267
7.705	1.5985946547244625	0.5935804000620252
7.715	1.6241480713585212	0.5818990024293172
7.725	1.6494862273792608	0.6211815785393084
7.735	1.6745963614788077	0.6267638393549387
7.745	1.6994658888768348	0.6136351889181785
7.755	1.7240824088797237	0.6251098361503076
7.765	1.7484337123125382	0.6295549697627539
7.775	1.7725077888190959	0.6291414689615961
7.785	1.7962928340256183	0.6689409210730346
7.795	1.8197772565635066	0.6753501834909805
7.805	1.8429496849468463	0.6895125859306352
7.815	1.8657989743003407	0.6935442187419238
7.825	1.888314212933564	0.6979893523543702
7.835	1.9104847287573812	0.6887889595286091
7.845	1.9323000955386087	0.7227994004238383
7.855	1.9537501389890235	0.7233162764252856
7.865	1.9748249426849869	0.7150462604021295
7.875	1.995514853814024	0.7347909236574146
7.885	2.015810488744801	0.736031426060888
7.895	2.0357027384171418	0.7625988525352768
7.905	2.0551827735487214	0.7501938285005427
7.915	2.074242049655294	0.7357213004600196
7.925	2.092872311881401	0.732826794851915
7.935	2.1110655996386036	0.7888561534087972
7.945	2.1288142510484356	0.752778208507779
7.955	2.1461109071874165	0.7619786013335401
7.965	2.162948516131565	0.7756241277717476
7.975	2.1793203367979705	0.7694216157543805
7.985	2.1952199425811614	0.7782085077789839
7.995	2.210641224782102	0.7948519150255854
8.005	2.225578395827819	0.7767612549749315
8.015	2.2400259922797296	0.7711789941593011
8.025	2.2539788776289678	0.7724194965627746
8.035	2.2674322448770914	0.798883547836874
8.045	2.280381618900674	0.7803793869850623
8.055	2.292822858598497	0.7812063885873779
8.065	2.3047521588201167	0.7971261694319532
8.075	2.3161660520747778	0.792474285418928
8.085	2.32706141001977	0.7898899054116917
8.095	2.337435444727461	0.7786220085801416
8.105	2.3472857097303943	0.7759342533726159
8.115	2.356610100843973	0.7567064661187781
8.125	2.3654068567664024	0.7856515221998243
8.135	2.373674559455703	0.8003308006409262
8.145	2.3814121342837504	0.796609293430506
8.155	2.388618849967457	0.7641494805396185
8.165	2.395294318277324	0.7660102341448286
8.175	2.4014384935237505	0.763322478937303
8.185	2.4070516718216646	0.7461621956892541
8.195	2.4121344901341084	0.7351010492582829
8.205	2.416687925095631	0.747506073293017
8.215	2.420713291616426	0.7480229492944642
8.225	2.4242122412683282	0.7519512069054634
8.235	2.4271867604539006	0.7310694164469944
8.245	2.42963916836001	0.7405799348736238
8.255	2.431572114697392	0.7237297772264434
8.265	2.4329885772278668	0.703468237969711
8.275	2.4338918590810135	0.7061559931772368
8.285	2.434285585862214	0.6884788339277408
8.295	2.4341737025541432	0.6886855843283196
8.305	2.433560470213897	0.6635654106579831
8.315	2.43245046246807	0.691063213934977
8.325	2.4308485618082702	0.6565358970383005
8.335	2.428759955689627	0.6512637618235385
8.345	2.42619013243502	0.6409262417945935
8.355	2.4231448769478483	0.6372047345841733
8.365	2.4196302662363163	0.6264537137540704
8.375	2.4156526647522947	0.6031942936889441
8.385	2.411218719547974	0.6006099136817078
8.395	2.406335355253602	0.5872745128443686
8.405	2.401009768879757	0.570837855998346
8.415	2.3952494244476585	0.5778673696180286
8.425	2.3890620474512145	0.5674264743887941
8.435	2.382455619154528	0.5642218431798212
8.445	2.3754383707287174	0.5640150927792422
8.455	2.36801877723205	0.5422029255181682
8.465	2.3602055514374163	0.5276270222773557
8.475	2.3520076375113317	0.5127409934356748
8.485	2.343434204548696	0.5256628934718561
8.495	2.3344946399676907	0.5096397374269913
8.505	2.3251985427691984	0.497648214193415
8.515	2.3155557166653287	0.511190365431333
8.525	2.93121346831433	0.8964697369101152
8.535	2.9203559968535773	0.8729001912441205
8.545	2.909182365309549	0.845712513567995
8.555	2.897703125068619	0.8232800951051843
8.565	2.8859289960709074	0.81656070708637
8.575	2.8738708592526185	0.7995037990386107
8.585	2.8615397488912286	0.7756241277717476
8.595	2.848946844858668	0.7306559156458365
8.605	2.8361034647875907	0.7457486948880964
8.615	2.8230210561560125	0.6956117227477128
8.625	2.8097111882955264	0.7251770300304957
8.635	2.7961855443284214	0.6499198842197756
8.645	2.782455913039062	0.6453713754070398
8.655	2.7685341806848998	0.6362743577815682
8.665	2.7544323227525824	0.6010234144828656
8.675	2.740162395664577	0.5922365224582623
8.685	2.7257365284418524	0.5929601488602885
8.695	2.71116691432808	0.5636015919780845
8.705	2.6964658023809545	0.5491290639375613
8.715	2.681645489036148	0.5193570062541997
8.725	2.666718309649529	0.4962009613893627
8.735	2.6516966300231553	0.49475370858531037
8.745	2.636592837920724	0.4916524525766269
8.755	2.621419334578015	0.5222515118623042
8.765	2.606188526213995	0.4867938181630227
8.775	2.590912815548089	0.5031270998087559
8.785	2.5756045933293197	0.49919884219775673
8.795	2.5602762298828456	0.5075722334212023
8.805	2.5449400666794366	0.5097431126272807
8.815	2.5296084079335395	0.5178063782498579
8.825	2.5142935122353554	0.5146017470408849
8.835	2.499007584222523	0.5182198790510156
8.845	2.4837627662968544	0.5536775727502972
8.855	2.468571130391578	0.5406522975138265
8.865	2.4534446697944956	0.5445805551248255
8.875	2.4383952910324616	0.5487155631364036
8.885	2.4234348058225033	0.5535741975500078
8.895	2.4085749230948403	0.5337261590944332
8.905	2.393827241093119	0.5618442135731638
8.915	2.3792032395569973	0.5544011991523233
8.925	2.3647142719922067	0.5709412311986355
8.935	2.3503715580332276	0.5824158784307645
8.945	2.3361861759035305	0.5842766320359746
8.955	2.3221690549783682	0.5954411536672353
8.965	2.308330968454982	0.5883082648472632
8.975	2.2946825261350483	0.6029875432883651
8.985	2.2812341673240892	0.5975086576730242
8.995	2.267996153852494	0.6036077944901018
9.005	2.254978563222762	0.6147723161213625
9.015	2.2421912818874086	0.6112575593115211
9.025	2.229643998662004	0.6328629761720164
9.035	2.2173461982775935	0.6330697265725952
9.045	2.205307155076779	0.6317258489688323
9.055	2.193535926857554	0.6433038714012509
9.065	2.182041348868952	0.6569493978394583
9.075	2.170832027962421	0.6644957874605882
9.085	2.1599163369027496	0.6457848762081977
9.095	2.149302408842291	0.6809324443066108
9.105	2.1389981319620763	0.6756603090918488
9.115	2.129011144283342	0.6818628211092159
9.125	2.1193488286528455	0.6873417067245567
9.135	2.1100183079052637	0.7241432780276011
9.145	2.1010264402058385	0.7031581123688427
9.155	2.092379814576293	0.708740373184473
9.165	2.0840847466069627	0.742233938078255
9.175	2.076147274357942	0.7555693389155942
9.185	2.0685731544518946	0.7449216932857807
9.195	2.0613678583611192	0.7315862924484416
9.205	2.054536568891259	0.7528815837080685
9.215	2.048084176863976	0.791543908616323
9.225	2.0420152780007177	0.7841008941954825
9.235	2.0363341700096482	0.7997105494391895
9.245	2.031044849877609	0.8022949294464258
9.255	2.0261510113688854	0.8256577247118416
9.265	2.021656042732411	0.8348581175376028
9.275	2.0175630246188705	0.8490205199772575
9.285	2.013874728209098	0.82596785031271
9.295	2.0105936135549447	0.7980565462345584
9.305	2.007721828133711	0.7926810358195069
9.315	2.005261205617065	0.7812063885873779
9.325	2.003213264855245	0.7838941437949036
9.335	2.0015792090772013	0.7586705949242777
9.345	2.000359925307179	0.7468858220912803
9.355	1.9995559839981065	0.7529849589083579
9.365	1.9991676388820299	0.7423373132785445
9.375	1.9991948270376565	0.7262107820333902
9.385	1.9996371691749617	0.7680777381506176
9.395	2.000493970136647	0.7447149428852018
9.405	2.0017642196161143	0.7669406109474337
9.415	2.0034465930914496	0.733963922055099
9.425	2.005539452974813	0.7671473613480126
9.435	2.0080408499764446	0.7596009717268827
9.445	2.0109485246823806	0.7554659637153047
9.455	2.014259909344827	0.7643562309401974
9.465	2.0179721298840008	0.7720059957616168
9.475	2.0220820081001025	0.7750038765700109
9.485	2.0265860640939586	0.7647697317413552
9.495	2.031480518894717	0.7951620406264537
9.505	2.036761297292867	0.7763477541737737
9.515	2.0424240308766834	0.798676797436295
9.525	2.048464061270119	0.8053961854551093
9.535	2.054876443569954	0.8215227167002636
9.545	2.0616559499799783	0.8219362175014214
9.555	2.0687970736397565	0.8287589807205251
9.565	2.0762940326454706	0.8784824520597508
9.575	2.0841407742601716	0.8905773504936165
9.585	2.0923309793106526	0.8685584328319637
9.595	2.1008580667680348	0.8883030960872487
9.605	2.1097151985090528	0.9319274306093968
9.615	2.1188952842548714	0.9234506641856619
9.625	2.128390986684165	0.936786065023001
9.635	2.1381947267171135	0.942058200237763
9.645	2.148298688966775	0.9901276683723574
9.655	2.1586948273542657	0.9866129115625162
9.665	2.1693748708840177	0.999431436398408
9.675	2.1803303295752983	0.9949863027859617
9.685	2.191552500546068	1.006771075618959
9.695	2.2030324742451626	1.0459502765286608
9.705	2.214761140828673	1.0605261797694734
9.715	2.2267291966762857	1.0821315966299685
9.725	2.238927151043299	1.093502868661808
9.735	-Inf	0.0
9.745	-Inf	0.0
9.755	-Inf	0.0
9.765	-Inf	0.0
9.775	-Inf	0.0
9.785	-Inf	0.0
9.795	-Inf	0.0
9.805	-Inf	0.0
9.815	-Inf	0.0
9.825	-Inf	0.0
9.835	-Inf	0.0
9.845	-Inf	0.0
9.855	-Inf	0.0
9.865	-Inf	0.0
9.875	-Inf	0.0
9.885	-Inf	0.0
9.895	-Inf	0.0
9.905	-Inf	0.0
9.915	-Inf	0.0
9.925	-Inf	0.0
9.935	-Inf	0.0
9.945	-Inf	0.0
9.955	-Inf	0.0
9.965	-Inf	0.0
9.975	-Inf	0.0
9.985	-Inf	0.0
9.995	-Inf	0.0
