0.005	-Inf	0.0
0.015	-Inf	0.0
0.025	-Inf	0.0
0.035	-Inf	0.0
0.045	-Inf	0.0
0.055	-Inf	0.0
0.065	-Inf	0.0
0.075	-Inf	0.0
0.085	-Inf	0.0
0.095	-Inf	0.0
0.105	-Inf	0.0
0.115	-Inf	0.0
0.125	-Inf	0.0
0.135	-Inf	0.0
0.145	-Inf	0.0
0.155	-Inf	0.0
0.165	-Inf	0.0
0.175	-Inf	0.0
0.185	-Inf	0.0
0.195	-Inf	0.0
0.205	-Inf	0.0
0.215	-Inf	0.0
0.225	-Inf	0.0
0.235	-Inf	0.0
0.245	-Inf	0.0
0.255	-Inf	0.0
0.265	-Inf	0.0
0.275	-Inf	0.0
0.285	-Inf	0.0
0.295	-Inf	0.0
0.305	-Inf	0.0
0.315	-Inf	0.0
0.325	-Inf	0.0
0.335	-Inf	0.0
0.345	-Inf	0.0
0.355	-Inf	0.0
0.365	-Inf	0.0
0.375	-Inf	0.0
0.385	-Inf	0.0
0.395	-Inf	0.0
0.405	-Inf	0.0
0.415	-Inf	0.0
0.425	-Inf	0.0
0.435	-Inf	0.0
0.445	-Inf	0.0
0.455	-Inf	0.0
0.465	-Inf	0.0
0.475	-Inf	0.0
0.485	-Inf	0.0
0.495	-Inf	0.0
0.505	-Inf	0.0
0.515	-Inf	0.0
0.525	-Inf	0.0
0.535	-Inf	0.0
0.545	-Inf	0.0
0.555	0.829399518570396	1.1536456815228089
0.565	0.8171581405788346	1.1679623069827412
0.575	0.8044854694507557	1.1392433277667093
0.585	0.7913863274386461	1.1399291541360475
0.595	0.7778657543078811	1.0890922745088625
0.605	0.7639290051585055	1.086949067104681
0.615	0.749581548120918	1.0651740798781972
0.625	0.7348290619266016	1.0585730010733183
0.635	0.7196774333551108	1.021109735648226
0.645	0.7041327545585871	1.0112509815889912
0.655	0.6882013202651831	1.0021637821952616
0.665	0.6718896248628148	0.9861325908119841
0.675	0.6552043593647521	0.9689869315785322
0.685	0.638152408258633	0.9601569170733045
0.695	0.6207408462405497	0.9217506403903724
0.705	0.6029769348359206	0.9214934555018706
0.715	0.5848681189089591	0.870056477801515
0.725	0.566422023062574	0.8667988025471591
0.735	0.5476464479306526	0.8618265613694581
0.745	0.528549366364707	0.8213628055785117
0.755	0.5091389195169453	0.8220486319478497
0.765	0.4894234128218897	0.8127042476656184
0.775	0.46941131187873975	0.7885288681464514
0.785	0.4491112382367104	0.7620388246307682
0.795	0.4285319650856627	0.7621245529269355
0.805	0.4076824128543981	0.7382920865924374
0.815	0.38657164471903727	0.7161741861812845
0.825	0.3652088620239522	0.6989427986516653
0.835	0.34360339961782005	0.6866836522997473
0.845	0.32176472110734444	0.6665375027004413
0.855	0.2997024140313238	0.6536782582753524
0.865	0.2774261849577304	0.6338750218607155
0.875	0.25494585450655904	0.6189582983276124
0.885	0.23227135230121143	0.61089983848789
0.895	0.20941271185127386	0.590410775703915
0.905	0.18638006536953855	0.5928968962927655
0.915	0.16318363852619944	0.5538047932404953
0.925	0.13983374514318492	0.5532904234634918
0.935	0.1163407818316029	0.5316868928293423
0.945	0.09271522257536002	0.5136839506342179
0.955	0.06896761326399625	0.4997102383589547
0.965	0.045108566177854414	0.48968002770738533
0.975	0.021148754428705674	0.4749347607666167
0.985	-0.002901093640998109	0.4662762028537235
0.995	-0.027030200097066803	0.44698733621609016
1.005	-0.0512277430874839	0.4380715934146952
1.015	-0.07548286254805492	0.4395289744495386
1.025	-0.09978466593653046	0.4197257380349017
1.035	-0.12412223399192845	0.41055281034500496
1.045	-0.14848462651574224	0.3916925851882079
1.055	-0.17286088817174794	0.3836341253484855
1.065	-0.19724005430104863	0.37343245810458164
1.075	-0.22161115674904797	0.3775474163206101
1.085	-0.2459632297009816	0.3636594323415141
1.095	-0.27028531552266155	0.3483140673275747
1.105	-0.29456647060305563	0.33725511712199824
1.115	-0.318795771195357	0.3291966572822758
1.125	-0.34296231925314935	0.31402274886067094
1.135	-0.36705524825831537	0.31693751093035777
1.145	-0.39106372903731906	0.31273682441816203
1.155	-0.4149769755624885	0.30330671183976354
1.165	-0.43878425073495875	0.2947338822230376
1.175	-0.46247487214591354	0.2774167663972512
1.185	-0.4860382178127957	0.2726159818118847
1.195	-0.5094637318871514	0.26284295604881713
1.205	-0.5327409303308113	0.2704727744077032
1.215	-0.5558594065570954	0.26181421649481
1.225	-0.5788088370337814	0.24638312318470332
1.235	-0.6015789868445652	0.24312544793034746
1.245	-0.6241597152057942	0.23626718423696672
1.255	-0.6465409809352434	0.22443667936588493
1.265	-0.6687128478697755	0.21723550248783516
1.275	-0.6906654902286986	0.21389209893731204
1.285	-0.7123891979197259	0.2031760619164046
1.295	-0.7338743817844186	0.201975865770063
1.305	-0.7551115787800583	0.2008613979198886
1.315	-0.7760914570949373	0.19631779822302386
1.325	-0.7968048211940568	0.1910026438606538
1.335	-0.8172426167922944	0.1802008785435791
1.345	-0.837395935752141	0.1790006823972375
1.355	-0.8572560209031275	0.17368552803486742
1.365	-0.8768142707801284	0.16939911322650444
1.375	-0.89606224427777	0.17274251677702757
1.385	-0.9149916652182107	0.16922765663416992
1.395	-0.9335944268296147	0.17334261485019836
1.405	-0.951862596132709	0.16545561160281053
1.415	-0.9697884182328284	0.15551112924740843
1.425	-0.9873643205149424	0.15568258583974295
1.435	-1.0045829167392033	0.14856713725786042
1.445	-1.0214370110345992	0.15636841220908101
1.455	-1.0379196017883738	0.14702402792684977
1.465	-1.0540238854289257	0.14016576423346902
1.475	-1.0697432600999501	0.14008003593730176
1.485	-1.0850713292236853	0.13433624009409537
1.495	-1.1000019049511378	0.13082137995123774
1.505	-1.1145290114972735	0.12610632366203847
1.515	-1.1286468883592011	0.13227876098608116
1.525	-1.1423499934154553	0.12319156159235166
1.535	-1.1556330059045434	0.11916233167249048
1.545	-1.1684908292810083	0.12336301818468617
1.555	-1.1809185939473053	0.12233427863067907
1.565	-1.192911659859903	0.12233427863067907
1.575	-1.2044656190080383	0.12276292011151536
1.585	-1.2155762977636824	0.1222485503345118
1.595	-1.2262397591013123	0.12096262589200292
1.605	-1.2364523046861802	0.12550622558886768
1.615	-1.2462104768298408	0.12953545550872886
1.625	-1.2555110603117678	0.12053398441116663
1.635	-1.2643510840659928	0.12593486706970397
1.645	-1.2727278227317482	0.12327728988851892
1.655	-1.2806387980671983	0.12010534293033033
1.665	-1.288081780225414	0.12576341047736944
1.675	-1.2950547888918256	0.12370593136935522
1.685	-1.3015560942824742	0.12824953106621997
1.695	-1.307584218002464	0.1212198107805047
1.705	-1.3131379337640914	0.12962118380489612
1.715	-1.318216267964221	0.12293437670384988
1.725	-1.3228185001205515	0.1290210857317253
1.735	-1.3269441631665067	0.13116429313590677
1.745	-1.3305930436045563	0.11624756960280365
1.755	-1.3337651815178686	0.11796213552614884
1.765	-1.3364608704402756	0.1254204972927004
1.775	-1.338680657084605	0.11401863390245491
1.785	-1.3404253409295332	0.123963116257857
1.795	-1.3416959736651843	0.11959097315332677
1.805	-1.3424938584977846	0.12850671595472174
1.815	-1.3428205493137708	0.12610632366203847
1.825	-1.3426778497038332	0.12473467092336234
1.835	-1.3420678118474392	0.12636350855054027
1.845	-1.3409927352584923	0.12610632366203847
1.855	-1.339455165392849	0.1260205953658712
1.865	-1.3374578921184854	0.1267064217352093
1.875	-1.3350039480492164	0.12662069343904203
1.885	-1.3320966067429163	0.12533476899653315
1.895	-1.328739380765299	0.1338218703170918
1.905	-1.3249360196203686	0.13236448928224842
1.915	-1.320690507548761	0.13442196839026263
1.925	-1.3160070611952335	0.1338218703170918
1.935	-1.3108901271466773	0.130907108247405
1.945	-1.3053443793420798	0.13690808897911316
1.955	-1.2993747163559388	0.13562216453660428
1.965	-1.2929862585567247	0.13519352305576796
1.975	-1.2861843451420274	0.1372510021637822
1.985	-1.278974531052138	0.14136596037981064
1.995	-1.2713625837638374	0.14033722082580352
2.005	-1.2633544799662961	0.14068013401047258
2.015	-1.2549564021209885	0.14222324334148323
2.025	-1.246174734907647	0.14093731889897435
2.035	-1.2370160615583379	0.14316625459932308
2.045	-1.2274871600817674	0.14316625459932308
2.055	-1.2175949993800597	0.14325198289549035
2.065	-1.2073467352602356	0.14445217904183197
2.075	-1.1967497063427515	0.13982285104879996
2.085	-1.1858114298694578	0.1411945037874761
2.095	-0.6236919171614352	0.25495595280142924
2.105	-0.6120673755465805	0.257184888501778
2.115	-0.6001251664527881	0.2670436425610128
2.125	-0.5878734777626389	0.26670072937634376
2.135	-0.5753206535990265	0.2594138242021267
2.145	-0.5624751895830531	0.26558626152616943
2.155	-0.5493457280096213	0.2769023966202476
2.165	-0.5359410529435464	0.27861696254359286
2.175	-0.5222700852390539	0.27561647217773877
2.185	-0.5083418774855534	0.2739019062543936
2.195	-0.4941656088826617	0.2769023966202476
2.205	-0.4797505800474194	0.2876184336411551
2.215	-0.46510620775678546	0.28110308313244337
2.225	-0.4502420196284149	0.28444648668296646
2.235	-0.4351676487428714	0.28530376964463905
2.245	-0.41989282821036444	0.2859038677178099
2.255	-0.404427385685209	0.28770416193732234
2.265	-0.38878123783117824	0.2901045542300056
2.275	-0.3729643847409919	0.29713427451572083
2.285	-0.35698690431316515	0.3006491346585785
2.295	-0.34085894658950733	0.3033924401359308
2.305	-0.3245907280565701	0.29679136133105183
2.315	-0.3081925259143243	0.31839489196520115
2.325	-0.2916746723154431	0.3075073983519592
2.335	-0.27504754857850544	0.32816791772826875
2.345	-0.258321579378493	0.31976654470387733
2.355	-0.2415072269179539	0.3194236315192083
2.365	-0.22461498508221867	0.31753760900352856
2.375	-0.20765537358206143	0.3218240238118915
2.385	-0.19063893208718063	0.32816791772826875
2.395	-0.17357621435394355	0.3439419242230444
2.405	-0.15647778235075704	0.32876801580143955
2.415	-0.1393542003844811	0.3327115174251335
2.425	-0.12221602923130492	0.3375123020105
2.435	-0.1050738202754351	0.35337203680144297
2.445	-0.08793810965903903	0.3439419242230444
2.455	-0.07081941244677548	0.34934280688158176
2.465	-0.053728216808338614	0.34497066377705154
2.475	-0.036674978222295485	0.36245923619517245
2.485	-0.019670113704651992	0.3678601188537098
2.495	-0.0027239960653947515	0.37111779410806567
2.505	0.01415305180363291	0.3855201478641652
2.515	0.030950762606245852	0.3876633552683467
2.525	0.047658930281571976	0.3808908198711332
2.535	0.06426741560258176	0.3841484951254891
2.545	0.08076615173029755	0.3807193632787987
2.555	0.09714514972047006	0.3863774308258378
2.565	0.11339450397960871	0.40900970101399425
2.575	0.1295043976671847	0.40378027494779145
2.585	0.1454651080409617	0.4032659051707879
2.595	0.16126701174238178	0.41415339878402985
2.605	0.1769005900189704	0.42126884736591236
2.615	0.19235643388082513	0.4188684550732291
2.625	0.20762524918820469	0.4199829229234035
2.635	0.2226978616673514	0.41989719462723624
2.645	0.23756522185168993	0.42186894543908315
2.655	0.25221840994558464	0.4351568313450084
2.665	0.2666486406079325	0.44613005325441757
2.675	0.28084726765284085	0.4329278956446596
2.685	0.29480578866477813	0.45796055812549935
2.695	0.3085158495255511	0.4454442268850795
2.705	0.32196924885059675	0.45907502597567373
2.715	0.33515794233207896	0.46121823337985524
2.725	0.3480740469863537	0.4574461883484958
2.735	0.36070984530341565	0.45547443753664885
2.745	0.37305778929604383	0.47630641350529285
2.755	0.385110504446345	0.47484903247044946
2.765	0.3968607935475279	0.47107698743909004
2.775	0.40830164043878736	0.49165177851923225
2.785	0.4194262136311959	0.49319488785024296
2.795	0.4302278698226465	0.49893868369344935
2.805	0.44070015729989853	0.4844506016411825
2.815	0.4508368192258545	0.49790994413944223
2.825	0.4606317968102931	0.4964525631045988
2.835	0.47007923236233506	0.4939664425157483
2.845	0.4791734722229799	0.5098261773066912
2.855	0.48790906957614455	0.5145412335958905
2.865	0.49628078713671586	0.5160843429269012
2.875	0.5042835997141488	0.5029679136133105
2.885	0.5119126966503063	0.5104262753798621
2.895	0.5191634841302277	0.5037394682788159
2.905	0.5260315873646335	0.518656191811919
2.915	0.5325128526430589	0.5273147497248122
2.925	0.5386033492565416	0.5261145535784705
2.935	0.5442993712889366	0.5327156323833495
2.945	0.5495974392759275	0.509740449010524
2.955	0.5544943017309678	0.5180560937387482
2.965	0.5589869365373903	0.5233712481011182
2.975	0.5630725522060569	0.5153127882613958
2.985	0.5667485889979897	0.5272290214286449
2.995	0.5700127199114688	0.5301437834983317
3.005	0.5728628515332239	0.5225139651394456
3.015	0.5752971247533814	0.5336586436411893
3.025	0.577313915343928	0.5276576629094812
3.035	0.5789118344005315	0.5304009683868335
3.045	0.5800897286476525	0.5272290214286449
3.055	0.5808466806069319	0.5287721307596556
3.065	0.5811820086289461	0.5223425085471112
3.075	0.581095266788525	0.5312582513485061
3.085	0.580586244643829	0.5147984184843923
3.095	0.5796549668595645	0.526286010170805
3.105	0.5783016926947184	0.5274004780209794
3.115	0.5765269153553212	0.5211423124007695
3.125	0.574331361212792	0.5196849313659261
3.135	0.5717159888885397	0.5303152400906662
3.145	0.5686819882055267	0.5199421162544279
3.155	0.5652307790076214	0.5314297079408407
3.165	0.5613640098476291	0.5227711500279474
3.175	0.5570835565449448	0.5075972416063426
3.185	0.5523915206139001	0.5153127882613958
3.195	0.5472902275639004	0.5138554072265524
3.205	0.5417822250725539	0.5192562898850898
3.215	0.5358702810330689	0.519342018181257
3.225	0.5295573814772445	0.5251715423206307
3.235	0.5228467283754981	0.5147126901882251
3.245	0.5157417373153745	0.5212280406969367
3.255	0.5082460350601556	0.509740449010524
3.265	0.5003634569891369	0.5096547207143567
3.275	0.492098044421319	0.5016819891708016
3.285	0.48345404182425145	0.5013390759861326
3.295	0.47443589390987384	0.5003103364321255
3.305	0.4650482426192477	0.49439508399658455
3.315	0.45529592399815044	0.4812786546829939
3.325	0.44518396496555157	0.4893371145227163
3.335	0.4347175799770504	0.48196448105233197
3.345	0.42390216758545796	0.47716369646696544
3.355	0.41274330690067895	0.48145011127532844
3.365	0.4012467539512139	0.47844962090947435
3.375	0.3894184379495651	0.48505069971435333
3.385	0.37726445746393766	0.46010376552968085
3.395	0.36479107649867903	0.4587321127910047
3.405	0.3520047204859069	0.4550457960558125
3.415	0.3389119721908962	0.4715913572160936
3.425	0.32551956753378075	0.44321529118473074
3.435	0.3118343913302013	0.4344710049756703
3.445	0.29786347295359716	0.44510131370041045
3.455	0.2836139819218175	0.4364427557875173
3.465	0.2690932234108607	0.43138478631364896
3.475	0.254308633698491	0.4260696319512789
3.485	0.23926777554062895	0.42341205477009386
3.495	0.22397833348333096	0.42426933773176645
3.505	0.20844810911332523	0.41552505152270597
3.515	0.19268501624998957	0.42924157890946746
3.525	0.1766970760818165	0.4113243650105103
3.535	0.16049241225029443	0.4186112701847273
3.545	0.144079245884301	0.3964933697735744
3.555	0.12746589058803637	0.39769356591991606
3.565	0.1106607473855632	0.3844914083101581
3.575	0.09367229962511137	0.3876633552683467
3.585	0.07650910784621068	0.3795191671324571
3.595	0.059179804612826015	0.3737753712892507
3.605	0.04169308931566407	0.3647739001916885
3.615	0.024057722946790094	0.37008905455405855
3.625	0.006282522849763161	0.3623735078990052
3.635	-0.011623642551511049	0.3573155384251369
3.645	-0.02965185904202583	0.3448849354808843
3.655	-0.047793171919786936	0.35534378761328994
3.665	-0.06603859131159617	0.3414558036341939
3.675	-0.08437909749728001	0.3402556074878523
3.685	-0.1028056462391449	0.3237100463275712
3.695	-0.12130917411344211	0.3420559017073647
3.705	-0.13988060384064827	0.32713917817426164
3.715	-0.15851084961131512	0.3191664466307065
3.725	-0.17719082240434791	0.31779479389203036
3.735	-0.19591143529444588	0.31067934531014785
3.745	-0.21466360874562085	0.305107006059276
3.755	-0.2334382758875263	0.3035638967282653
3.765	-0.25222638777153217	0.3029637986550945
3.775	-0.271018918603365	0.309736334052308
3.785	-0.28980687094921	0.29507679540770665
3.795	-0.30858128091218556	0.2917333918571835
3.805	-0.32733322327612985	0.28967591274916926
3.815	-0.3460538166136251	0.2706442310000377
3.825	-0.3647342283552597	0.2820460943902832
3.835	-0.3833656798171603	0.27570220047390603
3.845	-0.4019394511837709	0.27098714418470676
3.855	-0.42044688644301603	0.26850102359585626
3.865	-0.4388793982709168	0.2689296650766925
3.875	-0.457228472862797	0.2582136280557851
3.885	-0.47548567470829484	0.25847081294428687
3.895	-0.4936426513073326	0.2547844962090947
3.905	-0.5116911378243766	0.254870224505262
3.915	-0.529622961678218	0.24852633058888482
3.925	-0.5474300470646631	0.24149661030316955
3.935	-0.5651044194095095	0.2392676746028208
3.945	-0.5826382097492155	0.24484001385369267
3.955	-0.600023659036805	0.23386679194428345
3.965	-0.6172531223704751	0.23412397683278524
3.975	-0.6343190731425445	0.24123942541466775
3.985	-0.6512141071063382	0.22752289802790626
3.995	-0.6679309463587473	0.22966610543208776
4.005	-0.684462443236148	0.229751833728255
4.015	-0.7008015841215626	0.23086630157842938
4.025	-0.7169414931608526	0.22760862632407353
4.035	-0.7328754358858969	0.22126473240769634
4.045	-0.7485968227427607	0.21997880796518746
4.055	-0.7640992125228514	0.2190357967073476
4.065	-0.7793763156952055	0.21509229508365366
4.075	-0.7944219976380577	0.21792132885717322
4.085	-0.8092302817679472	0.21149170664462877
4.095	-0.8237953525646426	0.21286335938330492
4.105	-0.8381115584902685	0.21174889153313056
4.115	-0.852173414801074	0.21654967611849707
4.125	-0.8659756062503302	0.20857694457494197
4.135	-0.8795129896809624	0.20420480147041173
4.145	-0.8927805965065374	0.19640352651919113
4.155	-0.9057736350793363	0.21072015197912344
4.165	-0.918487492944295	0.1962320699268566
4.175	-0.9309177389776973	0.1952033303728495
4.185	-0.9430601254095152	0.19846100562720537
4.195	-0.9549105897284482	0.1962320699268566
4.205	-0.9664652564687221	0.19083118726831927
4.215	-0.9777204388777995	0.1988039188118744
4.225	-0.9886726404642682	0.19271720978399898
4.235	-0.9993185564251744	0.19443177570734416
4.245	-1.0096550749522195	0.18697341394079262
4.255	-1.019679278416262	0.19160274193382462
4.265	-1.0293884444296793	0.18414438016727305
4.275	-1.0387800467861799	0.18988817601047941
4.285	-1.0478517562777812	0.18345855379793496
4.295	-1.0566014413887124	0.18714487053312712
4.305	-1.0650271688660786	0.18791642519863247
4.315	-1.0731272041672137	0.18157253128225526
4.325	-1.080900011783735	0.17411416951570372
4.335	-1.0883442554423497	0.17925786728573925
4.345	-1.0954587981825745	0.18217262935542608
4.355	-1.102242702311615	0.17634310521605245
4.365	-1.108695229236671	0.17600019203138342
4.375	-1.114815839175093	0.16879901515333362
4.385	-1.1206041907428026	0.17411416951570372
4.395	-1.1260601404215396	0.17205669040768948
4.405	-1.131183741905516	0.18354428209410223
4.415	-1.1359752453281873	0.1726567884808603
4.425	-1.1404350963698593	0.17145659233451865
4.435	-1.1445639352469739	0.17522863736587807
4.445	-1.1483625955839862	0.17051358107667883
4.455	-1.1518321031687693	0.18242981424392787
4.465	-1.1549736745926173	0.1726567884808603
4.475	-1.1577887157759534	0.17865776921256846
4.485	-1.1602788203809085	0.16922765663416992
4.495	-1.162445768112029	0.1754000939582126
4.505	-1.1642915229064563	0.17274251677702757
4.515	-1.1658182310149126	0.172228147000024
4.525	-1.1670282189749812	0.18071524832058267
4.535	-1.1679239914781996	0.16837037367249733
4.545	-1.1685082291325088	0.16682726434148668
4.555	-1.1687837861217434	0.17154232063068592
4.565	-1.1687536877638376	0.1730854299616966
4.575	-1.1684211279695216	0.17548582225437986
4.585	-1.167789466603336	0.17394271292336919
4.595	-1.1668622267488353	0.17600019203138342
4.605	-1.1656430918799368	0.1802008785435791
4.615	-1.1641359029403797	0.16879901515333362
4.625	-1.1623446553333765	0.1700849395958425
4.635	-1.160273495823537	0.17419989781187095
4.645	-1.1579267193532163	0.18080097661674993
4.655	-1.1553087657755123	0.17488572418120904
4.665	-1.1524242165061296	0.1777147579547286
4.675	-1.1492777910964274	0.17574300714288163
4.685	-1.1458743437300052	0.16879901515333362
4.695	-1.1422188596451968	0.17942932387807378
4.705	-1.138316451485898	0.18414438016727305
4.715	-1.134172355583221	0.17557155055054713
4.725	-1.1297919281704671	0.18645904416378906
4.735	-1.125180641533968	0.18217262935542608
4.745	-1.1203440801023983	0.18260127083626237
4.755	-1.1152879364771402	0.19357449274567157
4.765	-1.1100180074063792	0.19511760207668224
4.775	-1.104540189705609	0.1886879798641378
4.785	-1.0988604761272494	0.18885943645647232
4.795	-1.092984951182105	0.19023108919514847
4.805	-1.086919786915448	0.18654477245995632
4.815	-1.0806712386404964	0.19974693006971425
4.825	-1.0742456406321055	0.1952033303728495
4.835	-1.0676494017834832	0.20094712621605587
4.845	-1.060889001228809	0.1992325602927107
4.855	-1.053970983934574	0.2006899413275541
4.865	-1.0469019562625692	0.20729102013243306
4.875	-1.039688581507368	0.19666071140769292
4.885	-1.032337575411233	0.20857694457494197
4.895	-1.024855701659353	0.201975865770063
4.905	-1.0172497673583059	0.21594957804532627
4.915	-1.0095266185007077	0.19828954903487084
4.925	-1.001693135418933	0.21003432560978536
4.935	-0.993756228230866	0.21346345745647574
4.945	-0.9857228322806006	0.22589406040072835
4.955	-0.9775999035769921	0.22649415847389917
4.965	-0.9693944142330299	0.21286335938330492
4.975	-0.9611133479088853	0.21492083849131915
4.985	-0.9527636952616031	0.21740695908016966
4.995	-0.9443524494042785	0.2203217211498565
5.005	-0.9358866013776592	0.22023599285368922
5.015	-0.9273731356369914	0.2187786118188458
5.025	-0.9188190255570138	0.22778008291640806
5.035	-0.9102312289579193	0.2316378562439347
5.045	-0.9016166836550958	0.2276943546202408
5.055	-0.8929823030354835	0.23258086750177456
5.065	-0.8843349716632802	0.236695825717803
5.075	-0.8756815409178011	0.2392676746028208
5.085	-0.8670288246661761	0.234381161721287
5.095	-0.8583835949736247	0.2337810636481162
5.105	-0.8497525778539613	0.24715467785020867
5.115	-0.841142449062975	0.2451829270383617
5.125	-0.8325598299372985	0.24921215695822288
5.135	-0.824011283281343	0.24912642866205562
5.145	-0.8155033093048443	0.25272701710108053
5.155	-0.807042341613498	0.24149661030316955
5.165	-0.7986347432551897	0.24141088200700228
5.175	-0.7902868028241997	0.24758331933104497
5.185	-0.7820047306258062	0.24904070036588835
5.195	-0.7737946549035857	0.2514410926585716
5.205	-0.7656626181317467	0.24921215695822288
5.215	-0.7576145733747044	0.2590709110174577
5.225	-0.7496563807161164	0.2504123531045645
5.235	-0.7417938037595485	0.2649861634529986
5.245	-0.7340325062028299	0.2616427599024755
5.255	-0.7263780484881817	0.26335732582582067
5.265	-0.718835884530105	0.2723587969233829
5.275	-0.7114113585229713	0.26069974864463563
5.285	-0.7041097018302005	0.26935830655752885
5.295	-0.6969360299568599	0.26532907663766764
5.305	-0.6898953396074694	0.27647375513941136
5.315	-0.6829925058306987	0.277673951285753
5.325	-0.6762322792526603	0.2801600718746035
5.335	-0.6696192834003413	0.2817889095017814
5.345	-0.6631580121167462	0.2805029850592725
5.355	-0.6568528270692087	0.28684687897564976
5.365	-0.6507079553522854	0.28307483394429034
5.375	-0.6447274871865663	0.29319077289202694
5.385	-0.6389153737146949	0.28470367157146825
5.395	-0.6332754248958087	0.29121902208017997
5.405	-0.6278113074995397	0.2960198066655465
5.415	-0.6225265432006757	0.2902760108223401
5.425	-0.617424506775464	0.28907581467599847
5.435	-0.6125084244005441	0.29104756548784544
5.445	-0.6077813720553484	0.3018493308049201
5.455	-0.6032462740288105	0.29481961051920486
5.465	-0.5989059015310875	0.3015064176202511
5.475	-0.5947628714109994	0.3006491346585785
5.485	-0.5908196449797564	0.3083646813136318
5.495	-0.5870785269415116	0.3086218662021336
5.505	-0.5835416644312095	0.30244942887809095
5.515	-0.5802110461600823	0.2980772857735607
5.525	-0.5770885016691505	0.30442117968993787
5.535	-0.5741757006909363	0.30279234206275996
5.545	-0.5714741526195919	0.31342265078750015
5.555	-0.5689852060895023	0.30202078739725463
5.565	-0.5667100486624541	0.2957626217770447
5.575	-0.5646497066232629	0.30450690798610514
5.585	-0.5628050448837827	0.3129940093066638
5.595	-0.5611767669951248	0.3016778742125856
5.605	-0.5597654152677871	0.31376556397216915
5.615	-0.5585713709994149	0.30879332279446814
5.625	-0.5575948548097678	0.3109365301986496
5.635	-0.5568359270824506	0.3090505076829699
5.645	-0.5562944885128359	0.31016497553314426
5.655	-0.5559702807616339	0.3028780703589272
5.665	-0.5558628872133776	0.3087075944983009
5.675	-0.5559717338391086	0.31350837908366735
5.685	-0.5562960901624827	0.30090631954708025
5.695	-0.5568350703283546	0.31350837908366735
5.705	-0.5575876342729716	0.30330671183976354
5.715	-0.5585525889947218	0.30407826650526887
5.725	-0.5597285899243951	0.3050212777631087
5.735	-0.5611141423937852	0.30193505910108737
5.745	-0.5627076032014915	0.3006491346585785
5.755	-0.5645071822746026	0.3006491346585785
5.765	-0.5665109444249652	0.30407826650526887
5.775	-0.568716811198679	0.2925906748188561
5.785	-0.5711225628173141	0.3003919497700767
5.795	-0.5737258402094199	0.29730573110805536
5.805	-0.5765241471307189	0.3083646813136318
5.815	-0.5795148523714015	0.2937051426690305
5.825	-0.5826951920488137	0.2973914594042226
5.835	-0.5860622719838743	0.29353368607669594
5.845	-0.5896130701593871	0.29481961051920486
5.855	-0.5933444392584445	0.289247271268333
5.865	-0.5972531092810631	0.3002204931777422
5.875	-0.6013356902370827	0.2860753243101444
5.885	-0.6055886749133864	0.2931050445958597
5.895	-0.6100084417134117	0.29293358800352515
5.905	-0.6145912575668797	0.27947424550526545
5.915	-0.6193332809076395	0.28307483394429034
5.925	-0.6242305647174706	0.2900188259338383
5.935	-0.6292790596336608	0.28418930179446467
5.945	-0.6344746171181027	0.27561647217773877
5.955	-0.6398129926856813	0.2805029850592725
5.965	-0.6452898491895991	0.28144599631711237
5.975	-0.6509007601613324	0.27184442714637935
5.985	-0.6566412132028251	0.27330180818122274
5.995	-0.6625066134285423	0.2637002390104897
6.005	-0.6684922869548976	0.262157129679479
6.015	-0.6745934844346564	0.27681666832408036
6.025	-0.6808053846337774	0.268758208484358
6.035	-0.6871230980481867	0.2649004351568313
6.045	-0.6935416705579748	0.2690153933728598
6.055	-0.7000560871164181	0.2738161779582263
6.065	-0.7066612754712734	0.26069974864463563
6.075	-0.7133521099157352	0.2552988659860983
6.085	-0.7201234150664653	0.26112839012547195
6.095	-0.7269699696660197	0.26121411842163916
6.105	-0.7338865104070945	0.2576135299826143
6.115	-0.7408677357758919	0.2576135299826143
6.125	-0.7479083099119606	0.2610426618293047
6.135	-0.7550028664818645	0.25289847369341506
6.145	-0.7621460125639532	0.25289847369341506
6.155	-0.7693323325416256	0.2582993563519524
6.165	-0.7765563920023417	0.25769925827878154
6.175	-0.7838127416397627	0.24295399133801296
6.185	-0.7910959211562739	0.2542701264320912
6.195	-0.7984004631632879	0.24758331933104497
6.205	-0.8057208970765977	0.24741186273871044
6.215	-0.8130517530041447	0.24801196081188126
6.225	-0.8203875656235609	0.2394391311951553
6.235	-0.827722878046786	0.23978204437982437
6.245	-0.8350522456691912	0.24226816496867487
6.255	-0.8423702400005545	0.23369533535194895
6.265	-0.8496714524752821	0.22400803788504864
6.275	-0.8569504982393078	0.2268370716585682
6.285	-0.8642020199110831	0.22477959255055396
6.295	-0.8714206913141365	0.22237920025787072
6.305	-0.8786012211786396	0.2236651247003796
6.315	-0.8857383568095312	0.2245224076620522
6.325	-0.8928268877186597	0.22272211344253975
6.335	-0.899861649218558	0.22649415847389917
6.345	-0.9068375259753954	0.21320627256797398
6.355	-0.9137494555187221	0.2253796906237248
6.365	-0.9205924317056609	0.21072015197912344
6.375	-0.9273615081372069	0.21740695908016966
6.385	-0.9340518015243698	0.2192072532996821
6.395	-0.9406584950018809	0.21260617449480315
6.405	-0.9471768413872661	0.21337772916030848
6.415	-0.953602166383111	0.2086626728711092
6.425	-0.9599298717203849	0.20917704264811277
6.435	-0.9661554382407155	0.20694810694776403
6.445	-0.9722744289155992	0.21774987226483872
6.455	-0.978282491800509	0.21457792530665012
6.465	-0.9841753629219754	0.21089160857145797
6.475	-0.9899488690957048	0.2061765522822587
6.485	-0.9955989306738962	0.2144064687143156
6.495	-1.0011215642199336	0.21089160857145797
6.505	-1.006512885108701	0.20669092205926226
6.515	-1.0117691100508184	0.1981180924425363
6.525	-1.0168865595391252	0.20214732236239752
6.535	-1.0218616602158477	0.19708935288852922
6.545	-1.0266909471588683	0.1985467339233726
6.555	-1.0313710660856459	0.2015472242892267
6.565	-1.0358987754733313	0.19597488503835483
6.575	-1.04027094859372	0.19931828858887796
6.585	-1.0444845754617402	0.20540499761675338
6.595	-1.0485367646961972	0.19426031911500966
6.605	-1.0524247452916198	0.19340303615333707
6.615	-1.0561458683000466	0.19528905866901677
6.625	-1.0596976084217185	0.19743226607319825
6.635	-1.0630775655036429	0.19177419852615912
6.645	-1.0662834659451181	0.19614634163068936
6.655	-1.0693131640093276	0.19297439467250077
6.665	-1.0721646430401965	0.2036047033972409
6.675	-1.0748360165837751	0.19091691556448653
6.685	-1.0773255294134585	0.1886879798641378
6.695	-1.0796315584584382	0.1918599268223264
6.705	-1.08175261363484	0.19666071140769292
6.715	-1.0836873385790686	0.18834506667946876
6.725	-1.0854345112829484	0.18474447824044388
6.735	-1.086993044630313	0.1897167194181449
6.745	-1.0883619868347756	0.1878306969024652
6.755	-1.0895405217784702	0.1988039188118744
6.765	-1.090527969251616	0.19700362459236195
6.775	-1.0913237850928488	0.1855160329059492
6.785	-1.091927561230301	0.18963099112197765
6.795	-1.0923390256234997	0.18440156505577482
6.805	-1.0925580421062255	0.19297439467250077
6.815	-1.0925846101305217	0.19443177570734416
6.825	-1.0924188644121129	0.19203138341466092
6.835	-1.092061074477602	0.19674643970386016
6.845	-1.0915116441138117	0.19426031911500966
6.855	-1.0907711107197677	0.19571770014985307
6.865	-1.0898401445618378	0.19743226607319825
6.875	-1.0887195479326632	0.19357449274567157
6.885	-1.0874102542145065	0.19717508118469645
6.895	-1.0859133268477958	0.19486041718818045
6.905	-1.0842299582056305	0.20351897510107367
6.915	-1.082361468375139	0.190745458972152
6.925	-1.0803093038465845	0.1979466358502018
6.935	-1.0780750361112488	0.1852588480174474
6.945	-1.0756603601691177	0.19597488503835483
6.955	-1.0730670929474857	0.19443177570734416
6.965	-1.070297171631677	0.20146149599305943
6.975	-1.067352651909093	0.20223305065856476
6.985	-1.0642357061278926	0.19443177570734416
6.995	-1.0609486213716752	0.20017557155055055
7.005	-1.0574937974515366	0.19391740593034063
7.015	-1.0538737448170086	0.19228856830316268
7.025	-1.0500910823873864	0.1956319718536858
7.035	-1.0461485353050244	0.19203138341466092
7.045	-1.0420489326122122	0.201975865770063
7.055	-1.0377952048533654	0.19906110370037616
7.065	-1.0333903816042054	0.1985467339233726
7.075	-1.028837588929751	0.1985467339233726
7.085	-1.0241400467729616	0.19708935288852922
7.095	-1.0193010662758684	0.20420480147041173
7.105	-1.0143240470351682	0.20420480147041173
7.115	-1.009212474294249	0.21337772916030848
7.125	-1.003969916073618	0.19297439467250077
7.135	-0.998600020241843	0.20900558605577826
7.145	-0.9931065115290965	0.20780538990943662
7.155	-0.987493188485406	0.21260617449480315
7.165	-0.981763920385832	0.20420480147041173
7.175	-0.9759226440847776	0.21260617449480315
7.185	-0.9699733608216426	0.22006453626135472
7.195	-0.963920132980166	0.21320627256797398
7.205	-0.9577670808037133	0.21449219701048286
7.215	-0.9515183790689125	0.21552093656448995
7.225	-0.9451782537199344	0.2139778272334793
7.235	-0.9387509784659195	0.2109773368676252
7.245	-0.9322408713438811	0.2187786118188458
7.255	-0.9256522912496067	0.22280784173870702
7.265	-0.9189896344389947	0.22400803788504864
7.275	-0.9122573310023484	0.2236651247003796
7.285	-0.9054598413140917	0.21732123078400242
7.295	-0.8986016524605119	0.22049317774219102
7.305	-0.8916872746480237	0.2264084301777319
7.315	-0.884721237594503	0.2222077436655362
7.325	-0.8777080869063407	0.22486532084672123
7.335	-0.8706523804437045	0.22863736587808065
7.345	-0.8635586846766755	0.23446689001745427
7.355	-0.8564315710348189	0.22983756202442227
7.365	-0.8492756122528277	0.24209670837634037
7.375	-0.8420953787147892	0.23575281445996316
7.385	-0.8348954347997717	0.23515271638679236
7.395	-0.8276803352312634	0.24612593829620155
7.405	-0.8204546214331203	0.2388390331219845
7.415	-0.8132228178946095	0.23600999934846495
7.425	-0.8059894285471471	0.2528127453972478
7.435	-0.7987589331553429	0.24878351547738659
7.445	-0.7915357837249134	0.23686728231013754
7.455	-0.7843244009300676	0.25015516821606276
7.465	-0.7771291705628737	0.24698322125787414
7.475	-0.7699544400072342	0.25161254925090615
7.485	-0.7628045147399302	0.25058380969689903
7.495	-0.7556836548612941	0.2567562470209417
7.505	-0.7485960716579874	0.24501147044602717
7.515	-0.7415459242003626	0.2523841039164115
7.525	-0.7345373159768728	0.25598469235543636
7.535	-0.7275742915679568	0.2547844962090947
7.545	-0.7206608333617734	0.2558989640592691
7.555	-0.7138008583142151	0.2539272132474221
7.565	-0.7069982147554935	0.2656719898223367
7.575	-0.7002566792456764	0.25855654124045413
7.585	-0.6935799534813682	0.2649861634529986
7.595	-0.6869716612559029	0.2725302535157174
7.605	-0.6804353454751558	0.262157129679479
7.615	-0.6739744652312261	0.271072872480874
7.625	-0.6675923929361085	0.26970121974219785
7.635	-0.6612924115174316	0.271072872480874
7.645	-0.6550777116783719	0.28067444165160704
7.655	-0.6489513892237111	0.2697869480383651
7.665	-0.6429164424540685	0.2807601699477743
7.675	-0.6369757696301532	0.2818746377979487
7.685	-0.631132166509017	0.2749306458084007
7.695	-0.6253883239540707	0.28616105260631164
7.705	-0.6197468256206689	0.27407336284672806
7.715	-0.614210145719013	0.27955997380143266
7.725	-0.6087806468560479	0.28770416193732234
7.735	-0.6034605779579618	0.28744697704882055
7.745	-0.5982520722748947	0.2881328034181586
7.755	-0.5931571454693887	0.2859038677178099
7.765	-0.5881776937899756	0.2949053388153721
7.775	-0.5833154923314104	0.2862467809024789
7.785	-0.5785721933828243	0.29079038059934365
7.795	-0.5739493248651186	0.2927621314111906
7.805	-0.5694482888588368	0.28701833556798423
7.815	-0.5650703602236831	0.29079038059934365
7.825	-0.5608166853107714	0.2873612487526533
7.835	-0.5566882807687049	0.293876599261365
7.845	-0.5526860324444204	0.29293358800352515
7.855	-0.5488106943797482	0.29164766356101623
7.865	-0.5450628879045274	0.2961055349617137
7.875	-0.5414431008270788	0.30219224398958916
7.885	-0.5379516867227587	0.29867738384673154
7.895	-0.5345888643212477	0.29644844814638277
7.905	-0.5313547169931705	0.2982487423658952
7.915	-0.5282491923365813	0.293876599261365
7.925	-0.5252721018637426	0.30519273435544325
7.935	-0.5224231207886341	0.3067358436864539
7.945	-0.5197017879154731	0.29481961051920486
7.955	-0.5171075056285123	0.29319077289202694
7.965	-0.5146395399833094	0.29233348993035435
7.975	-0.5122970208995707	0.29927748191990233
7.985	-0.5100789424556195	0.2932765011881942
7.995	-0.5079841632844742	0.2946481539268703
8.005	-0.5060114070714232	0.2973914594042226
8.015	-0.5041592631529552	0.29679136133105183
8.025	-0.5024261872168218	0.3015064176202511
8.035	-0.500810502102885	0.2995346668084041
8.045	-0.4993103987044479	0.2972200028118881
8.055	-0.49792393696957804	0.29516252370387386
8.065	-0.4966490470019419	0.30665011539028664
8.075	-0.49548353026056935	0.29644844814638277
8.085	-0.4944250608579081	0.2871040638641515
8.095	-0.4934711869554546	0.3067358436864539
8.105	-0.49261933225618465	0.3114508999756532
8.115	-0.4918667975929499	0.2989345687352333
8.125	-0.49121076261189817	0.2976486442927244
8.135	-0.4906482875499898	0.30090631954708025
8.145	-0.490176315105521	0.28718979216031876
8.155	-0.4897916724005807	0.29867738384673154
8.165	-0.4894910730342518	0.2903617391185074
8.175	-0.48927111922533173	0.29704854621955357
8.185	-0.4891283040432773	0.29730573110805536
8.195	-0.4890590137260093	0.30407826650526887
8.205	-0.48905953008316577	0.29653417644255003
8.215	-0.48912603298332463	0.2947338822230376
8.225	-0.4892546029236484	0.30665011539028664
8.235	-0.48944122368036796	0.2934479577805287
8.245	-0.4896817850384517	0.29644844814638277
8.255	-0.4899720855987387	0.2903617391185074
8.265	-0.49030783566078495	0.28230327927878496
8.275	-0.4906846601795985	0.28504658475613726
8.285	-0.49109810179439584	0.3009920478432475
8.295	-0.4915436239274533	0.2889900863798312
8.305	-0.49201661395108875	0.27630229854707683
8.315	-0.49251238642073525	0.28573241112547537
8.325	-0.49302618637205986	0.28907581467599847
8.335	-0.49355319267998704	0.279988615282269
8.345	-0.49408852147748944	0.28641823749481343
8.355	-0.4946272296319172	0.2837606603136284
8.365	-0.49516431827663265	0.27793113617425474
8.375	-0.4956947363956568	0.27835977765509107
8.385	-0.4962133844589981	0.2727874384042192
8.395	-0.4967151181062959	0.27415909114289533
8.405	-0.49719475187638495	0.2829033773519558
8.415	-0.4976470629803191	0.2788741474320946
8.425	-0.4980667951154083	0.2719301554425466
8.435	-0.49844866231775464	0.27210161203488115
8.445	-0.4987873528507456	0.2624143145679808
8.455	-0.4990775331269506	0.27158724225787756
8.465	-0.4993138516608304	0.2719301554425466
8.475	-0.49949094304963854	0.2717586988502121
8.485	-0.499603431979879	0.2793885172090982
8.495	-0.49964593725666673	0.2692725782613616
8.505	-0.49961307585328596	0.2805887133554398
8.515	-0.49949946697827574	0.284617943275301
8.525	-0.49929973615730805	0.28136026802094516
8.535	-0.4990085193271319	0.2757879287700733
8.545	-0.49862046693883166	0.2873612487526533
8.555	-0.49813024806765516	0.28573241112547537
8.565	-0.4975325545266386	0.2816174529094469
8.575	-0.49682210498124696	0.287275520456486
8.585	-0.4959936490622663	0.2865039657909807
8.595	-0.4950419714741464	0.2961055349617137
8.605	-0.4939618960960215	0.2876184336411551
8.615	-0.49274829007260273	0.2879613468258241
8.625	-0.4913960678921833	0.2921620333380198
8.635	-0.4899001954489408	0.29207630504185256
8.645	-0.4882556940867818	0.29481961051920486
8.655	-0.48645764462195107	0.3033924401359308
8.665	-0.48450119134162917	0.3037353533205998
8.675	-0.4823815459757843	0.29816301406972795
8.685	-0.48009399163952465	0.30364962502443255
8.695	-0.4776338867432275	0.31213672634499123
8.705	-0.4749966688677252	0.3151372167108453
8.715	-0.4721778586018798	0.3045926362822724
8.725	-0.4691730633398282	0.3088790510906354
8.735	-0.46597798103528787	0.31693751093035777
8.745	-0.46258840391026046	0.31230818293732576
8.755	-0.4590002221155476	0.3154801298955143
8.765	-0.45520942734047687	0.3171089675226923
8.775	-0.4512121163693076	0.3203666427770481
8.785	-0.44700449458177927	0.33374025697914056
8.795	-0.442582879395312	0.335540551198653
8.805	-0.437943703646415	0.3385410415645071
8.815	-0.43308351890884844	0.33211141935196264
8.825	-0.42799899874618796	0.34522784866555334
8.835	-0.4226869418964112	0.33828385667600536
8.845	-0.41714427538623106	0.35345776509761023
8.855	-0.4113680575728406	0.35422931976311556
8.865	-0.4053554811109372	0.351400285989596
8.875	-0.3991038758427603	0.3665741944112009
8.885	-0.39261071160904526	0.3697461413693895
8.895	-0.38587360097880524	0.3759185786934322
8.905	-0.37889030189587125	0.38569160445649975
8.915	-0.3716587202402332	0.3760900352857667
8.925	-0.3641769123022124	0.3808908198711332
8.935	-0.35644308716761264	0.3828625706829802
8.945	-0.3484556090119441	0.38509150638332895
8.955	-0.9095927601209229	0.22503677743905576
8.965	-0.9011207144168627	0.23129494305926568
8.975	-0.8923910602989976	0.23223795431710553
8.985	-0.8834028033655972	0.23078057328226212
8.995	-0.8741551143524371	0.23489553149829057
9.005	-0.8646473308464224	0.2417537951916713
9.015	-0.8548789588970918	0.23832466334498095
9.025	-0.8448496745246497	0.24861205888505206
9.035	-0.8345593251232033	0.24844060229271756
9.045	-0.8240079307580332	0.24844060229271756
9.055	-0.8131956853556546	0.26421460878749325
9.065	-0.8021229577856204	0.2599281939791303
9.075	-0.7907902928330215	0.26970121974219785
9.085	-0.7791984120606932	0.26910112166902705
9.095	-0.7673482145602837	0.26575771811850396
9.105	-0.7552407775912906	0.2769881249164149
9.115	-0.7428773571073888	0.26550053323000217
9.125	-0.7302593881692672	0.2963627198502155
9.135	-0.7173884852434642	0.29156193526484897
9.145	-0.7042664423865821	0.3023637005819237
9.155	-0.6908952333144341	0.29404805585369953
9.165	-0.6772770113557394	0.30965060575614073
9.175	-0.6634141092900319	0.3117080848641549
9.185	-0.6493090390695249	0.3240529595122403
9.195	-0.6349644914247556	0.32491024247391287
9.205	-0.6203833353539261	0.32576752543558546
9.215	-0.605568617495892	0.34197017341119745
9.225	-0.5905235613868347	0.3558581573902935
9.235	-0.5752515666007747	0.34265599978053557
9.245	-0.5597562077740705	0.36374516063768136
9.255	-0.5440412335142105	0.3727466317352436
9.265	-0.5281105651932341	0.3760900352857667
9.275	-0.5119682956261642	0.3713749789965674
9.285	-0.49561868763498707	0.37660440506277026
9.295	-0.479066172498722	0.40103696947043915
9.305	-0.4623153482902274	0.4137247573031935
9.315	-0.44537097810042814	0.4170681608537167
9.325	-0.42823798815079894	0.4233263264739266
9.335	-0.41092146579490274	0.43198488438681976
9.345	-0.3934266574099774	0.4321563409791543
9.355	-0.3757589661794926	0.4373000387491899
9.365	-0.35792394976783093	0.44150072526138556
9.375	-0.33992731788818725	0.46070386360285165
9.385	-0.32177492976489985	0.47879253409414335
9.395	-0.303472791491518	0.48693672223003304
9.405	-0.285027053285949	0.49130886533456325
9.415	-0.2664440066440841	0.507768698198677
9.425	-0.2477300813934128	0.5168558975924065
9.435	-0.22889184264818807	0.5292007722404919
9.445	-0.20993598766769928	0.5568910119025167
9.455	-Inf	0.0
9.465	-Inf	0.0
9.475	-Inf	0.0
9.485	-Inf	0.0
9.495	-Inf	0.0
9.505	-Inf	0.0
9.515	-Inf	0.0
9.525	-Inf	0.0
9.535	-Inf	0.0
9.545	-Inf	0.0
9.555	-Inf	0.0
9.565	-Inf	0.0
9.575	-Inf	0.0
9.585	-Inf	0.0
9.595	-Inf	0.0
9.605	-Inf	0.0
9.615	-Inf	0.0
9.625	-Inf	0.0
9.635	-Inf	0.0
9.645	-Inf	0.0
9.655	-Inf	0.0
9.665	-Inf	0.0
9.675	-Inf	0.0
9.685	-Inf	0.0
9.695	-Inf	0.0
9.705	-Inf	0.0
9.715	-Inf	0.0
9.725	-Inf	0.0
9.735	-Inf	0.0
9.745	-Inf	0.0
9.755	-Inf	0.0
9.765	-Inf	0.0
9.775	-Inf	0.0
9.785	-Inf	0.0
9.795	-Inf	0.0
9.805	-Inf	0.0
9.815	-Inf	0.0
9.825	-Inf	0.0
9.835	-Inf	0.0
9.845	-Inf	0.0
9.855	-Inf	0.0
9.865	-Inf	0.0
9.875	-Inf	0.0
9.885	-Inf	0.0
9.895	-Inf	0.0
9.905	-Inf	0.0
9.915	-Inf	0.0
9.925	-Inf	0.0
9.935	-Inf	0.0
9.945	-Inf	0.0
9.955	-Inf	0.0
9.965	-Inf	0.0
9.975	-Inf	0.0
9.985	-Inf	0.0
9.995	-Inf	0.0
