0.005	-Inf	0.0
0.015	-Inf	0.0
0.025	-Inf	0.0
0.035	-Inf	0.0
0.045	-Inf	0.0
0.055	-Inf	0.0
0.065	-Inf	0.0
0.075	-Inf	0.0
0.085	-Inf	0.0
0.095	-Inf	0.0
0.105	-Inf	0.0
0.115	-Inf	0.0
0.125	-Inf	0.0
0.135	-Inf	0.0
0.145	-Inf	0.0
0.155	-Inf	0.0
0.165	-Inf	0.0
0.175	-Inf	0.0
0.185	-Inf	0.0
0.195	-Inf	0.0
0.205	-Inf	0.0
0.215	-Inf	0.0
0.225	-Inf	0.0
0.235	-Inf	0.0
0.245	-Inf	0.0
0.255	-Inf	0.0
0.265	-Inf	0.0
0.275	-Inf	0.0
0.285	-Inf	0.0
0.295	-Inf	0.0
0.305	-Inf	0.0
0.315	-Inf	0.0
0.325	-Inf	0.0
0.335	-Inf	0.0
0.345	-Inf	0.0
0.355	-Inf	0.0
0.365	-Inf	0.0
0.375	-Inf	0.0
0.385	-Inf	0.0
0.395	-Inf	0.0
0.405	-Inf	0.0
0.415	-Inf	0.0
0.425	-Inf	0.0
0.435	-Inf	0.0
0.445	-Inf	0.0
0.455	-Inf	0.0
0.465	-Inf	0.0
0.475	-Inf	0.0
0.485	-Inf	0.0
0.495	-Inf	0.0
0.505	-Inf	0.0
0.515	-Inf	0.0
0.525	-Inf	0.0
0.535	-Inf	0.0
0.545	-Inf	0.0
0.555	-Inf	0.0
0.565	-Inf	0.0
0.575	-Inf	0.0
0.585	-Inf	0.0
0.595	-Inf	0.0
0.605	-Inf	0.0
0.615	-Inf	0.0
0.625	-2.8776123763303088	0.05790536975795555
0.635	-2.869287557400529	0.05434196238823521
0.645	-2.861296264417018	0.05622264961114317
0.655	-2.853648473995183	0.056024682535047596
0.665	-2.8463539348078357	0.052065341013136104
0.675	-2.8394221605625622	0.051570423322897165
0.685	-2.832862423134658	0.05869723806233785
0.695	-2.826683745860092	0.06265657958424935
0.705	-2.820894896992847	0.05741045206771662
0.715	-2.815504383330894	0.057707402681859976
0.725	-2.8105204440149176	0.0575094356057644
0.735	-2.805951044503829	0.056420616687238745
0.745	-2.801803870730976	0.05582671545895202
0.755	-2.798086323444832	0.06235962897010598
0.765	-2.7948055127378497	0.054143995312139634
0.775	-2.7919682527670058	0.058202320372098916
0.785	-2.789581056669493	0.057707402681859976
0.795	-2.787650131676831	0.05780638621990777
0.805	-2.7861813744305843	0.05483688007847415
0.815	-2.785180366502713	0.05919215575257679
0.825	-2.7846523701234736	0.058895205138433424
0.835	-2.7846023241196454	0.05978605698086351
0.845	-2.7850348400656935	0.06166674420377147
0.855	-2.7859541986504155	0.05760841914381219
0.865	-2.787364346261372	0.058499270986242274
0.875	-2.789268891789377	0.06087487589938917
0.885	-2.7916711036550788	0.060280974671102446
0.895	-2.7945739070595916	0.06146877712767589
0.905	-2.7979798814609613	0.05800435329600334
0.915	-2.8018912582780935	0.05780638621990777
0.925	-2.806309918823669	0.05513383069261751
0.935	-2.811237392467347	0.05800435329600334
0.945	-2.816674855030522	0.05701451791552547
0.955	-2.8226231274136078	0.0567175673013821
0.965	-2.829082674456815	0.05731146852966883
0.975	-2.8360536040351274	0.04959075256194142
0.985	-2.8435356663880946	0.054440945926283
0.995	-2.8515282536848896	0.05711350145357325
1.005	-2.8600303998248995	0.056816550839429894
1.015	-2.869040780474044	0.05543078130676087
1.025	-2.8785577133367526	0.05315415993166176
1.035	-2.888579158663485	0.05265924224142283
1.045	-2.899102719993459	0.05513383069261751
1.055	-2.910125645132135	0.0528572093175184
1.065	-2.921644827362828	0.05236229162727946
1.075	-2.933656806891692	0.05097652209461044
1.085	-2.9461577725251633	0.049887703176084784
1.095	-2.9591435635787717	0.051570423322897165
1.105	-2.9726096720161514	0.049887703176084784
1.115	-2.986551244816831	0.04602734519222108
1.125	-3.000963086571343	0.047314131186842315
1.135	-3.0158396623019605	0.04889786779560691
1.145	-3.0311751005072813	0.046819213496603375
1.155	-3.0469631964287003	0.04315682258883525
1.165	-3.0631974155366835	0.04612632873026887
1.175	-3.079870897234626	0.04147410244202287
1.185	-3.096976458777892	0.04335478966493082
1.195	-3.1145065994055776	0.042068003670309585
1.205	-3.1324535046822946	0.04167206951811844
1.215	-3.150809051047238	0.042068003670309585
1.225	-3.169564810567604	0.04028629998544942
1.235	-3.1887120558933097	0.038702563376684825
1.245	-3.2082417654098565	0.03751476092011138
1.255	-3.2281446285860103	0.03840561276254146
1.265	-3.2484110515128997	0.038603579838637034
1.275	-3.2690311626309474	0.03622797492549014
1.285	-3.289994818640997	0.03444627124062997
1.295	-3.311291610595822	0.03296151816991316
1.305	-3.3329108701681154	0.031278798023100775
1.315	-3.354841676090949	0.03315948524600874
1.325	-3.377072860766561	0.03117981448505299
1.335	-3.3995930170392397	0.02939811080019282
1.345	-3.4223905051279484	0.03335745232210431
1.355	-3.4454534597142676	0.02939811080019282
1.365	-3.4687697971810767	0.02761640711533265
1.375	-3.4923272229973534	0.028210308343619372
1.385	-3.516113239244344	0.03226863340357865
1.395	-3.5401151522782786	0.02761640711533265
1.405	-3.5643200805247095	0.027418440039237074
1.415	-3.5887149623994765	0.027022505887045925
1.425	-3.6132865643512173	0.025834703430472478
1.435	-3.6380214890202445	0.027418440039237074
1.445	-3.6629061835085874	0.027715390653380436
1.455	-4.131609410204145	0.014748547169120304
1.465	-4.151505229510468	0.016134316701789324
1.475	-4.171509310967989	0.015540415473502602
1.485	-4.191607564261588	0.01266989287011677
1.495	-4.211785786367087	0.015837366087645962
1.505	-4.232029670374412	0.011680057489638898
1.515	-4.252324814383441	0.013659728250594643
1.525	-4.272656730466825	0.01306582702230792
1.535	-4.29301085369401	0.013560744712546856
1.545	-4.313372551210695	0.012075991641830047
1.555	-4.333727131367873	0.011284123337447749
1.565	-4.3540598528946015	0.011779041027686685
1.575	-4.374355934108616	0.011482090413543323
1.585	-4.394600562158861	0.010789205647208812
1.595	-4.414778902294017	0.011185139799399961
1.605	-4.4348761071510605	0.012075991641830047
1.615	-4.4548773260578916	0.010591238571113238
1.625	-4.474767714344062	0.010393271495017663
1.635	-4.494532442653618	0.011383106875495536
1.645	-4.514156706254068	0.013164810560355707
1.655	-4.533625734335516	0.010690222109161025
1.665	-4.552924799293962	0.008908518424300854
1.675	-4.572039225992823	0.009106485500396428
1.685	-4.590954400996712	0.010591238571113238
1.695	-4.609655781771555	0.009898353804778727
1.705	-4.628128905845122	0.009205469038444216
1.715	-4.646359399922082	0.008512584272109705
1.725	-4.664332988947745	0.009304452576492003
1.735	-4.6820355051146425	0.010195304418922089
1.745	-4.6994528968061635	0.00831461719601413
1.755	-4.716571237471507	0.007027831201392896
1.765	-4.733376734426229	0.00762173242967962
1.775	-4.749855737572737	0.006928847663345109
1.785	-4.76599474803512	0.008017666581870768
1.795	-4.781780426702762	0.007522748891631833
1.805	-4.797199602677244	0.00871055134820528
1.815	-4.812239281617099	0.006334946435058385
1.825	-4.8268866539750555	0.007225798277488471
1.835	-4.841129103122467	0.007027831201392896
1.845	-4.854954213355695	0.00871055134820528
1.855	-4.868349777779313	0.007225798277488471
1.865	-4.88130380606102	0.00762173242967962
1.875	-4.893804532053311	0.007720715967727407
1.885	-4.9058404212769755	0.0054440945926283
1.895	-4.917400178261605	0.006928847663345109
1.905	-4.928472753738389	0.005543078130676087
1.915	-4.939047351680561	0.006433929973106173
1.925	-4.949113436186961	0.0067308805872495344
1.935	-4.958660738204269	0.007126814739440684
1.945	-4.967679262083599	0.005246127516532725
1.955	-4.976159291967197	0.007522748891631833
1.965	-4.984091398001137	0.008512584272109705
1.975	-4.991466442370021	0.007225798277488471
1.985	-4.998275585149754	0.007324781815536258
1.995	-5.004510289974657	0.006433929973106173
2.005	-5.01016232951523	0.007522748891631833
2.015	-5.015223790763021	0.006235962897010598
2.025	-5.019687080119223	0.0054440945926283
2.035	-5.023544928283666	0.006235962897010598
2.045	-5.02679039494107	0.006928847663345109
2.055	-5.029416873241506	0.004949176902389363
2.065	-5.0314180940721815	0.0060379958209150235
2.075	-5.032788130117774	0.006136979358962811
2.085	-5.033521399706671	0.007819699505775194
2.095	-5.033612670440634	0.007522748891631833
2.105	-5.033057062605528	0.006334946435058385
2.115	-5.0318500523608805	0.005840028744819449
2.125	-5.029987474706213	0.007522748891631833
2.135	-5.02746552622221	0.006334946435058385
2.145	-5.0242807675849175	0.005939012282867236
2.155	-5.020430125851346	0.005939012282867236
2.165	-5.015910896514973	0.005840028744819449
2.175	-5.01072074532978	0.006631897049201747
2.185	-5.004857709901645	0.006235962897010598
2.195	-4.998320201046019	0.00762173242967962
2.205	-4.991107003910976	0.007819699505775194
2.215	-4.9832172788649025	0.006829864125297322
2.225	-4.974650562148196	0.007027831201392896
2.235	-4.965406766288543	0.006433929973106173
2.245	-4.955486180279451	0.006433929973106173
2.255	-4.944889469521904	0.007423765353584045
2.265	-4.93361767552912	0.007027831201392896
2.275	-4.921672215394587	0.00871055134820528
2.285	-4.909054881023657	0.00762173242967962
2.295	-4.8957678381291725	0.007819699505775194
2.305	-4.88181362499171	0.006235962897010598
2.315	-4.867195150985227	0.006334946435058385
2.325	-4.851915694868975	0.006631897049201747
2.335	-4.835978902846786	0.007324781815536258
2.345	-4.8193887863948905	0.007720715967727407
2.355	-4.80214971985966	0.008809534886253067
2.365	-4.784266437826725	0.009106485500396428
2.375	-4.765744032263188	0.007225798277488471
2.385	-4.74658794943464	0.007225798277488471
2.395	-4.726803986598977	0.010690222109161025
2.405	-4.7063982884790825	0.008413600734061917
2.415	-4.685377343516568	0.011185139799399961
2.425	-4.66374797990898	0.007225798277488471
2.435	-4.641517361432928	0.008116650119918556
2.445	-4.618692983055808	0.007423765353584045
2.455	-4.595282666338859	0.010195304418922089
2.465	-4.57129455463449	0.011086156261352174
2.475	-4.546737108080899	0.010195304418922089
2.485	-4.521619098397155	0.010789205647208812
2.495	-4.495949603482023	0.011680057489638898
2.505	-4.469738001820012	0.009898353804778727
2.515	-4.4429939666980935	0.009700386728683152
2.525	-4.415727460236862	0.01158107395159111
2.535	-4.38794872723984	0.010393271495017663
2.545	-4.359668288864885	0.010987172723304387
2.555	-4.330896936121693	0.012471925794021196
2.565	-4.301645723199519	0.012966843484260132
2.575	-4.27192596062937	0.012075991641830047
2.585	-4.241749208285009	0.013857695326690218
2.595	-4.211127268227201	0.014649563631072516
2.605	-4.180072177395784	0.013164810560355707
2.615	-4.148596200154177	0.014649563631072516
2.625	-4.116711820691066	0.015639399011550387
2.635	-4.084431735284147	0.01623330023983711
2.645	-4.051768844430779	0.016530250853980473
2.655	-4.018736244850613	0.015738382549598175
2.665	-3.9853472213652483	0.017817036848601708
2.675	-3.9516152386600956	0.01989569114760524
2.685	-3.9175539329337155	0.01880687222907958
2.695	-3.883177103439901	0.01949975699541409
2.705	-3.848498703927935	0.018905855767127368
2.715	-3.813532833986457	0.02068755945198754
2.725	-3.7782937302964372	0.02138044421832205
2.735	-3.742795757798876	0.02138044421832205
2.745	-3.707053400782796	0.022370279598799923
2.755	-3.671081253899267	0.024745884511946818
2.765	-3.6348940131071394	0.023756049131468945
2.775	-3.598506466556309	0.030288962642622905
2.785	-3.5619334854142686	0.02613165404461584
2.795	-3.5251900146418635	0.027121489425093712
2.805	-3.48829106372405	0.02830929188166716
2.815	-3.451251697361668	0.029101160186049458
2.825	-3.4140870261300735	0.029992012028479544
2.835	-3.3768121971106524	0.028210308343619372
2.845	-3.3394423845011705	0.029497094338240607
2.855	-3.3019927802109406	0.02830929188166716
2.865	-3.264478584446846	0.03474322185477333
2.875	-3.226914996296191	0.039098497528875974
2.885	-3.189317204312396	0.03692085969182465
2.895	-3.4636112519474205	0.030288962642622905
2.905	-3.431237704763256	0.028408275419714947
2.915	-3.398875362229088	0.030783880332861842
2.925	-3.366539276887286	0.031278798023100775
2.935	-3.3342444439278274	0.03315948524600874
2.945	-3.302005791917078	0.03484220539282112
2.955	-3.2698381735712427	0.03513915600696448
2.965	-3.2377563565804013	0.03593102431134678
2.975	-3.205775014489016	0.03533712308306006
2.985	-3.1739087176387244	0.03800967861035031
2.995	-3.1421719241791792	0.03840561276254146
3.005	-3.1105789711527594	0.04028629998544942
3.015	-3.079144065658742	0.0389005304527804
3.025	-3.047881276102717	0.040781217675688354
3.035	-3.0168045235367056	0.04305783905078746
3.045	-2.9859275730956516	0.04177105305616623
3.055	-2.955264025535654	0.04414665796931312
3.065	-2.9248273088794363	0.046423279344412226
3.075	-2.8946306701743563	0.0474131147248901
3.085	-2.864687167368245	0.047710065339033464
3.095	-2.8350096613082654	0.0536490776219007
3.105	-2.805610807867947	0.054143995312139634
3.115	-2.776503050207391	0.054638913002378574
3.125	-2.7476986111716304	0.05543078130676087
3.135	-2.719209485832031	0.0552328142306653
3.145	-2.6910474341754558	0.06146877712767589
3.155	-2.6632239739459544	0.06265657958424935
3.165	-2.6357503736435013	0.06325048081253606
3.175	-2.608637645684289	0.06612100341592189
3.185	-2.581896539726998	0.061072842975484744
3.195	-2.555537536169265	0.06087487589938917
3.205	-2.529570839818562	0.06988237786173782
3.215	-2.504006373741544	0.0668138881822564
3.225	-2.4788537732957803	0.0723569663129325
3.235	-2.454122380347762	0.07176306508464576
3.245	-2.4298212376808155	0.07750411029141743
3.255	-2.4059590835966067	0.0761183407587484
3.265	-2.3825443467136114	0.07334680169341036
3.275	-2.3595851409659874	0.0778010609055608
3.285	-2.337089260805973	0.08176040242747229
3.295	-2.315064176612981	0.08740246409619616
3.305	-2.2935170303122647	0.08364108965038024
3.315	-2.2724546312060503	0.08611567810157492
3.325	-2.251883452019757	0.08611567810157492
3.335	-2.2318096251658917	0.09066892085177314
3.345	-2.21223893922802	0.08621466163962271
3.355	-2.1931768356670576	0.09314350930296782
3.365	-2.174628405752051	0.09344045991711118
3.375	-2.156598387717387	0.09858760389559612
3.385	-2.1390911641482973	0.09967642281412178
3.395	-2.122110759596353	0.09898353804778727
3.405	-2.1056608384264557	0.10304186310774655
3.415	-2.08974470289679	0.1002703240424085
3.425	-2.0743652914729114	0.10789205647208812
3.435	-2.059525177377129	0.1079910400101359
3.445	-2.0452265673741037	0.11086156261352174
3.455	-2.0314713007934593	0.10492255033065451
3.465	-2.018260848790055	0.10789205647208812
3.475	-2.005596313842426	0.10690222109161025
3.485	-1.993478429489723	0.10927782600475715
3.495	-1.981907560307326	0.11402903583105094
3.505	-1.9708837021212071	0.10205202772726868
3.515	-1.9604064824608793	0.10997071077109165
3.525	-1.9504751612507043	0.1072981552438014
3.535	-1.9410886317391003	0.12214568595096949
3.545	-1.9322454216651155	0.11412801936909872
3.555	-1.9239436946615902	0.11689955843443676
3.565	-1.9161812518940824	0.11670159135834118
3.575	-1.908955533934495	0.12462027440216417
3.585	-1.9022636228682275	0.12264060364120842
3.595	-1.8961022446335312	0.12214568595096949
3.605	-1.8904677715915845	0.1252141756304509
3.615	-1.8853562253256753	0.12155178472268277
3.625	-1.8807632796676812	0.12491722501630753
3.635	-1.8766842639499757	0.12659994516311993
3.645	-1.8731141664806499	0.12422434024997302
3.655	-1.8700476382398727	0.11986906457587038
3.665	-1.8674789967950411	0.12016601519001374
3.675	-1.8654022304321909	0.12145280118463497
3.685	-1.8638110025010919	0.12006703165196596
3.695	-1.862698655971214	0.122838570717304
3.705	-1.8620582181956888	0.12422434024997302
3.715	-1.8618824058802277	0.12293755425535179
3.725	-1.8621636302538016	0.11689955843443676
3.735	-1.8628940024378222	0.12610502747288097
3.745	-1.8640653390103592	0.12244263656511285
3.755	-1.8656691677618797	0.11729549258662791
3.765	-1.8676967336387882	0.12630299454897656
3.775	-1.8701390048710143	0.11779041027686685
3.785	-1.8729866792796934	0.11887922919539251
3.795	-1.8762301907609356	0.1166026078202934
3.805	-1.8798597159415238	0.12372942255973408
3.815	-1.8838651810022782	0.12194771887487392
3.825	-1.8882362686647205	0.11719650904858013
3.835	-1.8929624253365838	0.11937414688563144
3.845	-1.898032868411573	0.12402637317387745
3.855	-1.9034365937186988	0.11175241445595183
3.865	-1.9091623831164282	0.12135381764658719
3.875	-1.915198812226763	0.11878024565734473
3.885	-1.9215342583043231	0.1142270029071465
3.895	-1.928156908235342	0.11016867784718723
3.905	-1.9350547666614792	0.1158107395159111
3.915	-1.9422156642232282	0.1158107395159111
3.925	-1.9496272659176088	0.10254694541750761
3.935	-1.9572770795648275	0.1119503815320474
3.945	-1.9651524643784128	0.10680323755356246
3.955	-1.973240639633352	0.10818900708623148
3.965	-1.9815286934266574	0.10789205647208812
3.975	-1.9900035915247276	0.10620933632527574
3.985	-1.998652186291819	0.10323983018384213
3.995	-2.0074612256938797	0.10076524173264743
4.005	-2.016417362371956	0.10126015942288638
4.015	-2.0255071627793493	0.09739980143902267
4.025	-2.034717116376605	0.10007235696631293
4.035	-2.0440336448784704	0.10373474787408106
4.045	-2.0534431115467977	0.09512318006392356
4.055	-2.0629318305234654	0.10403169848822443
4.065	-1.378090224848272	0.1998477633184825
4.075	-1.3898694701193577	0.18678193629617457
4.085	-1.4016867092071403	0.18796973875274803
4.095	-1.4135281536916262	0.18866262351908253
4.105	-1.4253800130860521	0.19252298150294622
4.115	-1.4372285042827597	0.18163479231768964
4.125	-1.449059860996594	0.18311954538840644
4.135	-1.4608603431997151	0.18143682524159407
4.145	-1.4726162465417518	0.18143682524159407
4.155	-1.4843139117491804	0.1817337758557374
4.165	-1.4959397339978633	0.17817036848601708
4.175	-1.5074801722526936	0.17688358249139585
4.185	-1.5189217585682653	0.1662923439202826
4.195	-1.5302511073445748	0.1725283068172932
4.205	-1.5414549245317546	0.1662923439202826
4.215	-1.552520016777863	0.1669852286866171
4.225	-1.563433300513796	0.1546122864306437
4.235	-1.574181810969434	0.16213503532227555
4.245	-1.5847527111151631	0.14778242230534638
4.255	-1.5951333005229744	0.15263261566968797
4.265	-1.6053110241413702	0.14708953753901188
4.275	-1.61527348097837	0.15352346751211804
4.285	-1.6250084326869696	0.14946514245215878
4.295	-1.6345038120474813	0.14718852107705965
4.305	-1.6437477313411921	0.14699055400096409
4.315	-1.6527284906099124	0.14283324540295703
4.325	-1.6614345857960027	0.14679258692486852
4.335	-1.6698547167575901	0.1430312124790526
4.345	-1.6779777951537116	0.14293222894100482
4.355	-1.6857929521942432	0.14283324540295703
4.365	-1.6932895462495292	0.13946780510933227
4.375	-1.7004571703147429	0.14342714663124376
4.385	-1.7072856593240757	0.1361023648157075
4.395	-1.7137650973099467	0.13471659528303848
4.405	-1.7198858244025437	0.1374881343483765
4.415	-1.7256384436650736	0.1352115129732774
4.425	-1.7310138277602405	0.13263794098403495
4.435	-1.736003125443546	0.1252141756304509
4.445	-1.7405977678791094	0.1375871178864243
4.455	-1.7447894747738675	0.13303387513622608
4.465	-1.748570260326052	0.1359043977396119
4.475	-1.7519324389840283	0.13055928668503142
4.485	-1.7548686310116617	0.1290745336143146
4.495	-1.7573717678564935	0.12689689577726326
4.505	-1.7594350973171613	0.1259070603967854
4.515	-1.7610521885066115	0.13016335253284025
4.525	-1.7622169366077585	0.12303653779339957
4.535	-1.7629235674184178	0.12303653779339957
4.545	-1.7631666416824414	0.1266989287011677
4.555	-1.7629410592041195	0.1267979122392155
4.565	-1.7622420627430757	0.12303653779339957
4.575	-1.761065241686997	0.12620401101092876
4.585	-1.7594065354996724	0.1260060439348332
4.595	-1.7572622369419937	0.13026233607088805
4.605	-1.7546289950636786	0.12293755425535179
4.615	-1.7515038179636364	0.12293755425535179
4.625	-1.7478840753170442	0.12254162010316064
4.635	-1.7437675006673445	0.13006436899479246
4.645	-1.7391521934815262	0.12867859946212346
4.655	-1.7340366209671978	0.12303653779339957
4.665	-1.7284196196501285	0.12887656653821902
4.675	-1.7223003967110495	0.1282826653099323
4.685	-1.7156785310807015	0.12650096162507213
4.695	-1.708553974292239	0.12165076826073055
4.705	-1.700927051090276	0.13055928668503142
4.715	-1.6927984597959842	0.13382574344060838
4.725	-1.6841692724278465	0.12194771887487392
4.735	-1.6750409345778001	0.13016335253284025
4.745	-1.6654152650426504	0.13620134835375527
4.755	-1.6552944552108304	0.1336277763645128
4.765	-1.6446810682046902	0.13481557882108625
4.775	-1.633578037778688	0.13164810560355705
4.785	-1.6219886669740085	0.13798305203861544
4.795	-1.6099166265302562	0.14441698201172162
4.805	-1.5973659530550801	0.13501354589718184
4.815	-1.5843410469526922	0.13560744712546854
4.825	-2.1744532524886506	0.07245594985098028
4.835	-2.162529226925324	0.0762173242967962
4.845	-2.1501463284204245	0.08047361643285104
4.855	-2.137310387070576	0.07879089628603866
4.865	-2.12402758284016	0.08126548473723334
4.875	-2.1103044420724153	0.077702077367513
4.885	-2.096147833770578	0.08463092503085812
4.895	-2.081564965651245	0.07978073166651654
4.905	-2.0665633799723	0.0784939456718953
4.915	-2.051150949137884	0.0863136451776705
4.925	-2.035335871083016	0.08888721716691296
4.935	-2.0191266644406456	0.0847299085689059
4.945	-2.002532163494047	0.08641262871571828
4.955	-1.9855615129175634	0.09037197023762977
4.965	-1.968224162308915	0.09185672330834659
4.975	-1.9505298605163632	0.08987705254739084
4.985	-1.9324886497641727	0.09363842699320675
4.995	-1.9141108595799659	0.0932424928410156
5.005	-1.8954071005276443	0.09749878497707046
5.015	-1.8763882577497166	0.09512318006392356
5.025	-1.8570654843229972	0.10155711003702973
5.035	-1.8374501944317205	0.09987438989021735
5.045	-1.817554056362273	0.10135914296093416
5.055	-1.797388985323857	0.10541746802089344
5.065	-1.7769671360994872	0.10828799062427927
5.075	-1.7563008955318535	0.10997071077109165
5.085	-1.7354028748486987	0.11165343091790404
5.095	-1.714285901832424	0.1119503815320474
5.105	-1.6929630128387987	0.11709752551053233
5.115	-1.6714474446696783	0.11511785474957659
5.125	-1.649752626304788	0.1189782127334403
5.135	-1.6278921704976983	0.12244263656511285
5.145	-1.605879865241218	0.1236304390216863
5.155	-1.5837296651074637	0.12709486285335886
5.165	-1.5614556824680625	0.12927250069041016
5.175	-1.5390721785998878	0.13382574344060838
5.185	-1.5165935546819047	0.1344196446688951
5.195	-1.4940343426887266	0.13006436899479246
5.205	-1.4714091961865856	0.1298664019186969
5.215	-1.4487328810374147	0.14570376800634285
5.225	-1.4260202660168977	0.14699055400096409
5.235	-1.403286313352356	0.1439220643214827
5.245	-1.380546069186352	0.1547112699686915
5.255	-1.357814653972009	0.1601553645613198
5.265	-1.3351072528060817	0.1587695950286508
5.275	-1.3124391057058102	0.16530250853980474
5.285	-1.2898254978356816	0.16272893655056228
5.295	-1.2672817496902025	0.16381775546908792
5.305	-1.2448232072389203	0.17282525743143656
5.315	-1.2224652320398015	0.17797240140992152
5.325	-1.2002231913272792	0.1888605905951781
5.335	-1.1781124480811318	0.18599006799179227
5.345	-1.1561483510824964	0.1897514424376082
5.355	-1.134346224963287	0.19291891565513739
5.365	-1.1127213602552748	0.1964823230248577
5.375	-1.091289003445131	0.195888421796571
5.385	-1.0700643470416902	0.20638067682963646
5.395	-1.0490625196617522	0.21192375496031254
5.405	-1.0282985761406715	0.21340850803102934
5.415	-1.0077874876739896	0.22706823628162398
5.425	-0.9875441319963572	0.22637535151528948
5.435	-0.9675832836040059	0.2293448576567231
5.445	-0.9479196040269109	0.22023837215632666
5.455	-0.9285676321568839	0.23924321146150182
5.465	-0.9095417746376993	0.2387482937712629
5.475	-0.8908562963233657	0.24864664757604163
5.485	-0.8725253108106517	0.25547651170133895
5.495	-0.854562771051834	0.25438769278281326
5.505	-0.8369824600537221	0.2603267050656805
5.515	-0.8197979816688108	0.2636921453593053
5.525	-0.8030227514845198	0.2774508571479477
5.535	-0.786669987816272	0.2841817377351972
5.545	-0.7707527028102201	0.29328822323559367
5.555	-0.7552836936612801	0.27873764314256894
5.565	-0.7402755339521492	0.2943770421541193
5.575	-0.7257405651187581	0.28546852372981846
5.585	-0.7116908880477739	0.2993262190565087
5.595	-0.6981383548114519	0.304770313649137
5.605	-0.6850945605451746	0.302889626426229
5.615	-0.6725708354729472	0.31744020651925375
5.625	-0.6605782370859301	0.31367883207343783
5.635	-0.6491275424791154	0.3226863340357865
5.645	-0.6382292408510595	0.32921924754694043
5.655	-0.6278935261715684	0.32912026400889266
5.665	-0.6181302900220125	0.3328816384547086
5.675	-0.6089491146130235	0.3211025974270219
5.685	-0.6003592659840322	0.32912026400889266
5.695	-0.5923696873891107	0.33456435860152095
5.705	-0.5849889928734235	0.3546580168252218
5.715	-0.5782254610445006	0.35772650650470317
5.725	-0.5720870290423958	0.3537671649827917
5.735	-0.5665812867127058	0.3484220539282112
5.745	-0.5617154709862873	0.35713260527641644
5.755	-0.5574964604693315	0.35614276989593857
5.765	-0.5539307702474665	0.3653482389343828
5.775	-0.551024546907251	0.35485598390131734
5.785	-0.5487835637784162	0.3641604364778094
5.795	-0.5472132164000278	0.357825490042751
5.805	-0.5463185182136074	0.3691096133801987
5.815	-0.5461040964861095	0.35683565466227307
5.825	-0.5465741884655402	0.3646553541680483
5.835	-0.5477326377717882	0.3625766998690448
5.845	-0.5495828910251879	0.3661401072387651
5.855	-0.5521279947151156	0.36891164630410317
5.865	-0.5553705923107981	0.3609929632602802
5.875	-0.5593129216163715	0.3661401072387651
5.885	-0.5639568123720524	0.3682187615377686
5.895	-0.5693036841031658	0.3659421401626695
5.905	-0.5753545442185866	0.3569346382003209
5.915	-0.5821099863600123	0.3639624694017138
5.925	-0.5895701890033527	0.3567366711242253
5.935	-0.5977349143133099	0.3470362843955422
5.945	-0.6066035072521179	0.3505996917652625
5.955	-0.6161748949432369	0.3529752966784094
5.965	-0.6264475862906309	0.3420871074931528
5.975	-0.6374196718541048	0.3479271362379722
5.985	-0.6490888239810064	0.33525724336785545
5.995	-0.6614522971944852	0.3429779593355829
6.005	-0.6745069288382775	0.3264477084816024
6.015	-0.6882491399778519	0.31763817359534935
6.025	-0.7026749365576355	0.32822941216646256
6.035	-0.7177799108137952	0.31744020651925375
6.045	-0.7335592429419617	0.3150646016061069
6.055	-0.7500077030191137	0.3055621819535193
6.065	-0.76711965317863	0.2916055030887813
6.075	-0.7848890500374188	0.2907146512463512
6.085	-0.803309447373876	0.2923973713931636
6.095	-0.8223739990552132	0.2835878365069105
6.105	-0.8420754622125777	0.27952951144695126
6.115	-0.8624062006622673	0.27646102176746984
6.125	-0.8833581885711115	0.2785396760664734
6.135	-0.9049230143639904	0.26408807951149643
6.145	-0.9270918848713023	0.2513192031033319
6.155	-0.9498556297140621	0.2566643141579124
6.165	-0.973204705924076	0.25161615371747525
6.175	-0.9971292027966423	0.24419238836389118
6.185	-1.0216188469729257	0.23271029795034787
6.195	-1.0466630077491161	0.23261131441230007
6.205	-1.0722507026092774	0.21944650385194436
6.215	-1.0983706029787348	0.214497326949555
6.225	-1.125011040194587	0.2130125738788382
6.235	-1.15216001168989	0.20499490729696743
6.245	-1.1798051873879216	0.20004573039457807
6.255	-1.2079339163027518	0.19371078395951968
6.265	-1.236533233342244	0.19014737658979933
6.275	-1.2655898663094887	0.18915754120932146
6.285	-1.2950902430985365	0.18618803506788786
6.295	-1.3250204990802277	0.1843073478449799
6.305	-1.3553664846736522	0.1648075908495658
6.315	-1.3861137730988535	0.1677770969909994
6.325	-1.4172476683061042	0.164708607311518
6.335	-1.4487532130770924	0.1548102535067393
6.345	-1.480615197293183	0.15886857856669856
6.355	-1.5128181663658027	0.1492671753760632
6.365	-1.5453464298239636	0.15015802721849328
6.375	-1.5781840700537457	0.14016068987566677
6.385	-1.6113149511846288	0.13540948004937298
6.395	-1.6447227281171828	0.1329348915981783
6.405	-1.6783908556868634	0.1267979122392155
6.415	-1.7123025979583586	0.12432332378802081
6.425	-1.7464410376449355	0.1220467024129217
6.435	-1.7807890856470676	0.12313552133144737
6.445	-1.8153294907047408	0.11521683828762438
6.455	-1.850044849157483	0.10818900708623148
6.465	-1.8849176148063864	0.10769408939599255
6.475	-1.9199301088720941	0.09918150512388284
6.485	-1.9550645300427865	0.1018540606511731
6.495	-1.99030296460611	0.09502419652587578
6.505	-2.0256273966589444	0.09720183436292709
6.515	-2.0610197183888626	0.0964099660585448
6.525	-2.096461740421004	0.09056993731372535
6.535	-2.13193520222422	0.08651161225376607
6.545	-2.1674217825701367	0.08443295795476254
6.555	-2.2029031100388092	0.07869191274799088
6.565	-2.238360773564648	0.07839496213384751
6.575	-2.2737763330162024	0.07552443953046169
6.585	-2.309131329803452	0.07671224198703513
6.595	-2.3444072975060894	0.0715650980085502
6.605	-2.379585772516479	0.07413866999779266
6.615	-2.414648304690705	0.06384438204082278
6.625	-2.449576468001377	0.06582405280177853
6.635	-2.4843518711856696	0.0629535301983927
6.645	-3.0603221279111756	0.033456435860152095
6.655	-3.0962701458232296	0.03513915600696448
6.665	-3.132010544681086	0.032169649865530864
6.675	-3.167525178439372	0.033951353550391035
6.685	-3.2027959887602595	0.02860624249581052
6.695	-3.2378050154976146	0.03256558401772201
6.705	-3.272534407131429	0.03009099556652733
6.715	-3.306966431146199	0.026230637582663627
6.725	-3.3410834843468593	0.02979404495238397
6.735	-3.374868103106138	0.02979404495238397
6.745	-3.408302973536972	0.028111324805571585
6.755	-3.4413709415838554	0.027814374191428223
6.765	-3.474055023027003	0.026626571734854776
6.775	-3.5063384133931743	0.023459098517325583
6.785	-3.5382044977671665	0.02167739483246541
6.795	-3.569636860498009	0.021281460680274263
6.805	-3.6006192947939493	0.0209845100661309
6.815	-3.631135812200328	0.02068755945198754
6.825	-3.6611706519546674	0.019994674685653028
6.835	-3.6907082902132005	0.02246926313684771
6.845	-3.7197334491432374	0.01949975699541409
6.855	-3.7482311058758424	0.019103822843222942
6.865	-3.77618650131335	0.019004839305175155
6.875	-3.8035851487863823	0.01959874053346188
6.885	-3.830412842555014	0.016530250853980473
6.895	-3.8566556661490172	0.01732211915836277
6.905	-3.8823000005419894	0.016926185006171622
6.915	-3.9073325321544434	0.017223135620314984
6.925	-3.9317402606809813	0.017124152082267197
6.935	-3.9555105067367418	0.016431267315932686
6.945	-3.978630919318478	0.01742110269641056
6.955	-4.00108948307572	0.014451596554976942
6.965	-4.0228745253875955	0.015441431935454815
6.975	-4.043974723240945	0.013461761174499069
6.985	-4.064379109905589	0.016827201468123835
6.995	-4.084077081402649	0.015540415473502602
7.005	-4.103058402761989	0.014451596554976942
7.015	-4.121313214064935	0.01306582702230792
7.025	-4.138832036268614	0.012570909332068983
7.035	-4.155605776808345	0.01484753070716809
7.045	-4.171625734974663	0.014550580093024729
7.055	-4.186883607061719	0.013461761174499069
7.065	-4.201371491283867	0.013560744712546856
7.075	-4.215081892457483	0.011383106875495536
7.085	-4.2280077264451545	0.013560744712546856
7.095	-4.240142324359505	0.012867859946212345
7.105	-4.251479436524116	0.011383106875495536
7.115	-4.262013236189113	0.013164810560355707
7.125	-4.2717383229991714	0.011878024565734472
7.135	-4.280649726211806	0.011185139799399961
7.145	-4.288742907663989	0.011680057489638898
7.155	-4.296013764485314	0.011086156261352174
7.165	-4.302458631556004	0.010294287956969876
7.175	-4.30807428370832	0.009898353804778727
7.185	-4.312857937670004	0.012273958717925621
7.195	-4.316807253748559	0.011185139799399961
7.205	-4.319920337255388	0.0108881891852566
7.215	-4.322195739668886	0.009601403190635365
7.225	-4.323632459535807	0.011878024565734472
7.235	-4.3242299431103435	0.012372942255973409
7.245	-4.323988084730553	0.011383106875495536
7.255	-4.3229072269318936	0.011383106875495536
7.265	-4.320988160297813	0.010393271495017663
7.275	-4.318232123047497	0.012075991641830047
7.285	-4.314640800361012	0.012768876408164558
7.295	-4.310216323442302	0.012075991641830047
7.305	-4.304961268320579	0.011383106875495536
7.315	-4.298878654390868	0.01484753070716809
7.325	-4.2919719426946195	0.011878024565734472
7.335	-4.2842450339414135	0.010690222109161025
7.345	-4.275702266272997	0.012273958717925621
7.355	-4.266348412771036	0.010987172723304387
7.365	-4.256188678710086	0.01158107395159111
7.375	-4.245228698557492	0.013461761174499069
7.385	-4.233474532722049	0.012867859946212345
7.395	-4.220932664053416	0.012471925794021196
7.405	-4.207609994094451	0.013263794098403494
7.415	-4.193513839088725	0.012570909332068983
7.425	-4.178651925745699	0.013362777636451282
7.435	-4.163032386766161	0.012966843484260132
7.445	-4.146663756130616	0.012867859946212345
7.455	-4.1295549641536	0.013659728250594643
7.465	-4.111715332306842	0.016530250853980473
7.475	-4.093154567814549	0.014748547169120304
7.485	-4.0738827580240455	0.013362777636451282
7.495	-4.053910364555255	0.013263794098403494
7.505	-4.033248217232593	0.015441431935454815
7.515	-4.0119075078029605	0.015144481321311453
7.525	-3.9898997834437453	0.0163322837778849
7.535	-3.9672369400647294	0.017223135620314984
7.545	-3.9439312154080337	0.018707888691031793
7.555	-3.9199951819503323	0.01623330023983711
7.565	-3.8954417396116483	0.019004839305175155
7.575	-3.8702841082752104	0.01880687222907958
7.585	-3.844535820122906	0.020489592375891964
7.595	-3.818210711791083	0.01841093807688843
7.605	-3.7913229163513917	0.021182477142226475
7.615	-3.763886855121682	0.01920280638127073
7.625	-3.735917229311859	0.020192641761748602
7.635	-3.7074290115098316	0.0209845100661309
7.645	-3.6784374370127835	0.02058857591393975
7.655	-3.64895799500901	0.02068755945198754
7.665	-3.6190064196157348	0.025240802202185754
7.675	-3.588598680778331	0.023657065593421157
7.685	-3.557750975036555	0.024448933897803456
7.695	-3.526479716163395	0.026032670506568052
7.705	-3.4948015256822216	0.024844868049994605
7.715	-3.462733223268037	0.023855032669516732
7.725	-3.430291817038717	0.02613165404461584
7.735	-3.397494493742056	0.023459098517325583
7.745	-3.3643586088446984	0.030387946180670693
7.755	-3.330901676528941	0.030288962642622905
7.765	-3.297141359603472	0.03296151816991316
7.775	-3.26309545933424	0.0318726992513875
7.785	-3.228781905201619	0.03088286387090963
7.795	-3.194218744590077	0.031674732175291924
7.805	-3.159424132416621	0.03692085969182465
7.815	-3.124416320704393	0.03840561276254146
7.825	-3.08921364810762	0.036524925539633504
7.835	-3.053834529394416	0.038603579838637034
7.845	-3.018297444893723	0.03692085969182465
7.855	-2.9826209299128705	0.04177105305616623
7.865	-2.9468235641321088	0.04315682258883525
7.875	-2.9109239609825766	0.046522262882460017
7.885	-2.874940757014197	0.046918197034651166
7.895	-2.838892601259824	0.05107550563265823
7.905	-2.8027981446022068	0.04889786779560691
7.915	-2.7666760291501493	0.05058058794241929
7.925	-2.730544877630278	0.054242978850187425
7.935	-2.6944232828008845	0.05018465379022814
7.945	-2.658329796894238	0.05058058794241929
7.955	-2.6222829210936984	0.05701451791552547
7.965	-2.586301095052036	0.058994188676481214
7.975	-2.550402686457284	0.060676908823293595
7.985	-2.514605980652413	0.06275556312229713
7.995	-2.4789291703150673	0.06750677294859092
8.005	-2.4433903452036003	0.06730880587249534
8.015	-2.4080074819756097	0.06978339432369002
8.025	-2.3727984340850794	0.07126814739440683
8.035	-2.337780921764166	0.07126814739440683
8.045	-2.3029725220957618	0.07671224198703513
8.055	-2.268390659182658	0.07760309382946522
8.065	-2.2340525944193366	0.08512584272109705
8.075	-2.199975416872163	0.08304718842209352
8.085	-2.16617603377372	0.08176040242747229
8.095	-2.1326711611370643	0.08463092503085812
8.105	-2.099477314495412	0.09353944345515897
8.115	-2.066610799772903	0.09819166974340497
8.125	-2.0340877042917733	0.10234897834141203
8.135	-2.0019238879214134	0.09928048866193064
8.145	-1.9701349743745293	0.1065062869394191
8.155	-1.9387363426555622	0.10848595770037485
8.165	-1.907743118666514	0.11165343091790404
8.175	-1.877170166975147	0.11511785474957659
8.185	-1.8470320827503783	0.11719650904858013
8.195	-1.8173431838697178	0.12016601519001374
8.205	-1.7881175032033896	0.1189782127334403
8.215	-1.759368781079699	0.12422434024997302
8.225	-1.7311104579360355	0.13164810560355705
8.235	-1.703355667159938	0.1454068173921995
8.245	-1.6761172281242982	0.13976475572347563
8.255	-1.6494076394208874	0.14807937291948975
8.265	-1.6232390722961427	0.1498610766043499
8.275	-1.5976233642929416	0.14491189970196056
8.285	-1.5725720131022254	0.1440210478595305
8.295	-1.5480961706279066	0.15659195719159946
8.305	-1.524206637268576	0.15896756210474636
8.315	-1.5009138564192268	0.17074660313243303
8.325	-1.4782279091962311	0.1569878913437906
8.335	-1.4561585093885596	0.16837099821928614
8.345	-1.434714998638098	0.16757912991490384
8.355	-1.413906341851794	0.1703506689802419
8.365	-1.3937411228482781	0.1735181421977711
8.375	-1.374227540241339	0.18707888691031793
8.385	-1.3553734035625582	0.19272094857904182
8.395	-1.337186129625263	0.18688091983422236
8.405	-1.3196727391317937	0.19757114194338338
8.415	-1.3028398535258705	0.19786809255752674
8.425	-1.2866936920918404	0.19420570164975862
8.435	-1.2712400693022508	0.19687825717704888
8.445	-1.2564843924151514	0.20252031884577276
8.455	-1.2424316593223859	0.20400507191648956
8.465	-1.2290864566498882	0.20657864390573202
8.475	-1.2164529581109038	0.2136064751071249
8.485	-1.2045349231129063	0.21568512940612847
8.495	-1.1933356956187837	0.2183576849334187
8.505	-1.1828582032627133	0.21895158616170543
8.515	-1.1731049567210607	0.2285529893523408
8.525	-1.1640780493383212	0.23023570949915317
8.535	-1.1557791570081744	0.23419505102106467
8.545	-1.1482095383093562	0.2348879357873992
8.555	-1.1413700348960492	0.22409873014019038
8.565	-1.135261072142251	0.23063164365134434
8.575	-1.1298826600394443	0.2332052156405868
8.585	-1.1252343943467498	0.2354818370156859
8.595	-1.1213154579925673	0.22637535151528948
8.605	-1.1181246227265604	0.22746417043381514
8.615	-1.1156602510206777	0.23360114979277796
8.625	-1.113920298217788	0.24082694807026642
8.635	-1.112902314926283	0.23300724856449123
8.645	-1.112603449658919	0.2339970839449691
8.655	-1.1130204517139777	0.23825337608102395
8.665	-1.1141496742966834	0.2339970839449691
8.675	-0.8085244203422537	0.3205086961987352
8.685	-0.8088923473871819	0.3157574863724414
8.695	-0.8099592127878565	0.31061034239395646
8.705	-0.8117198213163936	0.3146686674539157
8.715	-0.8141686007805342	0.31744020651925375
8.725	-0.8172996065351859	0.3179351242094927
8.735	-0.8211065262157842	0.317341222981206
8.745	-0.8255826846902157	0.3175391900573016
8.755	-0.8307210492260069	0.3127879802310078
8.765	-0.83651423486929	0.3182320748236361
8.775	-0.8429545100319793	0.3044733630349936
8.785	-0.8500338022834022	0.3069479514861883
8.795	-0.85774370434256	0.30298860996427684
8.805	-0.8660754802670416	0.29982113674674765
8.815	-0.8750200718344852	0.29625772937702727
8.825	-0.8845681051124243	0.3076408362525228
8.835	-0.8947098972121403	0.2993262190565087
8.845	-0.9054354632221098	0.30298860996427684
8.855	-0.9167345233165347	0.28744819449077424
8.865	-0.9285965100342484	0.2907146512463512
8.875	-0.9410105757232861	0.2781437419142822
8.885	-0.9539656001462535	0.2844786883493406
8.895	-0.967450198241544	0.27952951144695126
8.905	-0.9814527280353627	0.2728976143977495
8.915	-0.9959612986994024	0.2601287379895849
8.925	-1.0109637787490129	0.2682453881095035
8.935	-1.0264478043764484	0.274976268696753
8.945	-1.0424007879139334	0.2652758819680699
8.955	-1.0588099264209692	0.2548826104730522
8.965	-1.0756622103904228	0.24547917435851244
8.975	-1.0929444325677458	0.24834969696189826
8.985	-1.1106431968776644	0.2364716723961638
8.995	-1.128744927452609	0.23775845839078502
9.005	-1.1472358777570482	0.2379564254668806
9.015	-1.1661021398019502	0.2315224954937744
9.025	-1.185329653443355	0.22746417043381514
9.035	-1.2049042157592285	0.22419771367823815
9.045	-1.2248114904984824	0.21588309648222404
9.055	-1.2450370175962093	0.21558614586808067
9.065	-1.2655662227490052	0.2167739483246541
9.075	-1.2863844270442828	0.2044010060686807
9.085	-1.3074768566374597	0.2012335328511515
9.095	-1.3288286524707973	0.19856097732386127
9.105	-1.3504248800278003	0.18876160705713033
9.115	-1.3722505391168474	0.18767278813860466
9.125	-1.3942905736779738	0.18608905152984007
9.135	-1.4165298816064604	0.18203072646988078
9.145	-1.4389533245870578	0.17124152082267197
9.155	-1.4615457379326149	0.17886325325235158
9.165	-1.4842919404208446	0.17559679649677462
9.175	-1.5071767441230235	0.17124152082267197
9.185	-1.530184964218395	0.16342182131689678
9.195	-1.5533014287881097	0.15906654564279413
9.205	-1.5765109885824569	0.15728484195793396
9.215	-1.599798526755253	0.15500822058283487
9.225	-1.623148968559292	0.14887124122387205
9.235	-1.6465472909966548	0.14788140584339418
9.245	-1.6699785324178953	0.14441698201172162
9.255	-1.6934278020640072	0.14025967341371456
9.265	-1.7168802895451651	0.14501088324000835
9.275	-1.7403212742503738	0.14273426186490923
9.285	-1.7637361346819973	0.13135115498941372
9.295	-1.7871103577094039	0.12610502747288097
9.305	-1.8104295477358807	0.12194771887487392
9.315	-1.833679435773135	0.13164810560355705
9.325	-1.8568458884176335	0.12709486285335886
9.335	-1.8799149167232283	0.11571175597786332
9.345	-1.9028726849644901	0.11670159135834118
9.355	-1.9257055192853483	0.11650362428224562
9.365	-1.9483999162275532	0.11402903583105094
9.375	-1.970942551133727	0.1018540606511731
9.385	-Inf	0.0
9.395	-Inf	0.0
9.405	-Inf	0.0
9.415	-Inf	0.0
9.425	-Inf	0.0
9.435	-Inf	0.0
9.445	-Inf	0.0
9.455	-Inf	0.0
9.465	-Inf	0.0
9.475	-Inf	0.0
9.485	-Inf	0.0
9.495	-Inf	0.0
9.505	-Inf	0.0
9.515	-Inf	0.0
9.525	-Inf	0.0
9.535	-Inf	0.0
9.545	-Inf	0.0
9.555	-Inf	0.0
9.565	-Inf	0.0
9.575	-Inf	0.0
9.585	-Inf	0.0
9.595	-Inf	0.0
9.605	-Inf	0.0
9.615	-Inf	0.0
9.625	-Inf	0.0
9.635	-Inf	0.0
9.645	-Inf	0.0
9.655	-Inf	0.0
9.665	-Inf	0.0
9.675	-Inf	0.0
9.685	-Inf	0.0
9.695	-Inf	0.0
9.705	-Inf	0.0
9.715	-Inf	0.0
9.725	-Inf	0.0
9.735	-Inf	0.0
9.745	-Inf	0.0
9.755	-Inf	0.0
9.765	-Inf	0.0
9.775	-Inf	0.0
9.785	-Inf	0.0
9.795	-Inf	0.0
9.805	-Inf	0.0
9.815	-Inf	0.0
9.825	-Inf	0.0
9.835	-Inf	0.0
9.845	-Inf	0.0
9.855	-Inf	0.0
9.865	-Inf	0.0
9.875	-Inf	0.0
9.885	-Inf	0.0
9.895	-Inf	0.0
9.905	-Inf	0.0
9.915	-Inf	0.0
9.925	-Inf	0.0
9.935	-Inf	0.0
9.945	-Inf	0.0
9.955	-Inf	0.0
9.965	-Inf	0.0
9.975	-Inf	0.0
9.985	-Inf	0.0
9.995	-Inf	0.0
