0.005	-Inf	0.0
0.015	-Inf	0.0
0.025	-Inf	0.0
0.035	-Inf	0.0
0.045	-Inf	0.0
0.055	-Inf	0.0
0.065	-Inf	0.0
0.075	-Inf	0.0
0.085	-Inf	0.0
0.095	-Inf	0.0
0.105	-Inf	0.0
0.115	-Inf	0.0
0.125	-Inf	0.0
0.135	-Inf	0.0
0.145	-Inf	0.0
0.155	-Inf	0.0
0.165	-Inf	0.0
0.175	-Inf	0.0
0.185	-Inf	0.0
0.195	-Inf	0.0
0.205	-Inf	0.0
0.215	-Inf	0.0
0.225	-Inf	0.0
0.235	-Inf	0.0
0.245	-Inf	0.0
0.255	-Inf	0.0
0.265	-Inf	0.0
0.275	-Inf	0.0
0.285	-Inf	0.0
0.295	-Inf	0.0
0.305	-Inf	0.0
0.315	-Inf	0.0
0.325	-Inf	0.0
0.335	-Inf	0.0
0.345	-Inf	0.0
0.355	-Inf	0.0
0.365	-Inf	0.0
0.375	-Inf	0.0
0.385	-Inf	0.0
0.395	-Inf	0.0
0.405	-Inf	0.0
0.415	-Inf	0.0
0.425	-Inf	0.0
0.435	-Inf	0.0
0.445	-Inf	0.0
0.455	-Inf	0.0
0.465	-Inf	0.0
0.475	-Inf	0.0
0.485	-Inf	0.0
0.495	-Inf	0.0
0.505	-Inf	0.0
0.515	-Inf	0.0
0.525	-Inf	0.0
0.535	-Inf	0.0
0.545	-Inf	0.0
0.555	-Inf	0.0
0.565	-Inf	0.0
0.575	-Inf	0.0
0.585	-Inf	0.0
0.595	-Inf	0.0
0.605	-4.033432178400764	0.01814954985462089
0.615	-4.033193995403685	0.015956986784935144
0.625	-4.032887301561664	0.017499901537676964
0.635	-4.032513161054603	0.01701266529996902
0.645	-4.032072714822191	0.01847437401309285
0.655	-4.031567179538595	0.016525429062261076
0.665	-4.030997846530774	0.01831196193385687
0.675	-4.030366080641179	0.01676904718111505
0.685	-4.029673319035632	0.01725628341882299
0.695	-4.0289210699572084	0.019448846488508736
0.705	-4.028110911426995	0.01831196193385687
0.715	-4.027244489892632	0.0180277407951939
0.725	-4.026323518825559	0.018758595151755816
0.735	-4.025349777267953	0.017662313616912943
0.745	-4.024325108330351	0.01648482604245208
0.755	-4.023251417640997	0.01762171059710395
0.765	-4.022130671747992	0.01823075589423888
0.775	-4.020964896475335	0.017175077379205
0.785	-4.0197561752339945	0.01685025322073304
0.795	-4.0185066472891675	0.017053268319778016
0.805	-4.0172185059849275	0.017987137775384906
0.815	-4.015893996927468	0.016363016983025096
0.825	-4.0145354161281945	0.016809650200924044
0.835	-4.013145108107946	0.0180683438150029
0.845	-4.011725463963631	0.017743519656530937
0.855	-4.010278919398622	0.017215680399013996
0.865	-4.00880795271824	0.01656603208207007
0.875	-4.007315082791724	0.017296886438631986
0.885	-4.005802866982055	0.017662313616912943
0.895	-4.004273899045076	0.017662313616912943
0.905	-4.002730806999337	0.018108946834811894
0.915	-4.001176250968118	0.01831196193385687
0.925	-3.99961292099512	0.01953005252812673
0.935	-3.9980435348353005	0.018880404211182804
0.945	-3.9964708357223935	0.018961610250800794
0.955	-3.994897590114608	0.017418695498058974
0.965	-3.993326585420077	0.017743519656530937
0.975	-3.9917606277035977	0.017743519656530937
0.985	-3.990202539376239	0.018433770993283857
0.995	-3.9886551568693935	0.01940824346869974
1.005	-3.987121328294872	0.01831196193385687
1.015	-3.985603911092643	0.01900221327060979
1.025	-3.984105769667819	0.019367640448890746
1.035	-3.9826297730185214	0.017337489458440984
1.045	-3.9811787923562445	0.018393167973474858
1.055	-3.979755698720345	0.01745929851786797
1.065	-3.9783633605883035	0.01847437401309285
1.075	-3.977004641483386	0.01745929851786797
1.085	-3.9756823975813584	0.01831196193385687
1.095	-3.9743994753178877	0.01883980119137381
1.105	-3.973158708998283	0.01745929851786797
1.115	-3.9719629184112066	0.017418695498058974
1.125	-3.9708149064480134	0.019895479706407686
1.135	-3.9697174567293385	0.017662313616912943
1.145	-3.968673331240582	0.018677389112137826
1.155	-3.967685267977912	0.01823075589423888
1.165	-3.9667559786064093	0.01940824346869974
1.175	-3.965888146131977	0.017987137775384906
1.185	-3.965084422588608	0.018514977032901846
1.195	-3.9643474267426306	0.017175077379205
1.205	-3.9636797418154948	0.018677389112137826
1.215	-3.9630839132266993	0.019124022330036773
1.225	-3.9625624463584064	0.01770291663672194
1.235	-3.9621178043433103	0.01737809247824998
1.245	-3.961752405877281	0.01737809247824998
1.255	-3.9614686230583156	0.017581107577294953
1.265	-3.9612687792533023	0.018880404211182804
1.275	-3.961155146994072	0.019286434409272756
1.285	-3.9611299459042217	0.017662313616912943
1.295	-3.9611953406581555	0.017987137775384906
1.305	-3.961353438973764	0.017418695498058974
1.315	-3.9616062896401587	0.016890856240542033
1.325	-3.9619558805818507	0.01660663510187907
1.335	-3.962404136960727	0.0189210072309918
1.345	-3.9629529193171678	0.01660663510187907
1.355	-3.9636040217516264	0.019286434409272756
1.365	-3.9643591701479464	0.019042816290418783
1.375	-3.9652200204396912	0.01770291663672194
1.385	-3.966188156920714	0.01823075589423888
1.395	-3.967265090601178	0.018677389112137826
1.405	-3.9684522576101977	0.017337489458440984
1.415	-3.9697510176462636	0.017743519656530937
1.425	-3.9711626524765524	0.01871799213194682
1.435	-3.972688364486214	0.01762171059710395
1.445	-3.9743292752787016	0.01786532871595792
1.455	-3.976086424328143	0.01786532871595792
1.465	-3.9779607676847606	0.01794653475557591
1.475	-3.9799531767342953	0.018961610250800794
1.485	-3.9820644370123315	0.019367640448890746
1.495	-3.984295247074439	0.018961610250800794
1.505	-3.986646217422955	0.01745929851786797
1.515	-3.9891178694912357	0.019083419310227778
1.525	-3.9917106346861377	0.01676904718111505
1.535	-3.9944248534894817	0.017418695498058974
1.545	-3.997260774619191	0.01745929851786797
1.555	-4.000218554250764	0.01778412267633993
1.565	-4.00329825529971	0.017743519656530937
1.575	-4.006499846765531	0.01863678609232883
1.585	-4.009823203137782	0.01871799213194682
1.595	-4.01326810386473	0.016972062280160027
1.605	-4.016834232885069	0.015388544507609209
1.615	-4.020521178223102	0.01660663510187907
1.625	-4.024328431647791	0.01676904718111505
1.635	-4.028255388396006	0.016728444161306054
1.645	-4.03230134696026	0.017215680399013996
1.655	-4.036465508941216	0.01640362000283409
1.665	-4.040746978965143	0.017418695498058974
1.675	-4.04514476466654	0.016281810943407107
1.685	-4.049657776736003	0.017824725696148926
1.695	-4.054284829033485	0.01579457470569916
1.705	-4.059024638766939	0.016200604903789113
1.715	-4.063875826736381	0.01778412267633993
1.725	-4.068836917643336	0.015956986784935144
1.735	-4.073906340465552	0.016119398864171124
1.745	-4.079082428896905	0.015956986784935144
1.755	-4.084363421852284	0.01648482604245208
1.765	-4.089747464037284	0.01579457470569916
1.775	-4.095232606582426	0.014820102230283275
1.785	-4.100816807741635	0.016241207923598112
1.795	-4.1064979336546275	0.016444223022643086
1.805	-4.112273759172833	0.01616000188398012
1.815	-4.118141968748437	0.015591559606654187
1.825	-4.124100157386076	0.015023117329328251
1.835	-4.130145831656703	0.016119398864171124
1.845	-4.1362764107730525	0.013602011636013418
1.855	-4.142489227726161	0.01640362000283409
1.865	-4.148781530482278	0.014820102230283275
1.875	-4.155150483239551	0.014941911289710261
1.885	-4.161593167743751	0.014414072032193323
1.895	-4.168106584662306	0.015388544507609209
1.905	-4.1746876550158865	0.014941911289710261
1.915	-4.181333221666689	0.01323658445773246
1.925	-4.188040050862601	0.01477949921047428
1.935	-4.1948048338363355	0.01469829317085629
1.945	-4.201624188458616	0.014982514309519256
1.955	-4.2084946609444485	0.014454675052002318
1.965	-4.215412727611486	0.014332865992575333
1.975	-4.222374796689451	0.014982514309519256
1.985	-4.229377210179547	0.014211056933148346
1.995	-4.236416245762769	0.014657690151047294
2.005	-4.243488118755975	0.015429147527418205
2.015	-4.250588984114553	0.013602011636013418
2.025	-4.257714938480495	0.013886232774676384
2.035	-4.26486202227465	0.0137644237152494
2.045	-4.272026221831901	0.01400804183410337
2.055	-4.279203471577984	0.014251659952957341
2.065	-4.286389656246631	0.013602011636013418
2.075	-4.293580613135712	0.01307417237849648
2.085	-4.300772134400997	0.01331779049735045
2.095	-4.30795996938615	0.013805026735058394
2.105	-4.315139826987549	0.01400804183410337
2.115	-4.32230737805248	0.012668142180406527
2.125	-4.32945825780925	0.011328242526709682
2.135	-4.3365880683277345	0.011977890843653607
2.145	-4.343692381008852	0.012424524061552554
2.155	-4.3507667391014415	0.012262111982316573
2.165	-4.357806660245	0.012262111982316573
2.175	-4.364807639036715	0.011937287823844612
2.185	-4.3717651496212095	0.01307417237849648
2.195	-4.378674648301416	0.011937287823844612
2.205	-4.385531576168953	0.011896684804035615
2.215	-4.392331361752383	0.01177487574460863
2.225	-4.399069423681728	0.011693669704990639
2.235	-4.405741173367565	0.012262111982316573
2.245	-4.412342017693068	0.011571860645563654
2.255	-4.418867361717301	0.011450051586136668
2.265	-4.425312611388101	0.011937287823844612
2.275	-4.43167317626285	0.012018493863462602
2.285	-4.4379444722354435	0.012018493863462602
2.295	-4.44412192426776	0.011734272724799634
2.305	-4.450200969123915	0.011287639506900687
2.315	-4.456177058105608	0.011896684804035615
2.325	-4.46204565978682	0.011531257625754658
2.335	-4.467802262746193	0.01084100628900174
2.345	-4.4734423782953305	0.012059096883271597
2.355	-4.478961543201341	0.011653066685181644
2.365	-4.484355322401898	0.009988342873012838
2.375	-4.489619311711105	0.00970412173434987
2.385	-4.494749140514484	0.009988342873012838
2.395	-4.49974047445135	0.010881609308810734
2.405	-4.504589018082919	0.009988342873012838
2.415	-4.509290517544444	0.010556785150338772
2.425	-4.513840763179687	0.011653066685181644
2.435	-4.518235592156101	0.01084100628900174
2.445	-4.5224708910590214	0.01039437307110279
2.455	-4.526542598463246	0.009825930793776857
2.465	-4.530446707480359	0.010110151932439823
2.475	-4.534179268280193	0.009785327773967862
2.485	-4.537736390584799	0.009988342873012838
2.495	-4.541114246133368	0.01084100628900174
2.505	-4.544309071116502	0.011937287823844612
2.515	-4.547317168578292	0.009744724754158865
2.525	-4.550134910784667	0.009501106635304894
2.535	-4.552758741556502	0.010069548912630828
2.545	-4.555185178565976	0.01023196099186681
2.555	-4.557410815594705	0.009541709655113889
2.565	-4.559432324752223	0.010962815348428724
2.575	-4.561246458653349	0.009947739853203843
2.585	-4.562850052553058	0.009907136833394847
2.595	-4.564240026437467	0.009135679457023937
2.605	-4.565413387069588	0.00962291569473188
2.615	-4.566367229988519	0.01047557911072078
2.625	-4.567098741460779	0.010110151932439823
2.635	-4.567605200382511	0.009907136833394847
2.645	-4.567883980131322	0.011653066685181644
2.655	-4.5679325503665416	0.010272564011675804
2.665	-4.567748478776733	0.010678594209765758
2.675	-4.567329432773291	0.009541709655113889
2.685	-4.566673181129039	0.009582312674922886
2.695	-4.565777595560717	0.01039437307110279
2.705	-4.564640652254338	0.009338694556068913
2.715	-4.563260433332387	0.01023196099186681
2.725	-4.561635128261887	0.010272564011675804
2.735	-4.559763035202401	0.01039437307110279
2.745	-4.557642562293058	0.010110151932439823
2.755	-4.555272228877735	0.009419900595686904
2.765	-4.5526506666675814	0.010272564011675804
2.775	-4.549776620840068	0.010191357972057814
2.785	-4.54664895107384	0.008404825100462022
2.795	-4.543266632518643	0.010434976090911785
2.805	-4.539628756699646	0.009379297575877908
2.815	-4.535734532355556	0.009825930793776857
2.825	-4.53158328620989	0.01185608178422662
2.835	-4.527174463674902	0.010191357972057814
2.845	-4.5225076294876105	0.01039437307110279
2.855	-4.517582468277504	0.01108462440785571
2.865	-4.5123987850654546	0.010353770051293796
2.875	-4.506956505693495	0.01023196099186681
2.885	-4.501255677185094	0.009866533813585852
2.895	-4.495296468035648	0.010028945892821833
2.905	-4.489079168432927	0.010556785150338772
2.915	-4.4826041904072635	0.01047557911072078
2.925	-4.4758720679113235	0.010678594209765758
2.935	-4.46888345682933	0.011125227427664705
2.945	-4.461639134915664	0.010272564011675804
2.955	-4.454140001662797	0.011490654605945663
2.965	-4.446387078098575	0.010962815348428724
2.975	-4.4383815065129015	0.010272564011675804
2.985	-4.4301245501139	0.011125227427664705
2.995	-4.421617592613721	0.01161246366537265
3.005	-4.412862137744155	0.011531257625754658
3.015	-4.403859808702283	0.012221508962507578
3.025	-4.394612347526438	0.012221508962507578
3.035	-4.385121614402791	0.01108462440785571
3.045	-4.3753895869029025	0.011450051586136668
3.055	-4.365418359152667	0.011693669704990639
3.065	-4.3552101409330595	0.012343318021934564
3.075	-4.344767256713192	0.012383921041743559
3.085	-4.334092144616198	0.012383921041743559
3.095	-4.323187355318506	0.012505730101170546
3.105	-4.3120555508831355	0.012708745200215522
3.115	-4.300699503527624	0.013642614655822413
3.125	-4.289122094327327	0.012789951239833511
3.135	-4.277326311854787	0.014454675052002318
3.145	-4.265315250755949	0.013398996536968442
3.155	-4.253092110264059	0.014170453913339352
3.165	-4.240660192652052	0.012952363319069493
3.175	-4.228022901624362	0.011531257625754658
3.185	-4.215183740649052	0.014941911289710261
3.195	-4.202146311231244	0.014982514309519256
3.205	-4.18891431112884	0.016444223022643086
3.215	-4.17549153251157	0.013967438814294375
3.225	-4.161881860064453	0.013155378418114469
3.235	-4.148089269036771	0.014454675052002318
3.245	-4.134117823237689	0.013683217675631408
3.255	-4.119971672979704	0.013967438814294375
3.265	-4.105655052971134	0.014048644853912365
3.275	-4.091172280158888	0.015875780745317154
3.285	-4.076527751522777	0.016200604903789113
3.295	-4.0617259418226785	0.015591559606654187
3.305	-4.046771401299876	0.015185529408564232
3.315	-4.031668753333946	0.01616000188398012
3.325	-4.016422692056582	0.018596183072519836
3.335	-4.001037979923747	0.015875780745317154
3.345	-3.98551944524762	0.016444223022643086
3.355	-3.9698719796898065	0.017296886438631986
3.365	-3.9541005357172834	0.016972062280160027
3.375	-3.938210124022616	0.019286434409272756
3.385	-3.9222058109099556	0.018799198171564814
3.395	-3.9060927156484233	0.01737809247824998
3.405	-3.8898760077944106	0.018514977032901846
3.415	-3.8735609044844335	0.01961125856774472
3.425	-3.8571526677001473	0.019367640448890746
3.435	-3.840656601507136	0.01948944950831773
3.445	-3.824078049269179	0.019083419310227778
3.455	-3.807422390839618	0.020423318963924623
3.465	-3.7906950397315313	0.02046392198373362
3.475	-3.7739014402684115	0.020545128023351608
3.485	-3.7570470647170415	0.0206263340629696
3.495	-3.7401374104043117	0.021275982379913523
3.505	-3.7231779968197065	0.021275982379913523
3.515	-3.70617436270517	0.02277829411284635
3.525	-3.689132063134162	0.023509148469408266
3.535	-3.6720566665815872	0.023833972627880225
3.545	-3.6549537519864295	0.022656485053419363
3.555	-3.6378289058088122	0.02399638470711621
3.565	-3.620687719083279	0.023184324310936304
3.575	-3.603535784470053	0.02330613337036329
3.585	-3.586378693306077	0.026676184014509895
3.595	-3.5692220326575765	0.02606713871737497
3.605	-3.5520713823759706	0.02809728970782473
3.615	-3.534932312158836	0.027813068569161763
3.625	-3.517810378617767	0.02870633500495966
3.635	-3.5007111223548617	0.028665731985150666
3.645	-3.4836400650495953	0.02740703837107181
3.655	-3.466602706557868	0.027691259509734778
3.665	-3.449604522024928	0.030452264856746458
3.675	-3.432650959013964	0.029437189361521576
3.685	-3.415747434652068	0.02964020446056655
3.695	-3.3988993327953008	0.030614676935982438
3.705	-3.3821120012145647	0.030695882975600428
3.715	-3.365390748803986	0.0326854309462412
3.725	-3.348740842813492	0.03276663698585919
3.735	-3.332167506107263	0.03162975243120732
3.745	-3.3156759144496797	0.03378171248108407
3.755	-3.2992711938204415	0.03556824535267986
3.765	-3.2829584177604536	0.03471558193669096
3.775	-3.266742604750095	0.03390352154051106
3.785	-3.250628715621436	0.03585246649134283
3.795	-3.234621651005978	0.03654271782809575
3.805	-3.218726248819438	0.03942553223453441
3.815	-3.202947281785118	0.03552764233287087
3.825	-3.1872894549973267	0.03670512990733173
3.835	-3.171757403526341	0.03690814500637671
3.845	-3.1563556900663245	0.03881648693739948
3.855	-3.1410888026276456	0.0378420144619836
3.865	-3.125961152274972	0.04072482886842226
3.875	-3.1109770709125018	0.040400004709950296
3.885	-3.0961408091176432	0.04133387416555719
3.895	-3.0814565340244884	0.04364824629466992
3.905	-3.0669283272583074	0.04364824629466992
3.915	-3.052560182922329	0.0412932711457482
3.925	-3.038356005638007	0.04628744258225462
3.935	-3.0243196086399236	0.04523176406722074
3.945	-3.0104547119265197	0.043323422136197956
3.955	-2.9967649404677092	0.04661226674072658
3.965	-2.98325382247047	0.04482573386913079
3.975	-2.9699247877034476	0.04584080936435567
3.985	-2.9567811658815524	0.04937327208773826
3.995	-2.9438261851115337	0.0489672418896483
4.005	-2.9310629703994446	0.049007844909457296
4.015	-2.918494542220865	0.04778975431518744
4.025	-2.906123815154764	0.04912965396888428
4.035	-2.8939535965817713	0.051606438177233
4.045	-2.8819865854476503	0.04929206604812027
4.055	-2.8702253710926913	0.05051015664239012
4.065	-2.858672432147703	0.052459101593221896
4.075	-2.84733013549725	0.05221548347436793
4.085	-2.8362007353107517	0.05266211669226687
4.095	-2.825286372141978	0.05517950392042458
4.105	-2.814589072097486	0.05359598614787377
4.115	-2.8041107460744517	0.05481407674214362
4.125	-2.793853189068335	0.05432684050443568
4.135	-2.7838180795507794	0.05318995594978381
4.145	-2.7740069789180684	0.056681815653357406
4.155	-2.7644213310104666	0.05517950392042458
4.165	-2.755062461702675	0.05794050926743626
4.175	-2.7459315785656297	0.056925433772211376
4.185	-2.7370297705998192	0.057615685108964296
4.195	-2.7283580080402303	0.05810292134667224
4.205	-2.7199171422330055	0.058630760604189175
4.215	-2.711707905583852	0.05794050926743626
4.225	-2.703730911578195	0.06066091159463894
4.235	-2.6959866548730136	0.06423397733783053
4.245	-2.6884755114602727	0.06464000753592047
4.255	-2.681197738901787	0.0626504595652797
4.265	-2.674153476635355	0.06561448001133637
4.275	-2.667342746351923	0.06260985654547072
4.285	-2.660765452443497	0.062082017287953775
4.295	-2.654421382521479	0.06273166560489771
4.305	-2.648310208005089	0.0618790021889088
4.315	-2.6424314847794403	0.06809126421968507
4.325	-2.6367846539228292	0.06589870114999934
4.335	-2.6313690425027483	0.06256925352566171
4.345	-2.6261838644400757	0.06573628907076336
4.355	-2.6212282214408766	0.06390915317935857
4.365	-2.6165011039951946	0.06577689209057234
4.375	-2.612001392442159	0.06890332461586499
4.385	-2.6077278581007137	0.0661829222886623
4.395	-2.6036791644652304	0.06752282194235915
4.405	-2.599853868465209	0.06837548535834805
4.415	-2.596250421788251	0.06504603773401044
4.425	-2.592867172265437	0.06715739476407818
4.435	-2.5897023653182076	0.06813186723949408
4.445	-2.5867541454658096	0.06642654040751628
4.455	-2.5840205578923285	0.06541146491229138
4.465	-2.581499550072294	0.0669543796650332
4.475	-2.5791889734538005	0.06910633971490995
4.485	-2.577086585198062	0.0669949826848422
4.495	-2.575190049974281	0.06865970649701102
4.505	-2.573496941808669	0.06922814877433695
4.515	-2.5720047459864315	0.0678476461008311
4.525	-2.570710861005498	0.06630473134808929
4.535	-2.569612600580727	0.0679694551602581
4.545	-2.568707195697327	0.06943116387338193
4.555	-2.5679917967121497	0.0713801088242137
4.565	-2.5674634755015235	0.07020262124975284
4.575	-2.567119227654242	0.06577689209057234
4.585	-2.566955974708321	0.06849729441777502
4.595	-2.5669705664300704	0.06861910347720201
4.605	-2.567159783134046	0.07162372694306766
4.615	-2.567520338042379	0.06752282194235915
4.625	-2.5680488796819945	0.06500543471420143
4.635	-2.5687419943181764	0.06654834946694325
4.645	-2.569596208422933	0.0696747819922359
4.655	-2.570607991176587	0.06813186723949408
4.665	-2.5717737570009884	0.06857850045739303
4.675	-2.5730898681227554	0.06922814877433695
4.685	-2.574552637164886	0.06565508303114537
4.695	-2.5761583297651107	0.06683257060560623
4.705	-2.5779031672193042	0.068781515556438
4.715	-2.5797833291482855	0.06675136456598824
4.725	-2.5817949561863065	0.06512724377362843
4.735	-2.583934152689509	0.0610263387729199
4.745	-2.586196989462654	0.06715739476407818
4.755	-2.588579506502351	0.06480241961515645
4.765	-2.5910777157550866	0.06662955550656124
4.775	-2.5936876038882692	0.06748221892255014
4.785	-2.5964051350725414	0.06723860080369617
4.795	-2.5992262537735953	0.06325950486241463
4.805	-2.602146887551711	0.06317829882279664
4.815	-2.6051629498672475	0.06638593738770728
4.825	-2.6082703428903016	0.06557387699152736
4.835	-2.6114649603127567	0.06492422867458345
4.845	-2.614742690160926	0.06309709278317865
4.855	-2.6180994176070236	0.06260985654547072
4.865	-2.621531027777662	0.06512724377362843
4.875	-2.625033408557609	0.06338131392184163
4.885	-2.628602453387017	0.06220382634738076
4.895	-2.6322340640503565	0.0643963894170665
4.905	-2.6359241534552824	0.060701514614447935
4.915	-2.6396686483996765	0.06350312298126862
4.925	-2.6434634923251084	0.061391765951200855
4.935	-2.647304648054968	0.05895558476266114
4.945	-2.651188100515541	0.061391765951200855
4.955	-2.6551098594383005	0.061757193129481816
4.965	-2.6590659620417014	0.061391765951200855
4.975	-2.663052475690781	0.0592804089211331
4.985	-2.667065500532877	0.059767645158841046
4.995	-2.6711011721078015	0.059158599861706115
5.005	-2.6751556639308123	0.060782720654065925
5.015	-2.679225190046747	0.05936161496075109
5.025	-2.6833060075536994	0.05794050926743626
5.035	-2.6873944190946517	0.05944282100036909
5.045	-2.69148677531547	0.060295484416357986
5.055	-2.6955794772877195	0.05810292134667224
5.065	-2.699668978894759	0.05704724283163836
5.075	-2.703751789179604	0.059524027039987076
5.085	-2.7078244746530813	0.05635699149488544
5.095	-2.711883661560801	0.0592804089211331
5.105	-2.715926038107521	0.06252865050585273
5.115	-2.7199483566374965	0.05688483075240238
5.125	-2.7239474357694253	0.0584277455051442
5.135	-2.7279201624846507	0.05725025793068334
5.145	-2.731863494167291	0.05367719218749176
5.155	-2.7357744605950147	0.05940221798056009
5.165	-2.739650165879186	0.056153976395840466
5.175	-2.743487790353172	0.05859015758438018
5.185	-2.7472845924076053	0.05566674015813252
5.195	-2.7510379102714446	0.05664121263354841
5.205	-2.754745163737705	0.056397594514694435
5.215	-2.3800619001538426	0.08473850234137315
5.225	-2.3861365441080284	0.07897287352849582
5.235	-2.392157888832727	0.08283016041035036
5.245	-2.3981236964904653	0.08051578828123764
5.255	-2.4040318185696115	0.07844503427097888
5.265	-2.4098801972564825	0.07840443125116987
5.275	-2.415666866745258	0.07840443125116987
5.285	-2.4213899544848667	0.07548101382492221
5.295	-2.427047682362063	0.07678031045881006
5.305	-2.4326383678199375	0.08100302451894557
5.315	-2.438160424911165	0.07442533530988835
5.325	-2.443612365285313	0.0782014161521249
5.335	-2.4489927991095963	0.07710513461728202
5.345	-2.4543004359224927	0.07410051115141637
5.355	-2.4595340854196706	0.0765772953597651
5.365	-2.464692658171753	0.07678031045881006
5.375	-2.4697751662734433	0.0714207118440227
5.385	-2.474780723923617	0.06914694273471896
5.395	-2.4797085479360037	0.07495317456740527
5.405	-2.484557958180144	0.07328845075523648
5.415	-2.4893283779523387	0.07121769674497772
5.425	-2.494019334276363	0.07357267189389943
5.435	-2.4986304581337406	0.07405990813160739
5.445	-2.503161484623458	0.07462835040893331
5.455	-2.507612253050991	0.07020262124975284
5.465	-2.5119827069466085	0.07158312392325868
5.475	-2.5162728940129377	0.0695529729328089
5.485	-2.5204829660018175	0.0696747819922359
5.495	-2.5246131785205295	0.06861910347720201
5.505	-2.5286638907675196	0.0695935759526179
5.515	-2.5326355651977943	0.07068985748746077
5.525	-2.536528767118184	0.06991840011108987
5.535	-2.5403441642127493	0.07263880243829254
5.545	-2.5440825259986206	0.06683257060560623
5.555	-2.5477447232126207	0.06760402798197714
5.565	-2.5513317271290576	0.06939056085357292
5.575	-2.5548446088091294	0.06273166560489771
5.585	-2.5582845382823995	0.06833488233853904
5.595	-2.561652783660885	0.0678882491206401
5.605	-2.564950710186303	0.06662955550656124
5.615	-2.568179779211081	0.06671076154617923
5.625	-2.571341547113794	0.0671167917442692
5.635	-2.5744376641496944	0.06679196758579722
5.645	-2.577469873237081	0.0678476461008311
5.655	-2.5804400086802692	0.0679288521404491
5.665	-2.5833499948299763	0.0661017162490443
5.675	-2.58620184468197	0.06943116387338193
5.685	-2.5889976584148715	0.06589870114999934
5.695	-2.591739621868041	0.06687317362541521
5.705	-2.5944300049605076	0.06861910347720201
5.715	-2.597071160051957	0.06496483169439245
5.725	-2.599665520246808	0.06419337431802154
5.735	-2.602215597642458	0.06151357501062784
5.745	-2.604723981522807	0.06520844981324642
5.755	-2.607193336498222	0.06752282194235915
5.765	-2.6096264005930934	0.06736040986312317
5.775	-2.6120259832822326	0.06719799778388719
5.785	-2.614394963477329	0.06484302263496546
5.795	-2.616736287464762	0.06309709278317865
5.805	-2.619052966796077	0.062447444466234736
5.815	-2.6213480761324583	0.06508664075381942
5.825	-2.6236247510445683	0.06719799778388719
5.835	-2.6258861857691693	0.06325950486241463
5.845	-2.628135630923924	0.06455880149630248
5.855	-2.6303763911818594	0.0644775954566845
5.865	-2.632611822906936	0.06317829882279664
5.875	-2.634845331752271	0.06338131392184163
5.885	-2.6370803702224928	0.06488362565477446
5.895	-2.639320435201827	0.06228503238699875
5.905	-2.6415690654494393	0.06346251996145962
5.915	-2.6438298390636676	0.061148147832346886
5.925	-2.6461063709167325	0.0643963894170665
5.935	-2.6484023100615675	0.06415277129821254
5.945	-2.650721337112424	0.06520844981324642
5.955	-2.6530671616009065	0.062244429367189755
5.965	-2.6554435193091344	0.061391765951200855
5.975	-2.6578541695817215	0.060985735753110906
5.985	-2.6603028926182857	0.06126995689177387
5.995	-2.6627934867482206	0.06289407768413369
6.005	-2.665329765689459	0.06516784679343741
6.015	-2.6679155557929723	0.060214278376739996
6.025	-2.670554693274779	0.06346251996145962
6.035	-2.6732510214372116	0.06240684144642574
6.045	-2.676008387881216	0.060701514614447935
6.055	-2.678830641711474	0.06273166560489771
6.065	-2.68172163073612	0.06179779614929081
6.075	-2.684685198662847	0.06256925352566171
6.085	-2.687725182293192	0.06399035921897656
6.095	-2.690845408716788	0.05956463005979607
6.105	-2.6940496925073774	0.06135116293139186
6.115	-2.697341832922396	0.05972704213903205
6.125	-2.7007256111078837	0.061066941792728896
6.135	-2.704204787310543	0.06086392669368392
6.145	-2.7077830980987105	0.060701514614447935
6.155	-2.7114642535940345	0.05733146397030133
6.165	-2.7152519347156097	0.061757193129481816
6.175	-2.7191497904383644	0.05704724283163836
6.185	-2.7231614350674307	0.058996187782470136
6.195	-2.727290445530262	0.059524027039987076
6.205	-2.731540358688224	0.05534191599966056
6.215	-2.7359146686694036	0.05741267000991932
6.225	-2.7404168242243214	0.058833775703234156
6.235	-2.7450502261062706	0.05582915223736851
6.245	-2.7498182244779525	0.05465166466290764
6.255	-2.7547241163460887	0.057778097188200275
6.265	-2.759771143025646	0.05741267000991932
6.275	-2.764962487635327	0.05818412738629023
6.285	-2.770301272625914	0.055544931098705536
6.295	-2.7757905573430968	0.056397594514694435
6.305	-2.7814333356263234	0.058914981742852146
6.315	-2.787232533445241	0.05936161496075109
6.325	-2.793191006575255	0.056316388475076445
6.335	-2.7993115383137113	0.054692267682716636
6.345	-2.805596837238176	0.057534479069346306
6.355	-2.812049535008266	0.0541238254053907
6.365	-2.8186721842124687	0.05258091065264888
6.375	-2.825467256261324	0.05432684050443568
6.385	-2.8324371393283805	0.05436744352424468
6.395	-2.8395841363402257	0.05371779520730075
6.405	-2.8469104630169175	0.05465166466290764
6.415	-2.8544182459641076	0.05111920193952505
6.425	-2.8621095208180938	0.052702719712075866
6.435	-2.8699862304450066	0.04778975431518744
6.445	-2.8780502231953378	0.050997392880098066
6.455	-2.8863032512149314	0.05233729253379491
6.465	-2.8947469688135765	0.053230558969592806
6.475	-2.9033829308922523	0.052012468375322946
6.485	-2.9122125914300883	0.04778975431518744
6.495	-2.9212373020320292	0.04681528183977155
6.505	-2.930458310538185	0.04872362377079433
6.515	-2.939876759695782	0.049535684166974236
6.525	-2.9494936858946086	0.04949508114716524
6.535	-2.959310017966807	0.04872362377079433
6.545	-2.9693265760518295	0.04657166372091758
6.555	-2.9795440705273126	0.04681528183977155
6.565	-2.989963101006612	0.04653106070110859
6.575	-3.0005841554036765	0.045475382186074706
6.585	-3.011407609065926	0.04498814594836677
6.595	-3.0224337239757078	0.04567839728511969
6.605	-3.033662648020929	0.04498814594836677
6.615	-3.0450944143353436	0.04653106070110859
6.625	-3.0567289407090064	0.047464930156715476
6.635	-3.0685660290693124	0.03975035639300638
6.645	-3.0806053650329943	0.04206472852211911
6.655	-3.092846517529451	0.0412932711457482
6.665	-3.1052889384956783	0.039709753373197376
6.675	-3.117931962643091	0.03922251713548944
6.685	-3.1307748072964117	0.04068422584861327
6.695	-3.1438165723048153	0.03828864767988255
6.705	-3.157056240025444	0.03958794431377039
6.715	-3.170492675379377	0.03873528089778149
6.725	-3.1841246259800653	0.03642090876866876
6.735	-3.1979507223342463	0.0369893510459947
6.745	-3.2119694781152583	0.03889769297701747
6.755	-3.2261792905086573	0.03735477822427565
6.765	-3.240578440629998	0.03629909970924178
6.775	-3.25516509401457	0.03573065743191584
6.785	-3.2699373011788575	0.03467497891688197
6.795	-3.284892998253444	0.034390757778219
6.805	-3.300030007687041	0.03487799401592694
6.815	-3.315346039021237	0.03292904906509517
6.825	-3.3308386897356037	0.03390352154051106
6.835	-3.346505446162654	0.030655279955791433
6.845	-3.362343684472174	0.03402533059993804
6.855	-3.3783506717243745	0.03215759168872426
6.865	-3.3945235669912823	0.03187337055006129
6.875	-3.41085942254574	0.03158914941139832
6.885	-3.427355185117318	0.03232000376796024
6.895	-3.4440076972144698	0.029518395401139565
6.905	-3.460813698512132	0.03138613431235335
6.915	-3.477769827303988	0.028828144064386645
6.925	-3.4948726220185815	0.028584525945532673
6.935	-3.5121185227983642	0.02878754104457765
6.945	-3.5295038731407846	0.026797993073936884
6.955	-3.5470249216004697	0.025823520598520996
6.965	-3.5646778235514986	0.027366435351262815
6.975	-3.5824586430087346	0.026879199113554873
6.985	-3.6003633545071514	0.02460543000425114
6.995	-3.618387845038066	0.024280605845779176
7.005	-3.6365279160411275	0.02509266624195908
7.015	-3.6547792854508856	0.02330613337036329
7.025	-3.673137589796746	0.024199399806161183
7.035	-3.691598386355056	0.02379336960807123
7.045	-3.7101571553520714	0.025214475301386065
7.055	-3.7288093022164888	0.023509148469408266
7.065	-3.747550159880199	0.02314372129112731
7.075	-3.766374991125905	0.022006836736475438
7.085	-3.7852789909802262	0.020748143122396586
7.095	-3.804257289150851	0.020423318963924623
7.105	-3.8233049525062808	0.02115417332048654
7.115	-3.8424169875966983	0.021194776340295533
7.125	-3.8615883432144815	0.018352564953665863
7.135	-3.880813912992794	0.020910555201632566
7.145	-3.900088538040722	0.02030150990449764
7.155	-3.9194070096134093	0.02038271594411563
7.165	-3.938764071815541	0.019448846488508736
7.175	-3.958154424336616	0.018961610250800794
7.185	-3.9775727252163433	0.017662313616912943
7.195	-3.9970135936385054	0.015429147527418205
7.205	-4.016471612751634	0.017662313616912943
7.215	-4.0359413325147875	0.016444223022643086
7.225	-4.0554172725667685	0.017175077379205
7.235	-4.074893925116989	0.018880404211182804
7.245	-4.09436575785633	0.015104323368946243
7.255	-4.113827216886209	0.015510353567036195
7.265	-4.133272729664091	0.01579457470569916
7.275	-4.1526967079636865	0.015185529408564232
7.285	-4.172093550848098	0.015347941487800214
7.295	-4.191457647654061	0.013358393517159445
7.305	-4.21078338098553	0.013642614655822413
7.315	-4.2300651297148315	0.014373469012384328
7.325	-4.249297271989519	0.013277187477541455
7.335	-4.268474188243191	0.013845629754867389
7.345	-4.287590264208433	0.014170453913339352
7.355	-4.3066398939300585	0.012586936140788535
7.365	-4.325617482776865	0.013683217675631408
7.375	-4.344517450450101	0.01262753916059753
7.385	-4.363334233986804	0.01230271500212557
7.395	-4.382062290756237	0.012424524061552554
7.405	-4.400696101447598	0.012383921041743559
7.415	-4.419230173047233	0.011368845546518676
7.425	-4.437659041803556	0.012140302922889588
7.435	-4.455977276177868	0.012505730101170546
7.445	-4.4741794797793535	0.01084100628900174
7.455	-4.492260294282436	0.011003418368237719
7.465	-4.510214402324799	0.011125227427664705
7.475	-4.528036530384275	0.010637991189956762
7.485	-4.545721451632921	0.010434976090911785
7.495	-4.56326398876653	0.010516182130529777
7.505	-4.580659016807923	0.010272564011675804
7.515	-4.597901465882304	0.00893266435797896
7.525	-4.614986323963015	0.009257488516450923
7.535	-4.631908639586072	0.00885145831836097
7.545	-4.648663524531837	0.009988342873012838
7.555	-4.665246156472202	0.009135679457023937
7.565	-4.681651781581736	0.009744724754158865
7.575	-4.697875717111193	0.00962291569473188
7.585	-4.713913353921886	0.00799879490237207
7.595	-4.729760158979345	0.007633367724091112
7.605	-4.745411677804848	0.00885145831836097
7.615	-4.76086353688328	0.00799879490237207
7.625	-4.7761114460259435	0.007430352625046136
7.635	-4.791151200686878	0.008323619060844032
7.645	-4.805978684231302	0.007470955644855131
7.655	-4.820589870154853	0.007836382823136088
7.665	-4.834980824252263	0.006983719407147188
7.675	-4.849147706734224	0.0077551767835180975
7.685	-4.863086774291142	0.007592764704282116
7.695	-4.87679438210257	0.007592764704282116
7.705	-4.890266985791139	0.007024322426956183
7.715	-4.903501143319803	0.00816120698160805
7.725	-4.9164935168312836	0.007917588862754078
7.735	-4.9292408744286424	0.006334071090203263
7.745	-4.94174009189589	0.007227337526001159
7.755	-4.953988154357651	0.008039397922181064
7.765	-4.965982157876891	0.006983719407147188
7.775	-4.977719310989769	0.005887437872304315
7.785	-4.989196936176699	0.006699498268484221
7.795	-5.000412471268788	0.007308543565619149
7.805	-5.011363470788798	0.006943116387338192
7.815	-5.022047607225861	0.005887437872304315
7.825	-5.032462672243209	0.006009246931731301
7.835	-5.0426065778182085	0.006740101288293216
7.845	-5.052477357314048	0.006455880149630249
7.855	-5.062073166482457	0.005765628812877329
7.865	-5.07139228439688	0.0058468348524953195
7.875	-5.080433114315578	0.006374674110012258
7.885	-5.0891941844741595	0.006983719407147188
7.895	-5.097674148807107	0.006455880149630249
7.905	-5.105871787597879	0.006171659010967282
7.915	-5.1137860080572475	0.005725025793068334
7.925	-5.12141584482954	0.007186734506192164
7.935	-5.128760460426525	0.004912965396888428
7.945	-5.1358191455887106	0.005278392575169386
7.955	-5.142591319573867	0.004791156337461443
7.965	-5.149076530372659	0.0060904529713492915
7.975	-5.155274454851251	0.005034774456315414
7.985	-5.161184898820901	0.0058468348524953195
7.995	-5.166807797034458	0.005562613713832353
8.005	-5.172143213109891	0.005197186535551395
8.015	-5.177191339380855	0.005765628812877329
8.025	-5.181952496674487	0.005278392575169386
8.035	-5.186427134016565	0.00523778955536039
8.045	-5.190615828264264	0.006252865050585273
8.055	-5.19451928366678	0.005562613713832353
8.065	-5.1981383313541105	0.004994171436506419
8.075	-5.201473928754353	0.0053595986147873765
8.085	-5.204527158939914	0.005440804654405367
8.095	-5.207299229903068	0.005481407674214362
8.105	-5.209791473761338	0.0060904529713492915
8.115	-5.212005345893229	0.004994171436506419
8.125	-5.213942424004879	0.004953568416697423
8.135	-5.215604407128225	0.005684422773259338
8.145	-5.216993114551347	0.00523778955536039
8.155	-5.218110484681667	0.005522010694023358
8.165	-5.218958573842743	0.004831759357270438
8.175	-5.219539555005424	0.005765628812877329
8.185	-5.21985571645417	0.005562613713832353
8.195	-5.219909460389398	0.005115980495933405
8.205	-5.219703301466743	0.004750553317652447
8.215	-5.219239865274144	0.005562613713832353
8.225	-5.218521886747731	0.0051565835157424
8.235	-5.217552208527521	0.004831759357270438
8.245	-5.216333779253934	0.005643819753450343
8.255	-5.214869651806232	0.005684422773259338
8.265	-5.21316298148397	0.0051565835157424
8.275	-5.211217024132595	0.00507537747612441
8.285	-5.2090351342143855	0.004872362377079433
8.295	-5.206620762825934	0.0046693472780344565
8.305	-5.203977455663395	0.005806231832686325
8.315	-5.2011088509367935	0.0053595986147873765
8.325	-5.198018677234675	0.0041821110403265135
8.335	-5.194710751340443	0.004791156337461443
8.345	-5.191188976001732	0.004628744258225462
8.355	-5.187457337654204	0.005806231832686325
8.365	-5.18351990410119	0.005765628812877329
8.375	-5.179380822150605	0.005765628812877329
8.385	-5.175044315210613	0.004953568416697423
8.395	-5.170514680845526	0.006009246931731301
8.405	-5.165796288293437	0.005318995594978381
8.415	-5.160893575947152	0.0056032167336413485
8.425	-5.1558110487999365	0.0058468348524953195
8.435	-5.1505532758577015	0.006049849951540296
8.445	-5.145124887519163	0.006171659010967282
8.455	-5.139530572925658	0.006212262030776277
8.465	-5.133775077282191	0.005481407674214362
8.475	-5.12786319915139	0.0058468348524953195
8.485	-5.121799787722027	0.006293468070394268
8.495	-5.115589740053778	0.00523778955536039
8.505	-5.109237998299907	0.00592804089211331
8.515	-5.102749546909603	0.006049849951540296
8.525	-5.096129409811635	0.006212262030776277
8.535	-5.089382647581109	0.006212262030776277
8.545	-5.082514354591	0.006212262030776277
8.555	-5.075529656150243	0.006780704308102211
8.565	-5.068433705630108	0.00592804089211331
8.575	-5.061231681580614	0.007308543565619149
8.585	-5.053928784838747	0.00738974960523714
8.595	-5.046530235630233	0.006049849951540296
8.605	-5.03904127066663	0.006821307327911206
8.615	-5.031467140239501	0.006009246931731301
8.625	-5.0238131053134545	0.0065776892090572345
8.635	-5.016084434619767	0.006212262030776277
8.645	-5.008286401752399	0.006821307327911206
8.655	-5.000424282268138	0.006699498268484221
8.665	-4.99250335079261	0.00661829222886623
8.675	-4.9845288781339345	0.007186734506192164
8.685	-4.976506128405752	0.007146131486383168
8.695	-4.968440356161342	0.006009246931731301
8.705	-4.960336803540583	0.0065776892090572345
8.715	-4.467118777552974	0.011571860645563654
8.725	-4.4564884014105735	0.01230271500212557
8.735	-4.4458358685290165	0.012911760299260498
8.745	-4.435166343180542	0.011653066685181644
8.755	-4.424484963210855	0.013602011636013418
8.765	-4.413796837298673	0.012505730101170546
8.775	-4.403107042239825	0.01177487574460863
8.785	-4.39242062025757	0.012749348220024517
8.795	-4.38174257634069	0.012871157279451503
8.805	-4.371077875610949	0.012505730101170546
8.815	-4.360431440721503	0.012749348220024517
8.825	-4.349808149287755	0.011977890843653607
8.835	-4.339212831352222	0.012749348220024517
8.845	-4.328650266884873	0.011896684804035615
8.855	-4.318125183320428	0.013195981437923464
8.865	-4.3076422531340475	0.013480202576586432
8.875	-4.297206091456855	0.013967438814294375
8.885	-4.286821253732675	0.013683217675631408
8.895	-4.276492233417343	0.013114775398305474
8.905	-4.266223459721951	0.014860705250092272
8.915	-4.256019295401318	0.01331779049735045
8.925	-4.245884034588965	0.014211056933148346
8.935	-4.235821900679872	0.013926835794485379
8.945	-4.225837044262188	0.013602011636013418
8.955	-4.215933541099132	0.013805026735058394
8.965	-4.206115390162189	0.015144926388755238
8.975	-4.196386511716763	0.013845629754867389
8.985	-4.186750745461348	0.014820102230283275
8.995	-4.177211848721267	0.016038192824553134
9.005	-4.167773494698016	0.01571336866608117
9.015	-4.158439270775158	0.01571336866608117
9.025	-4.149212676881752	0.01660663510187907
9.035	-4.140097123914171	0.0163224139632161
9.045	-4.131095932217238	0.01591638376512615
9.055	-4.122212330125439	0.017296886438631986
9.065	-4.113449452565076	0.01725628341882299
9.075	-4.104810339718046	0.0163224139632161
9.085	-4.096297935748003	0.015956986784935144
9.095	-4.087915087589555	0.016119398864171124
9.105	-4.079664543801117	0.01660663510187907
9.115	-4.071548953482048	0.017987137775384906
9.125	-4.063570865254561	0.017296886438631986
9.135	-4.055732726310975	0.01831196193385687
9.145	-4.048036881526735	0.017581107577294953
9.155	-4.040485572639621	0.017499901537676964
9.165	-4.033080937495565	0.01656603208207007
9.175	-4.025825009361361	0.01709387133958701
9.185	-4.018719716304612	0.017134474359396006
9.195	-4.01176688064113	0.019367640448890746
9.205	-4.004968218450019	0.02017970084507065
9.215	-3.998325339156604	0.01940824346869974
9.225	-3.9918397451833187	0.01762171059710395
9.235	-3.9855128316686494	0.018352564953665863
9.245	-3.9793458862541513	0.01932703742908175
9.255	-3.973340088939545	0.018799198171564814
9.265	-3.9674965120058494	0.01847437401309285
9.275	-3.9618161200064246	0.018758595151755816
9.285	-3.956299769825833	0.01953005252812673
9.295	-3.9509482108063114	0.01883980119137381
9.305	-3.945762084941633	0.019448846488508736
9.315	-3.940741927138111	0.02017970084507065
9.325	-3.9358881655424196	0.01863678609232883
9.335	-3.9312011219358904	0.01969246460736271
9.345	-3.9266810121949094	0.020139097825261656
9.355	-3.9223279468169334	0.019367640448890746
9.365	-3.9181419315117165	0.019733067627171703
9.375	-3.9141228678571838	0.0197736706469807
9.385	-3.910270554019414	0.020829349162014576
9.395	-3.906584685536137	0.01883980119137381
9.405	-Inf	0.0
9.415	-Inf	0.0
9.425	-Inf	0.0
9.435	-Inf	0.0
9.445	-Inf	0.0
9.455	-Inf	0.0
9.465	-Inf	0.0
9.475	-Inf	0.0
9.485	-Inf	0.0
9.495	-Inf	0.0
9.505	-Inf	0.0
9.515	-Inf	0.0
9.525	-Inf	0.0
9.535	-Inf	0.0
9.545	-Inf	0.0
9.555	-Inf	0.0
9.565	-Inf	0.0
9.575	-Inf	0.0
9.585	-Inf	0.0
9.595	-Inf	0.0
9.605	-Inf	0.0
9.615	-Inf	0.0
9.625	-Inf	0.0
9.635	-Inf	0.0
9.645	-Inf	0.0
9.655	-Inf	0.0
9.665	-Inf	0.0
9.675	-Inf	0.0
9.685	-Inf	0.0
9.695	-Inf	0.0
9.705	-Inf	0.0
9.715	-Inf	0.0
9.725	-Inf	0.0
9.735	-Inf	0.0
9.745	-Inf	0.0
9.755	-Inf	0.0
9.765	-Inf	0.0
9.775	-Inf	0.0
9.785	-Inf	0.0
9.795	-Inf	0.0
9.805	-Inf	0.0
9.815	-Inf	0.0
9.825	-Inf	0.0
9.835	-Inf	0.0
9.845	-Inf	0.0
9.855	-Inf	0.0
9.865	-Inf	0.0
9.875	-Inf	0.0
9.885	-Inf	0.0
9.895	-Inf	0.0
9.905	-Inf	0.0
9.915	-Inf	0.0
9.925	-Inf	0.0
9.935	-Inf	0.0
9.945	-Inf	0.0
9.955	-Inf	0.0
9.965	-Inf	0.0
9.975	-Inf	0.0
9.985	-Inf	0.0
9.995	-Inf	0.0
