0.005	-Inf	0.0
0.015	-Inf	0.0
0.025	-Inf	0.0
0.035	-6.259682969303404	0.0018411305859659724
0.045	-6.277119263328581	0.0017442289761782897
0.055	-6.294917609351149	0.0018346704786467935
0.065	-6.313068634812296	0.0015052050053686722
0.075	-6.331562731924741	0.0017119284395823954
0.085	-6.350390063197897	0.0016214869371138914
0.095	-6.369540567106545	0.0016990082249440377
0.105	-6.3890039638996745	0.001472904468772778
0.115	-6.408769761546087	0.0017377688688591107
0.125	-6.4288272618132245	0.0014987448980494933
0.135	-6.449165566475664	0.0015891864005179973
0.145	-6.469773583649585	0.0015052050053686722
0.155	-6.490640034249466	0.0013437023223892008
0.165	-6.511753458563188	0.0014599842541344202
0.175	-6.533102222941622	0.0014406039321768836
0.185	-6.554674526598764	0.001427683717538526
0.195	-6.576458408518328	0.0014341438248577048
0.205	-6.598441754462732	0.0014406039321768836
0.215	-6.6206123040802565	0.0012597209272398758
0.225	-6.642957658106184	0.0011821996394097297
0.235	-6.665465285653582	0.0012984815711549488
0.245	-6.688122531589405	0.0012338804979631604
0.255	-6.710916623991492	0.001253260819920697
0.265	-6.733834681681998	0.0012403406052823394
0.275	-6.7568637218327705	0.0012338804979631604
0.285	-6.779990667638089	0.0010659177076645103
0.295	-6.803202356050196	0.0010982182442604046
0.305	-6.826485545572956	0.0010465373857069737
0.315	-6.84982692410899	0.001162819317452193
0.325	-6.8732131168555615	0.0009560958832384699
0.335	-6.896630694244465	0.0009625559905576487
0.345	-6.920066179921165	0.0009367155612809334
0.355	-6.943506058758372	0.0010206969564302583
0.365	-6.966936784899229	0.0008721144880891448
0.375	-6.9903447898252935	0.0008591942734507872
0.385	-7.01371649044442	0.0008462740588124294
0.395	-7.0370382971937016	0.0008398139514932505
0.405	-7.060296622152568	0.0008268937368548928
0.415	-7.08347788716115	0.0006718511611946004
0.425	-7.106568531939016	0.0007881330929398198
0.435	-7.129555022199378	0.0007881330929398198
0.445	-7.152423857753866	0.0007299921270672101
0.455	-7.175161580602973	0.0008527341661316083
0.465	-7.197754783007288	0.0007945932002589986
0.475	-7.220190115534629	0.0007687527709822832
0.485	-7.242454295078207	0.0006072500880028119
0.495	-7.26453411284098	0.000646010731917885
0.505	-7.286416442281358	0.0007429123417055678
0.515	-7.308088247015433	0.0006524708392370639
0.525	-7.329536588670978	0.0005684894440877388
0.535	-7.350748634688422	0.0006718511611946004
0.545	-7.371711666064104	0.0006137101953219908
0.555	-7.392413085031064	0.0006395506245987062
0.565	-7.412840422672773	0.000646010731917885
0.575	-7.432981346465126	0.0006589309465562427
0.585	-7.452823667742141	0.000432827190384983
0.595	-7.472355349080841	0.0005555692294493812
0.605	-7.491564511600809	0.0005491091221302023
0.615	-7.510439442173994	0.0005749495514069177
0.625	-7.528968600540381	0.0006589309465562427
0.635	-7.547140626325193	0.00045866761966169837
0.645	-7.564944345953364	0.00056202933676856
0.655	-7.582368779457061	0.00043928729770416184
0.665	-7.599403147172124	0.0005814096587260965
0.675	-7.61603687631933	0.0005426490148110235
0.685	-7.632259607466488	0.0004715878343000561
0.695	-7.648061200867405	0.00047804794161923495
0.705	-7.663431742673872	0.0004522075123425195
0.715	-7.678361551016878	0.00045866761966169837
0.725	-7.6928411819533284	0.0005232686928534868
0.735	-7.70686143527465	0.00043928729770416184
0.745	-7.720413360173729	0.00047804794161923495
0.755	-7.733488260766711	0.00041990697574662526
0.765	-7.746077701466302	0.0003746862245123733
0.775	-7.75817351220326	0.00040052665378908874
0.785	-7.769767793492905	0.00042636708306580416
0.795	-7.780852921343525	0.0004522075123425195
0.805	-7.7914215520036825	0.00042636708306580416
0.815	-7.801466626545492	0.00032946547327812137
0.825	-7.810981375281088	0.0003746862245123733
0.835	-7.8199593220095265	0.00042636708306580416
0.845	-7.828394288091557	0.00036176600987401563
0.855	-7.836280396349718	0.00040052665378908874
0.865	-7.843612074791382	0.0003359255805973002
0.875	-7.850384060152437	0.0002777846147246906
0.885	-7.856591401259438	0.00041990697574662526
0.895	-7.862229462208127	0.0003940665464699099
0.905	-7.86729392535638	0.00040052665378908874
0.915	-7.8717807941297036	0.0003940665464699099
0.925	-7.875686395637565	0.0003940665464699099
0.935	-7.879007383098902	0.0003746862245123733
0.945	-7.881740738075328	0.0004069867611082676
0.955	-7.883883772510616	0.0003682261171931945
0.965	-7.885434130575193	0.00038114633183155216
0.975	-7.886389790314487	0.00038114633183155216
0.985	-7.886749065100071	0.00034884579523565795
0.995	-7.88651060488271	0.00042636708306580416
1.005	-7.885673397246466	0.00040052665378908874
1.015	-7.8842367682632215	0.0003553059025548368
1.025	-7.882200383147034	0.0004134468684274464
1.035	-7.879564246707883	0.00031008515132058484
1.045	-7.876328703604499	0.0003359255805973002
1.055	-7.87249443839608	0.0004134468684274464
1.065	-7.8680624753927955	0.0003553059025548368
1.075	-7.863034178305155	0.0003940665464699099
1.085	-7.8574112496923885	0.0003359255805973002
1.095	-7.851195730210132	0.00034238568791647905
1.105	-7.844389997657831	0.00042636708306580416
1.115	-7.836996765826397	0.0003682261171931945
1.125	-7.829019083146761	0.0003746862245123733
1.135	-7.820460331140099	0.0003230053659589425
1.145	-7.8113242226706365	0.00034238568791647905
1.155	-7.80161480000202	0.00040052665378908874
1.165	-7.79133643265841	0.00041990697574662526
1.175	-7.7804938150915355	0.000432827190384983
1.185	-7.76909196415507	0.00040052665378908874
1.195	-7.75713621638783	0.00042636708306580416
1.205	-7.744632225107383	0.00042636708306580416
1.215	-7.731585957315776	0.0003940665464699099
1.225	-7.718003690419227	0.0004974282635767715
1.235	-7.703892008763706	0.00038760643915073105
1.245	-7.689257799988466	0.00034884579523565795
1.255	-7.674108251199678	0.0004522075123425195
1.265	-7.65845084496645	0.0005491091221302023
1.275	-7.642293355141602	0.00043928729770416184
1.285	-7.6256438425096755	0.0005491091221302023
1.295	-7.608510650264781	0.000432827190384983
1.305	-7.590902399320968	0.0005426490148110235
1.315	-7.572827983457893	0.0005297288001726658
1.325	-7.55429656430471	0.00041990697574662526
1.335	-7.535317566165146	0.0004909681562575926
1.345	-7.515900670686859	0.0004522075123425195
1.355	-7.496055811378253	0.0005814096587260965
1.365	-7.475793167976031	0.0006072500880028119
1.375	-7.455123160666833	0.0006330905172795274
1.385	-7.434056444166414	0.0006330905172795274
1.395	-7.412603901659922	0.0005426490148110235
1.405	-7.390776638606831	0.0006976915904713159
1.415	-7.368585976414314	0.000516808585534308
1.425	-7.34604344598277	0.0007106118051096736
1.435	-7.323160781127384	0.0006718511611946004
1.445	-7.299949911879664	0.0006072500880028119
1.455	-7.276422957672937	0.0006976915904713159
1.465	-7.252592220415886	0.0008010533075781775
1.475	-7.22847017745828	0.0006718511611946004
1.485	-7.204069474453074	0.0008075134148973563
1.495	-7.179402918119171	0.0007558325563439255
1.505	-7.154483468909174	0.0009302554539617544
1.515	-7.12932423358648	0.0006783112685137793
1.525	-7.103938457716192	0.0009367155612809334
1.535	-7.078339518074313	0.0006912314831521371
1.545	-7.0525409149797635	0.0008139735222165352
1.555	-7.026556264553827	0.0009496357759192911
1.565	-7.000399290911602	0.000904415024685039
1.575	-6.974083818290191	0.0009496357759192911
1.585	-6.947623763118272	0.0009431756686001122
1.595	-6.921033126031823	0.0009883964198343642
1.605	-6.894325983840778	0.001040077278387795
1.615	-6.867516481451365	0.0010529974930261526
1.625	-6.840618823749028	0.0010529974930261526
1.635	-6.813647267446695	0.0011757395320905507
1.645	-6.7866161129033316	0.0011951198540480874
1.655	-6.75953969591761	0.001078837922302868
1.665	-6.732432379501639	0.001208040068686445
1.675	-6.705308545639625	0.0012209602833248027
1.685	-6.678182587036394	0.0014018432882618105
1.695	-6.65106889886072	0.00129202146383577
1.705	-6.623981870488329	0.0015375055419645663
1.715	-6.596935877249574	0.001595646507837176
1.725	-6.569945272186624	0.00129202146383577
1.735	-6.543024377825148	0.0013630826443467375
1.745	-6.516187477965324	0.0014858246834111356
1.755	-6.489448809497142	0.0014341438248577048
1.765	-6.462822554244799	0.0015052050053686722
1.775	-6.436322830845077	0.0014470640394960625
1.785	-6.409963686664544	0.0015310454346453876
1.795	-6.383759089760345	0.0016667076883481434
1.805	-6.3577229208894055	0.0017765295127741838
1.815	-6.331868965570755	0.001996173161626265
1.825	-6.306210906205724	0.0019186518737961185
1.835	-6.280762314260651	0.001731308761539932
1.845	-6.2555366425167716	0.00202201359090298
1.855	-6.230547217391866	0.001983252946987907
1.865	-6.205807231338207	0.0020478540201796956
1.875	-6.1813297353213565	0.00208015455677559
1.885	-6.15712763138419	0.001944492303072834
1.895	-6.133213665300622	0.0022674976690317764
1.905	-6.109600419323319	0.0021835162738824514
1.915	-6.086300305029721	0.0021124550933714842
1.925	-6.063325556270574	0.002254577454393419
1.935	-6.040688222225144	0.002319178527585207
1.945	-6.018400160567202	0.0022028965958399882
1.955	-5.996473030745793	0.0024290003520112476
1.965	-5.974918287384786	0.0024419205666496055
1.975	-5.953747173805011	0.0023902397080961747
1.985	-5.93297071567287	0.002855367435077052
1.995	-5.912599714779081	0.0027520057179701903
2.005	-5.8926447429512425	0.0028295270058003364
2.015	-5.873116136103759	0.0029070482936304825
2.025	-5.854023988428625	0.0026744844301400442
2.035	-5.835378146730438	0.002855367435077052
2.045	-5.817188204908952	0.0029135084009496615
2.055	-5.799463498592401	0.0027455456106510114
2.065	-5.782213099924678	0.003126691942482564
2.075	-5.765445812509417	0.002894128078992125
2.085	-5.749170166513906	0.0034367770938031486
2.095	-5.7333944139356525	0.003152532371759279
2.105	-5.718126524034326	0.003527218596271652
2.115	-5.703374178931723	0.0034367770938031486
2.125	-5.6891447693822785	0.003417396771845612
2.135	-5.675445390716508	0.003029790332694881
2.145	-5.66228283895976	0.0035659792401867255
2.155	-5.649663607128422	0.0037468622451237335
2.165	-5.637593881705721	0.0036628808499744084
2.175	-5.626079539299089	0.0033850962352497175
2.185	-5.615126143480971	0.0039212851427415625
2.195	-5.604738941814851	0.0037920829963579853
2.205	-5.594922863068133	0.0038179234256347006
2.215	-5.585682514613441	0.0037016414938894813
2.225	-5.577022180019716	0.003985886215933351
2.235	-5.568945816834475	0.003682261171931945
2.245	-5.561457054558373	0.0037856228890388063
2.255	-5.554559192813162	0.0038825244988264893
2.265	-5.548255199704014	0.003966505893975814
2.275	-5.542547710377017	0.004024646859848424
2.285	-5.537439025772583	0.0036370404206976926
2.295	-5.5329311115753645	0.003714561708527839
2.305	-5.529025597361154	0.003914825035422383
2.315	-5.525723775941119	0.003985886215933351
2.325	-5.523026602903631	0.003908364928103205
2.335	-5.520934696353798	0.003908364928103205
2.345	-5.519448336850694	0.003953585679337457
2.355	-5.518567467542171	0.004108628254997749
2.365	-5.518291694497025	0.00376624256708127
2.375	-5.51862028723413	0.003985886215933351
2.385	-5.519552179448089	0.004082787825721033
2.395	-5.52108596993079	0.0042119899721046105
2.405	-5.523219923688142	0.0038825244988264893
2.415	-5.525951973251183	0.0039019048207840257
2.425	-5.529279720180583	0.004257210723338863
2.435	-5.533200436763485	0.0040311069671676025
2.445	-5.5377110679015	0.0037339420304853756
2.455	-5.542808233188555	0.00399234632325253
2.465	-5.548488229177174	0.0038760643915073103
2.475	-5.554747031831681	0.003843763854911416
2.485	-5.561580299166664	0.003630580313378514
2.495	-5.568983374068965	0.0037920829963579853
2.505	-5.576951287301329	0.003688721279251124
2.515	-5.585478760685743	0.003624120206059335
2.525	-5.594560210464383	0.003753322352442912
2.535	-5.604189750835993	0.0037339420304853756
2.545	-5.6143611976654	0.0037404021378045545
2.555	-5.625068072363772	0.003507838274314116
2.565	-5.636303605937131	0.003759782459762091
2.575	-5.648060743200528	0.00354013881091001
2.585	-5.660332147155162	0.003326955269377108
2.595	-5.6731102035257015	0.0036370404206976926
2.605	-5.68638702545486	0.003501378166994937
2.615	-5.700154458352312	0.0033140350547387503
2.625	-5.714404084894821	0.003281734518142856
2.635	-5.729127230174471	0.0032429738742277827
2.645	-5.744314966991711	0.0032429738742277827
2.655	-5.759958121289905	0.003068550976609954
2.665	-5.776047277727976	0.003113771727844206
2.675	-5.792572785387621	0.002887667971672946
2.685	-5.80952476361156	0.002894128078992125
2.695	-5.8268931079691155	0.00303625044001406
2.705	-5.844667496345457	0.0025259019617989305
2.715	-5.862837395150652	0.002881207864353767
2.725	-5.8813920656447145	0.002945808937545556
2.735	-5.900320570374649	0.002635723786224971
2.745	-5.919611779719559	0.0026744844301400442
2.755	-5.939254378539705	0.0023579391715002804
2.765	-5.95923687292542	0.002564662605714004
2.775	-5.979547597041691	0.0025711227130331823
2.785	-6.000174720064173	0.002506521639841394
2.795	-6.021106253202365	0.0024483806739687844
2.805	-6.042330056805602	0.0024290003520112476
2.815	-6.063833847547467	0.002500061532522215
2.825	-6.085605205684241	0.002235197132435882
2.835	-6.107631582382897	0.002164135951924915
2.845	-6.129900307114123	0.0021835162738824514
2.855	-6.152398595105875	0.002118915200690663
2.865	-6.175113554852865	0.0021059949860523053
2.875	-6.198032195677368	0.0019186518737961185
2.885	-6.221141435336778	0.0019703327323495495
2.895	-6.244428107673191	0.0018863513372002244
2.905	-6.267878970300395	0.0018346704786467935
2.915	-6.291480712323565	0.00208015455677559
2.925	-6.315219962086942	0.001724848654220753
2.935	-6.339083294944814	0.0018928114445194032
2.945	-6.363057241051022	0.001724848654220753
2.955	-6.387128293162326	0.0016731677956673223
2.965	-6.41128291445082	0.001679627902986501
2.975	-6.435507546320736	0.0017054683322632166
2.985	-6.459788616224839	0.001472904468772778
2.995	-6.484112545475726	0.0013695427516659162
3.005	-6.508465757047288	0.0013953831809426318
3.015	-6.532834683361657	0.0014406039321768836
3.025	-6.557205774056882	0.001595646507837176
3.035	-6.58156550373074	0.0013372422150700221
3.045	-6.605900379655953	0.0014406039321768836
3.055	-6.630196949462211	0.0012726411418782335
3.065	-6.654441808780401	0.0012597209272398758
3.075	-6.6786216088444315	0.0011498991028138354
3.085	-6.70272306404612	0.0010594576003453316
3.095	-6.726732959438652	0.0012661810345590547
3.105	-6.750638158184074	0.0011886597467289084
3.115	-6.774425608940453	0.0010529974930261526
3.125	-6.798082353184256	0.0013178618931124855
3.135	-6.821595532463618	0.0011305187808562987
3.145	-6.844952395578202	0.0009819363125151853
3.155	-6.868140305681367	0.001001316634472722
3.165	-6.8911467473005015	0.0009690160978768276
3.175	-6.91395933327132	0.001078837922302868
3.185	-6.936565811582063	0.0007687527709822832
3.195	-6.95895407212358	0.0009367155612809334
3.205	-6.981112153341332	0.000994856527153543
3.215	-7.00302824878538	0.0008527341661316083
3.225	-7.024690713554607	0.0009367155612809334
3.235	-7.046088070631315	0.0007752128783014621
3.245	-7.067209017102611	0.0008010533075781775
3.255	-7.088042430264883	0.0007429123417055678
3.265	-7.1085773736078925	0.0006976915904713159
3.275	-7.128803102674986	0.0007235320197480313
3.285	-7.148709070796081	0.0006330905172795274
3.295	-7.168284934690096	0.0007041516977904947
3.305	-7.187520559933674	0.0007429123417055678
3.315	-7.206406026293006	0.0007106118051096736
3.325	-7.224931632915784	0.0007170719124288524
3.335	-7.243087903380309	0.0007170719124288524
3.345	-7.260865590598913	0.0006395506245987062
3.355	-7.278255681572945	0.0006718511611946004
3.365	-7.295249401996645	0.0005684894440877388
3.375	-7.311838220707365	0.0007493724490247466
3.385	-7.328013853979661	0.0007170719124288524
3.395	-7.343768269660879	0.00056202933676856
3.405	-7.359093691146011	0.0007106118051096736
3.415	-7.37398260118962	0.0005426490148110235
3.425	-7.388427745552791	0.0005361889074918446
3.435	-7.402422136483192	0.0006783112685137793
3.445	-7.415959056026336	0.0006201703026411697
3.455	-7.429032059166371	0.0005684894440877388
3.465	-7.441634976794721	0.0005814096587260965
3.475	-7.45376191850511	0.0005361889074918446
3.485	-7.465407275213501	0.0005038883708959503
3.495	-7.4765657216017	0.0005878697660452754
3.505	-7.4872322183834195	0.0004909681562575926
3.515	-7.497402014391738	0.0004651277269808772
3.525	-7.507070648486966	0.00056202933676856
3.535	-7.51623395128412	0.0004974282635767715
3.545	-7.524888046699218	0.0005491091221302023
3.555	-7.533029353313819	0.0004457474050233407
3.565	-7.540654585557279	0.0005491091221302023
3.575	-7.547760754706336	0.00045866761966169837
3.585	-7.554345169701742	0.00056202933676856
3.595	-7.560405437781814	0.0004974282635767715
3.605	-7.565939464932789	0.00043928729770416184
3.615	-7.570945456156144	0.0005103484782151292
3.625	-7.575421915552969	0.000432827190384983
3.635	-7.57936764622575	0.0005361889074918446
3.645	-7.582781749997966	0.0005555692294493812
3.655	-7.585663626951998	0.0005232686928534868
3.665	-7.588012974786011	0.0005749495514069177
3.675	-7.589829787990545	0.000432827190384983
3.685	-7.5911143568456865	0.0005232686928534868
3.695	-7.591867266239797	0.0006072500880028119
3.705	-7.592089394310853	0.00056202933676856
3.715	-7.591781910911644	0.0004069867611082676
3.725	-7.590946275900064	0.00045866761966169837
3.735	-7.58958423725598	0.00045866761966169837
3.745	-7.587697829026119	0.0005038883708959503
3.755	-7.58528936909868	0.0006072500880028119
3.765	-7.582361456809304	0.0004522075123425195
3.775	-7.578916970380331	0.0004845080489384138
3.785	-7.574959064195209	0.0004909681562575926
3.795	-7.57049116591011	0.0004522075123425195
3.805	-7.565516973404901	0.00047804794161923495
3.815	-7.560040451575687	0.00047804794161923495
3.825	-7.55406582897127	0.0004715878343000561
3.835	-7.547597594275923	0.0005361889074918446
3.845	-7.540640492641037	0.0005297288001726658
3.855	-7.5331995218682035	0.0005297288001726658
3.865	-7.525279928446475	0.0004134468684274464
3.875	-7.5168872034465695	0.0005878697660452754
3.885	-7.508027078274889	0.0006524708392370639
3.895	-7.498705520290337	0.0005749495514069177
3.905	-7.488928728286932	0.0006266304099603485
3.915	-7.4787031278453835	0.000600789980683633
3.925	-7.468035366556824	0.0005555692294493812
3.935	-7.456932309121923	0.0006201703026411697
3.945	-7.445401032328816	0.0004845080489384138
3.955	-7.433448819913189	0.0006783112685137793
3.965	-7.421083157304084	0.0006783112685137793
3.975	-7.408311726258909	0.0004974282635767715
3.985	-7.395142399391369	0.0006072500880028119
3.995	-7.381583234595894	0.0006266304099603485
4.005	-7.367642469372426	0.0006201703026411697
4.015	-7.35332851505528	0.0007622926636631043
4.025	-7.33864995094998	0.0006847713758329581
4.035	-7.323615518382003	0.0006137101953219908
4.045	-7.308234114661331	0.0006266304099603485
4.055	-7.292514786966896	0.0006847713758329581
4.065	-7.276466726154909	0.0008075134148973563
4.075	-7.26009926049524	0.0006395506245987062
4.085	-7.2434218493399065	0.0006653910538754216
4.095	-7.226444076727924	0.0007299921270672101
4.105	-7.2091756449306885	0.0006976915904713159
4.115	-7.191626367942123	0.0007170719124288524
4.125	-7.173806164917891	0.0007881330929398198
4.135	-7.155725053567957	0.0009431756686001122
4.145	-7.137393143506808	0.0007687527709822832
4.155	-7.118820629565704	0.0006847713758329581
4.165	-7.1000177850712785	0.0008721144880891448
4.175	-7.080994955094885	0.0008333538441740717
4.185	-7.0617625496770895	0.0007752128783014621
4.195	-7.042331037031681	0.0008075134148973563
4.205	-7.022710936733609	0.0009431756686001122
4.215	-7.002912812895256	0.001033617171068616
4.225	-6.982947267335462	0.0009367155612809334
4.235	-6.962824932745688	0.0009496357759192911
4.245	-6.942556465857743	0.0009496357759192911
4.255	-6.922152540617446	0.001040077278387795
4.265	-6.901623841368597	0.0010271570637494373
4.275	-6.880981056051683	0.0009690160978768276
4.285	-6.860234869421614	0.0010206969564302583
4.295	-6.839395956288842	0.00112405867353712
4.305	-6.8184749747881845	0.0010142368491110796
4.315	-6.797482559679647	0.001162819317452193
4.325	-6.776429315685506	0.0011369788881754777
4.335	-6.755325810867854	0.0012145001760056238
4.345	-6.734182570050866	0.0011951198540480874
4.355	-6.713010068291898	0.001253260819920697
4.365	-6.6918187244056035	0.0013307821077508432
4.375	-6.670618894545084	0.0012984815711549488
4.385	-6.649420865844195	0.00129202146383577
4.395	-6.628234850124962	0.0012403406052823394
4.405	-6.607070977674069	0.0013760028589850952
4.415	-6.585939291092336	0.0015245853273262086
4.425	-6.564849739221009	0.001253260819920697
4.435	-6.543812171148684	0.0015052050053686722
4.445	-6.522836330302601	0.0014599842541344202
4.455	-6.501931848627948	0.0015504257566029242
4.465	-6.481108240858848	0.0015827262931988183
4.475	-6.460374898884523	0.0016925481176248587
4.485	-6.439741086214165	0.0016990082249440377
4.495	-6.419215932543896	0.001815290156689257
4.505	-6.398808428429181	0.00168608801030568
4.515	-6.378527420065946	0.001731308761539932
4.525	-6.358381604183623	0.0019251119811152975
4.535	-6.338379523053216	0.0017765295127741838
4.545	-6.318529559613425	0.0017119284395823954
4.555	-6.298839932717823	0.001679627902986501
4.565	-6.279318692505905	0.0018863513372002244
4.575	-6.259973715900858	0.0019574125177111916
4.585	-6.2408127022367035	0.0019703327323495495
4.595	-6.2218431690174665	0.0022868779909893133
4.605	-6.203072447810892	0.0018475906932851512
4.615	-6.184507680279122	0.002157675844605736
4.625	-6.166155814348691	0.0020607742348180535
4.635	-6.1480236005221105	0.002086614664094769
4.645	-6.130117588333148	0.0020090933762646223
4.655	-6.112444122947904	0.0021318354153290206
4.665	-6.09500934191362	0.002500061532522215
4.675	-6.077819172057072	0.0020607742348180535
4.685	-6.060879326534334	0.002235197132435882
4.695	-6.044195302033555	0.002422540244692069
4.705	-6.325263787295995	0.001724848654220753
4.715	-6.3103014955855095	0.0016085667224755337
4.725	-6.295610190508713	0.0018540508006043301
4.735	-6.2811944780223	0.0019703327323495495
4.745	-6.26705873597492	0.0018605109079235088
4.755	-6.25320711225705	0.00208015455677559
4.765	-6.239643523112594	0.0022868779909893133
4.775	-6.2263716516129906	0.002028473698222159
4.785	-6.213394946294568	0.0020090933762646223
4.795	-6.200716619959731	0.0021253753080098417
4.805	-6.18833964864247	0.0019638726250303705
4.815	-6.1762667707386125	0.0022158168104783457
4.825	-6.16450048630103	0.00224811734707424
4.835	-6.153043056500033	0.00202201359090298
4.845	-6.1418965032489625	0.0019703327323495495
4.855	-6.131062608994959	0.0020995348787331263
4.865	-6.120542916674735	0.002067234342137232
4.875	-6.110338729835081	0.0023062583129468497
4.885	-6.10045111291774	0.0023579391715002804
4.895	-6.090880891708152	0.0022868779909893133
4.905	-6.0816286539475	0.002073694449456411
4.915	-6.072694750107324	0.0022222769177975246
4.925	-6.064079294325935	0.002325638634904386
4.935	-6.055782165505683	0.00241608013737289
4.945	-6.0478030085700905	0.002461300888607142
4.955	-6.040141235879733	0.0025323620691181095
4.965	-6.032796028805592	0.002319178527585207
4.975	-6.025766339458633	0.0022997982056276707
4.985	-6.0190508925740955	0.0024548407812879634
4.995	-6.0126481875490505	0.0024548407812879634
5.005	-6.006556500631505	0.0025129817471605726
5.015	-6.000773887259404	0.002545282283756467
5.025	-5.9952981845476705	0.0023708593861386383
5.035	-5.99012701392133	0.0023708593861386383
5.045	-5.9852577838927825	0.002500061532522215
5.055	-5.980687692981025	0.002409620030053711
5.065	-5.976413732770691	0.002467760995926321
5.075	-5.972432691108558	0.002726165288693475
5.085	-5.968741155435196	0.0028618275423962307
5.095	-5.96533551624924	0.002590503034990719
5.105	-5.962211970701766	0.0024548407812879634
5.115	-5.959366526318105	0.0026680243228208653
5.125	-5.956795004844407	0.0024742211032455
5.135	-5.954493046216116	0.0026680243228208653
5.145	-5.952456112645512	0.0025194418544797516
5.155	-5.950679492825341	0.002467760995926321
5.165	-5.9491583062455	0.0028101466838428
5.175	-5.947887507619715	0.002629263678905792
5.185	-5.946861891418977	0.0024354604593304265
5.195	-5.946076096508538	0.002680944537459223
5.205	-5.94552461088516	0.0025323620691181095
5.215	-5.945201776511218	0.002461300888607142
5.225	-5.945101794242247	0.0025259019617989305
5.235	-5.945218728844445	0.002648644000863329
5.245	-5.945546514098554	0.0024483806739687844
5.255	-5.946078957986548	0.0025711227130331823
5.265	-5.946809747957459	0.0027390855033318324
5.275	-5.94773245626863	0.0025775828203523613
5.285	-5.948840545398647	0.0023643992788194594
5.295	-5.950127373528156	0.00258404292767154
5.305	-5.951586200084725	0.002545282283756467
5.315	-5.953210191347856	0.002403159922734532
5.325	-5.9549924261102625	0.0024548407812879634
5.335	-5.956925901391415	0.0023579391715002804
5.345	-5.959003538199415	0.0026228035715866135
5.355	-5.961218187337162	0.002558202498394825
5.365	-5.963562635248776	0.002461300888607142
5.375	-5.966029609902209	0.002545282283756467
5.385	-5.9686117867039705	0.00264218389354415
5.395	-5.971301794441864	0.002629263678905792
5.405	-5.974092221251591	0.002629263678905792
5.415	-5.976975620603131	0.0024806812105646787
5.425	-5.979944517302716	0.0021964364885208093
5.435	-5.982991413506255	0.0024871413178838573
5.445	-5.986108794740082	0.002403159922734532
5.455	-5.989289135924844	0.0026680243228208653
5.465	-5.992524907398349	0.0026098833569482556
5.475	-5.995808580933276	0.0026615642155016863
5.485	-5.999132635745561	0.0025259019617989305
5.495	-6.002489564489305	0.0026228035715866135
5.505	-6.005871879234123	0.0024419205666496055
5.515	-6.009272117420778	0.0023579391715002804
5.525	-6.012682847791007	0.0024806812105646787
5.535	-6.0160966762874875	0.002558202498394825
5.545	-6.019506251919863	0.002319178527585207
5.555	-6.022904272592795	0.0023450189568619225
5.565	-6.026283490892057	0.0027713860399277267
5.575	-6.029636719824683	0.0022868779909893133
5.585	-6.032956838509227	0.0026098833569482556
5.595	-6.03623679781224	0.002383779600776996
5.605	-6.0394696259270875	0.0023062583129468497
5.615	-6.042648433891273	0.0022804178836701343
5.625	-6.045766421038506	0.0025194418544797516
5.635	-6.048816880381759	0.002409620030053711
5.645	-6.051793203923608	0.002461300888607142
5.655	-6.054688887890258	0.002383779600776996
5.665	-6.05749753788562	0.002325638634904386
5.675	-6.060212873961932	0.0024871413178838573
5.685	-6.062828735603452	0.002383779600776996
5.695	-6.065339086619774	0.0021124550933714842
5.705	-6.067738019945458	0.0022028965958399882
5.715	-6.070019762342646	0.002383779600776996
5.725	-6.07217867900347	0.00224811734707424
5.735	-6.074209278049059	0.002241657239755061
5.745	-6.076106214922103	0.002118915200690663
5.755	-6.077864296669929	0.0022222769177975246
5.765	-6.079478486115163	0.0023062583129468497
5.775	-6.0809439059111225	0.002319178527585207
5.785	-6.08225584247913	0.002170596059244094
5.795	-6.083409749825074	0.0021835162738824514
5.805	-6.08440125323258	0.002164135951924915
5.815	-6.085226152830262	0.0021770561665632724
5.825	-6.085880427030569	0.0022093567031591667
5.835	-6.086360235837914	0.0021382955226481996
5.845	-6.086661924023767	0.0021382955226481996
5.855	-6.086782024166529	0.002338558849542744
5.865	-6.086717259554104	0.0023708593861386383
5.875	-6.086464546947154	0.0021770561665632724
5.885	-6.086020999201123	0.0022868779909893133
5.895	-6.085383927745234	0.0022287370251167036
5.905	-6.084550844916704	0.0022997982056276707
5.915	-6.083519466148607	0.0020413939128605166
5.925	-6.082287712009806	0.002319178527585207
5.935	-6.0808537100955755	0.002241657239755061
5.945	-6.079215796767567	0.002377319493457817
5.955	-6.077372518741909	0.0024354604593304265
5.965	-6.075322634524311	0.0022804178836701343
5.975	-6.0730651156911675	0.0023450189568619225
5.985	-6.070599148015742	0.0024742211032455
5.995	-6.067924132438625	0.0022674976690317764
6.005	-6.065039685881761	0.0025129817471605726
6.015	-6.061945641905453	0.0024483806739687844
6.025	-6.05864205120784	0.0022158168104783457
6.035	-6.055129181966471	0.0025259019617989305
6.045	-6.0514075200217	0.0023062583129468497
6.055	-6.047477768901698	0.002254577454393419
6.065	-6.043340849689062	0.002377319493457817
6.075	-6.038997900729023	0.002332098742223565
6.085	-6.034450277179403	0.0023062583129468497
6.095	-6.029699550402595	0.0021124550933714842
6.105	-6.024747507199904	0.0024548407812879634
6.115	-6.019596148888712	0.00258404292767154
6.125	-6.014247690223061	0.0025775828203523613
6.135	-6.008704558158296	0.0024548407812879634
6.145	-6.002969390460584	0.0023450189568619225
6.155	-5.997045034162161	0.00258404292767154
6.165	-5.990934543863324	0.0023902397080961747
6.175	-5.984641179882241	0.0023708593861386383
6.185	-5.9781684062537845	0.0023708593861386383
6.195	-5.971519888578681	0.002719705181374296
6.205	-5.964699491724382	0.0026098833569482556
6.215	-5.957711277379137	0.0026034232496290766
6.225	-5.950559501460884	0.0025969631423098977
6.235	-5.943248611382643	0.002629263678905792
6.245	-5.935783243176214	0.002629263678905792
6.255	-5.92816821847604	0.002635723786224971
6.265	-5.920408541365263	0.002900588186311304
6.275	-5.912509395086	0.002732625396012654
6.285	-5.904476138616049	0.0027520057179701903
6.295	-5.896314303114246	0.0026938647520975806
6.305	-5.888029588236852	0.0029199685082688404
6.315	-5.8796278583273756	0.0027713860399277267
6.325	-5.87111513848239	0.002900588186311304
6.335	-5.8624976104958995	0.002939348830226377
6.345	-5.853781608684983	0.002855367435077052
6.355	-5.844973615599475	0.0029910296887798076
6.365	-5.836080257618511	0.0028424472204386943
6.375	-5.8271083004368975	0.002894128078992125
6.385	-5.818064644444261	0.002797226469204442
6.395	-5.808956320000104	0.0029135084009496615
6.405	-5.7997904826078575	0.0029328887229071983
6.415	-5.790574407991193	0.003281734518142856
6.425	-5.781315487075832	0.0029587291521839137
6.435	-5.772021220880241	0.0033204951620579293
6.445	-5.762699215318577	0.002965189259503092
6.455	-5.753357175919407	0.003055630761971596
6.465	-5.744002902463669	0.0031396121571209213
6.475	-5.7346442835455145	0.0035142983816332947
6.485	-5.725289291059632	0.003152532371759279
6.495	-5.715945974618762	0.00297810947414145
6.505	-5.706622455905139	0.0032365137669086042
6.515	-5.697326922959634	0.0034690776303990425
6.525	-5.688067624412443	0.0033075749474195714
6.535	-5.678852863659178	0.0034755377377182215
6.545	-5.669690992986293	0.0034949180596757583
6.555	-5.660590407649755	0.003288194625462035
6.565	-5.651559539910975	0.0037016414938894813
6.575	-5.642606853034011	0.003107311620525027
6.585	-5.633740835248027	0.003585359562144262
6.595	-5.624969993679166	0.003501378166994937
6.605	-5.616302848255854	0.003288194625462035
6.615	-5.607747925591671	0.003669340957293587
6.625	-5.599313752849918	0.003914825035422383
6.635	-5.591008851594035	0.003940665464699099
6.645	-5.58284173162799	0.004115088362316928
6.655	-5.574820884830858	0.003617660098740156
6.665	-5.566954778989722	0.00393420535737992
6.675	-5.559251851635076	0.0037274819231661966
6.685	-5.55172050388295	0.0037081016012086602
6.695	-5.544369094287892	0.004121548469636107
6.705	-5.537205932710985	0.0037210218158470177
6.715	-5.530239274207105	0.0038631441768689524
6.725	-5.523477312935545	0.004276591045296399
6.735	-5.5169281760981415	0.003985886215933351
6.745	-5.510599917909091	0.003914825035422383
6.755	-5.504500513600518	0.004076327718401855
6.765	-5.4986378534678915	0.004367032547764903
6.775	-5.493019736959409	0.00432827190384983
6.785	-5.487653866813351	0.004082787825721033
6.795	-5.48254784324742	0.004593136303936163
6.805	-5.477709158204093	0.004076327718401855
6.815	-5.473145189655912	0.00432827190384983
6.825	-5.468863195974607	0.00404402718180596
6.835	-5.464870310368004	0.004315351689211472
6.845	-5.461173535388472	0.004153849006232001
6.855	-5.457779737516763	0.004140928791593643
6.865	-5.4546956418249595	0.004463934157552586
6.875	-5.451927826722251	0.0043088915818922935
6.885	-5.449482718787168	0.004237830401381326
6.895	-5.447366587689876	0.004302431474573114
6.905	-5.445585541208081	0.004360572440445724
6.915	-5.444145520340001	0.00410216814767857
6.925	-5.443052294517838	0.004451013942914228
6.935	-5.442311456925111	0.004315351689211472
6.945	-5.441928419921129	0.0044057931916799764
6.955	-5.441908410575829	0.004147388898912822
6.965	-5.442256466318158	0.004580216089297805
6.975	-5.4429774307010215	0.004334732011169008
6.985	-5.444075949285898	0.004541455445382732
6.995	-5.445556465649965	0.004166769220870358
7.005	-5.447423217518629	0.0041280085769552855
7.015	-5.449680233026262	0.004625436840532057
7.025	-5.452331327107794	0.004315351689211472
7.035	-5.4553800980237845	0.004463934157552586
7.045	-5.4588299240215195	0.003972966001294993
7.055	-5.462683960134564	0.004341192118488188
7.065	-5.46694513512309	0.004244290508700505
7.075	-5.471616148557306	0.004586676196616984
7.085	-5.476699468046088	0.004056947396444318
7.095	-5.48219732661293	0.004115088362316928
7.105	-5.488111720221199	0.00427013093797722
7.115	-5.494444405450554	0.004115088362316928
7.125	-5.501196897326328	0.0038760643915073103
7.135	-5.5083704673035925	0.0038825244988264893
7.145	-5.51596614140745	0.003953585679337457
7.155	-5.523984698531066	0.0034755377377182215
7.165	-5.5324266688928585	0.003856684069549774
7.175	-5.54129233265407	0.003960045786656635
7.185	-5.550581718697959	0.003960045786656635
7.195	-5.5602946035716805	0.0038243835329538796
7.205	-5.5704305105917795	0.004108628254997749
7.215	-5.580988709114251	0.0037791627817196274
7.225	-5.591968213969853	0.0037791627817196274
7.235	-5.603367785065359	0.004005266537890888
7.245	-5.615185927151291	0.003507838274314116
7.255	-5.627420889756585	0.00359827977678262
7.265	-5.640070667290486	0.003533678703590831
7.275	-5.6531329993119215	0.0034109366645264333
7.285	-5.666605370966465	0.003591819669463441
7.295	-5.680485013590879	0.0033850962352497175
7.305	-5.6947689054851205	0.0033915563425688964
7.315	-5.7094537728516475	0.0036951813865703023
7.325	-5.724536090901628	0.00303625044001406
7.335	-5.740012085127668	0.003055630761971596
7.345	-5.755877732742514	0.003365715913292181
7.355	-5.7721287642830434	0.002984569581460629
7.365	-5.788760665378819	0.00303625044001406
7.375	-5.805768678684329	0.002984569581460629
7.385	-5.823147805973937	0.0030750110839291326
7.395	-5.840892810398443	0.0031848329083551735
7.405	-5.858998218902103	0.0028424472204386943
7.415	-5.877458324798785	0.0026874046447784017
7.425	-5.896267190505873	0.0030039499034181655
7.435	-5.915418650434412	0.0025711227130331823
7.445	-5.934906314033898	0.0026874046447784017
7.455	-5.954723568989985	0.0029328887229071983
7.465	-5.974863584573337	0.0026098833569482556
7.475	-5.995319315137664	0.0026098833569482556
7.485	-6.016083503764977	0.002467760995926321
7.495	-6.037148686055939	0.0026098833569482556
7.505	-6.0585071940631074	0.0022222769177975246
7.515	-6.0801511603647755	0.002403159922734532
7.525	-6.10207252227702	0.0023643992788194594
7.535	-6.1242630262014615	0.0022739577763509554
7.545	-6.1467142321061905	0.002086614664094769
7.555	-6.169417518137159	0.0019509524103920128
7.565	-6.192364085357311	0.001983252946987907
7.575	-6.215544962610596	0.0019251119811152975
7.585	-6.238951011507988	0.0020607742348180535
7.595	-6.262572931532426	0.001815290156689257
7.605	-6.286401265259691	0.0018540508006043301
7.615	-6.310426403691956	0.0019574125177111916
7.625	-6.33463859170085	0.0016925481176248587
7.635	-6.359027933576691	0.0017442289761782897
7.645	-6.383584398680486	0.0018475906932851512
7.655	-6.408297827195264	0.0016731677956673223
7.665	-6.433157935973202	0.0017829896200933627
7.675	-6.45815432447498	0.001647327366390607
7.685	-6.483276480797671	0.0014922847907303145
7.695	-6.50851378778747	0.001556885863922103
7.705	-6.533855529233488	0.0014341438248577048
7.715	-6.559290896138792	0.0012984815711549488
7.725	-6.584808993064746	0.0012726411418782335
7.735	-6.610398844544802	0.0013307821077508432
7.745	-6.636049401563675	0.0012209602833248027
7.755	-6.661749548097895	0.0013953831809426318
7.765	-6.687488107713691	0.0012597209272398758
7.775	-6.713253850218019	0.001169279424771372
7.785	-6.739035498358607	0.0011951198540480874
7.795	-6.764821734568845	0.0009431756686001122
7.805	-6.790601207753251	0.0011498991028138354
7.815	-6.81636254010923	0.0011563592101330143
7.825	-6.842094333980922	0.0010659177076645103
7.835	-6.867785178740716	0.0011563592101330143
7.845	-6.893423657694165	0.0010142368491110796
7.855	-6.918998355003893	0.0009431756686001122
7.865	-6.944497862628156	0.0010206969564302583
7.875	-6.969910787269648	0.0010142368491110796
7.885	-6.995225757330105	0.0011111384588987623
7.895	-7.020431429866372	0.0009690160978768276
7.905	-7.04551649754345	0.0008785745954083237
7.915	-7.070469695580095	0.000865654380769966
7.925	-7.095279808682616	0.0008914948100466814
7.935	-6.436627352469582	0.0014212236102193472
7.945	-6.4599234027287595	0.0015245853273262086
7.955	-6.48304308816498	0.001563345971241282
7.965	-6.505975460380625	0.0014018432882618105
7.975	-6.528709654802055	0.0013049416784741278
7.985	-6.551234897449638	0.001427683717538526
7.995	-6.573540511665146	0.0015310454346453876
8.005	-6.595615924792213	0.0012145001760056238
8.015	-6.617450674805533	0.0012855613565165912
8.025	-6.639034416884498	0.0012791012491974124
8.035	-6.660356929927101	0.001169279424771372
8.045	-6.681408122999777	0.0012661810345590547
8.055	-6.702178041719124	0.00129202146383577
8.065	-6.722656874561248	0.0012274203906439817
8.075	-6.742834959094697	0.0011951198540480874
8.085	-6.762702788132933	0.0011111384588987623
8.095	-6.782251015802252	0.0010206969564302583
8.105	-6.801470463521303	0.0011305187808562987
8.115	-6.820352125888175	0.001001316634472722
8.125	-6.838887176471293	0.0008785745954083237
8.135	-6.857066973500252	0.0010142368491110796
8.145	-6.874883065452865	0.0011111384588987623
8.155	-6.8923271965347706	0.0009108751320042179
8.165	-6.909391312047939	0.001078837922302868
8.175	-6.926067563644542	0.0008785745954083237
8.185	-6.942348314462695	0.0009690160978768276
8.195	-6.958226144140685	0.0009431756686001122
8.205	-6.9736938537062985	0.0009302554539617544
8.215	-6.988744470337991	0.0009302554539617544
8.225	-7.003371251994764	0.0008527341661316083
8.235	-7.017567691911545	0.0007622926636631043
8.245	-7.03132752295712	0.0008268937368548928
8.255	-7.044644721851646	0.0008139735222165352
8.265	-7.05751351324084	0.000865654380769966
8.275	-7.069928373624165	0.0008010533075781775
8.285	-7.081884035134223	0.0008333538441740717
8.295	-7.093375489164838	0.0007752128783014621
8.305	-7.104397989845269	0.0007945932002589986
8.315	-7.114947057358208	0.0007429123417055678
8.325	-7.125018481099177	0.0006589309465562427
8.335	-7.134608322675177	0.0007622926636631043
8.345	-7.143712918740411	0.0008333538441740717
8.355	-7.152328883667129	0.000736452234386389
8.365	-7.1604531120496	0.0007041516977904947
8.375	-7.16808278103949	0.0007493724490247466
8.385	-7.175215352510856	0.0008268937368548928
8.395	-7.18184857505319	0.0006783112685137793
8.405	-7.187980485791036	0.0007752128783014621
8.415	-7.193609412028737	0.0008268937368548928
8.425	-7.198733972719087	0.0007881330929398198
8.435	-7.203353079754663	0.0005943298733644542
8.445	-7.207465939080834	0.000904415024685039
8.455	-7.2110720516294196	0.0006395506245987062
8.465	-7.214171214072247	0.0007106118051096736
8.475	-7.216763519393807	0.0006524708392370639
8.485	-7.218849357282413	0.0007299921270672101
8.495	-7.220429414339403	0.0007106118051096736
8.505	-7.221504674105924	0.0007945932002589986
8.515	-7.222076416907102	0.0006330905172795274
8.525	-7.222146219513356	0.000781672985620641
8.535	-7.221715954618899	0.0006718511611946004
8.545	-7.220787790137412	0.0007622926636631043
8.555	-7.219364188315146	0.0006072500880028119
8.565	-7.217447904661698	0.0007752128783014621
8.575	-7.215041986698889	0.0006976915904713159
8.585	-7.2121497725283055	0.000736452234386389
8.595	-7.208774889218088	0.0007429123417055678
8.605	-7.2049212510097735	0.0006589309465562427
8.615	-7.200593057346017	0.0006589309465562427
8.625	-7.195794790720231	0.0009108751320042179
8.635	-7.190531214349158	0.0007299921270672101
8.645	-7.18480736966968	0.0007299921270672101
8.655	-7.17862857366109	0.0008462740588124294
8.665	-7.172000415994305	0.0006912314831521371
8.675	-7.164928756009573	0.0007170719124288524
8.685	-7.157419719524262	0.0008721144880891448
8.695	-7.1494796954725555	0.0007299921270672101
8.705	-7.141115332378841	0.0008139735222165352
8.715	-7.1323335346668575	0.0008850347027275025
8.725	-7.123141458806555	0.0007299921270672101
8.735	-7.113546509300969	0.0007945932002589986
8.745	-7.10355633451526	0.0009108751320042179
8.755	-7.093178822350426	0.000904415024685039
8.765	-7.082422095764054	0.0010271570637494373
8.775	-7.071294508140764	0.0008398139514932505
8.785	-7.059804638514969	0.0008139735222165352
8.795	-7.047961286648775	0.0008462740588124294
8.805	-7.03577346796782	0.0008268937368548928
8.815	-7.023250408358038	0.0008721144880891448
8.825	-7.010401538826408	0.0009625559905576487
8.835	-6.997236490028763	0.000865654380769966
8.845	-6.983765086667963	0.0009496357759192911
8.855	-6.969997341765612	0.0009690160978768276
8.865	-6.955943450810841	0.0010982182442604046
8.875	-6.941613785789493	0.0008398139514932505
8.885	-6.92701888909736	0.0009431756686001122
8.895	-6.9121694673409895	0.0009754762051960064
8.905	-6.89707638502983	0.0009302554539617544
8.915	-6.881750658163446	0.0009560958832384699
8.925	-6.8662034477176075	0.0009625559905576487
8.935	-6.8504460530332345	0.0011498991028138354
8.945	-6.834489905112023	0.0009367155612809334
8.955	-6.818346559822943	0.0011498991028138354
8.965	-6.802027691023535	0.0011563592101330143
8.975	-6.785545083600272	0.0010594576003453316
8.985	-6.768910626432096	0.001208040068686445
8.995	-6.752136305281404	0.0011886597467289084
9.005	-6.735234195616818	0.0012145001760056238
9.015	-6.7182164553720085	0.00112405867353712
9.025	-6.701095317645029	0.0012726411418782335
9.035	-6.683883083342523	0.0011563592101330143
9.045	-6.666592113773359	0.0013437023223892008
9.055	-6.6492348231960845	0.0012274203906439817
9.065	-6.6318236713248355	0.0011821996394097297
9.075	-6.614371155798215	0.0013307821077508432
9.085	-6.596889804615723	0.0013630826443467375
9.095	-6.579392168546416	0.0014147635029001682
9.105	-6.561890813514351	0.00129202146383577
9.115	-6.544398312965567	0.0013695427516659162
9.125	-6.526927240221178	0.0013178618931124855
9.135	-6.509490160821351	0.0015827262931988183
9.145	-6.4920996248648315	0.0014147635029001682
9.155	-6.474768159348692	0.0014793645760919568
9.165	-6.457508260513063	0.0014535241468152413
9.175	-6.440332386195544	0.0017571491908166474
9.185	-6.423252948199967	0.0016602475810289646
9.195	-6.40628230468426	0.0013760028589850952
9.205	-6.389432752572087	0.0015891864005179973
9.215	-6.372716519992969	0.0017119284395823954
9.225	-6.3561457587555115	0.0014922847907303145
9.235	-6.339732536858474	0.0017183885469015743
9.245	-6.32348883104423	0.0017377688688591107
9.255	-6.307426519399304	0.001808830049370078
9.265	-6.291557374006563	0.0019251119811152975
9.275	-6.275893053653562	0.001731308761539932
9.285	-6.260445096601689	0.0018023699420508994
9.295	-6.245224913420496	0.0020478540201796956
9.305	-6.230243779891775	0.001944492303072834
9.315	-6.215512829987711	0.0019574125177111916
9.325	-6.201043048927581	0.0018475906932851512
9.335	-6.186845266317276	0.0022028965958399882
9.345	-6.172930149375964	0.0021964364885208093
9.355	-6.159308196254114	0.00224811734707424
9.365	-6.145989729447098	0.0022287370251167036
9.375	-6.132984889308485	0.0023579391715002804
9.385	-6.120303627667091	0.0019574125177111916
9.395	-6.10795570155182	0.0024806812105646787
9.405	-6.0959506670282435	0.002332098742223565
9.415	-6.0842978731507795	0.0022739577763509554
9.425	-6.07300645603433	0.0021124550933714842
9.435	-6.062085333049088	0.002067234342137232
9.445	-6.051543197142201	0.00241608013737289
9.455	-6.041388511289898	0.0023579391715002804
9.465	-6.031629503083592	0.002422540244692069
9.475	-6.022274159453408	0.002325638634904386
9.485	-6.01333022153248	0.002461300888607142
9.495	-6.004805179665332	0.00241608013737289
9.505	-5.996706268563471	0.002332098742223565
9.515	-5.989040462611377	0.002506521639841394
9.525	-5.981814471325814	0.002254577454393419
9.535	-5.975034734971469	0.0022739577763509554
9.545	-5.968707420335666	0.002590503034990719
9.555	-5.962838416664954	0.002500061532522215
9.565	-5.9574333317661585	0.0025775828203523613
9.575	-5.952497488274454	0.0027003248594167596
9.585	-5.9480359200908826	0.0025775828203523613
9.595	-5.944053368991659	0.002545282283756467
9.605	-5.940554281411471	0.002558202498394825
9.615	-5.937542805402929	0.002254577454393419
9.625	-5.935022787774166	0.0026938647520975806
9.635	-5.932997771406473	0.0024483806739687844
9.645	-5.9314709927538285	0.0027520057179701903
9.655	-5.930445379525944	0.002648644000863329
9.665	-5.929923548556452	0.002719705181374296
9.675	-5.929907803857693	0.0024354604593304265
9.685	-5.930400134863423	0.0027455456106510114
9.695	-5.931402214860723	0.0026098833569482556
9.705	-5.932915399612203	0.0024354604593304265
9.715	-5.934940726169529	0.0026874046447784017
9.725	-5.937478911879127	0.0028230668984811575
9.735	-5.940530353580898	0.0025259019617989305
9.745	-5.944095127000519	0.002635723786224971
9.755	-5.948172986335948	0.0025323620691181095
9.765	-5.952763364038485	0.002629263678905792
9.775	-5.9578653707887455	0.002816606791161979
9.785	-5.963477795667659	0.0026615642155016863
9.795	-5.969599106522623	0.0026938647520975806
9.805	-5.9762274505287145	0.0023062583129468497
9.815	-5.983360654944766	0.002506521639841394
9.825	-5.990996228064068	0.002629263678905792
9.835	-5.999131360359198	0.0023127184202660286
9.845	-6.007762925820517	0.0023579391715002804
9.855	-6.016887483487621	0.00264218389354415
9.865	-6.0265012791730195	0.00224811734707424
9.875	-6.0366002473770894	0.0022804178836701343
9.885	-6.047180013393356	0.0023966998154153537
9.895	-6.058235895602951	0.0022997982056276707
9.905	-6.0697629079569655	0.0024742211032455
9.915	-6.081755762645413	0.0021318354153290206
9.925	-6.094208872951252	0.0023966998154153537
9.935	-6.107116356287929	0.001996173161626265
9.945	-6.120472037418741	0.001996173161626265
9.955	-6.134269451856136	0.0022158168104783457
9.965	-6.1485018494391275	0.0021964364885208093
9.975	-Inf	0.0
9.985	-Inf	0.0
9.995	-Inf	0.0
