0.005	-Inf	0.0
0.015	-Inf	0.0
0.025	-Inf	0.0
0.035	-Inf	0.0
0.045	-Inf	0.0
0.055	-Inf	0.0
0.065	-Inf	0.0
0.075	-Inf	0.0
0.085	-Inf	0.0
0.095	-Inf	0.0
0.105	-Inf	0.0
0.115	-Inf	0.0
0.125	-Inf	0.0
0.135	-Inf	0.0
0.145	-Inf	0.0
0.155	-Inf	0.0
0.165	-Inf	0.0
0.175	-Inf	0.0
0.185	2.7767428388571065	0.9211890071514311
0.195	2.7963184910844476	0.9399676095046702
0.205	2.815735923148991	0.920670261230071
0.215	2.834983156218171	0.901995408061104
0.225	2.854048282315678	0.9149640560951089
0.235	2.872919471531297	0.9323939190528113
0.245	2.8915849791890533	0.9161052971221013
0.255	2.9100331529691985	0.9192177726502624
0.265	2.9282524399796	0.9497200328262418
0.275	2.9462313937721105	0.9225377465469676
0.285	2.96395868129956	0.9298001894460104
0.295	2.981423089809012	0.9505500263004181
0.305	2.998613533666991	0.923471489205416
0.315	3.0155190611124203	0.9551149904083878
0.325	3.0321288609330552	0.9379963750035014
0.335	3.0484322690612373	0.9319789223157232
0.345	3.0644187750848584	0.9710923647862818
0.355	3.080078028669458	0.9298001894460104
0.365	3.0953998458874534	0.9428725866642873
0.375	3.110374215450539	0.9607174463590779
0.385	3.1249913048413585	0.9533512542757632
0.395	3.139241466340625	0.9564637298039244
0.405	3.1531152429459173	0.95573748551402
0.415	3.166603374178441	0.974308589498715
0.425	3.179696801774144	0.9485787917992494
0.435	3.1923866752556047	0.9527287591701309
0.445	3.2046643573812177	0.9544924953027556
0.455	3.216521429468264	0.9619624365703424
0.465	3.2279496965865375	0.968809882732297
0.475	3.238941192619265	0.9670461465996723
0.485	3.2494881851881647	0.9727523517346344
0.495	3.259583180439548	0.963622423518695
0.505	3.2692189276884687	0.9745160878672591
0.515	3.2783884239180097	0.9692248794693851
0.525	3.2870849181308865	0.958538713489365
0.535	3.29530191555064	0.9959921690115711
0.545	3.3030331816697784	0.9749310846043472
0.555	3.3102727461423367	0.9973409084071075
0.565	3.3170149065184025	0.9710923647862818
0.575	3.323254231818267	0.9782510585010524
0.585	3.32898556594396	1.003980856200518
0.595	3.334204030926014	0.9841647620045586
0.605	3.3389050300034304	0.9702623713121055
0.615	3.3430842505348997	0.9944359312474904
0.625	3.3467376667394464	1.0214107191582205
0.635	3.349861542264779	0.963622423518695
0.645	3.352452432581713	0.9751385829728912
0.655	3.3545071872031738	0.9794960487123169
0.665	3.35602295172636	0.9831272701618382
0.675	3.356997169696794	1.006574585807319
0.685	3.3574275842930703	1.0195432338413237
0.695	3.357312239831229	0.9968221624857474
0.705	3.3566494830878137	0.9923609475620497
0.715	3.3554379644407613	0.9895597195867046
0.725	3.353676638827391	1.009272064598392
0.735	3.3513647665188895	0.9775248142111481
0.745	3.348501913710782	1.014563272996266
0.755	3.345087952929009	0.9857209997686392
0.765	3.3411230632513353	1.0000383871981806
0.775	3.336607730343935	0.9788735536066847
0.785	3.3315427463131155	1.0034621102791579
0.795	3.325929209372254	1.0124882893108251
0.805	3.319768523324133	0.9963034165643871
0.815	3.3130623968589905	1.0106208039939284
0.825	3.3058128426686872	0.9874847359012638
0.835	3.2980221763775495	0.9829197717932942
0.845	3.289693015290515	0.9313564272100909
0.855	3.280828276959358	0.9361288896866048
0.865	3.271431177567866	0.9088428542230585
0.875	3.261505230136958	0.8817643171280565
0.885	3.2510542425508477	0.8988829325329428
0.895	3.2400823154054637	0.8466970928441074
0.905	3.2285938396804488	0.8413021352619614
0.915	3.216593494236176	0.8097623832432617
0.925	3.204086243137331	0.8153648391939518
0.935	3.191077332804689	0.7664989734018215
0.945	3.177572288996882	0.7696114489299827
0.955	3.163576913623981	0.7372417034371066
0.965	3.149097281394893	0.7476166218643105
0.975	3.1341397363006336	0.7183593518995957
0.985	3.1187108879356464	0.7046644595756865
0.995	3.1028176076594556	0.6681447467119289
1.005	3.086467024601018	0.6511298804913146
1.015	3.069666521508256	0.6452161769878083
1.025	3.0524237304453394	0.6264375746345694
1.035	3.0347465283403734	0.5966615587484942
1.045	3.0166430323862636	0.5966615587484942
1.055	2.9981215952975964	0.5862866403212904
1.065	2.9791908004264847	0.5541243931969584
1.075	2.9598594567403906	0.5201984099400018
1.085	2.9401365936650588	0.5201984099400018
1.095	2.920031455795731	0.5038060388250197
1.105	2.899553497479953	0.5024572994294831
1.115	2.8787123772752894	0.46666383085562985
1.125	2.8575179522854346	0.4702950523051512
1.135	2.835980272378184	0.44570649563267806
1.145	2.8141095742888784	0.44819647605520696
1.155	2.791916275612968	0.4249566587782703
1.165	2.7694109686914232	0.4128180042184418
1.175	2.7466044143927886	0.39580313799782746
1.185	2.7235075357957177	0.4050368153980389
1.195	2.700131411775936	0.41012052542736877
1.205	2.676487270501569	0.4236079193827338
1.215	2.6525864828409143	0.4124030074813536
1.225	2.6284405556867037	0.43533157720547416
1.235	2.604061125201017	0.45058270729346384
1.245	2.579459949985031	0.47330377864904033
1.255	2.5546489041778377	0.47579375907156923
1.265	2.5296399704885975	0.4792174821525465
1.275	2.504445233166377	0.4794249805210906
1.285	2.479076870911992	0.5189534197287373
1.295	2.4535471497362713	0.5039097880092918
1.305	2.4278684157691606	0.531403321841382
1.315	2.4020530880241227	0.5274608528390445
1.325	2.37611365112231	0.5303658299986616
1.335	2.350062647981039	0.5373170253448881
1.345	2.3239126724710526	0.5343082990009991
1.355	2.2976763620471736	0.5480031913249082
1.365	2.271366390356855	0.5611793377274571
1.375	2.244995459831253	0.5362795335021678
1.385	2.218576294263376	0.5494556799047167
1.395	2.1921216313779155	0.5674042887837794
1.405	2.1656442153973603	0.5621130803859055
1.415	2.139156789608977	0.5792316957907918
1.425	2.1126720889372885	0.5558881293295831
1.435	2.0862028325265918	0.5681305330736837
1.445	2.0597617163381625	0.5752892267884543
1.455	2.0333614057666636	0.5759117218940866
1.465	2.0070145282803717	0.5683380314422277
1.475	1.9807336660897312	0.585041650110026
1.485	1.954531348848787	0.5778829563952553
1.495	1.9284200463939947	0.5496631782732607
1.505	1.9024121615248852	0.5822404221346809
1.515	1.8765200228310654	0.5848341517414819
1.525	1.850755877569934	0.5882578748224592
1.535	1.8251318845995588	0.5759117218940866
1.545	1.7996601073710323	0.5847304025572099
1.555	1.7743525069846429	0.580061689264968
1.565	1.7492209353141392	0.577260461289623
1.575	1.7242771282033118	0.5750817284199102
1.585	1.699532698739103	0.5956240669057739
1.595	1.6749991306053498	0.6005002785665597
1.605	1.6506877715212862	0.5715542561546609
1.615	1.626609826768799	0.5801654384492402
1.625	1.6027763528124566	0.5952090701686857
1.635	1.5791982510161906	0.5683380314422277
1.645	1.5558862614605071	0.5741479857614619
1.655	1.53285095686402	0.5685455298107718
1.665	1.5101027366130162	0.5478994421406361
1.675	1.4876518209027418	0.5668855428624192
1.685	1.4655082449939498	0.5546431391183186
1.695	1.4436818535882727	0.5477956929563641
1.705	1.4221822953258103	0.5611793377274571
1.715	1.4010190174083335	0.5580668621992959
1.725	1.380201260351356	0.5325445628683744
1.735	1.359738052868284	0.5518419111429735
1.745	1.3396382068897594	0.5311958234728379
1.755	1.3199103127212155	0.5438532239540266
1.765	1.3005627343416117	0.5273571036547725
1.775	1.281603604846156	0.515425947463488
1.785	1.263040822035828	0.5103422374341581
1.795	1.2448820441563249	0.5011085600339467
1.805	1.2271346857890324	0.5365907810549839
1.815	1.2098059138964858	0.5268383577334123
1.825	1.192902644024698	0.5197834132029137
1.835	1.176431536664651	0.5278758495761326
1.845	1.1603989937751007	0.5060885208790046
1.855	1.1448111554688083	0.5212359017827222
1.865	1.1296738968641353	0.5131434654095032
1.875	1.114992825103906	0.5220658952568985
1.885	1.1007732765432734	0.49550610408325657
1.895	1.0870203141082628	0.5079560061959012
1.905	1.073738724826534	0.5005898141125865
1.915	1.060933017531801	0.5104459866184302
1.925	1.0486074207432563	0.5041172863778358
1.935	1.036765880721184	0.5015235567710349
1.945	1.0254120596999194	0.504739781483468
1.955	1.0145493342991008	0.4976848369529694
1.965	1.0041807941141423	0.49509110734616846
1.975	0.9943092404866678	0.48896990547411817
1.985	0.9849371854555775	0.46780507188262227
1.995	0.9760668508892905	0.49924107471705
2.005	0.9677001677995851	0.47330377864904033
2.015	0.9598387758373681	0.45909014040377105
2.025	0.9524840229705438	0.47527501315020904
2.035	0.9456369653441072	0.46510759309154925
2.045	0.9392983673223942	0.4674938243298062
2.055	0.9334687017133725	0.4680125702511663
2.065	0.9281481501746951	0.4607501273521237
2.075	0.9233366038011535	0.4550439222171615
2.085	0.9190336638930447	0.46448509798591703
2.095	0.9152386429048351	0.4542139287429852
2.105	0.9119505655734264	0.45089395484628
2.115	0.9091681702251755	0.45691140753405823
2.125	0.9068899102607468	0.4437352611315093
2.135	0.905113955816724	0.44010403968198797
2.145	0.9038381956028347	0.43481283128411397
2.155	0.9030602389135025	0.43221910167731303
2.165	0.902777417812346	0.4190429552747641
2.175	0.9029867894881316	0.4176942158792276
2.185	0.9036851387805787	0.43823655436509124
2.195	0.9048689808743104	0.4093942811374645
2.205	0.9065345641591369	0.4340865869942097
2.215	0.9086778732547498	0.4373028117066429
2.225	0.9112946321978126	0.43232285086158506
2.235	0.9143803077893213	0.42506040796254235
2.245	0.9179301131000073	0.4216366848815651
2.255	0.9219390111314678	0.4201841963017565
2.265	0.9264017186305955	0.42205168161865325
2.275	0.9313127100547973	0.4216366848815651
2.285	0.9366662216853849	0.40866803684756026
2.295	0.9424562558864362	0.40493306621376685
2.305	0.9486765855063304	0.42039169467030063
2.315	0.9553207584190755	0.4186279585376759
2.325	0.9623821022024515	0.43221910167731303
2.335	0.9698537289499081	0.41375174687689015
2.345	0.9777285402130906	0.4196654503803963
2.355	0.9859992320717466	0.43958529376062777
2.365	0.9946583003277354	0.41022427461164085
2.375	1.0036980458197347	0.4082530401104721
2.385	1.0131105798552147	0.402650584159782
2.395	1.0228878297561241	0.4190429552747641
2.405	1.0330215445147048	0.4469514858439425
2.415	1.043503300555766	0.42661664572662295
2.425	1.0543245076016656	0.424126665304094
2.435	1.0654764146362288	0.41624172729941905
2.445	1.076950115963705	0.41779796506349964
2.455	1.0887365573588852	0.4351240788369301
2.465	1.100826542304364	0.42589040143671864
2.475	1.1132107383109457	0.4485077236080231
2.485	1.1258796833170925	0.4421790233674287
2.495	1.1388237921632944	0.4458102448169501
2.505	1.1520333631371826	0.43533157720547416
2.515	1.1654985845851524	0.45898639121949897
2.525	1.1792095415862611	0.4552514205857056
2.535	1.1931562226840644	0.45784515019250654
2.545	1.2073285266720897	0.46666383085562985
2.555	1.2217162694285526	0.47091754741078345
2.565	1.2363091907959332	0.4637588536960128
2.575	1.2510969615009797	0.47091754741078345
2.585	1.2660691901106844	0.46407010124882886
2.595	1.2812154300197796	0.48461243973469253
2.605	1.2965251864652279	0.47579375907156923
2.615	1.3119879235632497	0.5024572994294831
2.625	1.327593071364307	0.4819149609436195
2.635	1.3433300329215805	0.5095122439599818
2.645	1.3591881913683463	0.48471618891896456
2.655	1.3751569169997355	0.5112759800926064
2.665	1.3912255743543496	0.4819149609436195
2.675	1.4073835292911485	0.5038060388250197
2.685	1.4236201560571218	0.4957136024518007
2.695	1.4399248443411643	0.5068147651689088
2.705	1.4562870063096824	0.510238488249886
2.715	1.4726960836193825	0.515322198279216
2.725	1.4891415544027864	0.5167746868590245
2.735	1.505612940221966	0.5185384229916492
2.745	1.5220998129860694	0.5260083642592359
2.755	1.5385918018282085	0.5531906505385101
2.765	1.5550785999372836	0.531507071025654
2.775	1.5715499713404184	0.5452019633495631
2.785	1.5879957576316146	0.5427119829270342
2.795	1.6044058846423666	0.5499744258260769
2.805	1.6207703690499509	0.5520494095115177
2.815	1.637079324919158	0.5782979531323434
2.825	1.6533229701733123	0.5757042235255425
2.835	1.6694916329904192	0.5659518002039708
2.845	1.6855757581203699	0.5780904547637994
2.855	1.701565913119151	0.5915778487191644
2.865	1.7174527944961127	0.577260461289623
2.875	1.7332272337703145	0.6094227084139551
2.885	1.7488802034321522	0.6028865098048166
2.895	1.7644028228064006	0.6009152753036479
2.905	1.7797863638129552	0.6062064837015219
2.915	1.795022256621622	0.6016415195935522
2.925	1.8101020951972935	0.612120187205028
2.935	1.8250176427320386	0.6110826953623076
2.945	1.8397608369605813	0.6196938776568869
2.955	1.8543237953558425	0.6124314347578441
2.965	1.8686988202011756	0.6293425517941864
2.975	1.882878403536113	0.6246738385019447
2.985	1.896855231972442	0.6422074506439193
2.995	1.9106221913775552	0.6288238058728263
3.005	1.9241723714221008	0.652374870702579
3.015	1.9374990699890309	0.6406512128798386
3.025	1.950595797441237	0.6263338254502974
3.035	1.963456280745072	0.6506111345699543
3.045	1.9760744674471389	0.649573642727234
3.055	1.9884445295017947	0.6514411280441307
3.065	2.0005608669469708	0.6545536035722919
3.075	2.012418111425956	0.6646172744466796
3.085	2.024011129552901	0.678934661876221
3.095	2.035335026119941	0.6636835317882313
3.105	2.046385147143856	0.6808021471931176
3.115	2.057157082750387	0.6873383458022561
3.125	2.0676466698943408	0.681839639035838
3.135	2.0778499949137927	0.7074656875510316
3.145	2.087763395916751	0.7183593518995957
3.155	2.097383464998785	0.7182556027153236
3.165	2.1067070502902245	0.6994770003620846
3.175	2.1157312578316194	0.7228205668232933
3.185	2.1244534532763044	0.711304407369097
3.195	2.132871263418981	0.676652179822236
3.205	2.140982577549368	0.6990620036249964
3.215	2.14878554863007	0.7119269024747292
3.225	2.156278594297938	0.705909449786951
3.235	2.1634603976882865	0.7078806842881197
3.245	2.1703299080814866	0.7058057006026789
3.255	2.1768863413715054	0.7096444204207444
3.265	2.1831291803561514	0.7104744138949207
3.275	2.1890581748488325	0.7110969090005529
3.285	2.194673341611783	0.7031082218116059
3.295	2.1999749641108375	0.7092294236836562
3.305	2.204963592091907	0.7151431271871624
3.315	2.2096400409794636	0.7101631663421045
3.325	2.214005391097435	0.7282155244054392
3.335	2.218060986713037	0.7212643290592127
3.345	2.221808434904151	0.7212643290592127
3.355	2.225249604251032	0.7389016903854593
3.365	2.228386623353169	0.7275930292998071
3.375	2.2312218791722853	0.7270742833784468
3.385	2.233758015202563	0.70331572018015
3.395	2.2359979294692733	0.7152468763714345
3.405	2.237944772357121	0.689932075409057
3.415	2.239601944269713	0.7055982022341348
3.425	2.2409730931216694	0.7132756418702657
3.435	2.242062111665004	0.7234430619289255
3.445	2.242873134651507	0.7345442246460336
3.455	2.2434105358329663	0.7011369873104372
3.465	2.2436789248011655	0.7253105472458222
3.475	2.243683143669716	0.7068431924453993
3.485	2.243428263599845	0.703211970995878
3.495	2.2429195811724103	0.6936670460428505
3.505	2.2421626146084668	0.689828326224785
3.515	2.2411630998408336	0.6946007887012987
3.525	2.239926986439202	0.6813208931144779
3.535	2.2384604333913973	0.6849521145639992
3.545	2.2367698047435445	0.6643060268938634
3.555	2.2348616651019197	0.6841221210898228
3.565	2.2327427749994224	0.6729172091884427
3.575	2.2304200861296204	0.6822546357729261
3.585	2.2279007364514753	0.6695972352917374
3.595	2.2251920451678795	0.6830846292471024
3.605	2.2223015075812604	0.68194338822011
3.615	2.2192367898295546	0.6581848250218132
3.625	2.216005723505954	0.6691822385546493
3.635	2.2126163001658896	0.6559023429678283
3.645	2.209076665724792	0.6837071243527347
3.655	2.2053951147502446	0.6492623951744179
3.665	2.201580084652199	0.646876163936161
3.675	2.197640149775004	0.6509223821227705
3.685	2.1935840153950643	0.6519598739654909
3.695	2.1894205116279677	0.6344262618235164
3.705	2.185158587249055	0.6297575485312746
3.715	2.1808073034313615	0.6295500501627306
3.725	2.1763758274050122	0.6399249685899344
3.735	2.1718734260421284	0.63867997837867
3.745	2.1673094593714026	0.6329737732437078
3.755	2.162693374026497	0.6111864445465797
3.765	2.1580346966325132	0.630691291189723
3.775	2.153343027134789	0.6221838580794158
3.785	2.148628032074312	0.6022640146991843
3.795	2.143899437814117	0.6217688613423277
3.805	2.139167023720989	0.6021602655149123
3.815	2.1344406153069206	0.5980102981440307
3.825	2.1297300773347057	0.5907478552449881
3.835	2.125045306892152	0.5988402916182071
3.845	2.1203962264393503	0.6030940081733607
3.855	2.1157927768335063	0.6224951056322319
3.865	2.111244910335836	0.5856641452156581
3.875	2.1067625836050357	0.5901253601393558
3.885	2.102355750681839	0.5970765554855825
3.895	2.0980343559692187	0.5888803699280913
3.905	2.0938083272127375	0.5889841191123634
3.915	2.089687568485605	0.5842116566358496
3.925	2.085681953182963	0.6020565163306403
3.935	2.081801317029922	0.5890878682966355
3.945	2.078055451107891	0.6042352492003531
3.955	2.074454094903681	0.601330272040736
3.965	2.0710069293858964	0.5901253601393558
3.975	2.0677235701131	0.5760154710783586
3.985	2.064613560378185	0.5802691876335122
3.995	2.061686364393424	0.5623205787544495
4.005	2.0589513605205765	0.5608680901746409
4.015	2.056417834550479	0.595831565274318
4.025	2.0540949730364386	0.5580668621992959
4.035	2.0519918566857576	0.5499744258260769
4.045	2.0501174538136975	0.5730067447344694
4.055	2.0484806138641005	0.5696867708377642
4.065	2.0470900610009046	0.5507006701159811
4.075	2.0459543877746778	0.5599343475161926
4.085	2.0450820488683155	0.5402220025045052
4.095	2.044481354925961	0.544890715796747
4.105	2.044160466469145	0.5521531586957897
4.115	2.0441273879041377	0.5561993768823992
4.125	2.044389961624372	0.5461357060080114
4.135	2.0449558622118142	0.5441644715068428
4.145	2.0458325907410586	0.5547468883025907
4.155	2.0470274691898354	0.5485219372462683
4.165	2.048547634959628	0.563565568965714
4.175	2.050400035509928	0.5443719698753868
4.185	2.052591423109679	0.5591043540420163
4.195	2.05512834970932	0.5480031913249082
4.205	2.058017161936812	0.5465507027450996
4.215	2.0612639962208905	0.5609718393589129
4.225	2.0648747740447924	0.5608680901746409
4.235	2.068855197333544	0.5418819894528578
4.245	2.0732107439778593	0.5570293703565755
4.255	2.0779466634976016	0.5413632435314977
4.265	2.0830679728476604	0.5515306635901575
4.275	2.088579452369022	0.5714505069703889
4.285	2.0944856418877196	0.5424007353742181
4.295	2.1007908369642427	0.5410519959786816
4.305	2.1074990852959026	0.5254896183378758
4.315	2.114614183274557	0.5643955624398903
4.325	2.1221396727019655	0.545098214165291
4.335	2.1300788376650375	0.5427119829270342
4.345	2.138434701572985	0.5466544519293717
4.355	2.1472100243584586	0.5389770122932408
4.365	2.156407299844491	0.5634618197814419
4.375	2.1660287532791105	0.5471731978507318
4.385	2.176076339039227	0.5353457908437195
4.395	2.18655173850543	0.5425044845584901
4.405	2.197456358109137	0.5624243279387215
4.415	2.208791327553444	0.55827436056784
4.425	2.220557498208973	0.5614905852802732
4.435	2.2327554416857893	0.5694792724692201
4.445	2.2453854485824696	0.5706205134962126
4.455	2.258447527413211	0.5511156668530693
4.465	2.2719414037137966	0.5591043540420163
4.475	2.2858665193271017	0.5655368034668827
4.485	2.3002220318687123	0.5707242626804846
4.495	2.315006814373131	0.5661592985725149
4.505	2.3302194551209086	0.5646030608084344
4.515	2.3458582576469507	0.5692717741006761
4.525	2.3619212409300947	0.5492481815361726
4.535	2.378406139763982	0.5551618850396788
4.545	2.3953104053091123	0.5766379661839908
4.555	2.412631205825846	0.5658480510196988
4.565	2.4303654275880375	0.5889841191123634
4.575	2.4485096759768132	0.5786092006851595
4.585	2.4670602767539545	0.571865503707477
4.595	2.4860132775142025	0.603924001647537
4.605	2.505364449315664	0.5793354449750638
4.615	2.525109288487449	0.5735254906558297
4.625	2.545243018613499	0.585352897662842
4.635	2.56576059269146	0.6133651774162925
4.645	2.5866566954654044	0.5913703503506204
4.655	2.60792574593099	0.5927190897461568
4.665	2.62956190001165	0.6114976920993958
4.675	2.6515590534042093	0.5918890962719805
4.685	2.67391084459225	0.5954165685372298
4.695	2.6966106580254623	0.5826554188717691
4.705	2.7196516274630773	0.6347375093763324
4.715	2.743026639479391	0.6096302067824991
4.725	2.766728337129278	0.6236363466592243
4.735	2.7907491237714988	0.6106676986252195
4.745	2.8150811670475084	0.638783727562942
4.755	2.839716403013374	0.6355675028505088
4.765	2.8646465404222825	0.6287200566885542
4.775	2.889863065155066	0.6375387373516775
4.785	2.9153572447960583	0.6473949098575211
4.795	2.9411201333515167	0.657666079100453
4.805	2.9671425761077117	0.6622310432084227
4.815	2.9934152146257578	0.6423111998281913
4.825	3.019928491870106	0.6690784893703773
4.835	3.0466726574676395	0.695119534622659
4.845	3.0736377730940605	0.6960532772811073
4.855	3.10081371798437	0.6903470721461452
4.865	3.12819019456398	0.7069469416296713
4.875	3.1557567341971104	0.71400188616017
4.885	3.1835027030488474	0.6909695672517774
4.895	3.211417308057315	0.7055982022341348
4.905	3.239489603012311	0.7510403449452878
4.915	3.2677084947366	0.7267630358256307
4.925	3.2960627493661687	0.7156618731085226
4.935	3.324540998725473	0.7013444856789812
4.945	3.3531317467938093	0.7313279999336004
4.955	3.3818233762588217	0.7423254134664365
4.965	3.410604155153089	0.7361004624101142
4.975	3.4394622435697157	0.7444003971518773
4.985	3.4683857004527585	0.7422216642821645
4.995	3.497362490458321	0.7424291626507086
5.005	3.5263804908820586	0.748861612075575
5.015	3.5554274986488412	0.767640214428814
5.025	3.5844912373601985	0.7663952242175495
5.035	3.6135593643952495	0.7492766088126631
5.045	3.642619478060683	0.7654614815591012
5.055	3.6716591247853736	0.8048861715824759
5.065	3.7006658063551905	0.7846550806494283
5.075	3.7296269871834884	0.7835138396224359
5.085	3.7585301016128003	0.7656689799276453
5.095	3.78736256124321	0.7726201752738718
5.105	3.816111762282813	0.7780151328560179
5.115	3.844765092915784	0.7896350414944862
5.125	3.873309940683408	0.7577840419229703
5.135	3.901733699873529	0.7605852698983153
5.145	3.9300237789138075	0.7884938004674937
5.155	3.958167607764255	0.8022924419756748
5.165	3.986152645304342	0.7978312270519772
5.175	4.01396638671021	0.8093473865061735
5.185	4.041596370817326	0.7916062759956549
5.195	4.069030187464024	0.7849663282022444
5.205	4.096255484811358	0.7770813901975695
5.215	4.123259976634759	0.8179585688007527
5.225	4.150031449582894	0.8220047869873622
5.235	4.176557770399237	0.8101773799803498
5.245	4.202826893101893	0.7967937352092568
5.255	4.228826866117155	0.8027074387127631
5.265	4.254545839362376	0.7888050480203098
5.275	4.279972071273731	0.8042636764768436
5.285	4.305093935774522	0.8183735655378409
5.295	4.329899929179666	0.8174398228793925
5.305	4.35437867703204	0.8060274126094683
5.315	4.378518940866481	0.8096586340589896
5.325	4.40230962489714	0.8114223701916142
5.335	4.425739782624141	0.7923325202855591
5.345	4.4487986233552945	0.7966899860249848
5.355	4.471475518638888	0.8369446695225358
5.365	4.493760008603505	0.8118373669287025
5.375	4.515641808200924	0.8096586340589896
5.385	4.5371108133482165	0.8110073734545261
5.395	4.558157106965176	0.8115261193758864
5.405	4.578770964903346	0.8004249566587782
5.415	4.5989428617629065	0.7820613510426273
5.425	4.6186634765938575	0.7975199794991611
5.435	4.637923698477839	0.8046786732139317
5.445	4.656714631987187	0.8137048522455992
5.455	4.675027602517764	0.797208731946345
5.465	4.692854161492253	0.7938887580496398
5.475	4.710186091430678	0.8173360736951205
5.485	4.727015410884931	0.826673500279604
5.495	4.7433343792342715	0.8152610900096797
5.505	4.759135501338765	0.8217972886188182
5.515	4.774411532047791	0.8060274126094683
5.525	4.789155480560751	0.8228347804615386
5.535	4.8033606146372625	0.8152610900096797
5.545	4.817020464654239	0.8147423440883195
5.555	4.830128827507265	0.8164023310366721
5.565	4.84267977035385	0.8195148065648333
5.575	4.854667634196225	0.8093473865061735
5.585	4.866087037301407	0.807998647110637
5.595	4.876932878456398	0.815987334299584
5.605	4.887200340056525	0.8035374321869393
5.615	4.896884891024886	0.823872272304259
5.625	4.905982289561158	0.8090361389533574
5.635	4.914488585718011	0.8044711748453877
5.645	4.92240012380349	0.8130823571399669
5.655	4.929713544607871	0.7889087972045818
5.665	4.936425787453614	0.8081023962949091
5.675	4.9425340920670715	0.8041599272925716
5.685	4.948036000270811	0.8057161650566521
5.695	4.952929357495469	0.8020849436071308
5.705	4.957212314110191	0.7659802274804614
5.715	4.960883326570796	0.7998024615531459
5.725	4.963941158384959	0.7709601883255192
5.735	4.966384880893774	0.7780151328560179
5.745	4.968213873869221	0.813289855508511
5.755	4.969427825927131	0.7674327160602699
5.765	4.970026734755384	0.7699226964827989
5.775	4.970010907157199	0.7816463543055392
5.785	4.969380958909445	0.770545191588431
5.795	4.968137814436078	0.7718939309839675
5.805	4.966282706296878	0.7573690451858821
5.815	4.9638171744917985	0.767640214428814
5.825	4.960743065581339	0.7585102862128745
5.835	4.957062531623489	0.8002174582902342
5.845	4.952778028927877	0.7620377584781239
5.855	4.947892316627906	0.7885975496517658
5.865	4.942408455071737	0.7706489407727031
5.875	4.936329804033114	0.765046484822013
5.885	4.929660020743134	0.7765626442762092
5.895	4.922403057744179	0.7773926377503856
5.905	4.9145631605673294	0.7928512662069194
5.915	4.9061448652346895	0.7878713053618616
5.925	4.897152995588177	0.7761476475391211
5.935	4.887592660446424	0.7749026573278567
5.945	4.877469250591538	0.7776001361189296
5.955	4.866788435587627	0.7896350414944862
5.965	4.855556160432982	0.7912950284428388
5.975	4.843778642048084	0.7875600578090454
5.985	4.831462365601524	0.7998024615531459
5.995	4.818614080676188	0.7907762825214786
6.005	4.805240797278006	0.7910875300742947
6.015	4.791349781689821	0.7998024615531459
6.025	4.776948552172869	0.8095548848747176
6.035	4.762044874518589	0.8082061454791811
6.045	4.7466467574535205	0.7867300643348691
6.055	4.7307624479000765	0.7945112531552719
6.065	4.714400426096217	0.8018774452385867
6.075	4.697569400576995	0.8194110573805613
6.085	4.6802783030211	0.8109036242702541
6.095	4.662536282965588	0.8015661976857706
6.105	4.644352702392114	0.8143273473512314
6.115	4.625737130187956	0.8088286405848133
6.125	4.606699336485349	0.7982462237890654
6.135	4.587249286882564	0.8111111226387981
6.145	4.567397136550395	0.8118373669287025
6.155	4.547153224227608	0.8178548196164807
6.165	4.5265280661091865	0.7952374974451762
6.175	4.505532349631107	0.8282297380436845
6.185	4.48417692715548	0.7882863020989497
6.195	4.46247280956003	0.7915025268113829
6.205	4.440431159735862	0.8039524289240275
6.215	4.418063285997523	0.8444146107901226
6.225	4.395380635409486	0.8166098294052162
6.235	4.372394787033216	0.8477345846868278
6.245	4.3491174450988845	0.8220047869873622
6.255	4.325560432106134	0.8210710443289139
6.265	4.301735681858048	0.8067536568993725
6.275	4.277655232432701	0.7907762825214786
6.285	4.253331219096623	0.8130823571399669
6.295	4.228775867164568	0.8315497119403897
6.305	4.20400148481005	0.7929550153911914
6.315	4.179020455831045	0.7993874648160578
6.325	4.153845232375417	0.7998024615531459
6.335	4.128488327630452	0.7990762172632416
6.345	4.102962308481187	0.7862113184135089
6.355	4.07727978814195	0.7843438330966122
6.365	4.051453418765754	0.7974162303148891
6.375	4.025495884036074	0.7928512662069194
6.385	3.999419891745604	0.7679514619816301
6.395	3.973238166366623	0.7633864978736604
6.405	3.946963441617511	0.7961712401036246
6.415	3.9206084530300838	0.797208731946345
6.425	3.8941859305222355	0.7511440941295598
6.435	3.867708590980619	0.7908800317057506
6.445	3.841189130857838	0.7514553416823759
6.455	3.8146402187888215	0.7669139701389097
6.465	3.788074488230813	0.7616227617410357
6.475	3.7615045301316803	0.7574727943701541
6.485	3.7349428856309586	0.7149356288186184
6.495	3.7084020387981758	0.7825800969639876
6.505	3.68189440941297	0.7504178498396555
6.515	3.65543234579136	0.7523890843408243
6.525	3.629028117662715	0.7447116447046934
6.535	3.602693909101771	0.7611040158196756
6.545	3.5764418115199637	0.7390054395697313
6.555	3.550283816720559	0.7395241854910914
6.565	3.524231810021728	0.7341292279089455
6.575	3.4982975634518616	0.7444003971518773
6.585	3.4724927290212895	0.7294605146167038
6.595	3.4468288320745857	0.7399391822281797
6.605	3.4213172647274486	0.7503141006553835
6.615	3.3959692793923155	0.7294605146167038
6.625	3.370795982396632	0.7212643290592127
6.635	3.3458083276976227	0.729979260538064
6.645	3.321017110697568	0.7127568959489056
6.655	3.2964329621632507	0.7077769351038476
6.665	3.2720663422533676	0.7063244465240391
6.675	3.2479275346575336	0.7083994302094799
6.685	3.2240266408504703	0.7209530815063966
6.695	3.2003735744649306	0.6970907691238277
6.705	3.1769780557866936	0.7054944530498628
6.715	3.1538496063751174	0.700618241389077
6.725	3.130997543812474	0.682047137404382
6.735	3.1084309765851996	0.6986470068879083
6.745	3.0861587991003034	0.6676260007905687
6.755	3.0641896868398675	0.6642022777095914
6.765	3.0425320916566125	0.6473949098575211
6.775	3.021194237213377	0.6885833360135205
6.785	3.0001841145692967	0.6434524408551837
6.795	2.979509477915274	0.6515448772284027
6.805	2.959177840461414	0.6499886394643222
6.815	2.939196470478854	0.6639947793410473
6.825	2.9195723874983153	0.6444899326979041
6.835	2.900312358667769	0.6298612977155467
6.845	2.8814228952712977	0.6350487569291485
6.855	2.8629102494112773	0.6350487569291485
6.865	2.844780410855859	0.6301725452683627
6.875	2.8270391040535605	0.6418962030911032
6.885	2.8096917853168213	0.6507148837542264
6.895	2.7927436401761083	0.6326625256908917
6.905	2.776199580906145	0.638783727562942
6.915	2.7600642442257235	0.6294463009784584
6.925	2.7443419891723684	0.6241550925805845
6.935	2.7290368951531607	0.6224951056322319
6.945	2.714152760172753	0.6232213499221362
6.955	2.699693099239634	0.611912688836484
6.965	2.685661142951452	0.6258150795289371
6.975	2.672059836260259	0.6086964641240508
6.985	2.6588918374182606	0.5991515391710232
6.995	2.646159517104665	0.6080739690184185
7.005	2.6338649577339996	0.5997740342766554
7.015	2.6220099529462932	0.5881541256381871
7.025	2.6105960072792507	0.5827591680560411
7.035	2.5996243360225417	0.5812029302919606
7.045	2.589095865254178	0.5871166337954667
7.055	2.579011232058797	0.5955203177215018
7.065	2.569370784927647	0.6159589070230934
7.075	2.560174584339856	0.5789204482379756
7.085	2.5514224035245268	0.5876353797168269
7.095	2.543113729403021	0.5594156015948324
7.105	2.535247763710763	0.580061689264968
7.115	2.5278234242976976	0.558585608120656
7.125	2.520839346606477	0.5854566468471141
7.135	2.5142938853273202	0.5702055167591245
7.145	2.5081851162283924	0.5768454645525349
7.155	2.502510838160397	0.5893991158494516
7.165	2.4972685752340453	0.5621130803859055
7.175	2.492455579168868	0.5685455298107718
7.185	2.488068831811784	0.577156712105351
7.195	2.484105047823732	0.5684417806264997
7.205	2.4805606775325226	0.5438532239540266
7.215	2.4774319099500244	0.5613868360960012
7.225	2.4747146759516383	0.5814104286605046
7.235	2.4724046516159515	0.5533981489070542
7.245	2.4704972617223424	0.5832779139774013
7.255	2.4689876834042157	0.5767417153682629
7.265	2.4678708499554443	0.5726954971816534
7.275	2.467141454787503	0.544994464981019
7.285	2.4667939555346865	0.5565106244352154
7.295	2.466822578304698	0.5618018328330893
7.305	2.467221322071825	0.5662630477567869
7.315	2.467983963209807	0.5743554841300059
7.325	2.4691040601614267	0.5685455298107718
7.335	2.470574958241775	0.5491444323519006
7.345	2.472389794572031	0.5767417153682629
7.355	2.4745415031405495	0.5599343475161926
7.365	2.477022819987941	0.5707242626804846
7.375	2.4798262885127764	0.5525681554328778
7.385	2.4829442648944497	0.5791279466065198
7.395	2.4863689236296693	0.5732142431030135
7.405	2.490092263178991	0.5627355754915376
7.415	2.4941061117196974	0.558585608120656
7.425	2.4984021330013295	0.579750441712152
7.435	2.5029718323000263	0.577052962921079
7.445	2.507806562467844	0.5699980183905804
7.455	2.512897530073112	0.5765342169997187
7.465	2.518235801627883	0.5743554841300059
7.475	2.5238123098984016	0.5746667316828221
7.485	2.529617860294542	0.5790241974222478
7.495	2.535643137334082	0.5862866403212904
7.505	2.541878711177608	0.5890878682966355
7.515	2.548315044229875	0.5889841191123634
7.525	2.5549424978033244	0.6034052557261768
7.535	2.561751338839456	0.6043389983846251
7.545	2.5687317466837665	0.617203897234358
7.555	2.57587381990982	0.6043389983846251
7.565	2.583167583188104	0.6107714478094916
7.575	2.5906029941952213	0.6150251643646452
7.585	2.5981699505589706	0.6059989853329778
7.595	2.60585829683484	0.5939640799574213
7.605	2.613657831509452	0.6146101676275569
7.615	2.6215583140264087	0.6092152100454109
7.625	2.6295494718300385	0.6329737732437078
7.635	2.6376210074225406	0.641584955538287
7.645	2.6457626054299435	0.6486399000687857
7.655	2.653963939672367	0.6145064184432849
7.665	2.6622146802340425	0.6443861835136321
7.675	2.670504500528535	0.6289275550570983
7.685	2.6788230843546508	0.6339075159021561
7.695	2.687160132938475	0.6421037014596472
7.705	2.695505371957057	0.6456311737248965
7.715	2.7038485585391934	0.6526861182553951
7.725	2.712179488238833	0.663061036682599
7.735	2.720488001976662	0.646979913120433
7.745	2.728763992945362	0.6740584502154351
7.755	2.736997413474159	0.6836033751684627
7.765	2.7451782818482346	0.6964682740181954
7.775	2.7532966890786517	0.6802834012717575
7.785	2.7613428056184275	0.6922145574630418
7.795	2.7693068880204987	0.6926295542001301
7.805	2.7771792855332538	0.689932075409057
7.815	2.784950446629445	0.7040419644700543
7.825	2.792610925464315	0.7020707299688855
7.835	2.8001513882587576	0.7043532120228704
7.845	2.807562619603459	0.7243768045873739
7.855	2.8148355286799855	0.7200193388479482
7.865	2.82196115539481	0.7336104819875853
7.875	2.8289306764223987	0.7130681435017217
7.885	2.835735411153444	0.7290455178796156
7.895	2.8423668275444696	0.7535303253678167
7.905	2.8488165478650616	0.7479278694171266
7.915	2.855076354339035	0.7497953547340234
7.925	2.8611381946759704	0.7543603188419931
7.935	2.8669941874895306	0.7679514619816301
7.945	2.872636627599142	0.7713751850626074
7.955	2.878057991211614	0.7656689799276453
7.965	2.883250940979437	0.7888050480203098
7.975	2.888208330932467	0.797208731946345
7.985	2.8929232112799017	0.7807126116470908
7.995	2.897388833079438	0.8011512009486824
8.005	2.9015986527706765	0.7916062759956549
8.015	2.905546336569833	0.7982462237890654
8.025	2.909225764722989	0.8127711095871508
8.035	2.912631035615143	0.8227310312772665
8.045	2.915756469732455	0.7979349762362492
8.055	2.918596613475165	0.8195148065648333
8.065	2.9211462428187276	0.7929550153911914
8.075	2.923400366820861	0.7860038200449648
8.085	2.925354230972248	0.8056124158723801
8.095	2.9270033203887738	0.7952374974451762
8.105	2.9283433628432647	0.8232497771986267
8.115	2.9293703316347885	0.8137048522455992
8.125	2.930080448293694	0.8388121548394325
8.135	2.9304701851206802	0.8310309660190296
8.145	2.930536267558263	0.8294747282549491
8.155	2.930275676393149	0.8275034937537803
8.165	2.929685649788104	0.8028111878970351
8.175	2.9287636851420396	0.8171285753265765
8.185	2.9275075407771225	0.7968974843935289
8.195	2.9259152374518558	0.789012546388854
8.205	2.9239850596991626	0.8236647739357148
8.215	2.921715556988633	0.8022924419756748
8.225	2.919105544712192	0.797208731946345
8.235	2.916154104992585	0.8007362042115943
8.245	2.9128605873141606	0.7782226312245619
8.255	2.909224608975563	0.7751101556964007
8.265	2.905246055364061	0.775836399986305
8.275	2.9009250800513318	0.7587177845814187
8.285	2.8962621047106767	0.7510403449452878
8.295	2.8912578188557063	0.7710639375097913
8.305	2.885913179400692	0.7634902470579324
8.315	2.880229410042865	0.773138921195232
8.325	2.874208000467074	0.7330917360662251
8.335	2.8678507053733275	0.7312242507493284
8.345	2.8611595433278434	0.7508328465767438
8.355	2.854136795438352	0.7557090582375295
8.365	2.846785003854529	0.7062206973397671
8.375	2.839106970094506	0.7105781630791927
8.385	2.8311057531985617	0.7198118404794042
8.395	2.822784667711164	0.7133793910545377
8.405	2.8141472814926938	0.7013444856789812
8.415	2.8051974133622286	0.6797646553503972
8.425	2.795939130572943	0.6992695019935405
8.435	2.7863767461217224	0.7134831402388098
8.445	2.7765148158947293	0.6699084828445535
8.455	2.7663581356507803	0.6902433229618732
8.465	2.755911737844453	0.6802834012717575
8.475	2.745180888290974	0.6880645900921604
8.485	2.7341710826750405	0.6780009192177726
8.495	2.722888042905815	0.6619197956556065
8.505	2.711337713320433	0.6700122320288256
8.515	2.6995262567384906	0.6743696977682512
8.525	2.687460050369998	0.6666922581321204
8.535	2.675145681579501	0.6801796520874854
8.545	2.662589943509018	0.6455274245406245
8.555	2.6497998305626695	0.6677297499748408
8.565	2.6367825337558646	0.6259188287132091
8.575	2.623545435932047	0.6313137862953552
8.585	2.61009610685007	0.6329737732437078
8.595	2.5964422981453805	0.6208351186838793
8.605	2.582591938168193	0.6088002133083228
8.615	2.5685531267020423	0.6235325974749523
8.625	2.554334129566074	0.6009152753036479
8.635	2.5399433731045162	0.6139876725219248
8.645	2.5253894385669313	0.6175151447871741
8.655	2.5106810563828152	0.5914740995348924
8.665	2.49582710033424	0.5704130151276685
8.675	2.4808365816302786	0.590644106060716
8.685	2.4657186428870492	0.5705167643119405
8.695	2.4504825520171782	0.5504931717474371
8.705	2.4351376960326996	0.5561993768823992
8.715	2.419693574765304	0.5623205787544495
8.725	2.40415979450803	0.5558881293295831
8.735	2.3885460615824106	0.5399107549516892
8.745	2.372862175835302	0.5351382924751753
8.755	2.3571180240695035	0.5173971819646568
8.765	2.3413235734124505	0.5331670579740067
8.775	2.3254888646271668	0.4899036481325665
8.785	2.3096240053698787	0.5067110159846367
8.795	2.293739163398553	0.5045322831149239
8.805	2.2778445597367467	0.501834804323851
8.815	2.261950461797203	0.48004747562672284
8.825	2.246067176469543	0.49747733858442533
8.835	2.2302050431765874	0.5033910420879315
8.845	2.2143744269037184	0.5024572994294831
8.855	2.198585711205805	0.5007973124811306
8.865	2.1828492911961463	0.49747733858442533
8.875	2.1671755665220194	0.5016273059553069
8.885	2.151574934331295	0.5227921395468027
8.895	2.136057782234677	0.531714569394198
8.905	2.120634481268102	0.5409482467944096
8.915	2.105315378859842	0.5267346085491402
8.925	2.0901107918068007	0.5357607875808076
8.935	2.0750309992646034	0.5194721656500976
8.945	2.0600862357559335	0.5471731978507318
8.955	2.045286684201684	0.5323370644998303
8.965	2.030642468979354	0.5606605918060968
8.975	2.0161636490132424	0.5453057125338352
8.985	2.0018602109008556	0.5572368687251196
8.995	1.9877420620799675	0.5619055820173613
9.005	1.9738190240407856	0.5684417806264997
9.015	1.9601008255875412	0.566574295309603
9.025	1.946597096153939	0.5806841843706003
9.035	1.9333173591767234	0.590540356876444
9.045	1.9202710255317001	0.6095264575982271
9.055	1.907467387036402	0.6256075811603931
9.065	1.8949156100236706	0.6043389983846251
9.075	1.8826247289902724	0.5924078421933406
9.085	1.8706036403246733	0.6103564510724033
9.095	1.8588610961180603	0.6366049946932292
9.105	1.847405698062579	0.6328700240594358
9.115	1.8362458914408053	0.6450086786192643
9.125	1.8253899592103022	0.6567323364420047
9.135	1.8148460161871363	0.6563173397049165
9.145	1.804622003332133	0.6412737079854709
9.155	1.7947256821435593	0.6858858572224475
9.165	1.7851646291599281	0.6887908343820646
9.175	1.775946230576475	0.6742659485839791
9.185	1.7670776769788268	0.6848483653797272
9.195	1.7585659581972908	0.6981282609665481
9.205	1.750417858285145	0.6792459094290371
9.215	1.7426399506241934	0.6802834012717575
9.225	1.73523859316079	0.7123418992118173
9.235	1.728219923775473	0.681735889851566
9.245	1.7215898557892104	0.6860933555909916
9.255	1.7153540736092472	0.6623347923926948
9.265	1.7095180285173934	0.6661735122107602
9.275	1.7040869346035215	0.6892058311191528
9.285	1.6990657648469796	0.6691822385546493
9.295	1.6944592473484887	0.689932075409057
9.305	1.6902718617150272	0.6709459746872739
9.315	1.6865078356000924	0.6664847597635762
9.325	1.6831711414016512	0.679142160244765
9.335	1.6802654931199703	0.6914883131731376
9.345	1.677794343377431	0.6542423560194758
9.355	1.675760880602319	0.6672110040534805
9.365	1.674168026378495	0.6537236100981155
9.375	1.6730184329627242	0.655072349493652
9.385	1.6723144809713562	0.6593260660488056
9.395	1.672058277237924	0.6497811410957781
9.405	1.6722516528431464	0.6444899326979041
9.415	1.6728961613186693	0.6410662096169268
9.425	1.6739930770258185	0.6435561900394557
9.435	1.6755433937104998	0.6378499849044936
9.445	1.6775478232352634	0.6562135905206444
9.455	1.6800067944894597	0.6500923886485942
9.465	1.6829204524782888	0.6489511476216018
9.475	1.6862886575914338	0.6222876072636878
9.485	1.6901109850518532	0.6432449424866397
9.495	1.6943867245452053	0.6508186329384984
9.505	1.6991148800302391	0.6585998217589013
9.515	1.7042941697303957	0.6624385415769668
9.525	1.7099230263067544	0.6704272287659138
9.535	1.7159995972122892	0.6740584502154351
9.545	1.7225217452273816	0.6615047989185184
9.555	1.7294870491763152	0.6599485611544379
9.565	1.7368928048244454	0.6812171439302058
9.575	1.7447360259555804	0.6573548315476369
9.585	1.753013445629011	0.6938745444113945
9.595	1.7617215176154946	0.681735889851566
9.605	1.7708564180114381	0.665551017105128
9.615	1.7804140470303194	0.6865083523280797
9.625	1.7903900309703582	0.6841221210898228
9.635	1.8007797243573314	0.6874420949865281
9.645	1.8115782122612307	0.6891020819348808
9.655	1.822780312785459	0.6834996259841907
9.665	1.834380579727088	0.6847446161954551
9.675	1.8463733054066096	0.7119269024747292
9.685	1.8587525236654878	0.695119534622659
9.695	1.8715120130297773	0.6989582544407243
9.705	1.884645300037847	0.6767559290065082
9.715	1.8981456627302813	0.7064281957083112
9.725	1.9120061342998054	0.7155581239242506
9.735	1.9262195068991146	0.7195005929265881
9.745	1.9407783356042163	0.7404579281495398
9.755	1.9556749425309616	0.7183593518995957
9.765	1.9709014211022189	0.738382944464099
9.775	1.9864496404631682	0.7470978759429503
9.785	2.0023112500419473	0.7055982022341348
9.795	2.0184776842529404	0.7090219253151121
9.805	2.0349401673398124	0.7049757071285027
9.815	2.051689718355316	0.7541528204734489
9.825	-Inf	0.0
9.835	-Inf	0.0
9.845	-Inf	0.0
9.855	-Inf	0.0
9.865	-Inf	0.0
9.875	-Inf	0.0
9.885	-Inf	0.0
9.895	-Inf	0.0
9.905	-Inf	0.0
9.915	-Inf	0.0
9.925	-Inf	0.0
9.935	-Inf	0.0
9.945	-Inf	0.0
9.955	-Inf	0.0
9.965	-Inf	0.0
9.975	-Inf	0.0
9.985	-Inf	0.0
9.995	-Inf	0.0
