0.005	-Inf	0.0
0.015	-Inf	0.0
0.025	-Inf	0.0
0.035	-Inf	0.0
0.045	-Inf	0.0
0.055	-Inf	0.0
0.065	-Inf	0.0
0.075	-Inf	0.0
0.085	-Inf	0.0
0.095	-Inf	0.0
0.105	-Inf	0.0
0.115	-Inf	0.0
0.125	-Inf	0.0
0.135	-Inf	0.0
0.145	-Inf	0.0
0.155	-Inf	0.0
0.165	-Inf	0.0
0.175	-Inf	0.0
0.185	-Inf	0.0
0.195	-Inf	0.0
0.205	-Inf	0.0
0.215	-Inf	0.0
0.225	-Inf	0.0
0.235	-Inf	0.0
0.245	-Inf	0.0
0.255	-Inf	0.0
0.265	-Inf	0.0
0.275	-Inf	0.0
0.285	-Inf	0.0
0.295	-Inf	0.0
0.305	-Inf	0.0
0.315	-Inf	0.0
0.325	-Inf	0.0
0.335	-Inf	0.0
0.345	-Inf	0.0
0.355	-Inf	0.0
0.365	-Inf	0.0
0.375	-Inf	0.0
0.385	-Inf	0.0
0.395	-Inf	0.0
0.405	-Inf	0.0
0.415	-Inf	0.0
0.425	-Inf	0.0
0.435	-Inf	0.0
0.445	-Inf	0.0
0.455	-Inf	0.0
0.465	-Inf	0.0
0.475	-Inf	0.0
0.485	-Inf	0.0
0.495	-Inf	0.0
0.505	-Inf	0.0
0.515	-Inf	0.0
0.525	-Inf	0.0
0.535	-Inf	0.0
0.545	-Inf	0.0
0.555	-Inf	0.0
0.565	-Inf	0.0
0.575	-Inf	0.0
0.585	-Inf	0.0
0.595	-Inf	0.0
0.605	-Inf	0.0
0.615	-Inf	0.0
0.625	-Inf	0.0
0.635	-Inf	0.0
0.645	-Inf	0.0
0.655	-Inf	0.0
0.665	-Inf	0.0
0.675	-Inf	0.0
0.685	-Inf	0.0
0.695	-Inf	0.0
0.705	-Inf	0.0
0.715	-Inf	0.0
0.725	-Inf	0.0
0.735	-Inf	0.0
0.745	-Inf	0.0
0.755	-Inf	0.0
0.765	-Inf	0.0
0.775	-Inf	0.0
0.785	-Inf	0.0
0.795	0.12996622056876173	0.49602067760050583
0.805	0.13900233186860333	0.49869370374502586
0.815	0.14775943897087052	0.5078749674588122
0.825	0.15623411318045832	0.5115939603555357
0.835	0.16442301394604608	0.5157778273643497
0.845	0.17232288920941596	0.5203103499572316
0.855	0.17993057571688298	0.5113615232994905
0.865	0.18724299929318322	0.5211238796533899
0.875	0.19425717507820828	0.5183346349808472
0.885	0.20097020772698304	0.5163589200044628
0.895	0.20737929157329482	0.5191481646770055
0.905	0.35155005783767646	0.6038714716054893
0.915	0.3635901968754556	0.5884144073784819
0.925	0.3753185092851199	0.5860900368180297
0.935	0.3867325490404956	0.5980605452043587
0.945	0.3978299600829369	0.6025930677972405
0.955	0.4086084762765705	0.6095661794785973
0.965	0.4190659213305714	0.6018957566291049
0.975	0.4292002086890101	0.6031741604373536
0.985	0.43900934138881587	0.6280449254341924
0.995	0.44849141188644515	0.6173528208561122
1.005	0.4576446018538114	0.6231637472572428
1.015	0.46646718194409065	0.6039876901335118
1.025	0.47495751152798693	0.6264178660418759
1.035	0.48311403840109435	0.6072418089181449
1.045	0.4909352984629578	0.6158419799918182
1.055	0.49841991536848695	0.6266503030979211
1.065	0.5055666001523553	0.6286260180743055
1.075	0.512374150827041	0.6087526497824389
1.085	0.5188414519551738	0.6023606307411953
1.095	0.5249674741968553	0.6263016475138533
1.105	0.530751273832617	0.6292071107144186
1.115	0.5361919922627245	0.617120383800067
1.125	0.5412888554834847	0.6160744170478635
1.135	0.5460411735412709	0.6122392056231173
1.145	0.5504483399649622	0.6285097995462829
1.155	0.5545098311774828	0.6323450109710291
1.165	0.5582252058871697	0.6321125739149839
1.175	0.5615941044596662	0.6344369444754361
1.185	0.5646162482710508	0.6295557662984864
1.195	0.5672914390429171	0.6288584551303508
1.205	0.5696195581601304	0.6408289635166797
1.215	0.5716005659719592	0.6316476998028934
1.225	0.5732345010773057	0.6303692959946446
1.235	0.5745214795947624	0.6175852579121575
1.245	0.5754616944181881	0.6207231581687679
1.255	0.576055414458533	0.6330423221391648
1.265	0.5763029838726252	0.6041039086615345
1.275	0.5762048212796138	0.6111932388709138
1.285	0.5757614189657949	0.6295557662984864
1.295	0.5749733420785073	0.6153771058797278
1.305	0.5738412278098068	0.6127040797352077
1.315	0.5723657845706076	0.6021281936851501
1.325	0.5705477911559917	0.581789951281193
1.335	0.5683880959023524	0.5939928967235673
1.345	0.5658876158370654	0.6046850013016476
1.355	0.5630473358213584	0.5893441556026628
1.365	0.5598683076870339	0.5900414667707985
1.375	0.5563516493677141	0.5850440700658261
1.385	0.5524985440252492	0.5927144929153185
1.395	0.5483102391719403	0.5824872624493288
1.405	0.5437880457891948	0.5598246494849195
1.415	0.538933337443257	0.5628463312135074
1.425	0.5337475493986097	0.5633112053255979
1.435	0.5282321777296639	0.5705167540629997
1.445	0.5223887784313206	0.5507596042991558
1.455	0.5162189665289976	0.5484352337387036
1.465	0.5097244151886833	0.5415783405853695
1.475	0.502906854827585	0.5362322882963294
1.485	0.49576807222591324	0.5461108631782513
1.495	0.4883099096403427	0.5287943025028823
1.505	0.4805342639196768	0.5298402692550858
1.515	0.4724430856232149	0.527051024582543
1.525	0.46403837814233073	0.5119426159396036
1.535	0.45532219682573993	0.5050857227862695
1.545	0.44629664810892855	0.4959044590724832
1.555	0.43696388864819946	0.4959044590724832
1.565	0.42732612445977236	0.4676633567629886
1.575	0.41738561006437913	0.48126092454163416
1.585	0.40714464763773983	0.4848636989103351
1.595	0.396605586167355	0.48358529510208637
1.605	0.3857708206159527	0.46394436386626503
1.615	0.37464279109199494	0.4494170478634386
1.625	0.3632239820275709	0.4483710811112351
1.635	0.3515169213640166	0.4511603257837778
1.645	0.33952417974559124	0.4240814087545093
1.655	0.3272483697214952	0.4345410762765443
1.665	0.31469214495653297	0.42164081966603445
1.675	0.3018581994506764	0.41513258209676823
1.685	0.2887492667678049	0.42791662017925547
1.695	0.2753681192738249	0.420594852913831
1.705	0.261717567384429	0.40118635873405484
1.715	0.24780045882266966	0.390959128268065
1.725	0.23361967788654803	0.38491576481088924
1.735	0.21917814472678843	0.397234928781286
1.745	0.20447881463494633	0.36771542266354273
1.755	0.18952467734199607	0.36980735616794974
1.765	0.17431875632750904	0.3687613894157462
1.775	0.15886410813953922	0.36388021123879655
1.785	0.1431638217252882	0.3581855033656886
1.795	0.12722101777263206	0.3444717170590204
1.805	0.1110388480625597	0.34993398787608315
1.815	0.09462049483255885	0.34377440589088476
1.825	0.07796917015097926	0.3316876789765332
1.835	0.061088115302363244	0.3326174272007141
1.845	0.04398060018375105	0.33668507568150546
1.855	0.026649922711914797	0.341914909442523
1.865	0.009099408241497908	0.32866599724794526
1.875	-0.008667591006014552	0.3276200304957418
1.885	-0.026647696502563045	0.32448213023913125
1.895	-0.04483750396310282	0.32634162668749306
1.905	-0.06323358388462674	0.30797909925992045
1.915	-0.0818324820747367	0.3297119640001488
1.925	-0.10063072016990082	0.3270389378556287
1.935	-0.11962479614354016	0.329944401056194
1.945	-0.13881118480411692	0.31216296626873447
1.955	-0.15818633828338302	0.3196009520621816
1.965	-0.1777466865150037	0.3127440589088475
1.975	-0.1974886377037377	0.3092575030681692
1.985	-0.21740857878540276	0.30437632489121946
1.995	-0.237502875877857	0.32157666703856597
2.005	-0.25776787472322527	0.3014708616906542
2.015	-0.2781999011216434	0.29635724645765926
2.025	-0.2987952613567686	0.28996522741641567
2.035	-0.3195502426133503	0.30170329874669943
2.045	-0.34046111338713114	0.2832245527911042
2.055	-0.3615241238873945	0.29693833909777234
2.065	-0.3827355064324607	0.29275447208895833
2.075	-0.4040914758384486	0.2842705195433077
2.085	-0.425588229801642	0.2822948045669233
2.095	-0.4472219492747862	0.2946139685373201
2.105	-0.46898879883767086	0.2802028710625163
2.115	-0.4908849270623612	0.27381085202127264
2.125	-0.5129064668734218	0.266837740339916
2.135	-0.5350495359035212	0.2769487522778832
2.145	-0.5573102368447962	0.269510766484436
2.155	-0.5796846577963418	0.25463479489754176
2.165	-0.6021688726082522	0.2673026144520064
2.175	-0.6247589412225706	0.25986462865855925
2.185	-0.6474509100115848	0.247080590576072
2.195	-0.6702408121138527	0.2499860537766373
2.205	-0.6931246677683853	0.2488238684964112
2.215	-0.7160984846473935	0.23569117482985608
2.225	-0.7391582581880266	0.23185596340510992
2.235	-0.7622999719235101	0.23720201569415003
2.245	-0.7855195978141359	0.22732344081222805
2.255	-0.8088130965784974	0.23185596340510992
2.265	-0.8321764180254305	0.22035032913087138
2.275	-0.8556055013870627	0.21570158800996692
2.285	-0.8790962756534383	0.21337721744951468
2.295	-0.9026446599090949	0.21140150247313028
2.305	-0.9262465636720884	0.2044283907917736
2.315	-0.9498978872358372	0.20803116516047454
2.325	-0.9735945220142603	0.20675276135222584
2.335	-0.997332350890598	0.20896091338465544
2.345	-1.021107248570378	0.1975714976384395
2.355	-1.0449150819389121	0.19362006768567072
2.365	-1.0687517104237767	0.19966343114284651
2.375	-1.0926129863626604	0.19478225296589685
2.385	-1.1164947553770188	0.17618728848227902
2.395	-1.1403928567519244	0.18792535981256278
2.405	-1.1643031238225205	0.1932714121016029
2.415	-1.1882213843674807	0.17793056640261817
2.425	-1.2121434610098376	0.18432258544386182
2.435	-1.2360651716256146	0.1759548514262338
2.445	-1.2599823297605859	0.1743277920339172
2.455	-1.28389074505557	0.16479787273606308
2.465	-1.3077862236805924	0.1660762765443118
2.475	-1.3316645687782989	0.15852207222284206
2.485	-1.3555215809169425	0.15201383465357582
2.495	-1.379353058553294	0.1538733311019376
2.505	-1.4031547985057862	0.16026535014318125
2.515	-1.4269225964382364	0.1538733311019376
2.525	-1.4506522473544219	0.15236249023764364
2.535	-1.4743395461038367	0.14306500799583474
2.545	-1.4979802878988808	0.14387853769199302
2.555	-1.5215702688437875	0.13899735951504333
2.565	-1.5451052864755315	0.14167038565956339
2.575	-1.5685811403169727	0.139694670683179
2.585	-1.591993632442473	0.13539458514634237
2.595	-1.6153385680562256	0.13028096991334748
2.605	-1.638611756083457	0.12935122168916657
2.615	-1.6618090097747904	0.12935122168916657
2.625	-1.6849261473238584	0.12609710290453346
2.635	-1.7079589924983993	0.1252835732083752
2.645	-1.7309033752849756	0.12133214325560639
2.655	-1.7537551325474312	0.12261054706385512
2.665	-1.7765101086992694	0.1253997917363978
2.675	-1.7991641563900072	0.11900777269515415
2.685	-1.8217131372056339	0.11772936888690544
2.695	-1.8441529223832402	0.11308062776600097
2.705	-1.866479393539896	0.10680482725277995
2.715	-1.8886884434158167	0.11505634274238537
2.725	-1.9107759766318573	0.10238852318792072
2.735	-1.9327379104613245	0.10866432370114174
2.745	-1.9545701756161593	0.10657239019673473
2.755	-1.9762687170474207	0.09692625237085797
2.765	-1.9978294947600665	0.10052902673955894
2.775	-2.0192484846419703	0.09425322622633792
2.785	-2.040521679307105	0.09855331176317454
2.795	-2.0616450889528166	0.09704247089888059
2.805	-2.082614742231092	0.09262616683402135
2.815	-2.1034266871336644	0.08983692216147868
2.825	-2.12407699189087	0.09146398155379523
2.835	-2.144561745884069	0.0839097772323255
2.845	-2.1648770605714676	0.08983692216147868
2.855	-2.185019070427155	0.08913961099334301
2.865	-2.204983933893146	0.08239893636803154
2.875	-2.2247678343441937	0.08123675108780543
2.885	-2.2443669810651716	0.08053943991966976
2.895	-2.263777610240704	0.07193926884599651
2.905	-2.2829959859568243	0.07740153966305925
2.915	-2.302018401214334	0.08019078433560192
2.925	-2.320841178953563	0.07228792443006435
2.935	-2.339460673090217	0.07252036148610956
2.945	-2.357873269561937	0.07170683178995128
2.955	-2.376075387385234	0.07403120235040352
2.965	-2.394063479722412	0.06996355386961212
2.975	-2.411834034958086	0.07472851351853918
2.985	-2.4293835777848845	0.0657796868607981
2.995	-2.446708670297909	0.07007977239763473
3.005	-2.4638059130974916	0.07159061326192867
3.015	-2.4806719463998386	0.06089850868384842
3.025	-2.4973034511550116	0.06636077950091115
3.035	-2.513697150171838	0.0647337201085946
3.045	-2.529849809249177	0.06531481274870765
3.055	-2.5457582383130575	0.062293131020119755
3.065	-2.5614192925591537	0.05799304548328313
3.075	-2.576829873600033	0.06740674625311466
3.085	-2.591986930616623	0.06089850868384842
3.095	-2.606887461513331	0.058225482539328355
3.105	-2.62152851407619	0.05729573431514746
3.115	-2.635907187133489	0.06089850868384842
3.125	-2.650020631718218	0.05729573431514746
3.135	-2.6638660522317172	0.061014727211871025
3.145	-2.506805047829468	0.0668256536130016
3.155	-2.5311020082472835	0.06926624270147644
3.165	-2.555122889649195	0.0668256536130016
3.175	-2.578865121548063	0.0626417866041876
3.185	-2.6023261926387304	0.0627580051322102
3.195	-2.625503651955105	0.05578489345085351
3.205	-2.6483951100237615	0.05996876045966752
3.215	-2.670998240013325	0.05938766781955447
3.225	-2.693310778878943	0.05636598609096657
3.235	-2.7153305285010836	0.05520380081074045
3.245	-2.7370553568179727	0.06066607162780319
3.255	-2.758483198950881	0.05427405258655956
3.265	-2.779612058321547	0.05543623786678568
3.275	-2.8004400077609515	0.05322808583435606
3.285	-2.8209651906087134	0.053460522890401284
3.295	-2.8411858218023145	0.04474413328870542
3.305	-2.861100188955408	0.04509278887277326
3.315	-2.8807066534244106	0.05113615232994905
3.325	-2.9000036513626233	0.04799825207333854
3.335	-2.918989694761083	0.047184722377180265
3.345	-2.9376633724753822	0.04613875562497676
3.355	-2.9560233512376533	0.05043884116181338
3.365	-2.9740683766529354	0.04288463684034364
3.375	-2.99179727417914	0.04474413328870542
3.385	-3.0092089500898456	0.04381438506452453
3.395	-3.026302392419097	0.039862955111755735
3.405	-3.0430766718874542	0.03904942541559746
3.415	-3.059530942808505	0.04602253709695415
3.425	-3.075664443975033	0.03974673658373313
3.435	-3.0914764995241106	0.044279259176614974
3.445	-3.1069665197802867	0.041838670088140135
3.455	-3.122134002076139	0.0395142995276879
3.465	-3.136978531549393	0.04009539216780096
3.475	-3.1514997819158816	0.03695749191119045
3.485	-3.1656975162175467	0.03521421399085128
3.495	-3.1795715875447654	0.0374223660232809
3.505	-3.1931219397322352	0.03626018074305478
3.515	-3.206348608027704	0.035562869574919116
3.525	-3.2192517197327835	0.0374223660232809
3.535	-3.231831494815175	0.033935810182602555
3.545	-3.244088246491541	0.032657406374353826
3.555	-3.25602238178036	0.03509799546282867
3.565	-3.267634402024067	0.032657406374353826
3.575	-3.278924903379791	0.03405202871062517
3.585	-3.289894577278017	0.03219253226226338
3.595	-3.3005442108485425	0.03347093607051211
3.605	-3.3108746873130412	0.02975194317378854
3.615	-3.3208869863436457	0.03254118784633121
3.625	-3.3305821843869112	0.03347093607051211
3.635	-3.3399614549525456	0.03219253226226338
3.645	-3.3490260688663396	0.028705976421585035
3.655	-3.357777394486706	0.02998438022983376
3.665	-3.36621689788429	0.030681691397969432
3.675	-3.374346142984077	0.03381959165457994
3.685	-3.382166791669506	0.02905463200565287
3.695	-3.3896806038480545	0.033238499014466884
3.705	-3.3968894374778174	0.03056547286994682
3.715	-3.4037952485546143	0.02742757261333631
3.725	-3.4104000910591536	0.031146565510059877
3.735	-3.416706116863816	0.03056547286994682
3.745	-3.4227155755986813	0.031960095206218155
3.755	-3.4284308144763496	0.031146565510059877
3.765	-2.922753093859792	0.04637119268102198
3.775	-3.6073511147927797	0.023243705604522297
3.785	-3.5968106947906304	0.02649782438915542
3.795	-3.5859864146417655	0.02510320205288408
3.805	-3.5748811053774414	0.02591673174904236
3.815	-3.563497693676104	0.02603295027706497
3.825	-3.5518392013906173	0.02196530179627357
3.835	-3.539908745031957	0.02742757261333631
3.845	-3.527709535209099	0.025335639108929303
3.855	-3.5152448760249566	0.02986816170181115
3.865	-3.502518164428227	0.02975194317378854
3.875	-3.489532889520989	0.023941016772657964
3.885	-3.476292631821985	0.02998438022983376
3.895	-3.4628010624854726	0.02649782438915542
3.905	-3.449061942475642	0.026149168805087584
3.915	-3.4350791216964955	0.03126278403808249
3.925	-3.420856538077276	0.02824110230949459
3.935	-3.4063982166134075	0.03254118784633121
3.945	-3.391708268363004	0.033935810182602555
3.955	-3.376790889399053	0.031146565510059877
3.965	-3.3616503597173333	0.03207631373424077
3.975	-3.346291042100222	0.030216817285878987
3.985	-3.3307173809365427	0.03474933987876083
3.995	-3.3149339009976253	0.03428446576667039
4.005	-3.2989452061697735	0.03347093607051211
4.015	-3.282755978143406	0.03567908810294172
4.025	-3.2663709750591106	0.033935810182602555
4.035	-3.2497950301108824	0.0333547175424895
4.045	-3.233033050106899	0.03451690282271561
4.055	-3.2160900139881283	0.037073710439213065
4.065	-3.198970971305168	0.034865558406783445
4.075	-3.1816810406537055	0.038003458663393955
4.085	-3.164225408068996	0.03463312135073822
4.095	-3.1466093253798215	0.033238499014466884
4.105	-3.1288381085224093	0.03765480307932612
4.115	-3.11091713581481	0.04172245156011752
4.125	-3.092851846192219	0.037073710439213065
4.135	-3.074647737403865	0.03858455130350701
4.145	-3.0563103641719644	0.041141358920004464
4.155	-3.037845336313416	0.040560266279891406
4.165	-3.019258316824814	0.03777102160734873
4.175	-3.0005550199314506	0.03974673658373313
4.185	-2.9817412091009854	0.0435819480084793
4.195	-2.9628226950224885	0.03997917363977835
4.205	-2.9438053335515995	0.04218732567220797
4.215	-2.9246950236225033	0.04486035181672803
4.225	-2.9054977051275683	0.04706850384915765
4.235	-2.8862193567653995	0.04939287440960988
4.245	-2.866865993858152	0.045906318568931535
4.255	-2.847443666138932	0.04788203354531593
4.265	-2.8279584555101906	0.04927665588158727
4.275	-2.8084164737739545	0.04869556324147421
4.285	-2.7888238603348574	0.049973967049722935
4.295	-2.769186779876866	0.053460522890401284
4.305	-2.749511420014685	0.054390271114582174
4.315	-2.7298039889208026	0.05276321172226561
4.325	-2.7100707129291983	0.056249767562943954
4.335	-2.6903178341166756	0.06217691249209714
4.345	-2.6705516078629348	0.05810926401130574
4.355	-2.6507783003903818	0.06020119751571275
4.365	-2.6310041862847577	0.0556686749228309
4.375	-2.611235545997711	0.0668256536130016
4.385	-2.591478663332377	0.0626417866041876
4.395	-2.571739822913136	0.061014727211871025
4.405	-2.552025307640649	0.06926624270147644
4.415	-2.532341396133373	0.06450128305254937
4.425	-2.5126943601566754	0.06915002417345384
4.435	-2.493090462040791	0.06938246122949905
4.445	-2.4735359520887865	0.06915002417345384
4.455	-2.4540370659757604	0.07019599092565734
4.465	-2.434600022140482	0.07170683178995128
4.475	-2.41523101917076	0.08077187697571499
4.485	-2.39593623318373	0.0840259957603481
4.495	-2.3767218152023712	0.0790285990553758
4.505	-2.3575938885294763	0.07879616199933058
4.515	-2.3385585461204066	0.07856372494328537
4.525	-2.3196218479558715	0.08658280337684555
4.535	-2.3007898184160736	0.08414221428837071
4.545	-2.2820684436574754	0.0810043140317602
4.555	-2.263463668993534	0.08030700286362454
4.565	-2.244981396280714	0.087047677488936
4.575	-2.226627481311085	0.08588549220870989
4.585	-2.2084077312128407	0.0900693592175239
4.595	-2.1903279018600514	0.10134255643571721
4.605	-2.17239369529302	0.09750734501097104
4.615	-2.1546107571505297	0.09704247089888059
4.625	-2.136984674115339	0.09762356353899365
4.635	-2.119520971374267	0.10087768232362676
4.645	-2.102225110094185	0.09890196734724237
4.655	-2.0851024849152657	0.10099390085164937
4.665	-2.06815842146282	0.10482911227639556
4.675	-2.0513981738790283	0.1083156681170739
4.685	-2.0348269223759328	0.10610751608464429
4.695	-2.018449770810978	0.10947785339730001
4.705	-2.0022717442864404	0.10761835694893823
4.715	-1.9862977867740388	0.1114535683736844
4.725	-1.970532758766052	0.10878054222916435
4.735	-1.9549814349542363	0.11459146863029492
4.745	-1.939648501937816	0.11831046152701849
4.755	-1.9245385559618589	0.11691583919074715
4.765	-1.9096561006872785	0.11854289858306372
4.775	-1.8950055449937608	0.11819424299899588
4.785	-1.8805912008168226	0.12493491762430735
4.795	-1.8664172810202897	0.12900256610509875
4.805	-1.852487897305376	0.12784038082487262
4.815	-1.8388070581576135	0.13016475138532485
4.825	-1.8253786668328227	0.12714306965673697
4.835	-1.812206519383281	0.13109449960950575
4.845	-1.7992943027253172	0.13225668488973186
4.855	-1.7866455927494178	0.12691063260069174
4.865	-1.774263852474043	0.13737030012272677
4.875	-1.7621524302442224	0.1365567704265685
4.885	-1.750314557976064	0.13632433337052327
4.895	-1.7387533494482492	0.14504072297221912
4.905	-1.7274717986415558	0.1386487039309755
4.915	-1.7164727781274944	0.13737030012272677
4.925	-1.70575903750702	0.14062441890735988
4.935	-1.6953332019003762	0.14399475622001562
4.945	-1.6851977704890104	0.14724887500464875
4.955	-1.6753551151105248	0.1458542526683774
4.965	-1.6658074789075803	0.1415541671315408
4.975	-1.656556975031691	0.14864349734092008
4.985	-1.6476055854027607	0.15027055673323664
4.995	-1.6389551595252145	0.15305980140577932
5.005	-1.6306074133615696	0.14922458998103313
5.015	-1.6225639282642492	0.153757112573915
5.025	-1.6148261499663874	0.15561660902227678
5.035	-1.60739538763242	0.15608148313436723
5.045	-1.600272812969121	0.1630545948157239
5.055	-1.5934594593978126	0.16363568745583698
5.065	-1.5869562212884156	0.15131652348544014
5.075	-1.580763853255943	0.14620290825244525
5.085	-1.5748829695200541	0.16747089888058314
5.095	-1.5693140433282333	0.1538733311019376
5.105	-1.56405740644313	0.1639843430399048
5.115	-1.559113248694596	0.1630545948157239
5.125	-1.5544816175968317	0.16026535014318125
5.135	-1.5501624180311546	0.15898694633493252
5.145	-1.5461554119947494	0.1630545948157239
5.155	-1.5424602184158052	0.1629383762877013
5.165	-1.5390763130353728	0.16386812451188218
5.175	-1.5360030283562398	0.1658438394882666
5.185	-1.533239553659127	0.167819554464651
5.195	-1.5307849350864264	0.16537896537617613
5.205	-1.5286380757936813	0.1679357729926736
5.215	-1.526797736169021	0.1667735877124475
5.225	-1.5252625341206236	0.1658438394882666
5.235	-1.5240309454323624	0.17130611030532933
5.245	-1.5231013041876884	0.16154375395142997
5.255	-1.5224718032617546	0.1599166945591134
5.265	-1.5221404948818034	0.1650303097921083
5.275	-1.5221052912557895	0.16723846182453792
5.285	-1.5223639652690981	0.15666257577448028
5.295	-1.5229141512493323	0.1730493882256685
5.305	-1.52375334579895	0.1680519915206962
5.315	-1.524878908695595	0.16351946892781435
5.325	-1.5262880638598981	0.1680519915206962
5.335	-1.5279779003905012	0.15677879430250288
5.345	-1.529945373665981	0.1629383762877013
5.355	-1.532187306513361	0.15828963516679684
5.365	-1.534700390442878	0.1559652646063446
5.375	-1.5374811869485088	0.16073022425527167
5.385	-1.5405261288739391	0.17363048086578156
5.395	-1.543831521843413	0.15840585369481944
5.405	-1.5473935457569648	0.1506192123173045
5.415	-1.5512082563495393	0.16038156867120384
5.425	-1.5552715868133706	0.169911487969058
5.435	-1.5595793494830232	0.16340325039979176
5.445	-1.564127237582427	0.15294358287775672
5.455	-1.5689108270332797	0.15445442374205065
5.465	-1.5739255783239996	0.16026535014318125
5.475	-1.5791668384385849	0.1599166945591134
5.485	-1.5846298428445205	0.1559652646063446
5.495	-1.5903097175389111	0.1599166945591134
5.505	-1.5962014811520455	0.15608148313436723
5.515	-1.6023000471074575	0.1448082859161739
5.525	-1.6086002258375762	0.15259492729368887
5.535	-1.6150967270540093	0.15561660902227678
5.545	-1.6217841620715148	0.14817862322882963
5.555	-1.6286570461845988	0.14701643794860353
5.565	-1.635709801095716	0.14597047119640003
5.575	-1.6429367573940374	0.15364089404589237
5.585	-1.6503321570836105	0.1446920673881513
5.595	-1.6578901561598332	0.14550559708430957
5.605	-1.6656048272330808	0.1424839153557217
5.615	-1.673470162198272	0.14132173007549556
5.625	-1.681480074949159	0.14294878946781212
5.635	-1.6896284041361458	0.14655156383651308
5.645	-1.697908915966303	0.1457380341403548
5.655	-1.7063153070443158	0.14004332626724683
5.665	-1.7148412072530728	0.137602737178772
5.675	-1.7234801826724886	0.13574324073041022
5.685	-1.7322257385352549	0.13632433337052327
5.695	-1.74107132221808	0.13748651865074937
5.705	-1.7500103262670683	0.13423239986611626
5.715	-1.7590360914557128	0.13028096991334748
5.725	-1.7681419098741529	0.13028096991334748
5.735	-1.7773210280481342	0.13086206255346053
5.745	-1.7865666500862158	0.12877012904905352
5.755	-1.7958719408537327	0.13144315519357358
5.765	-1.8052300291719277	0.12063483208747072
5.775	-1.8146340110407553	0.12400516940012646
5.785	-1.8240769528837593	0.123540295288036
5.795	-1.833551894813487	0.12923500316114397
5.805	-1.8430518539157783	0.11726449477481499
5.815	-1.8525698275514115	0.1163347465506341
5.825	-1.8620987966733882	0.11261575365391052
5.835	-1.8716317291583129	0.11203466101379747
5.845	-1.8811615831501725	0.11598609096656626
5.855	-1.890681310414845	0.11621852802261148
5.865	-1.9001838597037448	0.11017516456543569
5.875	-1.9096621801248674	0.10901297928520957
5.885	-1.9191092245195756	0.10436423816430511
5.895	-1.928517952843428	0.10575886050057645
5.905	-1.9378813355494118	0.11087247573357135
5.915	-1.947192356971776	0.10901297928520957
5.925	-1.9564440187088705	0.10413180110825988
5.935	-1.9656293430032474	0.10587507902859906
5.945	-1.974741376117259	0.10517776786046339
5.955	-1.983773191702547	0.1012263379076946
5.965	-1.9927178941616432	0.10657239019673473
5.975	-2.0015686219999838	0.09866953029119716
5.985	-2.010318551166637	0.09971549704340066
5.995	-2.0189608983820575	0.10320205288407899
6.005	-2.027488924451122	0.10134255643571721
6.015	-2.0358959375597774	0.09541541150656403
6.025	-2.0441752965536297	0.09843709323515193
6.035	-2.052320414196711	0.09657759678679015
6.045	-2.0603247604088373	0.08937204804938823
6.055	-2.0681818654798287	0.09181263713786307
6.065	-2.075885323258933	0.09797221912306148
6.075	-2.083428794317809	0.09158020008181784
6.085	-2.09080600908544	0.0930910409461118
6.095	-2.098010770953314	0.09297482241808919
6.105	-2.1050369593492686	0.0879774257131169
6.115	-2.1118785327784106	0.08948826657741084
6.125	-2.1185295318294806	0.09146398155379523
6.135	-2.124984082145124	0.09529919297854142
6.145	-2.131236397354475	0.08751255160102644
6.155	-2.1372807819665454	0.08867473688125256
6.165	-2.1431116342228504	0.08472330692848377
6.175	-2.148723448907801	0.08414221428837071
6.185	-2.154110820115353	0.09227751124995352
6.195	-2.159268443970447	0.08844229982520734
6.205	-2.164191121303803	0.09320725947413441
6.215	-2.1688737602786214	0.08762877012904906
6.225	-2.1733113789678296	0.09169641860984046
6.235	-2.177499107880432	0.08274759195209938
6.245	-2.181432192435685	0.0869314589609134
6.255	-2.1851059953836867	0.08483952545650639
6.265	-2.1885159991711536	0.08937204804938823
6.275	-2.191657808251032	0.08379355870430288
6.285	-2.194527151334769	0.082863810480122
6.295	-2.1971198835859598	0.08298002900814459
6.305	-2.1994319887541947	0.0810043140317602
6.315	-2.2014595812479714	0.08855851835322995
6.325	-2.2031989081454886	0.0799583472795567
6.335	-2.204646351142258	0.084955743984529
6.345	-2.205798428434429	0.08576927368068728
6.355	-2.2066517965368244	0.0850719625125516
6.365	-2.207203252034626	0.09123154449775002
6.375	-2.207449733267791	0.0820502807839637
6.385	-2.20738832194722	0.08135296961582804
6.395	-2.2070162447017747	0.0860017107367325
6.405	-2.2063308745552894	0.0790285990553758
6.415	-2.2053297323327206	0.084955743984529
6.425	-2.204010487994644	0.0840259957603481
6.435	-2.2023709618993292	0.08635036632080033
6.445	-2.200409125991662	0.08844229982520734
6.455	-2.1981231049182264	0.0840259957603481
6.465	-2.1955111770678926	0.08460708840046116
6.475	-2.1925717755372918	0.0871638960169586
6.485	-2.189303489020602	0.08774498865707167
6.495	-2.1857050626231063	0.08681524043289078
6.505	-2.1817753985980213	0.0871638960169586
6.515	-2.177513557006142	0.0839097772323255
6.525	-2.1729187562978725	0.09065045185763695
6.535	-2.1679903738172657	0.0871638960169586
6.545	-2.1627279462277387	0.0890233924653204
6.555	-2.157131169859147	0.08972070363345606
6.565	-2.1511999009759757	0.08658280337684555
6.575	-2.144934155966417	0.09529919297854142
6.585	-2.138334111452158	0.08437465134441594
6.595	-2.131400104318744	0.087047677488936
6.605	-2.1241326316664217	0.0869314589609134
6.615	-2.1165323506814087	0.08518818104057421
6.625	-2.108600078427564	0.07937725463944365
6.635	-2.1003367915585107	0.0951829744505188
6.645	-2.0917436259502615	0.09274238536204396
6.655	-2.082821876254461	0.09402078917029269
6.665	-2.0735729953724142	0.09599650414667708
6.675	-2.0639985938500605	0.09495053739447358
6.685	-2.0541004391941717	0.09959927851537805
6.695	-2.043880455110013	0.09448566328238314
6.705	-2.0333407206608154	0.09681003384283536
6.715	-2.0224834693493774	0.09239372977797612
6.725	-2.011311088122259	0.10401558258023727
6.735	-1.9998261162969297	0.10285339730001117
6.745	-1.988031244412424	0.10273717877198855
6.755	-1.9759293130039755	0.10378314552419206
6.765	-1.9635233113022101	0.10262096024396594
6.775	-1.9508163758574997	0.105293986388486
6.785	-1.9378117890901139	0.10889676075718696
6.795	-1.924512977766848	0.10076146379560416
6.805	-1.9109235114048242	0.1042480196362825
6.815	-1.8970471006032872	0.10843188664509651
6.825	-1.8828875953041038	0.10878054222916435
6.835	-1.8684489829818423	0.11494012421436275
6.845	-1.8537353867643311	0.1194726468072446
6.855	-1.8387510634845228	0.12098348767153855
6.865	-1.8235004016646876	0.11796180594295065
6.875	-1.8079879194338515	0.11854289858306372
6.885	-1.792218262379548	0.12261054706385512
6.895	-1.776196201334861	0.12191323589571945
6.905	-1.7599266301019267	0.1294674402171892
6.915	-1.7434145631129507	0.12702685112871434
6.925	-1.7266651330298828	0.13202424783368663
6.935	-1.709683588283996	0.12191323589571945
6.945	-1.6924752905565015	0.12598088437651084
6.955	-1.6750457122015225	0.135510803674365
6.965	-1.6574004336126302	0.13957845215515638
6.975	-1.6395451405343078	0.13992710773922423
6.985	-1.6214856213196396	0.14120551154747296
6.995	-1.6032277641356165	0.14329744505187997
7.005	-1.5847775541174052	0.14097307449142774
7.015	-1.5661410704730558	0.1407406374353825
7.025	-1.5473244835400666	0.1498056826211462
7.035	-1.0604458910652508	0.2478941202722303
7.045	-1.0407657081457666	0.23464520807765257
7.055	-1.020924449601212	0.25486723195358696
7.065	-1.7555355622751152	0.11505634274238537
7.075	-1.739784041110656	0.1194726468072446
7.085	-1.723891181877486	0.12109970619956116
7.095	-1.7078637066735982	0.13330265164193536
7.105	-1.691708403627198	0.13074584402543793
7.115	-1.6754321235889664	0.13330265164193536
7.125	-1.659041776791887	0.12016995797538027
7.135	-1.6425443294803581	0.1273755067127822
7.145	-1.6259468005102733	0.13144315519357358
7.155	-1.6092562579217555	0.1326053404737997
7.165	-1.5924798154863238	0.1345810554501841
7.175	-1.5756246292302092	0.13632433337052327
7.185	-1.558697893935546	0.1387649224589981
7.195	-1.5417068396212685	0.14387853769199302
7.205	-1.5246587280054513	0.1448082859161739
7.215	-1.5075608489508603	0.1456218156123322
7.225	-1.4904205168955684	0.1466677823645357
7.235	-1.473245067270397	0.14724887500464875
7.245	-1.4560418529050128	0.15294358287775672
7.255	-1.4388182404244607	0.15538417196623155
7.265	-1.4215816066380398	0.15828963516679684
7.275	-1.4043393349222673	0.1639843430399048
7.285	-1.3870988115997709	0.15526795343820893
7.295	-1.3698674223160079	0.16363568745583698
7.305	-1.3526525484155456	0.1661924950723344
7.315	-1.335461563319827	0.16979526944103537
7.325	-1.318301828908202	0.1690979582728997
7.335	-1.3011806919040732	0.1651465283201309
7.345	-1.2841054802679503	0.172003421473465
7.355	-1.2670834995993225	0.17676838112239207
7.365	-1.2501220295490838	0.18920376362081148
7.375	-1.2332283202443373	0.18188199635538696
7.385	-1.2164095887274524	0.17979006285097995
7.395	-1.1996730154110833	0.18687939306035928
7.405	-1.18302574055101	0.1873442671724497
7.415	-1.166474860738564	0.19350384915764812
7.425	-1.1500274254143794	0.18560098925211055
7.435	-1.1336904334052842	0.19478225296589685
7.445	-1.1174708294860296	0.19896611997471086
7.455	-1.101375500967644	0.2012904905351631
7.465	-1.0854112743140565	0.1985012458626204
7.475	-1.069584911788795	0.20710141693629366
7.485	-1.0539031081333503	0.21116906541708508
7.495	-1.0383724872789477	0.2066365428242032
7.505	-1.0229995990933638	0.21709621034623824
7.515	-1.0077909161643872	0.21605024359403474
7.525	-0.9927528306216024	0.2116339395291755
7.535	-0.9778916509980535	0.22418554055561754
7.545	-0.9632135991333508	0.2297640299007029
7.555	-0.9487248071198199	0.22604503700397932
7.565	-0.9344313142931939	0.22860184462047678
7.575	-0.9203390642693345	0.22499907025177582
7.585	-0.9064539020285176	0.23522630071776565
7.595	-0.8927815710487008	0.2418507568150545
7.605	-0.8793277104892011	0.24812655732827552
7.615	-0.8660978524262167	0.2417345382870319
7.625	-0.8530974191415525	0.2553321060656774
7.635	-0.8403317204658736	0.24568596823980068
7.645	-0.8278059511778575	0.26288631038714716
7.655	-0.8155251884605027	0.25068336494477295
7.665	-0.8034943894158348	0.2631187474431924
7.675	-0.7917183886392929	0.25695916545799397
7.685	-0.7802018958549394	0.26881345531630035
7.695	-0.7689494936126965	0.26497824389155417
7.705	-0.7579656350487095	0.26590799211573507
7.715	-0.7472546417099617	0.2748568187734762
7.725	-0.7368207014442032	0.2704405147086169
7.735	-0.7266678663561883	0.28485161218342075
7.745	-0.716800050831282	0.28334077131912677
7.755	-0.7072210296273194	0.27985421547844846
7.765	-0.6979344360357119	0.283573208375172
7.775	-0.6889437601126348	0.2905463200565287
7.785	-0.6802523469811781	0.28124883781471977
7.795	-0.6718633952052544	0.28926791624827997
7.805	-0.6637799552360489	0.2954274982334784
7.815	-0.656004927931759	0.29496262412138796
7.825	-0.648541063151282	0.30751422514783
7.835	-0.6413909584225719	0.29391665736918443
7.845	-0.6345570576862227	0.2964734649856819
7.855	-0.6280416501149049	0.30635203986760384
7.865	-0.6218468690091811	0.30286548402692554
7.875	-0.6159746907701914	0.30426010636319684
7.885	-0.6104269339496886	0.3148359924132545
7.895	-0.6052052583778282	0.30402766930715164
7.905	-0.600311164369109	0.30763044367585257
7.915	-0.5957459920067842	0.31355758860500577
7.925	-0.5915109205060618	0.32215775967867905
7.935	-0.5876069676563358	0.31053590687641786
7.945	-0.5840349893426706	0.31262784038082486
7.955	-0.5807956791467235	0.3169279259176615
7.965	-0.5778895680272174	0.3199496076462494
7.975	-0.5753170240800762	0.3169279259176615
7.985	-0.5730782523782633	0.3205307002863625
7.995	-0.5711732948913423	0.3163468332775485
8.005	-0.5696020304847119	0.32924708988805834
8.015	-0.56836417499847	0.3232037264308825
8.025	-0.5674592814057586	0.313790025661051
8.035	-0.5668867400504753	0.3258767525754026
8.045	-0.5666457789641177	0.3201820447022946
8.055	-0.5667354642615536	0.32029826323031724
8.065	-0.5671547006154238	0.32982818252817137
8.075	-0.5679022318088696	0.3190198594220685
8.085	-0.5689766413662244	0.3239010375990182
8.095	-0.5703763532612749	0.3155333035813902
8.105	-0.5720996327026541	0.313790025661051
8.115	-0.5741445869958889	0.31646305180557105
8.125	-0.5765091664816	0.3220415411506564
8.135	-0.579191165549282	0.31437111830116404
8.145	-0.582188223726082	0.3113494365725762
8.155	-0.5854978268399587	0.3057709472274908
8.165	-0.5891173082565312	0.3148359924132545
8.175	-0.5930438501889334	0.3014708616906542
8.185	-0.5972744850799263	0.3000762393543828
8.195	-0.6018060970554867	0.29484640559336533
8.205	-0.6066354234490724	0.3025168284428577
8.215	-0.611759056395696	0.3092575030681692
8.225	-0.6171734444949531	0.2956599352895236
8.235	-0.6228748945420501	0.30205195433076726
8.245	-0.6288595733259221	0.30646825839562647
8.255	-0.6351235094934256	0.29496262412138796
8.265	-0.6416625954785955	0.29391665736918443
8.275	-0.6484725894959374	0.2906625385845513
8.285	-0.655549117596646	0.30298170255494816
8.295	-0.6628876757866652	0.30019245788240545
8.305	-0.6704836322054244	0.2908949756405965
8.315	-0.6783322293641085	0.2885706050801443
8.325	-0.686428586442238	0.28903547919223477
8.335	-0.6947677016413351	0.2944977500092975
8.345	-0.7033444545944489	0.2903138830004835
8.355	-0.7121536088302185	0.27450816318940835
8.365	-0.7211898142901931	0.2760190040537023
8.375	-0.7304476098980659	0.27973799695042584
8.385	-0.7399214261794766	0.28299211573505895
8.395	-0.7496055879309877	0.2750892558295214
8.405	-0.7594943169368344	0.2681161441481647
8.415	-0.7695817347320419	0.2663728662278255
8.425	-0.7798618654104224	0.2683485812042099
8.435	-0.7903286384760388	0.27392707054929527
8.445	-0.8009758917366013	0.25986462865855925
8.455	-0.8117973742373149	0.26974320354048126
8.465	-0.8227867492336443	0.2568429469299714
8.475	-0.8339375972014753	0.25788891368217487
8.485	-0.8452434188830866	0.2610268139387854
8.495	-0.8566976383673776	0.2477779017442077
8.505	-0.868293606202774	0.2448724385436424
8.515	-0.8800246025411687	0.2530077355052252
8.525	-0.8918838403113718	0.24115344564691882
8.535	-0.9038644684203193	0.2488238684964112
8.545	-0.9159595749805307	0.23255327457324557
8.555	-0.928162190562083	0.2359236118859013
8.565	-0.9404652914674785	0.23545873777381088
8.575	-0.9528618030277575	0.2338316783814943
8.585	-0.9653446029181524	0.23545873777381088
8.595	-0.9779065244916143	0.22941537431663506
8.605	-0.9905403601285642	0.2369695786381048
8.615	-1.003238864601145	0.2287180631484994
8.625	-1.0159947584502653	0.23499386366172043
8.635	-1.028800731373814	0.22743965934025068
8.645	-1.0416494456242766	0.22093142177098443
8.655	-1.0545335394140891	0.22755587786827328
8.665	-1.0674456303270463	0.21790974004239652
8.675	-1.080378318734039	0.21407452861765036
8.685	-1.093324191211431	0.21453940272974079
8.695	-1.1062758239604218	0.20675276135222584
8.705	-1.1192257862256731	0.198617464390643
8.715	-1.1321666437114883	0.2165151177061252
8.725	-1.145090961993962	0.20314998698352488
8.735	-1.1579913099273216	0.20419595373572838
8.745	-1.1708602630428715	0.1964093123582134
8.755	-1.1836904069388434	0.19199300829335417
8.765	-1.1964743406595253	0.1842063669158392
8.775	-1.209204680062043	0.2034986425675927
8.785	-1.221874061169123	0.19559578266205513
8.795	-1.2344751435062769	0.18955241920487934
8.805	-1.247000613421748	0.1862983004202462
8.815	-1.2594431873877088	0.18257930752352264
8.825	-1.2717956152810383	0.19478225296589685
8.835	-1.2840506836422028	0.1852523336680427
8.845	-1.2962012189106191	0.1822306519394548
8.855	-1.308240090635073	0.18804157834058538
8.865	-1.3201602146575642	0.1904821674290602
8.875	-1.3319545562691641	0.1792089702108669
8.885	-1.3436161333363965	0.17339804380973634
8.895	-1.3551380193966476	0.17514132173007552
8.905	-1.3665133467212438	0.17897653315482168
8.915	-1.3777353093447076	0.17177098441741978
8.925	-1.388797166058843	0.1709574547212615
8.935	-1.3996922433702452	0.1831604001636357
8.945	-1.4104139384199792	0.1670060247684927
8.955	-1.4209557218639361	0.1667735877124475
8.965	-1.4313111407127515	0.1658438394882666
8.975	-1.4414738211298803	0.16979526944103537
8.985	-1.451437471186635	0.1781630034586634
8.995	-1.4611958835729637	0.15852207222284206
9.005	-1.47074293826276	0.1690979582728997
9.015	-1.480072605132519	0.16956283238499015
9.025	-1.4891789465322414	0.1639843430399048
9.035	-1.4980561198074618	0.16654115065640226
9.045	-1.5066983797712459	0.16712224329651532
9.055	-1.5151000811252324	0.15735988694261593
9.065	-1.5232556808285782	0.1568950128305255
9.075	-1.5311597404138677	0.1651465283201309
9.085	-1.5388069282490255	0.15817341663877424
9.095	-1.5461920217442673	0.16212484659154303
9.105	-1.5533099095032292	0.15340845698984715
9.115	-1.5601555934173559	0.14945702703707836
9.125	-1.5667241907027867	0.15468686079809588
9.135	-1.5730109358788367	0.15329223846182455
9.145	-1.5790111826873812	0.1500381196771914
9.155	-1.5847204059523896	0.15329223846182455
9.165	-1.5901342033788706	0.16224106511956563
9.175	-1.5952482972905921	0.15189761612555322
9.185	-1.60005853630593	0.16026535014318125
9.195	-1.6045608969512444	0.1517813975975306
9.205	-1.608751485211207	0.15259492729368887
9.215	-Inf	0.0
9.225	-Inf	0.0
9.235	-Inf	0.0
9.245	-Inf	0.0
9.255	-Inf	0.0
9.265	-Inf	0.0
9.275	-Inf	0.0
9.285	-Inf	0.0
9.295	-Inf	0.0
9.305	-Inf	0.0
9.315	-Inf	0.0
9.325	-Inf	0.0
9.335	-Inf	0.0
9.345	-Inf	0.0
9.355	-Inf	0.0
9.365	-Inf	0.0
9.375	-Inf	0.0
9.385	-Inf	0.0
9.395	-Inf	0.0
9.405	-Inf	0.0
9.415	-Inf	0.0
9.425	-Inf	0.0
9.435	-Inf	0.0
9.445	-Inf	0.0
9.455	-Inf	0.0
9.465	-Inf	0.0
9.475	-Inf	0.0
9.485	-Inf	0.0
9.495	-Inf	0.0
9.505	-Inf	0.0
9.515	-Inf	0.0
9.525	-Inf	0.0
9.535	-Inf	0.0
9.545	-Inf	0.0
9.555	-Inf	0.0
9.565	-Inf	0.0
9.575	-Inf	0.0
9.585	-Inf	0.0
9.595	-Inf	0.0
9.605	-Inf	0.0
9.615	-Inf	0.0
9.625	-Inf	0.0
9.635	-Inf	0.0
9.645	-Inf	0.0
9.655	-Inf	0.0
9.665	-Inf	0.0
9.675	-Inf	0.0
9.685	-Inf	0.0
9.695	-Inf	0.0
9.705	-Inf	0.0
9.715	-Inf	0.0
9.725	-Inf	0.0
9.735	-Inf	0.0
9.745	-Inf	0.0
9.755	-Inf	0.0
9.765	-Inf	0.0
9.775	-Inf	0.0
9.785	-Inf	0.0
9.795	-Inf	0.0
9.805	-Inf	0.0
9.815	-Inf	0.0
9.825	-Inf	0.0
9.835	-Inf	0.0
9.845	-Inf	0.0
9.855	-Inf	0.0
9.865	-Inf	0.0
9.875	-Inf	0.0
9.885	-Inf	0.0
9.895	-Inf	0.0
9.905	-Inf	0.0
9.915	-Inf	0.0
9.925	-Inf	0.0
9.935	-Inf	0.0
9.945	-Inf	0.0
9.955	-Inf	0.0
9.965	-Inf	0.0
9.975	-Inf	0.0
9.985	-Inf	0.0
9.995	-Inf	0.0
