0.005	-Inf	0.0
0.015	-Inf	0.0
0.025	-Inf	0.0
0.035	-Inf	0.0
0.045	-Inf	0.0
0.055	-Inf	0.0
0.065	-Inf	0.0
0.075	-Inf	0.0
0.085	1.6715203654320907	0.677006169945427
0.095	1.6696146641244944	0.6518227192232781
0.105	1.6675592080167796	0.6830341235757285
0.115	1.6653541346213645	0.6526264463739849
0.125	1.6629996467974366	0.6636107174336456
0.135	1.660496012258995	0.657582763803344
0.145	1.6578435630493729	0.6607976724061715
0.155	1.6550426949827588	0.6503492194469821
0.165	1.6520938670532164	0.6764703518449556
0.175	1.6489976008117369	0.6700405346393006
0.185	1.6457544797118866	0.6593241726298756
0.195	1.6423651484245996	0.6494115377711575
0.205	1.6388303121227192	0.6519566737483958
0.215	1.635150735735873	0.6385612212366145
0.225	1.6313272431763126	0.6696386710639471
0.235	1.6273607165363466	0.6680312167625334
0.245	1.6232520952580083	0.6451249929673875
0.255	1.6190023752756368	0.6437854477162093
0.265	1.6146126081320333	0.6559753095019303
0.275	1.6100839000688973	0.677006169945427
0.285	1.6054174110922346	0.6557074004516946
0.295	1.6006143540134705	0.6725856706165391
0.305	1.595675993466979	0.660395808830818
0.315	1.5906036449047882	0.6522245827986315
0.325	1.5853986735692027	0.6629409448080565
0.335	1.5800624934441108	0.6711121708402431
0.345	1.574596566185751	0.6629409448080565
0.355	1.5690024000337204	0.6534301735246918
0.365	1.56328154870302	0.6551715823512234
0.375	1.557435610257933	0.6649502626848237
0.385	1.5514662259685537	0.6350784035835514
0.395	1.5453750791507792	0.635346312633787
0.405	1.5391638939905836	0.6309258133048993
0.415	1.5328344343534204	0.6487417651455684
0.425	1.5263885025795678	0.6341407219077267
0.435	1.5198279382662812	0.6610655814564071
0.445	1.5131546170375787	0.6313276768802527
0.455	1.5063704493025307	0.6504831739721
0.465	1.4994773790028848	0.634676540008198
0.475	1.492477382350906	0.6309258133048993
0.485	1.4853724665582781	0.6211471329712989
0.495	1.4781646685569267	0.6244959960992442
0.505	1.4708560537126398	0.6451249929673875
0.515	1.4634487145323327	0.6073498168841641
0.525	1.4559447693658374	0.6105647254869917
0.535	1.4483463611030647	0.6206113148708277
0.545	1.440655655867417	0.6306579042546636
0.555	1.4328748417062964	0.6113684526376986
0.565	1.4250061272795813	0.5928827281714404
0.575	1.4170517405469227	0.606680044258575
0.585	1.409013927454707	0.6064121352083395
0.595	1.4008949506235477	0.5950260005733253
0.605	1.3926970880371357	0.5900696831439662
0.615	1.3844226317333064	0.5908734102946731
0.625	1.3760738864981388	0.6090912257106957
0.635	1.3676531685639346	0.6027953630301585
0.645	1.3591628043118824	0.5903375921942019
0.655	1.3506051289802383	0.5974371820254459
0.665	1.3419824853788205	0.6089572711855779
0.675	1.33329722261062	0.6172624517428823
0.685	1.3245516948013238	0.6127079978888766
0.695	1.3157482598375274	0.5892659559932594
0.705	1.3068892781144121	0.585247320239725
0.715	1.2979771112936536	0.5934185462719116
0.725	1.2890141210723047	0.6085554076102244
0.735	1.2800026679634093	0.610296816436756
0.745	1.2709451100890599	0.6082874985599889
0.755	1.2618438019866351	0.6088233166604601
0.765	1.2527010934289076	0.5907394557695553
0.775	1.2435193282587296	0.5939543643723828
0.785	1.234300843238964	0.6002502270529201
0.795	1.2250479669183394	0.5939543643723828
0.805	1.2157630185138717	0.5946241369979719
0.815	1.2064483068105003	0.5875245471667279
0.825	1.1971061290785516	0.5912752738700265
0.835	1.1877387700096516	0.5889980469430237
0.845	1.1783485006716692	0.5793533211345412
0.855	1.1689375774832726	0.5922129555458513
0.865	1.1595082412086626	0.6005181361031556
0.875	1.1500627159730188	0.5843096385639003
0.885	1.1406032082991964	0.5861850019155497
0.895	1.1311319061661806	0.5655560050474064
0.905	1.121650978089784	0.5739951401298287
0.915	1.112162572226079	0.5659578686227599
0.925	1.1026688154980047	0.5567150063896308
0.935	1.0931718127456025	0.5472042351062661
0.945	1.0836736459002902	0.5442572355536742
0.955	1.0741763731835856	0.5451949172294989
0.965	1.0646820283306526	0.5379613728731371
0.975	1.0551926198390467	0.5256375565622982
0.985	1.0457101302429936	0.500722014890385
0.995	1.0362365154135285	0.5129118766761059
1.005	1.0267737038848088	0.4881302895293106
1.015	1.0173235962068745	0.4926847433833162
1.025	1.0078880643251333	0.4770120639445321
1.035	0.9984689509868051	0.4750027460677649
1.045	0.9890680691745641	0.4628128842820439
1.055	0.9796872015675692	0.4640184750081042
1.065	0.970328100030081	0.4431215690897254
1.075	0.9609924851278218	0.45089093154655857
1.085	0.9516820456722226	0.4234302538974069
1.095	0.9423984382926877	0.4192776636187547
1.105	0.9331432870369679	0.4472741593683776
1.115	0.9239181829997378	0.44178202383854726
1.125	0.9147246839794276	0.4337447523314785
1.135	0.9055643141633595	0.4274488896509413
1.145	0.8964385638412004	0.43870106976083756
1.155	0.8873488891467409	0.4373615245096594
1.165	0.878296711827973	0.4492834772451448
1.175	0.8692834190454279	0.42691307155047004
1.185	0.860310363198716	0.4439252962404323
1.195	0.851378861781182	0.46817106528675645
1.205	0.8424901972625818	0.436959660934306
1.215	0.8336456169996528	0.43066379825376877
1.225	0.8248463331744436	0.4340126613817141
1.235	0.8160935227602344	0.4389689788110732
1.245	0.8073883275148795	0.4453987960167282
1.255	0.7987318540013633	0.4503551134460873
1.265	0.7901251736353503	0.42945820752770847
1.275	0.7815693227595084	0.4328070706556538
1.285	0.7730653027443235	0.44057643311248695
1.295	0.764614080115157	0.416196709541045
1.305	0.7562165867052374	0.44124620573807605
1.315	0.747873719834278	0.42718098060070564
1.325	0.7395863425124012	0.4324052070803004
1.335	0.731355283669014	0.4388350242859554
1.345	0.7231813384062753	0.4314675254044757
1.355	0.7150652682767793	0.41646461859128064
1.365	0.7070078015850553	0.42195675412111094
1.375	0.6990096337124685	0.43320893423100726
1.385	0.6910714274651051	0.44767602294373104
1.395	0.6831938134441875	0.43642384283383473
1.405	0.6753773904385613	0.43963875143666226
1.415	0.6676227258387899	0.4320033435049469
1.425	0.6599303560723623	0.42570748082440973
1.435	0.652300787059507	0.43227125255518256
1.445	0.6447344946891107	0.4420499328887829
1.455	0.6372319253142013	0.4236981629476425
1.465	0.6297934962664523	0.428386571326766
1.475	0.6224195963891724	0.4254395717741741
1.485	0.6151105865881874	0.44271970551437195
1.495	0.6078668004000596	0.4214209360206397
1.505	0.6006885445770447	0.42718098060070564
1.515	0.5935760996881926	0.43133357087935786
1.525	0.5865297207359725	0.42383211747276034
1.535	0.5795496377878194	0.4234302538974069
1.545	0.5726360566219557	0.4236981629476425
1.555	0.5657891593868676	0.43562011568312786
1.565	0.5590091052737726	0.4565170216015067
1.575	0.5522960312014404	0.43039588920353317
1.585	0.5456500525126989	0.4088292106595653
1.595	0.5390712636819546	0.42597538987464534
1.605	0.532559739033063	0.43535220663289226
1.615	0.5261155334668536	0.41833998194293
1.625	0.5197386831976452	0.4318693889798291
1.635	0.5134292064980404	0.40963293781027216
1.645	0.5071871044513131	0.42878843490211943
1.655	0.5010123617106987	0.42610934439976317
1.665	0.49490494726486933	0.42517166272393847
1.675	0.488864815208902	0.39436212194684145
1.685	0.4828919055200257	0.42168884507087534
1.695	0.47698614483744584	0.42999402562817973
1.705	0.4711474472455215	0.41860789099316564
1.715	0.46537571505961006	0.42476979914858504
1.725	0.4596708396138399	0.39529980362266615
1.735	0.4540327020501189	0.4133836645135709
1.745	0.4484611741076656	0.42168884507087534
1.755	0.44295611891234976	0.42704702607558787
1.765	0.43751739176514304	0.4168664821666341
1.775	0.4321448409289682	0.416196709541045
1.785	0.42683830841324777	0.4320033435049469
1.795	0.42159763075546264	0.4171343912168697
1.805	0.4164226397990133	0.43776338808501286
1.815	0.4113131634667012	0.42811866227653034
1.825	0.40626902652914865	0.4227604812718178
1.835	0.401290051367472	0.4318693889798291
1.845	0.3963760587295364	0.4172683457419875
1.855	0.3915268684791299	0.4360219792584813
1.865	0.3867423003373899	0.42798470775141256
1.875	0.3820221746158323	0.40990084686050776
1.885	0.3773663129403443	0.4211530269704041
1.895	0.3727745389654933	0.42704702607558787
1.905	0.36824667907853204	0.41793811836757655
1.915	0.36378256309248025	0.4172683457419875
1.925	0.35938202492767357	0.4116422556870393
1.935	0.3550449032811771	0.42811866227653034
1.945	0.35077104228348566	0.42811866227653034
1.955	0.3465602921419205	0.4165985731163984
1.965	0.3424125097701646	0.4215548905457575
1.975	0.33832755940338477	0.41981348171922594
1.985	0.3343053131983921	0.40842734708421186
1.995	0.33034565181831277	0.43012798015329756
2.005	0.3264484650012577	0.4113743466368037
2.015	0.32261365211248627	0.4314675254044757
2.025	0.3188411226795681	0.4090971197098009
2.035	0.31513079691008117	0.4168664821666341
2.045	0.31148260619137236	0.4368257064091882
2.055	0.3078964935719414	0.40963293781027216
2.065	0.30437241422401795	0.40735571088326933
2.075	0.3009103358869143	0.4196795271941081
2.085	0.2975102392907516	0.40936502876003655
2.095	0.29417211856018133	0.4234302538974069
2.105	0.29089598159773133	0.40990084686050776
2.115	0.28768185044642336	0.3926207131203099
2.125	0.2845297616313358	0.40132775725296777
2.135	0.28143976647978197	0.4049445294311487
2.145	0.278411931419817	0.4144553007145134
2.155	0.27544633825678355	0.41646461859128064
2.165	0.27254308442763286	0.4094989832851543
2.175	0.26970228323277523	0.3886020773667755
2.185	0.2669240640452327	0.39074534976866054
2.195	0.264208572496878	0.393960258371488
2.205	0.2615559706415762	0.3985147122254937
2.215	0.2589664370950493	0.3923528040700743
2.225	0.25644016715130946	0.395433758147784
2.235	0.2539773728755301	0.3904774407184249
2.245	0.25157828317322883	0.39128116786913175
2.255	0.24924314383567603	0.39101325881889615
2.265	0.24697221756143928	0.3877983502160686
2.275	0.24476578395400916	0.393960258371488
2.285	0.24262413949546802	0.39744307602455115
2.295	0.24054759749617272	0.3784215334578217
2.305	0.23853648802046046	0.3934244402710168
2.315	0.23659115778838435	0.40467662038091307
2.325	0.23471197005351996	0.3707861255261064
2.335	0.23289930445690188	0.3887360318918933
2.345	0.2311535568571601	0.38177039658576706
2.355	0.2294751391369515	0.38177039658576706
2.365	0.22786447898580264	0.3873964866407152
2.375	0.2263220196594945	0.39382630384637024
2.385	0.22484821971614055	0.39503189457243054
2.395	0.22344355272912875	0.38297598731182736
2.405	0.22210850697711726	0.3748047612796408
2.415	0.2208435851112911	0.3669014442976898
2.425	0.21964930380010517	0.4010598482027321
2.435	0.2185261933517626	0.3698484438502817
2.445	0.2174747973146851	0.3986486667506115
2.455	0.21649567205626108	0.3669014442976898
2.465	0.21558938632016944	0.3865927594900083
2.475	0.21475652076259233	0.3691786712246926
2.485	0.21399766746765803	0.375340579380112
2.495	0.21331342944245546	0.3635525811697445
2.505	0.21270442009199886	0.3801629422843533
2.515	0.21217126267451558	0.37614430653081893
2.525	0.2117145897374736	0.38083271490994236
2.535	0.21133504253474855	0.3670353988228076
2.545	0.21103327042537956	0.3670353988228076
2.555	0.21080993025435368	0.3837797144625342
2.565	0.21066568571588362	0.37775176083223266
2.575	0.21060120669966476	0.3934244402710168
2.585	0.21061716862059587	0.3833778508871808
2.595	0.21071425173248182	0.36743726239816105
2.605	0.21089314042622898	0.37654617010617236
2.615	0.21115452251308364	0.37761780630711483
2.625	0.21149908849344534	0.37560848843034766
2.635	0.21192753081183535	0.38163644206064923
2.645	0.21244054309857863	0.38177039658576706
2.655	0.213038819398795	0.3801629422843533
2.665	0.21372305338929543	0.3778857153573505
2.675	0.21449393758399227	0.3772159427317614
2.685	0.2153521625284447	0.3678391259735145
2.695	0.216298415984166	0.3801629422843533
2.705	0.2173333821033394	0.3927546676454277
2.715	0.2184577405945879	0.3861908959146549
2.725	0.21967216588045835	0.3788233970331752
2.735	0.22097732624728927	0.3856550778141836
2.745	0.2223738829881311	0.3707861255261064
2.755	0.22386248953941446	0.3738670796038161
2.765	0.22544379061204378	0.35578321871291135
2.775	0.22711842131762505	0.3824401692113561
2.785	0.22888700629051895	0.37976107870899983
2.795	0.23075015880644112	0.3944960764719593
2.805	0.23270847989831533	0.3809666694350602
2.815	0.23476255747009722	0.3686428531242214
2.825	0.23691296540930418	0.3618111723432129
2.835	0.2391602626989583	0.35886417279062105
2.845	0.24150499252969226	0.36944658027492827
2.855	0.24394768141273404	0.3790913060834108
2.865	0.24648883829452162	0.3833778508871808
2.875	0.2491289536736624	0.36810703502375014
2.885	0.2518684987209996	0.3865927594900083
2.895	0.25470792440350376	0.39824680317525807
2.905	0.2576476606127326	0.3915490769193674
2.915	0.2606881152986045	0.39007557714307145
2.925	0.26382967360921017	0.39409421289660584
2.935	0.2670726970374049	0.38766439569095085
2.945	0.27041752257490725	0.3852532142388302
2.955	0.2738644618746451	0.39436212194684145
2.965	0.2774138004220621	0.3906113952435427
2.975	0.28106579671611553	0.39998821200178963
2.985	0.28482068146068795	0.4010598482027321
2.995	0.2886786567671118	0.39811284865014024
3.005	0.2926398953685374	0.3914151223942496
3.015	0.2967045398468261	0.3861908959146549
3.025	0.30087270187267745	0.39221884954495645
3.035	0.3051444614596799	0.3934244402710168
3.045	0.3095198662329649	0.3998542574766718
3.055	0.31399893071313423	0.3920848950198387
3.065	0.3185816356161386	0.3788233970331752
3.075	0.3232679271697597	0.40427475680555963
3.085	0.32805771644733206	0.4007919391524965
3.095	0.3329508787193727	0.4029352115543815
3.105	0.33794725282371296	0.38766439569095085
3.115	0.34304664055477474	0.4007919391524965
3.125	0.34824880607258457	0.3977109850747868
3.135	0.353553475332131	0.39074534976866054
3.145	0.35896033553363194	0.4036049841799706
3.155	0.36446903459430124	0.4214209360206397
3.165	0.3700791806421606	0.40025612105202524
3.175	0.3757903415324355	0.42476979914858504
3.185	0.38160204438708245	0.40842734708421186
3.195	0.3875137751579496	0.42503770819882064
3.205	0.3935249782140704	0.4227604812718178
3.215	0.39963505595358795	0.4107045740112147
3.225	0.40584336844077495	0.4072217563581515
3.235	0.41214923306859896	0.42302839032205347
3.245	0.4185519242472785	0.42503770819882064
3.255	0.4250506731192554	0.42008139076946155
3.265	0.43164466730097606	0.42718098060070564
3.275	0.43833305065188444	0.41552693691545595
3.285	0.4451149230709929	0.4175362547922231
3.295	0.4519893403213696	0.42597538987464534
3.305	0.4589553138829139	0.4235642084225247
3.315	0.4660118108336886	0.41552693691545595
3.325	0.47315775376014757	0.42785075322629473
3.335	0.48039202069651465	0.42825261680164817
3.345	0.48771344509358683	0.4171343912168697
3.355	0.4951208158171895	0.43562011568312786
3.365	0.5026128771765165	0.4236981629476425
3.375	0.5101883289825508	0.42691307155047004
3.385	0.5178458266367493	0.4345484794821854
3.395	0.5255839812501435	0.4220907086462288
3.405	0.5334013597930127	0.43334288875612503
3.415	0.5412964852752377	0.4318693889798291
3.425	0.5492678369574332	0.4466043867427885
3.435	0.5573138505929508	0.4366917518840704
3.445	0.5654329187007892	0.4340126613817141
3.455	0.5736233908694699	0.4267791170253522
3.465	0.581883574091878	0.4184739364680478
3.475	0.590211733131067	0.4401745695371335
3.485	0.5986060909170042	0.4354861611580101
3.495	0.6070648289742032	0.4451308869664926
3.505	0.6155860878801709	0.43066379825376877
3.515	0.6241679677545944	0.42289443579693564
3.525	0.6328085287791227	0.4657598838346358
3.535	0.6415057917476488	0.4490155681949092
3.545	0.650257738646903	0.44057643311248695
3.555	0.6590623132672022	0.45182861322238327
3.565	0.6679174218431441	0.45357002204891483
3.575	0.6768209337240332	0.44968534082049827
3.585	0.6857706820738008	0.43628988830871696
3.595	0.6947644646001481	0.43468243400730316
3.605	0.7038000443126365	0.4456667050669639
3.615	0.7128751503094242	0.4624110207066905
3.625	0.7219874785923176	0.45584724897591766
3.635	0.7311346929097969	0.4523644313228545
3.645	0.7403144256276556	0.46723338361093175
3.655	0.7495242786268567	0.4407103876376048
3.665	0.7587618242282145	0.44740811389349544
3.675	0.768024606143468	0.44955138629538044
3.685	0.7773101404523034	0.46294683880716175
3.695	0.7866159166048641	0.48880006215489963
3.705	0.7959393984492598	0.46120542998063013
3.715	0.8052780252835802	0.4648222021588111
3.725	0.8146292129318924	0.4645542931085755
3.735	0.8239903548436692	0.4692427014876989
3.745	0.8333588232161155	0.47272551914076205
3.755	0.8427319701387961	0.48451351735112963
3.765	0.8521071287599901	0.477815791095239
3.775	0.8614816144741495	0.46093752093039453
3.785	0.8708527261298473	0.4739311098668224
3.795	0.8802177472575627	0.4957656974610259
3.805	0.8895739473166637	0.4875944714288393
3.815	0.8989185829608851	0.48143256327341993
3.825	0.9082488993216469	0.49536383388567246
3.835	0.9175621313084804	0.49938246963920685
3.845	0.9268555049258612	0.48571910807718993
3.855	0.9361262386057182	0.5090271954476894
3.865	0.9453715445548593	0.5176002850552295
3.875	0.9545886301165681	0.4893358802553709
3.885	0.9637746991456025	0.5001861967899137
3.895	0.9729269533957972	0.49442615220984776
3.905	0.9820425939194928	0.4965694246117328
3.915	0.9911188224779721	0.5100988316486319
3.925	1.0001528429620965	0.5159928307538156
3.935	1.0091418628223119	0.5220207843841173
3.945	1.018083094507178	0.5138495583519307
3.955	1.0269737569095987	0.5091611499728073
3.965	1.035811076819873	0.5307278285167751
3.975	1.0445922903847173	0.5114383768998101
3.985	1.053314644571389	0.5113044223746922
3.995	1.0619753986360319	0.5390330090740795
4.005	1.0705718255953494	0.5131797857263416
4.015	1.0791012137007403	0.5292543287404792
4.025	1.087560867913971	0.542247917676907
4.035	1.0959481113835041	0.5218868298589995
4.045	1.1042602869205773	0.5323352828181889
4.055	1.112494758474113	0.5464005079555593
4.065	1.120648912603554	0.5434535084029674
4.075	1.1287201599487158	0.5299241013660683
4.085	1.1367059366957242	0.5196096029319967
4.095	1.1446037060381415	0.5309957375670107
4.105	1.1524109596323395	0.4973731517624397
4.115	1.1601252190462112	0.5234942841604132
4.125	1.167744037200316	0.5141174674021664
4.135	1.1752649998005091	0.5284506015897723
4.145	1.1826857267611657	0.521484966283646
4.155	1.1900038736180742	0.5407744179006111
4.165	1.1972171329300854	0.5280487380144189
4.175	1.2043232356686189	0.5567150063896308
4.185	1.2113199525941034	0.5351483278456629
4.195	1.218205095618476	0.5237621932106489
4.205	1.2249765191528141	0.542917690302496
4.215	1.2316321214392467	0.5398367362247863
4.225	1.238169845866225	0.5267091927632407
4.235	1.2445876822662976	0.5431855993527317
4.245	1.2508836681955182	0.5364878730968411
4.255	1.2570558901936155	0.5588582787915158
4.265	1.2631024850240828	0.5592601423668693
4.275	1.269021640893328	0.5442572355536742
4.285	1.2748115986480715	0.5464005079555593
4.295	1.2804706529501395	0.5482758713072086
4.305	1.2859971534278691	0.5291203742153614
4.315	1.291389505803294	0.540104645275022
4.325	1.2966461729943386	0.5528303251612142
4.335	1.3017656761912337	0.5707802315270012
4.345	1.3067465959063929	0.5695746408009409
4.355	1.3115875729969928	0.556581051864513
4.365	1.3162873096595136	0.5584564152161624
4.375	1.3208445703955358	0.5726555948786506
4.385	1.3252581829480556	0.5891320014681416
4.395	1.3295270392076415	0.5539019613621567
4.405	1.3336500960877615	0.5719858222530615
4.415	1.3376263763685943	0.5543038249375102
4.425	1.3414549695086981	0.5880603652671991
4.435	1.3451350324239104	0.5762723670568315
4.445	1.348665790232849	0.5805589118606015
4.455	1.3520465369684427	0.5572508244901021
4.465	1.355276636254914	0.5885961833676703
4.475	1.3583555219496435	0.5662257776729955
4.485	1.3612826987493905	0.5756025944312425
4.495	1.3640577427603726	0.5663597321981134
4.505	1.3666803020316671	0.566627641248349
4.515	1.3691500970514952	0.5785495939838343
4.525	1.3714669212059174	0.5940883188975007
4.535	1.3736306411995103	0.5911413193449088
4.545	1.375641197437606	0.5628769145450502
4.555	1.3774986043697246	0.5817645025866619
4.565	1.379202950793803	0.5765402761070672
4.575	1.3807544001208887	0.601053954203627
4.585	1.3821531905999866	0.5719858222530615
4.595	1.3833996355027312	0.5896678195686128
4.605	1.3844941232676344	0.586720820016021
4.615	1.3854371176036344	0.5695746408009409
4.625	1.3862291575527308	0.6018576813543338
4.635	1.3868708575114825	0.5888640924179059
4.645	1.3873629072112135	0.5966334548747391
4.655	1.387706071656734	0.5914092283951444
4.665	1.3879011910234662	0.6077516804595176
4.675	1.3879491805128683	0.5768081851573028
4.685	1.3878510301660476	0.5948920460482076
4.695	1.3876078046355331	0.6120382252632875
4.705	1.3872206429151475	0.601723726829216
4.715	1.3866907580279868	0.5896678195686128
4.725	1.3860194366725092	0.5785495939838343
4.735	1.3852080388267802	0.5888640924179059
4.745	1.3842579973109448	0.5849794111894894
4.755	1.3831708173079942	0.6011879087287447
4.765	1.3819480758429794	0.5982409091761529
4.775	1.3805914212207717	0.5769421396824206
4.785	1.3791025724225694	0.591007364819791
4.795	1.3774833184613202	0.586720820016021
4.805	1.3757355176962842	0.5824342752122509
4.815	1.3738610971069827	0.5851133657146071
4.825	1.37186205152678	0.5922129555458513
4.835	1.3697404428364217	0.5868547745411388
4.845	1.3674983991177998	0.5914092283951444
4.855	1.365138113768336	0.5848454566643716
4.865	1.3626618445763024	0.5818984571117797
4.875	1.3600719127574925	0.560867596668283
4.885	1.3573707019536545	0.5765402761070672
4.895	1.3545606571931113	0.5902036376690841
4.905	1.3516442838140423	0.5797551847098946
4.915	1.3486241463508948	0.585247320239725
4.925	1.345502867384452	0.5498833256086224
4.935	1.3422831263560657	0.5581885061659267
4.945	1.3389676583466197	0.5682350955497627
4.955	1.335559252820805	0.5884622288425525
4.965	1.3320607523372823	0.5896678195686128
4.975	1.3284750512253738	0.5585903697412802
4.985	1.3248050942289118	0.5447930536541454
4.995	1.321053875117908	0.5468023715309127
5.005	1.3172244352687352	0.5734593220293575
5.015	1.313319862213509	0.5520265980105074
5.025	1.3093432881594078	0.565154141472053
5.035	1.3052978884786615	0.5469363260560305
5.045	1.301186880169986	0.5449270081792633
5.055	1.297013520292229	0.5260394201376517
5.065	1.2927811043710382	0.543721417453203
5.075	1.288492964779367	0.5406404633754933
5.085	1.284152469092644	0.5577866425905733
5.095	1.2797630184194821	0.5355501914210163
5.105	1.2753280457087683	0.5387651000238439
5.115	1.270851014034037	0.5141174674021664
5.125	1.2663354148560264	0.5453288717546168
5.135	1.2617847662643267	0.5072857866211579
5.145	1.2572026111990664	0.517868194105465
5.155	1.2525925156535545	0.5233603296352954
5.165	1.2479580668588746	0.5075536956713934
5.175	1.243302871451363	0.5283166470646544
5.185	1.2386305536239937	0.4926847433833162
5.195	1.2339447532626298	0.5284506015897723
5.205	1.2292491240681855	0.513581649301695
5.215	1.2245473316656803	0.5181361031557007
5.225	1.2198430517012429	0.4957656974610259
5.235	1.2151399679280972	0.5146532855026376
5.245	1.2104417702825616	0.4914791526572559
5.255	1.2057521529511335	0.5021955146666809
5.265	1.2010748124297248	0.4883981985795462
5.275	1.1964134455761037	0.5126439676258704
5.285	1.1917717476566372	0.4992485151140891
5.295	1.187153410388403	0.5003201513150316
5.305	1.1825621199777718	0.4995164241643247
5.315	1.178001555156544	0.49107728908190246
5.325	1.173475385216748	0.515055149077991
5.335	1.16898726804519	0.5098309225983962
5.345	1.164540848158861	0.48022697254735963
5.355	1.1601397547423216	0.5237621932106489
5.365	1.1557875996881475	0.5204133300827035
5.375	1.1514879756415661	0.488532153104664
5.385	1.1472444540503748	0.48518328997671867
5.395	1.1430605832212593	0.48464747187624746
5.405	1.1389398863836162	0.4961675610363794
5.415	1.134885859761986	0.4957656974610259
5.425	1.1309019706581838	0.4985787424885
5.435	1.1269916555442583	0.47460088249241145
5.445	1.1231583181673366	0.4957656974610259
5.455	1.1194053276674734	0.4894698347804887
5.465	1.1157360167095831	0.4791553363464171
5.475	1.112153679630524	0.48370979020042276
5.485	1.108661570602421	0.48183442684877337
5.495	1.1052629018132887	0.5048746051690371
5.505	1.1019608416660158	0.48370979020042276
5.515	1.098758512996748	0.4936224250591409
5.525	1.095658991313739	0.4896037893056065
5.535	1.0926653030576634	0.5015257420410919
5.545	1.0897804238844542	0.46750129266116736
5.555	1.0870072769716375	0.48679074427813246
5.565	1.0843487313491962	0.4999182877396781
5.575	1.0818076002559207	0.4965694246117328
5.585	1.0793866395222464	0.4894698347804887
5.595	1.0770885459805255	0.48585306260230776
5.605	1.0749159559036774	0.5001861967899137
5.615	1.0728714434731672	0.4975071062875575
5.625	1.0709575192772063	0.46817106528675645
5.635	1.0691766288401041	0.5075536956713934
5.645	1.0675311511836345	0.4854511990269543
5.655	1.0660233974213023	0.4759404277435896
5.665	1.0646556093863473	0.4685729288621099
5.675	1.0634299582943392	0.5024634237169165
5.685	1.062348543441162	0.488532153104664
5.695	1.0614133909371954	0.48049488159759524
5.705	1.0606264524784723	0.48679074427813246
5.715	1.059989604155559	0.492818697908434
5.725	1.0595046453009123	0.4992485151140891
5.735	1.0591732973754249	0.4940242886344943
5.745	1.05899720289485	0.4997843332145603
5.755	1.0589779243967843	0.48424560830089397
5.765	1.0591169434488676	0.4780837001454746
5.775	1.0594156596988191	0.472055746515173
5.785	1.0598753899669249	0.47982510897200614
5.795	1.060497367381562	0.4719217919900552
5.805	1.061282740558311	0.48799633500419276
5.815	1.062232572823201	0.48612097165254337
5.825	1.063347841480607	0.48370979020042276
5.835	1.0646294371262663	0.4751367005928827
5.845	1.0660781630058973	0.49723919723732185
5.855	1.0676947344198424	0.4803609270724774
5.865	1.0694797781741652	0.4865228352278968
5.875	1.0714338320785668	0.4983108334382644
5.885	1.073557344491499	0.4865228352278968
5.895	1.075850673912794	0.48464747187624746
5.905	1.078314088624133	0.48076279064783084
5.915	1.0809477663776117	0.4945601067349656
5.925	1.083751794132687	0.5082234682969825
5.935	1.0867261678416997	0.486388880702779
5.945	1.0898707922841857	0.48183442684877337
5.955	1.093185480950156	0.48210233589900897
5.965	1.0966699559724709	0.4916131071823737
5.975	1.1003238481084343	0.4811646542231843
5.985	1.1041466967706985	0.4961675610363794
5.995	1.1081379501075246	0.4967033791368506
6.005	1.1122969651324577	0.47272551914076205
6.015	1.1166230079033854	0.4946940612600834
6.025	1.1211152537509894	0.5074197411462756
6.035	1.1257727875565071	0.49429219768473
6.045	1.1305946040787513	0.4940242886344943
6.055	1.1355796083302572	0.4957656974610259
6.065	1.1407266160024296	0.5009899239406206
6.075	1.1460343539395252	0.49911456058897125
6.085	1.151501460661269	0.5196096029319967
6.095	1.1571264869339055	0.4791553363464171
6.105	1.1629078963894037	0.5130458312012238
6.115	1.1688440661925654	0.496435470086615
6.125	1.1749332877557306	0.4916131071823737
6.135	1.181173767500727	0.5031331963425056
6.145	1.1875636276677342	0.49415824315961215
6.155	1.1941009071706576	0.5062141504202153
6.165	1.2007835624986058	0.5119741950002813
6.175	1.207609468663026	0.512242104050517
6.185	1.2145764201900517	0.49013960740607776
6.195	1.2216821321575382	0.5032671508676234
6.205	1.2289242412762988	0.49228287980796276
6.215	1.236300307014976	0.492818697908434
6.225	1.2438078127679977	0.525771511087416
6.235	1.2514441670660053	0.5055443777946262
6.245	1.2592067048281512	0.5054104232695085
6.255	1.2670926886556093	0.525771511087416
6.265	1.2750993101656452	0.5216189208087638
6.275	1.283223691365532	0.5316655101925998
6.285	1.2914628860656323	0.5087592863974538
6.295	1.299813881330878	0.5248338294115913
6.305	1.3082735989698921	0.515055149077991
6.315	1.316838897060995	0.5237621932106489
6.325	1.3255065715142575	0.5109025587993388
6.335	1.3342733576688044	0.5319334192428354
6.345	1.3431359319244998	0.5173323760049938
6.355	1.352090913407172	0.5347464642703095
6.365	1.3611348656664595	0.5317994647177177
6.375	1.3702642984054143	0.537291600247548
6.385	1.3794756692409036	0.5376934638229014
6.395	1.3887653854938813	0.5340766916447204
6.405	1.3981298060085692	0.5308617830418929
6.415	1.4075652429995722	0.5351483278456629
6.425	1.4170679639259314	0.5447930536541454
6.435	1.4266341933910958	0.517198421479876
6.445	1.4362601150678107	0.5442572355536742
6.455	1.445941873646847	0.5388990545489617
6.465	1.4556755768085545	0.5332729644940135
6.475	1.465457297216147	0.5597959604673405
6.485	1.4752830745296337	0.5170644669547582
6.495	1.4851489174393193	0.560867596668283
6.505	1.4950508057177572	0.5650201869469352
6.515	1.5049846922890397	0.5628769145450502
6.525	1.5149465053142896	0.5605996876180475
6.535	1.5249321502922233	0.5493475075081511
6.545	1.5349375121736468	0.5498833256086224
6.555	1.5449584574886972	0.5690388227004696
6.565	1.5549908364856977	0.5683690500748806
6.575	1.5650304852804355	0.5893999105183771
6.585	1.5750732280146944	0.5622071419194612
6.595	1.585114879022845	0.5656899595725243
6.605	1.5951512450053191	0.5718518677279437
6.615	1.605178127207755	0.5843096385639003
6.625	1.615191323604627	0.5711820951023546
6.635	1.625186631086165	0.5540359158872745
6.645	1.6351598476473341	0.5747988672805355
6.655	1.6451067745776904	0.6061442261581038
6.665	1.655023218650897	0.5936864553221473
6.675	1.664904994312695	0.6068139987836929
6.685	1.6747479258661193	0.5898017740937307
6.695	1.6845478496527475	0.609627043811167
6.705	1.6943006162287866	0.5824342752122509
6.715	1.7040020925347905	0.6109665890623451
6.725	1.713648164057797	0.6007860451533913
6.735	1.7232347369847143	0.5868547745411388
6.745	1.7327577403457284	0.614583361240526
6.755	1.742213128146581	0.5934185462719116
6.765	1.7515968814885063	0.6184680424689426
6.775	1.7609050106746795	0.6085554076102244
6.785	1.7701335573019774	0.6072158623590463
6.795	1.7792785963369204	0.6089572711855779
6.805	1.7883362381746322	0.6144494067154083
6.815	1.7973026306796647	0.6029293175552763
6.825	1.806173961207576	0.6040009537562189
6.835	1.8149464586061275	0.6180661788935892
6.845	1.823616395194982	0.6049386354320435
6.855	1.8321800887228203	0.6163247700670577
6.865	1.8406339043007702	0.601053954203627
6.875	1.8489742563111045	0.6153870883912329
6.885	1.857197610290099	0.610296816436756
6.895	1.865300484784055	0.6042688628064544
6.905	1.873279453177424	0.6228885417978305
6.915	1.8811311454920214	0.6215489965466523
6.925	1.8888522501563472	0.6152531338661151
6.935	1.8964395157440115	0.6255676323001867
6.945	1.9038897526803038	0.6159229064917042
6.955	1.9111998349159591	0.6313276768802527
6.965	1.9183667015672046	0.6318634949807239
6.975	1.9253873585211416	0.6441873112915627
6.985	1.9322588800056066	0.6161908155419398
6.995	1.9389784101226177	0.6239601779987729
7.005	1.945543164344569	0.6119042707381698
7.015	1.951950430972325	0.6088233166604601
7.025	1.9581975725544263	0.6147173157656438
7.035	1.9642820272666008	0.6255676323001867
7.045	1.9702013102508231	0.6366858578849652
7.055	1.975953014913193	0.6194057241447674
7.065	1.9815348141798816	0.636819812410083
7.075	1.9869444617104781	0.6115024071628163
7.085	1.9921797930680576	0.6522245827986315
7.095	1.9972387268453171	0.6480719925199793
7.105	2.002119265746161	0.6628069902829388
7.115	2.006819497622139	0.645392902017623
7.125	2.0113375964631652	0.6040009537562189
7.135	2.015671823341968	0.6143154521902904
7.145	2.019820527311754	0.6228885417978305
7.155	2.023782146256595	0.622486678222477
7.165	2.0275552076940624	0.6577167183284618
7.175	2.031138329529676	0.6372216759854364
7.185	2.034530220762755	0.641106357213853
7.195	2.037729682143279	0.6495454922962752
7.205	2.040735606779406	0.6243620415741264
7.215	2.0435469806953193	0.6388291302868502
7.225	2.046162883339095	0.6295862680537211
7.235	2.0485824880403234	0.6222187691722414
7.245	2.0508050624172314	0.6089572711855779
7.255	2.0528299687330995	0.6298541771039567
7.265	2.0546566642017723	0.6452589474925052
7.275	2.0562847012421157	0.6250318141997154
7.285	2.0577137276812794	0.6420440388896778
7.295	2.0589434869066716	0.6412403117389708
7.305	2.0599738179665703	0.6302560406793102
7.315	2.06080465561932	0.6315955859304883
7.325	2.0614360303311146	0.628246722802543
7.335	2.0618680682223673	0.6381593576612611
7.345	2.062100990962714	0.623156450848066
7.355	2.062135115614729	0.6337388583323733
7.365	2.0619708544264417	0.6192717696196495
7.375	2.0616087145728015	0.6206113148708277
7.385	2.0610492978462296	0.6512869011228068
7.395	2.060293300296464	0.6397668119626749
7.405	2.0593415118198983	0.6536980825749275
7.415	2.058194815698674	0.6295862680537211
7.425	2.056854188089779	0.6478040834697437
7.435	2.055320697464479	0.6329351311816664
7.445	2.053595503998385	0.6144494067154083
7.455	2.0516798589125282	0.6420440388896778
7.465	2.049575103765829	0.6270411320764826
7.475	2.0472826696993573	0.6309258133048993
7.485	2.0448040766328335	0.6401686755380284
7.495	2.0421409324138367	0.6259694958755402
7.505	2.0392949319202	0.6153870883912329
7.515	2.0362678561161243	0.6349444490584336
7.525	2.0330615710625484	0.6259694958755402
7.535	2.0296780268823382	0.6270411320764826
7.545	2.0261192566809036	0.6062781806832216
7.555	2.0223873754228516	0.6222187691722414
7.565	2.0184845787653223	0.6257015868253045
7.575	2.014413141848678	0.6262374049257757
7.585	2.0101754180452347	0.6527604008991027
7.595	2.0057738376667524	0.6475361744195081
7.605	2.00121090663142	0.6208792239210632
7.615	1.9964892050911036	0.6101628619116383
7.625	1.991611386019624	0.6313276768802527
7.635	1.986580173762886	0.6216829510717702
7.645	1.981398362551673	0.6232904053731839
7.655	1.9760688149779564	0.5970353184500925
7.665	1.970594460435584	0.6255676323001867
7.675	1.9649782935262365	0.6161908155419398
7.685	1.9592233724315489	0.6222187691722414
7.695	1.953332817252329	0.6322653585560774
7.705	1.9473098083158096	0.6057423625827504
7.715	1.9411575844518865	0.6179322243684714
7.725	1.9348794412393322	0.6112344981125807
7.735	1.9284787292229595	0.6409724026887352
7.745	1.9219588521027595	0.6085554076102244
7.755	1.915323264896018	0.601723726829216
7.765	1.908575472073465	0.6156549974414686
7.775	1.9017190256704914	0.6200754967703563
7.785	1.8947575233745138	0.6026614085050407
7.795	1.887694606589548	0.6242280870490086
7.805	1.8805339584790874	0.6027953630301585
7.815	1.8732793019883915	0.630389995204428
7.825	1.8659343978472833	0.6214150420215345
7.835	1.8585030425545845	0.6290504499532499
7.845	1.8509890663453177	0.6147173157656438
7.855	1.8433963311418176	0.6173964062680001
7.865	1.8357287284898858	0.6005181361031556
7.875	1.8279901774811582	0.5757365489563603
7.885	1.8201846226628469	0.6022595449296873
7.895	1.812316031936003	0.5884622288425525
7.905	1.8043883944435024	0.6073498168841641
7.915	1.7964057184489128	0.6013218632538626
7.925	1.7883720292074292	0.5853812747648428
7.935	1.780291366830058	0.6255676323001867
7.945	1.7721677841422547	0.6061442261581038
7.955	1.7640053445381765	0.6109665890623451
7.965	1.7558081198317677	0.5891320014681416
7.975	1.7475801881058532	0.5829700933127222
7.985	1.7393256315604422	0.609627043811167
7.995	1.7310485343614181	0.6014558177789804
8.005	1.7227529804908177	0.614583361240526
8.015	1.714443051599889	0.5971692729752104
8.025	1.7061228248660882	0.5706462770018834
8.035	1.697796370855232	0.5989106818017419
8.045	1.6894677513899476	0.6003841815780379
8.055	1.6811410174256158	0.6116363616879341
8.065	1.6728202069349598	0.5942222734226185
8.075	1.6645093428024527	0.613243815989348
8.085	1.656212430729672	0.5778798213582453
8.095	1.647933457152785	0.5958297277240322
8.105	1.6396763871732558	0.5963655458245035
8.115	1.6314451625029434	0.5940883188975007
8.125	1.6232436994246888	0.5881943197923168
8.135	1.6150758867694952	0.5734593220293575
8.145	1.6069455839114188	0.5956957731989144
8.155	1.5988566187812348	0.5781477304084809
8.165	1.5908127858999688	0.5643504143213461
8.175	1.58281784443335	0.5758705034814781
8.185	1.574875516268233	0.5577866425905733
8.195	1.5669894841120167	0.57881750303407
8.205	1.5591633896160997	0.5844435930890182
8.215	1.5514008315243635	0.5766742306321849
8.225	1.5437053638476637	0.5622071419194612
8.235	1.5360804940653292	0.5553754611384527
8.245	1.5285296813546023	0.5718518677279437
8.255	1.5210563348489685	0.5706462770018834
8.265	1.5136638119263068	0.5461325989053236
8.275	1.5063554165277415	0.5331390099688957
8.285	1.4991343975081022	0.5439893265034386
8.295	1.4920039470188475	0.5497493710835045
8.305	1.4849671989243074	0.5454628262797345
8.315	1.4780272272520483	0.544391190078792
8.325	1.4711870446781896	0.5331390099688957
8.335	1.4644496010484565	0.5265752382381229
8.345	1.4578177819357023	0.548007962256973
8.355	1.4512944072346716	0.5521605525356252
8.365	1.444882229794712	0.538631145498726
8.375	1.43858393409113	0.5291203742153614
8.385	1.4324021349358549	0.5364878730968411
8.395	1.4263393762280776	0.5383632364484905
8.405	1.4203981297454775	0.5206812391329392
8.415	1.4145807939766306	0.534344600694956
8.425	1.4088896929952046	0.5209491481831747
8.435	1.403327075376457	0.5291203742153614
8.445	1.397895113156585	0.5245659203613557
8.455	1.3925959008354265	0.5110365133244565
8.465	1.3874314544229844	0.5086253318723359
8.475	1.3824037105302196	0.5086253318723359
8.485	1.3775145255045478	0.5087592863974538
8.495	1.3727656746104349	0.5079555592467468
8.505	1.368158851255445	0.5200114665073501
8.515	1.3636956662621253	0.5265752382381229
8.525	1.3593776471859909	0.5145193309775198
8.535	1.3552062376799618	0.5038029689680947
8.545	1.3511827969054586	0.4995164241643247
8.555	1.3473085989904354	0.513581649301695
8.565	1.343584832534543	0.5036690144429768
8.575	1.340012600161597	0.47969115444688837
8.585	1.3365929181195244	0.49697128818708625
8.595	1.3333267159279025	0.50286528729227
8.605	1.3302148360731905	0.48665678975301463
8.615	1.3272580337517297	0.48089674517294867
8.625	1.324456976660567	0.4871926078534859
8.635	1.3218122448360903	0.49000565288095993
8.645	1.3193243305404987	0.4825041994743624
8.655	1.3169936381960514	0.49174706170749155
8.665	1.31482048436703	0.4862549261776612
8.675	1.3128050977893326	0.4937563795842587
8.685	1.3109476194475729	0.49790896986291094
8.695	1.3092481026995353	0.49389033410937655
8.705	1.307706513447822	0.48143256327341993
8.715	1.3063227303584897	0.4843795628260118
8.725	1.3050965451264385	0.47460088249241145
8.735	1.3040276627873153	0.478485563720828
8.745	1.3031157020756448	0.48518328997671867
8.755	1.3023601958288848	0.48156651779853776
8.765	1.301760591437071	0.4723236555654086
8.775	1.301316251337702	0.47674415489429645
8.785	1.301026453555479	0.46133938450574796
8.795	1.3008903922864867	0.4744669279672937
8.805	1.3009071785264046	0.47768183657012114
8.815	1.3010758407422645	0.49174706170749155
8.825	1.301395325587296	0.47433297344217584
8.835	1.3018644986583492	0.4680371107616386
8.845	1.3024821452953652	0.4586602940033917
8.855	1.3032469714223458	0.45892820305362736
8.865	1.3041576044292515	0.47661020036917867
8.875	1.305212594094231	0.4554453854005642
8.885	1.3064104135455583	0.45906215757874513
8.895	1.307749460262657	0.4452648414916104
8.905	1.3092280571155253	0.4614733390308658
8.915	1.3108444534419084	0.4522304767977367
8.925	1.312596826161493	0.4626789297569261
8.935	1.3144832809264242	0.4704482922137593
8.945	1.3165018533073882	0.48022697254735963
8.955	1.3186505100145134	0.4794232453966527
8.965	1.3209271501523059	0.49389033410937655
8.975	1.3233296065078302	0.5129118766761059
8.985	1.3258556468713094	0.5024634237169165
8.995	1.328502975388342	0.5233603296352954
9.005	1.3312692339428573	0.5246998748864735
9.015	1.334152003569973	0.5320673737679532
9.025	1.3371488058978636	0.5411762814759645
9.035	1.3402571046177618	0.5476060986816196
9.045	1.34347430698117	0.5597959604673405
9.055	1.3467977653233818	0.5634127326455215
9.065	1.3502247786123678	0.5725216403535328
9.075	1.353752594022083	0.5918110919704979
9.085	1.357378408529252	0.577344003257774
9.095	1.3610993705326484	0.6019916358794516
9.105	1.3649125814938985	0.5796212301847768
9.115	1.36881509759882	0.5713160496274724
9.125	1.3728039314383043	0.5869887290662565
9.135	1.3768760537077231	0.5856491838150785
9.145	1.3810283949238555	0.6011879087287447
9.155	1.3852578471583148	0.5978390456007994
9.165	1.3895612657864385	0.6019916358794516
9.175	1.3939354712506058	0.6077516804595176
9.185	1.398377250836961	0.5781477304084809
9.195	1.402883360464467	0.612440088838641
9.205	1.4074505264852646	0.602393499454805
9.215	1.412075447495268	0.6037330447059832
9.225	1.4167547961539515	0.6093591347609313
9.235	1.4214852210122533	0.6105647254869917
9.245	1.4262633483475553	0.6207452693959454
9.255	1.4310857840046562	0.6065460897334572
9.265	1.4359491152416846	0.608153544034871
9.275	1.4408499125798957	0.6001162725278022
9.285	1.4457847316562762	0.6057423625827504
9.295	1.4507501150779065	0.6184680424689426
9.305	1.455742594277015	0.614583361240526
9.315	1.4607586913656774	0.622486678222477
9.325	1.4657949209890955	0.6076177259343998
9.335	1.4708477921764218	0.585917092865314
9.345	1.47591381018807	0.5971692729752104
9.355	1.4809894783584885	0.6161908155419398
9.365	1.4860712999333476	0.6204773603457098
9.375	1.4911557799001212	0.6090912257106957
9.385	1.4962394268110495	0.6163247700670577
9.395	1.5013187545974545	0.6220848146471236
9.405	1.5063902843744192	0.6216829510717702
9.415	1.511450546234821	0.6062781806832216
9.425	1.516496081031749	0.6108326345372272
9.435	1.521523442148312	0.6106986800121095
9.445	1.5265291972538861	0.6381593576612611
9.455	1.5315099300458352	0.6275769501769539
9.465	1.5364622419757652	0.6206113148708277
9.475	1.5413827539593876	0.6222187691722414
9.485	1.5462681080690617	0.6177982698433535
9.495	1.5511149692081203	0.6341407219077267
9.505	1.5559200267660764	0.6459287201180943
9.515	1.5606799962538487	0.6299881316290745
9.525	1.5653916209181251	0.5999823180026844
9.535	1.5700516733340382	0.6349444490584336
9.545	1.574656956975291	0.6309258133048993
9.555	1.5792043077609492	0.6210131784461811
9.565	1.5836905955780738	0.618869906044296
9.575	1.5881127257794352	0.6494115377711575
9.585	1.5924676406555274	0.6673614441369443
9.595	1.5967523208801282	0.6176643153182357
9.605	1.6009637869287117	0.6374895850356721
9.615	1.605099100468959	0.6365519033598473
9.625	1.6091553657227144	0.660395808830818
9.635	1.6131297307986805	0.6606637178810537
9.645	1.6170193889952325	0.6459287201180943
9.655	1.6208215800726953	0.677006169945427
9.665	1.6245335914944925	0.6650842172099416
9.675	1.628152759636563	0.6685670348630047
9.685	1.6316764709644676	0.6700405346393006
9.695	1.6351021631776734	0.6720498525160679
9.705	1.6384273263204447	0.6695047165388294
9.715	1.6416495038588708	0.6664237624611197
9.725	1.644766293723531	0.6811587602240791
9.735	1.6477753493173348	0.6595920816801112
9.745	1.650674380488119	0.6607976724061715
9.755	1.6534611544655609	0.6664237624611197
9.765	1.656133496762043	0.6571809002279906
9.775	1.6586892920370802	0.6835699416761998
9.785	1.6611264849249747	0.6696386710639471
9.795	1.6634430808253724	0.6688349439132403
9.805	1.6656371466564326	0.67620244279472
9.815	1.6677068115703284	0.6778098970961338
9.825	1.6696502676308214	0.6594581271549934
9.835	1.671465770452705	0.6463305836934478
9.845	1.6731516398028958	0.6693707620137116
9.855	1.6747062601629998	0.6597260362052291
9.865	1.676128081253209	0.6530283099493384
9.875	1.6774156185173825	0.6626730357578209
9.885	1.6785674535692154	0.6787475787719585
9.895	1.6795822345994205	0.6688349439132403
9.905	1.6804586767438479	0.6666916715113553
9.915	1.6811955624125303	0.6475361744195081
9.925	-Inf	0.0
9.935	-Inf	0.0
9.945	-Inf	0.0
9.955	-Inf	0.0
9.965	-Inf	0.0
9.975	-Inf	0.0
9.985	-Inf	0.0
9.995	-Inf	0.0
