0.005	-Inf	0.0
0.015	-Inf	0.0
0.025	-Inf	0.0
0.035	-Inf	0.0
0.045	-Inf	0.0
0.055	-Inf	0.0
0.065	-Inf	0.0
0.075	-Inf	0.0
0.085	-Inf	0.0
0.095	-Inf	0.0
0.105	-Inf	0.0
0.115	-Inf	0.0
0.125	-Inf	0.0
0.135	-Inf	0.0
0.145	-Inf	0.0
0.155	-Inf	0.0
0.165	-Inf	0.0
0.175	-Inf	0.0
0.185	-Inf	0.0
0.195	-Inf	0.0
0.205	-Inf	0.0
0.215	-Inf	0.0
0.225	-Inf	0.0
0.235	-Inf	0.0
0.245	-Inf	0.0
0.255	-Inf	0.0
0.265	-Inf	0.0
0.275	-Inf	0.0
0.285	-Inf	0.0
0.295	-Inf	0.0
0.305	-Inf	0.0
0.315	-Inf	0.0
0.325	-Inf	0.0
0.335	-Inf	0.0
0.345	-Inf	0.0
0.355	-Inf	0.0
0.365	-Inf	0.0
0.375	-Inf	0.0
0.385	-Inf	0.0
0.395	-Inf	0.0
0.405	-Inf	0.0
0.415	-Inf	0.0
0.425	-Inf	0.0
0.435	-Inf	0.0
0.445	-Inf	0.0
0.455	-Inf	0.0
0.465	-Inf	0.0
0.475	-Inf	0.0
0.485	-Inf	0.0
0.495	-Inf	0.0
0.505	-Inf	0.0
0.515	-Inf	0.0
0.525	-Inf	0.0
0.535	-Inf	0.0
0.545	-Inf	0.0
0.555	-Inf	0.0
0.565	-Inf	0.0
0.575	-Inf	0.0
0.585	-Inf	0.0
0.595	-Inf	0.0
0.605	-Inf	0.0
0.615	-Inf	0.0
0.625	-Inf	0.0
0.635	-Inf	0.0
0.645	-Inf	0.0
0.655	-Inf	0.0
0.665	-Inf	0.0
0.675	-Inf	0.0
0.685	-Inf	0.0
0.695	-Inf	0.0
0.705	-Inf	0.0
0.715	-Inf	0.0
0.725	-Inf	0.0
0.735	-Inf	0.0
0.745	-Inf	0.0
0.755	-Inf	0.0
0.765	-Inf	0.0
0.775	1.0651884575598933	1.114464641578286
0.785	1.066436618260696	1.1191093396991987
0.795	1.0671996737241374	1.0751161612709295
0.805	1.067477777871412	1.0894884347016789
0.815	1.0672713341406395	1.10105636209716
0.825	1.0665809954802248	1.092993867245764
0.835	1.0654076642036703	1.0568002762280844
0.845	1.0637524917058854	1.0836168351903361
0.855	1.061616878041067	1.093694953754581
0.865	1.0590024713623678	1.0528566646159885
0.875	1.055911167223593	1.0715230929132422
0.885	1.0523451077432882	1.0640740487570612
0.895	1.0483066806316421	1.0461087069686246
0.905	1.0437985180807137	1.0389225702532499
0.915	1.038823495518573	1.0138587275630409
0.925	1.033384730228022	0.986341082091972
0.935	1.0274855798306581	0.9884443416184231
0.945	1.0211296406370831	0.9789796737493931
0.955	1.014320745864196	0.9745102472556845
0.965	1.0070629637205282	0.957333627789667
0.975	0.9993605953606972	0.9655713942682672
0.985	0.991218172710121	0.9448893422581646
0.995	0.9826404561611959	0.962065961724182
1.005	0.9736324321422493	0.9150055298198383
1.015	0.964199310560607	0.8969525522177995
1.025	0.9543465221212483	0.8871373410943609
1.035	0.94407971552253	0.8866115262127482
1.045	0.9334047545305915	0.861547683522539
1.055	0.9223277149340778	0.8673316472202796
1.065	0.9108548813809245	0.8403398166308236
1.075	0.8989927440989877	0.8080022014116377
1.085	0.8867479955023903	0.8126468995325505
1.095	0.8741275266855222	0.8035327749179291
1.105	0.8611384238066732	0.7910008535728245
1.115	0.8477879643633892	0.7747882280564304
1.125	0.8340836133616466	0.7717209745803558
1.135	0.8200330193810613	0.7474458542125659
1.145	0.8056440105383595	0.7350015686810635
1.155	0.7909245903514347	0.7182631282830566
1.165	0.7758829335063488	0.7132678869077352
1.175	0.7605273815296987	0.7046795771747265
1.185	0.7448664383688438	0.6931992855928475
1.195	0.7289087658824985	0.6599853122376402
1.205	0.7126631792443099	0.668573621970649
1.215	0.6961386422620196	0.6467523043837187
1.225	0.6793442626149279	0.6317665802577545
1.235	0.6622892870123696	0.6183583007766286
1.245	0.6449830962759859	0.6147652324189412
1.255	0.6274352003486285	0.6011816813106111
1.265	0.6096552332327332	0.5812007158093254
1.275	0.591652947861101	0.5774323758244339
1.285	0.5734382109030064	0.5540336135926652
1.295	0.5550209975086237	0.5538583419654609
1.305	0.5364113859948032	0.5441307666556245
1.315	0.5176195524752201	0.5252014309175644
1.325	0.49865576543800594	0.5158243988621366
1.335	0.4795303802739625	0.5088135337739662
1.345	0.460253833758511	0.4845384134061762
1.355	0.4408366384905185	0.4771770050635973
1.365	0.4212893772912364	0.46236655256483733
1.375	0.40162269756652597	0.46359345395526713
1.385	0.3818473056356234	0.4375656173154346
1.395	0.36197396102971047	0.42021372622221287
1.405	0.3420134707635318	0.43554999360258556
1.415	0.32197668358337167	0.4079447123179147
1.425	0.3018744841946741	0.41688356530533194
1.435	0.28171778747262566	0.39085572866549934
1.445	0.2615175326589951	0.3835819561365226
1.455	0.24128467754859229	0.3834066845093183
1.465	0.2210301926686394	0.37157584967303076
1.475	0.20076505545440798	0.35939447158233473
1.485	0.18050024442444348	0.3631628115672263
1.495	0.16024673335872103	0.35694066880147507
1.505	0.14001548548304538	0.3311757396024489
1.515	0.11981744766303132	0.3391505986402427
1.525	0.09966354461097654	0.33459353633293193
1.535	0.07956467310892795	0.31119477410116325
1.545	0.059531696251246324	0.3028693718089609
1.555	0.039575437709951866	0.3102307801515398
1.565	0.019706676026101766	0.29945157507847786
1.575	-6.386106951727921e-5	0.2946316053303607
1.585	-0.019725502303189923	0.2726350161162261
1.595	-0.03926763846931297	0.2667634166048834
1.605	-0.058679728002531684	0.26930485519934516
1.615	-0.0779513025077665	0.2649230645192387
1.625	-0.09707197224502684	0.24774644505322121
1.635	-0.11603143156588047	0.2556336682774129
1.645	-0.1348194642985136	0.24748353761241482
1.655	-0.15342594907833274	0.2497620687660702
1.665	-0.17184086462108694	0.2286418376879569
1.675	-0.19005429493555392	0.23617851765774006
1.685	-0.20805643447282152	0.22469822607586104
1.695	-0.22583759320930263	0.21891426237812048
1.705	-0.2433882016605846	0.20874850800027342
1.715	-0.26069881582333077	0.2066452484738223
1.725	-0.27776012204243794	0.19972201919925403
1.735	-0.2945629418007383	0.19498968526473903
1.745	-0.31109823642856393	0.1885046350581814
1.755	-0.3273571117305354	0.1972682164183944
1.765	-0.3433308225270145	0.1873653694813537
1.775	-0.3590107771076718	0.19498968526473903
1.785	-0.3743885415947159	0.1870148262269452
1.795	-0.3894558442133579	0.1957784075871582
1.805	-0.40420457946714483	0.19130898109344957
1.815	-0.4186268122158703	0.19306169736549217
1.825	-0.4327147816538106	0.1975311238592008
1.835	-0.44646090518610704	0.19560313595995393
1.845	-0.4598577822011589	0.1981445745544157
1.855	-0.47289819773700326	0.19744348804559866
1.865	-0.4855751260396387	0.2046296247609733
1.875	-0.49788173401140745	0.2055059828969946
1.885	-0.5098113845475511	0.1981445745544157
1.895	-0.5213576397591475	0.2054183470833925
1.905	-0.5325142640807083	0.203753266624952
1.915	-0.5432752272607799	0.2098877735771011
1.925	-0.55363470723396	0.20559361871059673
1.935	-0.5635870928728077	0.21023831683150962
1.945	-0.573126986618233	0.20261400104812433
1.955	-0.5822492069869556	0.20585652615140312
1.965	-0.5909487909547761	0.21330557030758418
1.975	-0.5992209962144197	0.20112419221688813
1.985	-0.6070613033068102	0.21041358845871388
1.995	-0.6144654176247084	0.21234157635796075
2.005	-0.6214292712877239	0.2072586991690372
2.015	-0.6279490248877858	0.2069081559146287
2.025	-0.6340210691042205	0.2054183470833925
2.035	-0.639642026187708	0.21768736098769068
2.045	-0.644808751312401	0.22031643539575457
2.055	-0.6495183337956285	0.21304266286677778
2.065	-0.6537680981846545	0.21330557030758418
2.075	-0.6575556052100411	0.21979062051414178
2.085	-0.6608786526052641	0.21286739123957352
2.095	-0.6637352757922854	0.21540882983403528
2.105	-0.666123748432887	0.21970298470053964
2.115	-0.6680425828456307	0.20857323637306915
2.125	-0.669490530288416	0.21444483588441185
2.135	-0.6704665811066475	0.22110515771817374
2.145	-0.6709699647471488	0.23056982558720376
2.155	-0.6710001496380071	0.21058886008591815
2.165	-0.6705568429346165	0.2233836888718291
2.175	-0.6696399901322867	0.21374374937559482
2.185	-0.668249774545836	0.2242600470078504
2.195	-0.6663866166566892	0.23048218977360163
2.205	-0.6640511733280583	0.23030691814639737
2.215	-0.6612443368888827	0.2268891214159143
2.225	-0.6579672340872664	0.2338999865040847
2.235	-0.6542212249142325	0.2388952278794061
2.245	-0.6500079012986955	0.21856371912371197
2.255	-0.6453290856746139	0.23021928233279523
2.265	-0.640186829421391	0.23644142509854646
2.275	-0.634583411178612	0.2266262139751079
2.285	-0.6285213350363483	0.24012212926983592
2.295	-0.6220033286022684	0.2356527027761273
2.305	-0.6150323409469085	0.2321472702320421
2.315	-0.6076115404285112	0.23162145535042933
2.325	-0.5997443123989044	0.24283883949150195
2.335	-0.5914342567919898	0.2494991613252638
2.345	-0.5826851855964212	0.24538027808596372
2.355	-0.5735011202142091	0.24546791389956585
2.365	-0.5638862887069418	0.24134903066026572
2.375	-0.5538451229314956	0.2534427729373597
2.385	-0.543382255567066	0.26176817522956203
2.395	-0.5325025170354878	0.24275120367789982
2.405	-0.5212109323168461	0.24397810506832962
2.415	-0.5095127176624122	0.24914861807085528
2.425	-0.49741327720706985	0.2552831250230044
2.435	-0.4849181994833627	0.25580893990461717
2.445	-0.47203325383943695	0.259752551516713
2.455	-0.4587643867631336	0.2608918170935407
2.465	-0.44511771811459644	0.25817510687187467
2.475	-0.43109953726977435	0.2541438594461767
2.485	-0.4167162991772638	0.26474779289203443
2.495	-0.40197462033097986	0.26755213892730256
2.505	-0.3868812746612005	0.2707946640305814
2.515	-0.3714431893465614	0.2726350161162261
2.525	-0.35566744054962107	0.264484885451228
2.535	-0.33956124907868257	0.2835018570028902
2.545	-0.323131975978562	0.27210920123461335
2.555	-0.3063871180530633	0.27973351701799865
2.565	-0.2893343033219372	0.284027671884503
2.575	-0.2719812864151421	0.2871825611741797
2.585	-0.25433594390727876	0.2901621788366521
2.595	-0.2364062695950392	0.28437821513891154
2.605	-0.21820036972064694	0.288760005819018
2.615	-0.19972645814416068	0.30295700762256306
2.625	-0.18099285146767718	0.2992763034512736
2.635	-0.16200796411436869	0.30479735970820776
2.645	-0.1427803033654057	0.3073387983026695
2.655	-0.1233184643577993	0.3069006192346589
2.665	-0.10363112504618172	0.3097049652699271
2.675	-0.08372704113165319	0.31706637361250595
2.685	-0.0636150409607249	0.32819612193997644
2.695	-0.043304020397499865	0.32118525685180604
2.705	-0.022802937672174783	0.3317891902976638
2.715	-0.0021208082089989033	0.3195201763933656
2.725	0.018733300563205768	0.3476512725596493
2.735	0.0397502744147864	0.33660916004578095
2.745	0.060920957530191555	0.3303870172800297
2.755	0.08223615773090381	0.3415167656075002
2.765	0.10368665170325364	0.3371349749273937
2.775	0.12526319022799773	0.3481770874412621
2.785	0.1469565034085024	0.3451098339651875
2.795	0.16875730589443194	0.35659012554706654
2.805	0.1906563020978238	0.3678075096881392
2.815	0.21264419139841959	0.36333808319443056
2.825	0.2347116733352057	0.3636886264488391
2.835	0.25684945278104143	0.35650248973346443
2.845	0.2790482450973336	0.3694725901465796
2.855	0.30129878126569765	0.37157584967303076
2.865	0.32359181299360246	0.380514702660448
2.875	0.3459181177909537	0.39146917936071424
2.885	0.3682685040146844	0.39304662400555257
2.895	0.39063381587834833	0.3962891491088314
2.905	0.4130049384238067	0.38831429007103757
2.915	0.4353728024521157	0.3962891491088314
2.925	0.4577283894107131	0.4118883239300105
2.935	0.4800627362341102	0.41513084903328934
2.945	0.5023669401352164	0.4015472979249592
2.955	0.5246321633446004	0.4264358689879641
2.965	0.5468496377948886	0.4114501448619999
2.975	0.5690106697476476	0.4393183335874772
2.985	0.5911066443600823	0.43186928943129615
2.995	0.6131290301889243	0.4346736354665643
3.005	0.6350693836289516	0.43108056710887693
3.015	0.6569193532836373	0.4416845005547347
3.025	0.6786706842653882	0.4463291986756476
3.035	0.7003152224230076	0.4522884340005924
3.045	0.7218449184939664	0.46569671348171826
3.055	0.7432518321791479	0.4514120758645711
3.065	0.7645281361378105	0.4690268743985992
3.075	0.7856661199005305	0.47559956041875895
3.085	0.8066581936979386	0.48024425853967184
3.095	0.8274968922031807	0.4869922161870358
3.105	0.8481748781859821	0.4995241375321404
3.115	0.8686849460763894	0.5091640770283747
3.125	0.8890200254361811	0.4983848719553127
3.135	0.9091731843361248	0.5075866323835364
3.145	0.929137632637232	0.49487943941122753
3.155	0.9489067251742518	0.5201185537286409
3.165	0.9684739648397669	0.5213454551190707
3.175	0.9878330055671878	0.511354972368428
3.185	1.0069776552111518	0.5286192276480476
3.195	1.0259018783237992	0.5294955857840689
3.205	1.0445997988255225	0.5467598410636885
3.215	1.0630657025688077	0.5517550824390098
3.225	1.0812940397939164	0.547811470826914
3.235	1.0992794274751398	0.568055343769006
3.245	1.1170166515565347	0.5560492373055141
3.255	1.134500669076022	0.5649880902929314
3.265	1.1517266101768615	0.5765560176884126
3.275	1.168689780005562	0.5527190763886333
3.285	1.185385660495378	0.5678800721418017
3.295	1.2018099120345895	0.5825152530133574
3.305	1.2179583750188767	0.56945751678664
3.315	1.2338270712871102	0.5863712288118511
3.325	1.2494122054400307	0.5933820939000215
3.335	1.2647101660412987	0.5783087339604552
3.345	1.2797175267005165	0.5773447400108318
3.355	1.2944310470378628	0.5823399813861532
3.365	1.30884767353008	0.5873352227614745
3.375	1.3229645402376162	0.5921551925095917
3.385	1.3367789694128258	0.5956606250536769
3.395	1.35028847198914	0.6009187738698047
3.405	1.3634907479512832	0.614589960791737
3.415	1.3763836865866215	0.603109669209858
3.425	1.388965366617801	0.6173943068270051
3.435	1.4012340562169965	0.600480594801794
3.445	1.4131882129020064	0.6200233812350691
3.455	1.4248264833146775	0.6201110170486711
3.465	1.4361477028820846	0.6309778579353352
3.475	1.4471508953610313	0.6185335724038328
3.485	1.457835272266491	0.6237917212199606
3.495	1.4682002321846737	0.6223019123887243
3.505	1.4782453599714855	0.6083678180259857
3.515	1.4879704258372184	0.6464017611293101
3.525	1.4973753843183564	0.6123114296380816
3.535	1.5064603731375037	0.6308902221217331
3.545	1.5152257119524402	0.6537631694718891
3.555	1.5236719009954365	0.627384789577648
3.565	1.5317996196040038	0.6434221434668377
3.575	1.5396097246443095	0.6416694271947951
3.585	1.5471032488285843	0.635534920242646
3.595	1.5542813989278785	0.6440355941620526
3.605	1.5611455538816026	0.6359730993106567
3.615	1.5676972628053825	0.6642794671041446
3.625	1.573938242898739	0.6399167109227525
3.635	1.5798703772542555	0.6363236425650651
3.645	1.5854957125698936	0.6372876365146886
3.655	1.590816456766194	0.6465770327565143
3.665	1.5958349765101734	0.6507835518094166
3.675	1.6005537946477482	0.630802586308131
3.685	1.604975587546607	0.6372876365146886
3.695	1.6091031823514732	0.6505206443686102
3.705	1.6129395541537892	0.6445614090436654
3.715	1.6164878230778643	0.6428086927716228
3.725	1.6197512512856047	0.6350967411746353
3.735	1.6227332399019851	0.6294004132904969
3.745	1.6254373258634547	0.6421952420764079
3.755	1.6278671786915437	0.6357101918698502
3.765	1.630026597193941	0.6272971537640458
3.775	1.631919506095399	0.610558713366039
3.785	1.6335499526008164	0.630802586308131
3.795	1.6349221028929288	0.620636831930284
3.805	1.6360402385670507	0.6194099305398542
3.815	1.636908753005351	0.6219513691343159
3.825	1.63753214769318	0.6245804435423797
3.835	1.6379150284800041	0.630101499799314
3.845	1.6380621017875276	0.6336945681570013
3.855	1.6379781707676029	0.6162550412501774
3.865	1.6376681314125816	0.6229153630839394
3.875	1.6371369686207478	0.6200233812350691
3.885	1.636389752219544	0.6068780091947495
3.895	1.6354316329492746	0.61800775752222
3.905	1.6342678384100235	0.6054758361771154
3.915	1.6329036689745409	0.6053005645499112
3.925	1.6313444936698382	0.595047174358462
3.935	1.6295957460302946	0.6162550412501774
3.945	1.6276629199250439	0.6123114296380816
3.955	1.6255515653624582	0.6114350715020603
3.965	1.6232672842745202	0.6072285524491581
3.975	1.6208157262839222	0.5766436535020147
3.985	1.618202584456704	0.5908406553055597
3.995	1.6154335910432507	0.5925057357640002
4.005	1.6125145132104954	0.5770818325700253
4.015	1.6094511487681396	0.5797109069780892
4.025	1.606249321891728	0.56945751678664
4.035	1.602914878845403	0.5671789856329847
4.045	1.5994536837071498	0.5715607763130912
4.055	1.5958716140993452	0.5674418930737911
4.065	1.5921745569274197	0.5722618628219083
4.075	1.5883684041294215	0.5521932615070205
4.085	1.5844590484392531	0.5783963697740573
4.095	1.5804523791663592	0.5692822451594358
4.105	1.5763542779946034	0.5712978688722848
4.115	1.5721706148030785	0.5638488247161038
4.125	1.5679072435115406	0.5715607763130912
4.135	1.5635699979531865	0.5427285936379904
4.145	1.5591646877774104	0.5599052131040079
4.155	1.5546970943852103	0.555260514983095
4.165	1.5501729668998463	0.5508787243029886
4.175	1.5455980181753357	0.5412387848067542
4.185	1.5409779208453616	0.5486001931493332
4.195	1.5363183034150985	0.5484249215221288
4.205	1.5316247463984767	0.5547347001014823
4.215	1.5269027785033211	0.5314235736833157
4.225	1.522157872866804	0.5528943480158375
4.235	1.5173954433435992	0.5482496498949246
4.245	1.512620840849075	0.5351042778546051
4.255	1.5078393497598461	0.5535077987110524
4.265	1.5030561843739396	0.5349290062274009
4.275	1.498276485432808	0.5400995192299266
4.285	1.493505316707357	0.5337897406505732
4.295	1.4887476616501298	0.5334391973961646
4.305	1.484008420115721	0.5510539959301928
4.315	1.4792924051514684	0.5344908271593902
4.325	1.474604339860401	0.5345784629729924
4.335	1.4699488543383743	0.5380838955170776
4.345	1.4653304826872904	0.52625306068079
4.355	1.460753660106212	0.535016642041003
4.365	1.4562227200621625	0.5283563202072411
4.375	1.4517418915423153	0.5274799620712198
4.385	1.4473152963892502	0.5344908271593902
4.395	1.4429469467208662	0.5194174672198238
4.405	1.4386407424365057	0.5293203141568645
4.415	1.434400468810772	0.5338773764641753
4.425	1.4302297941764623	0.5226599923231027
4.435	1.426132267697992	0.5429915010787968
4.445	1.4221113172365931	0.5162625779301472
4.455	1.4181702473085447	0.5266912397488007
4.465	1.414312237137591	0.5447442173508394
4.475	1.4105403388026767	0.5386097103986903
4.485	1.406857475482029	0.5304595797336923
4.495	1.4032664397945793	0.5388726178394967
4.505	1.3997698922396151	0.5277428695120262
4.515	1.3963703597355464	0.5096022560963853
4.525	1.3930702342585246	0.5081124472651491
4.535	1.3898717715816589	0.5152985839805238
4.545	1.386777090115448	0.5198556462878345
4.555	1.3837881698500216	0.5115302439956322
4.565	1.3809068513996887	0.5056586444842895
4.575	1.3781348351502316	0.5266036039351986
4.585	1.3754736805093162	0.5117931514364386
4.595	1.372924805260309	0.5121436946908471
4.605	1.3704894850197513	0.5146851332853088
4.615	1.368168852798623	0.5021532119402043
4.625	1.3659638986675113	0.5026790268218171
4.635	1.3638754695256847	0.5216959983734792
4.645	1.3619042689740475	0.508725897960364
4.655	1.360050857291826	0.5017150328721937
4.665	1.3583156515168362	0.5086382621467619
4.675	1.3566989256290467	0.5159996704893408
4.685	1.3552008108371245	0.5126695095724599
4.695	1.3538212959675748	0.5045193789074618
4.705	1.3525602279560058	0.5159120346757387
4.715	1.3514173124399953	0.5166131211845557
4.725	1.350392114452954	0.5161749421165451
4.735	1.3494840592183412	0.5199432821014367
4.745	1.3486924330434737	0.5102157067916002
4.755	1.3480163843121684	0.503993564025849
4.765	1.3474549245753296	0.5334391973961646
4.775	1.347006929738565	0.5166131211845557
4.785	1.3466711413458454	0.5178400225749855
4.795	1.3464461679581619	0.5121436946908471
4.805	1.346330486626039	0.5177523867613835
4.815	1.346322444454767	0.5157367630485344
4.825	1.3464202602610738	0.5117931514364386
4.835	1.3466220263199828	0.51678839281176
4.845	1.346925710200462	0.5046946505346661
4.855	1.3473291566884829	0.5023284835674086
4.865	1.3478300897959852	0.5200309179150389
4.875	1.3484261148542536	0.5238868937135325
4.885	1.3491147206901057	0.5121436946908471
4.895	1.3498932818832503	0.5280057769528326
4.905	1.350759061103149	0.5095146202827833
4.915	1.3517092115236127	0.5186287448974047
4.925	1.3527407793133712	0.522922899763909
4.935	1.353850706200756	0.5103033426052024
4.945	1.3550358321106113	0.5293203141568645
4.955	1.3562928978715116	0.5266036039351986
4.965	1.3576185479912897	0.5280934127664347
4.975	1.3590093334988635	0.5264283323079942
4.985	1.3604617148502898	0.5237992578999304
4.995	1.3619720648969418	0.5386097103986903
5.005	1.3635366719136575	0.5252890667311666
5.015	1.3651517426846826	0.5358930001770243
5.025	1.3668134056451775	0.5304595797336923
5.035	1.3685177140760392	0.543780223401216
5.045	1.370260649349734	0.535630092736218
5.055	1.37203812422484	0.5374704448218627
5.065	1.3738459861869226	0.5281810485800369
5.075	1.3756800208333757	0.5397489759755181
5.085	1.3775359552998054	0.5458834829276671
5.095	1.3794094617255424	0.5443060382828288
5.105	1.3812961607557885	0.5431667727060011
5.115	1.3831916250779552	0.5408006057387436
5.125	1.3850913829896545	0.5327381108873477
5.135	1.3869909219958374	0.5421151429427755
5.145	1.3888856924325441	0.5334391973961646
5.155	1.390771111114697	0.5504405452349779
5.165	1.3926425650053698	0.5556986940511057
5.175	1.3944954149039583	0.55052818104858
5.185	1.3963249991506541	0.551930354066214
5.195	1.3981266373446068	0.5536830703382567
5.205	1.3998956340731963	0.5476361991997097
5.215	1.4016272826497698	0.5410635131795499
5.225	1.4033168688572362	0.5521932615070205
5.235	1.404959674694907	0.543079136892399
5.245	1.406550982125949	0.5439554950284202
5.255	1.4080860768228358	0.5443060382828288
5.265	1.4095602519081873	0.5486001931493332
5.275	1.4109688116883743	0.5562245089327185
5.285	1.412307075377296	0.548512557335731
5.295	1.413570380807735	0.5372075373810563
5.305	1.4147540881276932	0.5598175772904058
5.315	1.4158535834791466	0.5641993679705123
5.325	1.416864282656654	0.5646375470385229
5.335	1.4177816347432817	0.5648128186657272
5.345	1.4186011257213063	0.5583277684591695
5.355	1.4193182820552002	0.5631477382072867
5.365	1.419928674244394	0.5583277684591695
5.375	1.4204279203433763	0.5698080600410486
5.385	1.4208116894466614	0.5759425669931977
5.395	1.421075705136219	0.557977225204761
5.405	1.4212157488889887	0.5813759874365297
5.415	1.4212276634420866	0.5691069735322315
5.425	1.4211073561134049	0.5656015409881463
5.435	1.4208508020752846	0.5777829190788424
5.445	1.4204540475790013	0.5705091465498656
5.455	1.4199132131278214	0.5828657962677659
5.465	1.4192244965964576	0.5799738144188956
5.475	1.4183841762947318	0.5700709674818549
5.485	1.4173886139733463	0.5894384822879257
5.495	1.4162342577696851	0.5942584520360428
5.505	1.41491764509159	0.5845308767262064
5.515	1.4134354054371325	0.5854072348622277
5.525	1.4117842631484316	0.597062798071311
5.535	1.409961040097592	0.577520011638036
5.545	1.407962658302935	0.5837421544037873
5.555	1.4057861424736855	0.5976762487665259
5.565	1.4034286224813726	0.5747156656027679
5.575	1.4008873357562222	0.5909282911191619
5.585	1.3981596296068866	0.5971504338849131
5.595	1.3952429634619117	0.5902272046103448
5.605	1.3921349110313799	0.5996042366657728
5.615	1.3888331623872399	0.5859330497438405
5.625	1.38533552596087	0.5820770739453468
5.635	1.381639930456508	0.5901395687967427
5.645	1.3777444266792038	0.6024962185146431
5.655	1.3736471892760405	0.5987278785297514
5.665	1.3693465183893965	0.603109669209858
5.675	1.3648408412211166	0.5918922850687853
5.685	1.360128713506501	0.5719113195674997
5.695	1.3552088208970734	0.5998671441065792
5.705	1.3500799802511831	0.5995166008521706
5.715	1.344741140831518	0.580850172554917
5.725	1.3391913854087059	0.5824276171997553
5.735	1.3334299312702305	0.575504387925187
5.745	1.3274561311339452	0.575504387925187
5.755	1.321269473965537	0.5973257055121174
5.765	1.3148695856993768	0.5910159269327641
5.775	1.3082562298622296	0.5918046492551832
5.785	1.3014293080993815	0.576818925129219
5.795	1.294388860602813	0.5882115808974958
5.805	1.2871350664410768	0.5875981302022809
5.815	1.279668243790668	0.5851443274214213
5.825	1.2719888500686924	0.5836545185901851
5.835	1.2640974819667015	0.5820770739453468
5.845	1.2559948753856833	0.5770818325700253
5.855	1.2476819052722075	0.5824276171997553
5.865	1.2391595853558188	0.5793603637236807
5.875	1.230429067787834	0.5776952832652402
5.885	1.2214916426817828	0.5882115808974958
5.895	1.2123487375557427	0.5705967823634678
5.905	1.2030019166769763	0.5696327884138443
5.915	1.1934528803092515	0.568055343769006
5.925	1.1837034638633666	0.545094760605248
5.935	1.1737556369514035	0.5608692070536313
5.945	1.1636115023453635	0.552543804761429
5.955	1.1532732948408506	0.5554357866102992
5.965	1.1427433800265574	0.5507910884893864
5.975	1.1320242529603723	0.5521932615070205
5.985	1.1211185367529937	0.5479867424541183
5.995	1.1100289810599635	0.5448318531644416
6.005	1.0987584604831668	0.5402747908571308
6.015	1.087309972882835	0.5367693583130456
6.025	1.0756866376011764	0.5436925875876139
6.035	1.063891693598846	0.5400118834163244
6.045	1.0519284975054817	0.5360682718042286
6.055	1.039800521585612	0.5299337648520794
6.065	1.027511351621311	0.534315555532186
6.075	1.015064684713019	0.5380838955170776
6.085	1.0024643269999816	0.5203814611694473
6.095	0.9897141913018737	0.5237116220863283
6.105	0.976818294683178	0.5131076886404705
6.115	0.9637807559419371	0.5115302439956322
6.125	0.9506057930246081	0.5050451937890746
6.135	0.9372977203687225	0.5090764412147726
6.145	0.9238609461751772	0.49356490220719557
6.155	0.9102999696119527	0.49111109942633596
6.165	0.8966193779511964	0.4944412603432169
6.175	0.8828238436415488	0.4995241375321404
6.185	0.8689181213177334	0.4805948017940804
6.195	0.8549070447494007	0.49610634080165733
6.205	0.8407955237313189	0.4839249627109613
6.215	0.826588540916963	0.4718312204338674
6.225	0.812291148597701	0.47796572738601645
6.235	0.7979084654297286	0.4885696608318742
6.245	0.783445673110968	0.4765635543683824
6.255	0.76890801301017	0.46692361487214806
6.265	0.7543007827505489	0.4822598822525208
6.275	0.7396293327502137	0.4787544497084356
6.285	0.72489906272178	0.4514120758645711
6.295	0.7101154181335074	0.4666607074313417
6.305	0.6952838866343966	0.45307715632301154
6.315	0.6804099944456492	0.4665730716177396
6.325	0.6654993027209658	0.4665730716177396
6.335	0.6505574038781371	0.46105201536080537
6.345	0.6355899179044174	0.44597865542123905
6.355	0.6206024886382403	0.44010705590989635
6.365	0.6056007800297543	0.43730270987462816
6.375	0.5905904723827695	0.4312558387360812
6.385	0.575577258580628	0.43029184478645777
6.395	0.5605668402986419	0.42871440014161943
6.405	0.5455649242056336	0.4147803057788808
6.415	0.5305772181571687	0.43134347454968336
6.425	0.515609427383114	0.4066301751138827
6.435	0.5006672506721266	0.4212653559854384
6.445	0.48575637655564485	0.40996033603076365
6.455	0.47088247949405104	0.42275516481667463
6.465	0.45605121606756	0.4016349337385613
6.475	0.44126822117451214	0.40987270021716155
6.485	0.42653910423960567	0.39550042678641223
6.495	0.4118694454347499	0.40110911885694855
6.505	0.39726479191505953	0.39208263005592914
6.515	0.38273065407263485	0.39418588958238027
6.525	0.3682725018106988	0.3719263929274393
6.535	0.3538957608406261	0.4001451249073251
6.545	0.33960580900445225	0.3851594007813609
6.555	0.3254079726253873	0.37735981337077135
6.565	0.3113075228888502	0.3783238073203948
6.575	0.2973096722565565	0.3819168756780821
6.585	0.28341957091607434	0.3869121170534035
6.595	0.2696423032684053	0.36745696643373066
6.605	0.25598288445593353	0.3777103566251799
6.615	0.24244625693322988	0.3712253064186222
6.625	0.2290372870830393	0.3646526203984625
6.635	0.21576076187984544	0.3671940589929243
6.645	0.20262138560332277	0.3681580529425477
6.655	0.18962377660397062	0.35369814369819624
6.665	0.17677246412321618	0.36000792227754963
6.675	0.16407188517015192	0.35518795252943247
6.685	0.1515263814571794	0.3561519464790559
6.695	0.1391401963966551	0.35010507534050894
6.705	0.12691747216067303	0.3570283046150772
6.715	0.11486224680605106	0.3522959706805622
6.725	0.10297845146656964	0.3441458400155641
6.735	0.09126990761442866	0.3469501860508323
6.745	0.07974032439288037	0.3465120069828216
6.755	0.06839329602195204	0.35220833486696007
6.765	0.05723229927905715	0.353522872070992
6.775	0.046260691056363545	0.3540486869526048
6.785	0.03548170599662548	0.34607382791481095
6.795	0.024898454209205112	0.3462490995420152
6.805	0.014513919067913661	0.3374855181818022
6.815	0.004330955092288091	0.3423931237435215
6.825	-0.0056477140861701525	0.33091283216164247
6.835	-0.015419497671277926	0.3271444921767509
6.845	-0.024981939561605437	0.32994883821201904
6.855	-0.03433272012059774	0.3315262828568574
6.865	-0.04346965785617507	0.32644340566793384
6.875	-0.05239071100846365	0.3266186772951381
6.885	-0.06109397904450853	0.3288095726351914
6.895	-0.06957770405883168	0.31575183640847404
6.905	-0.07784027207875172	0.3277579428719658
6.915	-0.08588021427345377	0.32381433125986997
6.925	-0.0936962080658697	0.3213605284790103
6.935	-0.10128707814649168	0.31645292291729105
6.945	-0.1086517973882628	0.32083471359739757
6.955	-0.11578948766186159	0.32223688661503164
6.965	-0.12269942055061556	0.313736212695625
6.975	-0.1293810179644747	0.31531365734046335
6.985	-0.13583385265245596	0.3143496633908399
6.995	-0.14205764861311465	0.3144372992044421
7.005	-0.14805228140256466	0.3079522489978845
7.015	-0.1538177783397403	0.3168034661716996
7.025	-0.1593543186086025	0.2990133960104672
7.035	-0.16466223325704665	0.30821515643869085
7.045	-0.16974200509242443	0.30541081040342266
7.055	-0.17459426847353132	0.30935442201551855
7.065	-0.1792198089990994	0.30821515643869085
7.075	-0.1836195630928219	0.30707589086186315
7.085	-0.18779461748507564	0.3095296936427228
7.095	-0.1917462085914876	0.3083904280658951
7.105	-0.1954757217886527	0.29848758112885443
7.115	-0.1989846905873135	0.3033951866905737
7.125	-0.20227479570341933	0.3147878424588506
7.135	-0.20534786402752103	0.3040086373857886
7.145	-0.20820586749305137	0.3032199150633694
7.155	-0.21085092184409238	0.30348282250417585
7.165	-0.2132852853033007	0.29200253092229683
7.175	-0.21551135714075276	0.3050602671490142
7.185	-0.21753167614448143	0.31005550852433555
7.195	-0.21934891899361264	0.3032199150633694
7.205	-0.22096589853502713	0.3048849955218099
7.215	-0.22238556196454096	0.30348282250417585
7.225	-0.22361098891370812	0.30707589086186315
7.235	-0.22464538944334334	0.3010290197233162
7.245	-0.22549210194497393	0.30470972389460566
7.255	-0.2261545909514937	0.3033075508769716
7.265	-0.22663644485832224	0.3001526615872949
7.275	-0.22694137355646027	0.2917396234814904
7.285	-0.22707320597887581	0.29734831555202673
7.295	-0.22703588756173798	0.3019930136729396
7.305	-0.22683347762203576	0.315050749899657
7.315	-0.2264701466532244	0.2952450560255756
7.325	-0.22595017354055336	0.3061995327258419
7.335	-0.22527794269780355	0.3132103978140123
7.345	-0.22445794112723894	0.30944205782912065
7.355	-0.2234947554045823	0.3009413839097141
7.365	-0.22239306859092434	0.31417439176363565
7.375	-0.221157657073483	0.3109318666603569
7.385	-0.2197933873372263	0.30944205782912065
7.395	-0.2183052126693772	0.3203965345293869
7.405	-0.2166981697988889	0.3102307801515398
7.415	-0.21497737547303286	0.322499794055838
7.425	-0.21314802297324542	0.3131227620004101
7.435	-0.21121537857248107	0.3206594419701933
7.445	-0.20918477793631318	0.32495359683669767
7.455	-0.2070616224700882	0.3321397335520723
7.465	-0.20485137561446176	0.32258742986944017
7.475	-0.20255955909170553	0.33108810378884673
7.485	-0.2001917491051889	0.3338924498241149
7.495	-0.197753572494473	0.32556704753191257
7.505	-0.19525070284851664	0.3336295423833085
7.515	-0.1926888565794721	0.321798707547021
7.525	-0.19007378895963767	0.32784557868556796
7.535	-0.1874112901241225	0.3341553572649213
7.545	-0.18470718104180617	0.32460305358228914
7.555	-0.18196730945722994	0.3277579428719658
7.565	-0.1791975458060433	0.32845902938078286
7.575	-0.17640377910667926	0.3371349749273937
7.585	-0.17359191283092767	0.33284082006088933
7.595	-0.17076786075611994	0.3307375605344382
7.605	-0.16793754280162088	0.34081567909868316
7.615	-0.1651068808523769	0.33108810378884673
7.625	-0.1622817945722529	0.3402898642170704
7.635	-0.15946819720990224	0.3429189386251343
7.645	-0.15667199139995103	0.3321397335520723
7.655	-0.15389906496224648	0.3371349749273937
7.665	-0.15115528670195966	0.3340677214513192
7.675	-0.14844650221330602	0.34493456233798325
7.685	-0.14577852968967453	0.3318768261112659
7.695	-0.14315715574294563	0.3346811721465341
7.705	-0.140588131234763	0.33398008563771703
7.715	-0.1380771671225527	0.3433571176931449
7.725	-0.13562993032304982	0.34537274140599394
7.735	-0.13325203959609	0.338011333063415
7.745	-0.13094906145142804	0.3452851055923918
7.755	-0.1287265060813284	0.3540486869526048
7.765	-0.12658982332164592	0.35518795252943247
7.775	-0.1245443986441232	0.3496668962724983
7.785	-0.12259554918260429	0.3546621376478197
7.795	-0.12074851979583928	0.3561519464790559
7.805	-0.11900847916954999	0.35650248973346443
7.815	-0.11738051596040011	0.3567653971742708
7.825	-0.11586963498447567	0.36167300273599007
7.835	-0.114480753452882	0.35080616184932595
7.845	-0.11321869725702355	0.35019271115411105
7.855	-0.11208819730609787	0.3590439283279262
7.865	-0.11109388591931668	0.36053373715916237
7.875	-0.11024029327533447	0.36211118180400076
7.885	-0.10953184392132781	0.3706118557234073
7.895	-0.10897285334413326	0.371751121300235
7.905	-0.10856752460581393	0.3706118557234073
7.915	-0.10831994504601555	0.3760452761667394
7.925	-0.10823408305335291	0.3702613124689988
7.935	-0.1083137849081533	0.37148821385942865
7.945	-0.10856277169871181	0.3660547934160966
7.955	-0.10898463631325517	0.3678075096881392
7.965	-0.1095828405097311	0.3661424292296987
7.975	-0.11036071206550158	0.3770092701163628
7.985	-0.11132144200896632	0.36833332456975193
7.995	-0.11246808193509428	0.3636886264488391
8.005	-0.11380354140679555	0.3687715036377626
8.015	-0.11533058544400049	0.3735914733858797
8.025	-0.11705183210228642	0.36447734877125826
8.035	-0.11896975014279343	0.3699107692145903
8.045	-0.12108665679516245	0.3693849543329775
8.055	-0.12340471561513938	0.3614977311087858
8.065	-0.12592593443844452	0.3765710910483522
8.075	-0.128652163432446	0.3875255677486184
8.085	-0.13158509324709944	0.36920968270577326
8.095	-0.13472625326660626	0.3628999041264199
8.105	-0.1380770099630817	0.3631628115672263
8.115	-0.14163856535359098	0.3631628115672263
8.125	-0.14541195556172282	0.36421444133045183
8.135	-0.14939804948489255	0.3654413427208817
8.145	-0.1535975475684539	0.3664929724841072
8.155	-0.1580109806876513	0.36211118180400076
8.165	-0.16263870913838385	0.3693849543329775
8.175	-0.1674809217376243	0.36176063854959223
8.185	-0.172537635034408	0.35422395857980904
8.195	-0.17780869263203214	0.3611471878543773
8.205	-0.1832937646222439	0.3631628115672263
8.215	-0.18899234713197077	0.35597667485185164
8.225	-0.19490376198316228	0.36132245948158154
8.235	-0.2010271564661983	0.35308469300298134
8.245	-0.2073615032272772	0.347476000932445
8.255	-0.21390560027010386	0.35422395857980904
8.265	-0.22065807107209945	0.35159488417174517
8.275	-0.22761736481538986	0.3521206990533579
8.285	-0.2347817567325876	0.35194542742615365
8.295	-0.24214934856747627	0.35545085997023884
8.305	-0.2497180691505103	0.35930683576873257
8.315	-0.2574856750890475	0.3373978823682001
8.325	-0.2654497515721097	0.34423347582916625
8.335	-0.2736077132894219	0.3426560311843279
8.345	-0.28195680546439417	0.33380481401051276
8.355	-0.290494105000648	0.3357328019097596
8.365	-0.29921652174159563	0.34309421025233855
8.375	-0.30812079984252005	0.3416044014211023
8.385	-0.31720351925456025	0.3318768261112659
8.395	-0.32646109731986583	0.3282837577535786
8.405	-0.33588979047717216	0.3429189386251343
8.415	-0.3454856960769692	0.32810848612637433
8.425	-0.3552447543053212	0.32372669544626786
8.435	-0.36516275021538225	0.3288095726351914
8.445	-0.3752353158655548	0.32574231915911683
8.455	-0.38545793256314953	0.33029938146642757
8.465	-0.3958259332123715	0.3203088987157848
8.475	-0.40633450476538613	0.31575183640847404
8.485	-0.41697869077510985	0.31066895921955046
8.495	-0.42775339404835655	0.32451541776868703
8.505	-0.4386533793978783	0.3168911019853017
8.515	-0.4496732764917477	0.31575183640847404
8.525	-0.4608075827985685	0.31417439176363565
8.535	-0.47205066662675166	0.30646244016664825
8.545	-0.48339677025625094	0.31058132340594835
8.555	-0.49484001316091697	0.3185561824437422
8.565	-0.5063743953196488	0.3101431443379377
8.575	-0.5179938006144724	0.3108442308467547
8.585	-0.5296920003135581	0.30944205782912065
8.595	-0.5414626566371792	0.3097049652699271
8.605	-0.5532993264045645	0.3026064643681545
8.615	-0.5651954647595121	0.29848758112885443
8.625	-0.5771444289725562	0.2991886676376715
8.635	-0.5891394823175335	0.29550796346638203
8.645	-0.6011737980202059	0.30357045831777796
8.655	-0.6132404632766462	0.29305416068552237
8.665	-0.6253324833390146	0.29708540811122036
8.675	-0.6374427856662892	0.29138908022708193
8.685	-0.6495642241374893	0.28946109232783507
8.695	-0.6616895833249004	0.2863938388517605
8.705	-0.6738115828247389	0.2743000965746666
8.715	-0.685922881642637	0.2755269979650964
8.725	-0.6980160826313719	0.2747382756426772
8.735	-0.7100837369781294	0.2767538993555262
8.745	-0.7221183487386145	0.2726350161162261
8.755	-0.7341123794152671	0.272547380302624
8.765	-0.7460582525768127	0.2676397747409047
8.775	-0.7579483585163653	0.2658870584688621
8.785	-0.7697750589452172	0.26395907056961526
8.795	-0.7815306917194866	0.2626445333655833
8.805	-0.793207575596738	0.25580893990461717
8.815	-0.8047980150196599	0.2552831250230044
8.825	-0.8162943049238798	0.25896382919429384
8.835	-0.8276887355669633	0.26194344685676624
8.845	-0.8389735973756247	0.25633475478622997
8.855	-0.850141185808198	0.2521282357333277
8.865	-0.8611838062293256	0.24625663622198501
8.875	-0.8720937787938847	0.24082321577865295
8.885	-0.8828634433371199	0.2417872097282764
8.895	-0.8934851642679587	0.24152430228747
8.905	-0.9039513354624671	0.23898286369300822
8.915	-0.9142543851543934	0.23083273302801013
8.925	-0.9243867808197848	0.23985922182902952
8.935	-0.9343410340525797	0.2382817771841912
8.945	-0.9441097054281964	0.24581845715397435
8.955	-0.9536854093519935	0.234776344640106
8.965	-0.9630608188896363	0.23556506696252516
8.975	-0.9722286705762835	0.23968395020182526
8.985	-0.9811817692015858	0.24371519762752325
8.995	-0.9899129925674945	0.23092036884161227
9.005	-0.9984152962158415	0.22986873907838673
9.015	-1.0066817181227337	0.23354944324967616
9.025	-1.0147053833567599	0.23293599255446126
9.035	-1.0224795086980787	0.22908001675596754
9.045	-1.0299974072154146	0.23232254185924636
9.055	-1.0372524927980808	0.23468870882650386
9.065	-1.044238284640109	0.23863232043859972
9.075	-1.0509484116736199	0.23354944324967616
9.085	-1.0573766169486087	0.2432770185595126
9.095	-1.0635167619563042	0.2353897953353209
9.105	-1.069362830893341	0.2341628939448911
9.115	-1.0749089348639695	0.23617851765774006
9.125	-1.0801493160176117	0.23521452370811663
9.135	-1.0850783516190514	0.23179672697763357
9.145	-1.089690558048631	0.22268260236301207
9.155	-1.0939805947298402	0.22040407120935668
9.165	-1.0979432679817336	0.23118327628241866
9.175	-1.1015735347936426	0.22671384978871004
9.185	-1.1048665065197163	0.23407525813128896
9.195	-1.1078174524908397	0.22040407120935668
9.205	-1.1104218035415507	0.2359156102169337
9.215	-1.1126751554496062	0.2275025721111292
9.225	-1.1145732722859194	0.22557458421188234
9.235	-Inf	0.0
9.245	-Inf	0.0
9.255	-Inf	0.0
9.265	-Inf	0.0
9.275	-Inf	0.0
9.285	-Inf	0.0
9.295	-Inf	0.0
9.305	-Inf	0.0
9.315	-Inf	0.0
9.325	-Inf	0.0
9.335	-Inf	0.0
9.345	-Inf	0.0
9.355	-Inf	0.0
9.365	-Inf	0.0
9.375	-Inf	0.0
9.385	-Inf	0.0
9.395	-Inf	0.0
9.405	-Inf	0.0
9.415	-Inf	0.0
9.425	-Inf	0.0
9.435	-Inf	0.0
9.445	-Inf	0.0
9.455	-Inf	0.0
9.465	-Inf	0.0
9.475	-Inf	0.0
9.485	-Inf	0.0
9.495	-Inf	0.0
9.505	-Inf	0.0
9.515	-Inf	0.0
9.525	-Inf	0.0
9.535	-Inf	0.0
9.545	-Inf	0.0
9.555	-Inf	0.0
9.565	-Inf	0.0
9.575	-Inf	0.0
9.585	-Inf	0.0
9.595	-Inf	0.0
9.605	-Inf	0.0
9.615	-Inf	0.0
9.625	-Inf	0.0
9.635	-Inf	0.0
9.645	-Inf	0.0
9.655	-Inf	0.0
9.665	-Inf	0.0
9.675	-Inf	0.0
9.685	-Inf	0.0
9.695	-Inf	0.0
9.705	-Inf	0.0
9.715	-Inf	0.0
9.725	-Inf	0.0
9.735	-Inf	0.0
9.745	-Inf	0.0
9.755	-Inf	0.0
9.765	-Inf	0.0
9.775	-Inf	0.0
9.785	-Inf	0.0
9.795	-Inf	0.0
9.805	-Inf	0.0
9.815	-Inf	0.0
9.825	-Inf	0.0
9.835	-Inf	0.0
9.845	-Inf	0.0
9.855	-Inf	0.0
9.865	-Inf	0.0
9.875	-Inf	0.0
9.885	-Inf	0.0
9.895	-Inf	0.0
9.905	-Inf	0.0
9.915	-Inf	0.0
9.925	-Inf	0.0
9.935	-Inf	0.0
9.945	-Inf	0.0
9.955	-Inf	0.0
9.965	-Inf	0.0
9.975	-Inf	0.0
9.985	-Inf	0.0
9.995	-Inf	0.0
