0.005	-Inf	0.0
0.015	-Inf	0.0
0.025	-Inf	0.0
0.035	-Inf	0.0
0.045	-Inf	0.0
0.055	-Inf	0.0
0.065	-Inf	0.0
0.075	-Inf	0.0
0.085	-Inf	0.0
0.095	-Inf	0.0
0.105	-Inf	0.0
0.115	-Inf	0.0
0.125	-Inf	0.0
0.135	-Inf	0.0
0.145	-Inf	0.0
0.155	-Inf	0.0
0.165	-Inf	0.0
0.175	-Inf	0.0
0.185	-Inf	0.0
0.195	-Inf	0.0
0.205	-Inf	0.0
0.215	-Inf	0.0
0.225	-Inf	0.0
0.235	-Inf	0.0
0.245	-Inf	0.0
0.255	-Inf	0.0
0.265	-Inf	0.0
0.275	-Inf	0.0
0.285	-Inf	0.0
0.295	-Inf	0.0
0.305	-Inf	0.0
0.315	-Inf	0.0
0.325	-Inf	0.0
0.335	-Inf	0.0
0.345	-Inf	0.0
0.355	-Inf	0.0
0.365	-Inf	0.0
0.375	-Inf	0.0
0.385	0.2642479942379339	0.42609110830462865
0.395	0.28669381144977063	0.44074129968378534
0.405	0.30938599494504043	0.4503610036616653
0.415	0.33231085576110986	0.43809367473574495
0.425	0.35545457848950174	0.45406767858892183
0.435	0.37880322945005085	0.4452422620954539
0.445	0.40234276493289234	0.44850766619803706
0.455	0.42605903950336266	0.4478016328785596
0.465	0.4499378143648571	0.4640403992265405
0.475	0.47396476577465363	0.47383661153428985
0.485	0.4981254935076788	0.45927467432006785
0.495	0.5224055293631588	0.4838975863368432
0.505	0.5467903457090896	0.47789630312128506
0.515	0.5712653640594125	0.48592743213034084
0.525	0.5958159636787901	0.5027839776328644
0.535	0.620427490209831	0.47789630312128506
0.545	0.6450852643176345	0.4984595235510652
0.555	0.6697745903464742	0.5059611275705129
0.565	0.6944807649834743	0.5275833979795091
0.575	0.7191890859241037	0.5307605479171575
0.585	0.7438848605343061	0.5366735769677811
0.595	0.7685534145041204	0.5400272352352988
0.605	0.7931801004876159	0.5406450143898416
0.615	0.8177503067239894	0.5595314056858628
0.625	0.8422494656346907	0.5640323680975314
0.635	0.8666630623914491	0.5734755637455421
0.645	0.8909766434500899	0.5716222262819138
0.655	0.9151758250450568	0.5801828802805776
0.665	0.9392463016395876	0.5838013010428995
0.675	0.9631738543264894	0.5728577845909993
0.685	0.986944359174533	0.6033054714934635
0.695	1.0105437955154812	0.5994222882363376
0.705	1.0339582541668273	0.597127679948036
0.715	1.057173945585336	0.6143372421102983
0.725	1.080177207946559	0.601805150689574
0.735	1.1029545151454987	0.5983632382571215
0.745	1.1254924847136738	0.6249277419024597
0.755	1.1477778856478773	0.6396661874465511
0.765	1.1697976461459805	0.6343709375504704
0.775	1.1915388612451818	0.6318998209322993
0.785	1.2129888003581746	0.6259867918816758
0.795	1.2341349147027496	0.6282814001699776
0.805	1.254964844620439	0.6476090622906722
0.815	1.2754664267798528	0.6553754288049238
0.825	1.2956277012604496	0.6681722827204523
0.835	1.3154369185125294	0.6823812032749356
0.845	1.334882546189355	0.6702021285139499
0.855	1.3539532758473298	0.6992377487774591
0.865	1.3726380295103042	0.6696726035243419
0.875	1.3909259660941002	0.6920891614177502
0.885	1.4088064876874922	0.6895297906346445
0.895	1.4262692456859152	0.6920891614177502
0.905	1.4433041467742995	0.7047095070034093
0.915	1.4599013587555063	0.6963253613346148
0.925	1.4760513162209323	0.700120290426806
0.935	1.4917447260599577	0.7154765151254401
0.945	1.5069725728049916	0.7114168235384448
0.955	1.5217261238090003	0.7340981439266573
0.965	1.5359969342524626	0.7088574527553392
0.975	1.5497768519768464	0.7258905065877321
0.985	1.563058022141771	0.7266847940721443
0.995	1.5758328917031421	0.7326860772877024
1.005	1.5880942137096632	0.7442473728941453
1.015	1.5998350514152102	0.7394816479876727
1.025	1.6110487822047064	0.741864510440909
1.035	1.6217291013312103	0.7422175271006477
1.045	1.6318700254620724	0.7211247816812595
1.055	1.6414658960321185	0.7362162438850895
1.065	1.6505113824019348	0.7315387731435515
1.075	1.65900148481946	0.7494543686252914
1.085	1.666931537183186	0.741864510440909
1.095	1.6742972096054238	0.7607509017369303
1.105	1.68109451077417	0.7379813271837832
1.115	1.6873197901122772	0.7337451272669185
1.125	1.6929697397327095	0.748748335305814
1.135	1.6980413961888288	0.7469832520071203
1.145	1.702532142018752	0.7557204143356535
1.155	1.7064397070829544	0.7370105313695017
1.165	1.7097621696944325	0.7367457688746977
1.175	1.7124979575408372	0.7515724685837236
1.185	1.7146458483981446	0.727037810731883
1.195	1.7162049706355318	0.7312740106487475
1.205	1.7171748035112737	0.7347159230812
1.215	1.717555177259585	0.7194479525475006
1.225	1.7173462729684694	0.7087691985904044
1.235	1.7165486222487631	0.7015323570657608
1.245	1.715163106694674	0.7046212528384745
1.255	1.7131909571362678	0.6977374279735696
1.265	1.7106337526844526	0.7074453861163843
1.275	1.707493419569152	0.7010910862410874
1.285	1.7037722297714835	0.6796453241619606
1.295	1.6994727994508723	0.6692313326996684
1.305	1.6945980871681705	0.673997057606141
1.315	1.689151391905953	0.6704668910087539
1.325	1.683136350887307	0.6479620789504109
1.335	1.6765569371945312	0.6408134915907019
1.345	1.6694174571893063	0.6396661874465511
1.355	1.6617225477359834	0.6420490498997874
1.365	1.6534771732297955	0.6252807585621984
1.375	1.64468662243188	0.6169848670583387
1.385	1.6353565051131351	0.6176026462128814
1.395	1.625492748509048	0.6112483463375845
1.405	1.6151015935877264	0.6220153544596153
1.415	1.6041895911335093	0.6159258170791225
1.425	1.5927635976486112	0.60701214642072
1.435	1.580830771075383	0.6058648422765691
1.445	1.5683985663418747	0.611954379657062
1.455	1.5554747307334866	0.6030407089986595
1.465	1.542067299093603	0.5895378217636535
1.475	1.528184588856211	0.5984514924220561
1.485	1.5138351949135846	0.5864489259909398
1.495	1.4990279843222476	0.6016286423597046
1.505	1.4837720908504897	0.5778000178273414
1.515	1.4680769093708275	0.5820362177442059
1.525	1.4519520901008836	0.5689746013338735
1.535	1.4354075326962525	0.5811536760948591
1.545	1.418453380199001	0.5741815970650195
1.555	1.4011000128455553	0.5594431515209282
1.565	1.3833580417377727	0.5790355761364269
1.575	1.3652383023811265	0.5473523309248772
1.585	1.3467518480939684	0.5532653599755006
1.595	1.3279099432919275	0.5493821767183747
1.605	1.3087240566515783	0.5483231267391586
1.615	1.289205854157574	0.5271421271548358
1.625	1.2693671920375174	0.5361440519781729
1.635	1.2492201095888977	0.5368500852976504
1.645	1.2287768219024917	0.533937697854806
1.655	1.208049712486687	0.5184932189912372
1.665	1.1870513257972306	0.5257300605158809
1.675	1.1657943596769902	0.5099325649925734
1.685	1.1442916577103233	0.5179636940016292
1.695	1.1225562014967387	0.4930760194900498
1.705	1.1006011028485525	0.5115211399613976
1.715	1.0784395959173096	0.4930760194900498
1.725	1.0560850292537474	0.5038430276120806
1.735	1.0335508578061523	0.5012836568289749
1.745	1.0108506348619655	0.49113442786148687
1.755	0.9879980039375365	0.46765881998886233
1.765	0.9650066906209664	0.4698651741122293
1.775	0.9418904943729618	0.4719832740706616
1.785	0.9186632802907031	0.4669527866693849
1.795	0.8953389708397027	0.48372107800697384
1.805	0.8719315375586605	0.4670410408343196
1.815	0.848454992742341	0.4492136995175145
1.825	0.8249233811075071	0.4478898870434943
1.835	0.8013507714469357	0.44612480374480074
1.845	0.7777512482765585	0.4458600412499967
1.855	0.7541389034807796	0.4487724286928411
1.865	0.7305278279609837	0.44762512454869025
1.875	0.7069321032922926	0.4263558707994327
1.885	0.6833657933935768	0.4317393748604481
1.895	0.6598429362157319	0.4172656918111608
1.905	0.6363775354532217	0.4148828293579245
1.915	0.6129835522838691	0.4159418793371406
1.925	0.5896748971418369	0.3970554880411194
1.935	0.5664654215287399	0.40623392119432594
1.945	0.5433689098677996	0.39802628385540084
1.955	0.5203990714058933	0.3810814841879425
1.965	0.4975695321683665	0.39555516723722983
1.975	0.47489382697139737	0.3849646674450684
1.985	0.45238539149667634	0.39811453802033553
1.995	0.4300575544331353	0.36448970118022295
2.005	0.40792352969040613	0.3704909843957811
2.015	0.3859964086886277	0.3688141552620222
2.025	0.3642891527291908	0.3709322552204545
2.035	0.3428145854509536	0.3651074803347657
2.045	0.32158538537638703	0.37269733851914805
2.055	0.30061407855207034	0.35248713474910665
2.065	0.2799130312878955	0.3626363637165947
2.075	0.2594944429992428	0.3649309720048963
2.085	0.2393703391563854	0.3486039514919808
2.095	0.21955256434523973	0.3638719220256802
2.105	0.20005277544356792	0.3394255183387742
2.115	0.18088243491660827	0.3395137725037089
2.125	0.16205280423610835	0.35248713474910665
2.135	0.1435749374265593	0.32715818941285385
2.145	0.12545967474243663	0.3258343769388337
2.155	0.10771763648012883	0.32433405613494415
2.165	0.09035921692812288	0.3396020266686436
2.175	0.07339457845901243	0.32839374772193936
2.185	-0.11397054780587645	0.286208256883163
2.195	-0.128432252725327	0.2789714153585193
2.205	-0.14247113782146847	0.274382198781916
2.215	-0.15607802451169484	0.26917520305077
2.225	-0.16924399342593444	0.276588552905283
2.235	-0.18196038939531478	0.26670408643259896
2.245	-0.19421882627709475	0.25893771991834724
2.255	-0.20601119161310488	0.2530246908677238
2.265	-0.2173296511190541	0.257084382454719
2.275	-0.22816665300220484	0.2555840616508295
2.285	-0.23851493210496744	0.25752565327939236
2.295	-0.2483675138721092	0.2603497865573021
2.305	-0.25771771813939226	0.2537307241872012
2.315	-0.26655916274152835	0.2502005575898141
2.325	-0.27488576693748934	0.25646660330017623
2.335	-0.2826917546512965	0.24693515348723094
2.345	-0.2899716575265676	0.2540837408469399
2.355	-0.29672031779314756	0.2512596075690302
2.365	-0.3029328909443454	0.24808245763138176
2.375	-0.3086048482233671	0.2634386823300159
2.385	-0.3137319789176518	0.24190466608595426
2.395	-0.3183103924599766	0.24967103260020598
2.405	-0.32233652033526916	0.25187738672357296
2.415	-0.32580711779221605	0.26140883653651825
2.425	-0.3287192653588622	0.23872751614830584
2.435	-0.33107037016154717	0.2367859245197429
2.445	-0.3328581670465798	0.2545250116716133
2.455	-0.3340807195042581	0.2459643576729495
2.465	-0.33473642039488816	0.256819619959915
2.475	-0.3348239924766372	0.2409338702716728
2.485	-0.33434248873513983	0.24322847855997445
2.495	-0.33329129251490497	0.24614086600281884
2.505	-0.33167011745271247	0.24437578270412527
2.515	-0.3294790072132754	0.24949452427033664
2.525	-0.3267183350276204	0.25064182841448746
2.535	-0.32338880303467166	0.25073008257942214
2.545	-0.31949144142675434	0.2413751410963462
2.555	-0.31502760739975744	0.2580551782690005
2.565	-0.3099989839088598	0.23961005779765263
2.575	-0.30440757823085907	0.2554075533209601
2.585	-0.298255720334206	0.24508181602360268
2.595	-0.29154606105802106	0.24411102020932124
2.605	-0.28428157010143984	0.25205389505344233
2.615	-0.276465533824802	0.25223040338331165
2.625	-0.2681015528642362	0.244728799363864
2.635	-0.259193539561398	0.25152437006383427
2.645	-0.24974571521014843	0.25205389505344233
2.655	-0.2397626071221286	0.2569961282897843
2.665	-0.22924904551325864	0.2633504281650812
2.675	-0.21821016021331885	0.25214214921837697
2.685	-0.2066513772008718	0.25646660330017623
2.695	-0.19457841496588335	0.25593707831056817
2.705	-0.18199728070250276	0.2537307241872012
2.715	-0.1689142663345995	0.26105581987677956
2.725	-0.15533594437667086	0.26149709070145294
2.735	-0.14126916363295317	0.2711167946793329
2.745	-0.12672104473752832	0.27094028634946354
2.755	-0.11169897553845953	0.2698812363702474
2.765	-0.09621060632893552	0.27729458622476044
2.775	-0.08026384492861671	0.2819720569662984
2.785	-0.06386685161838701	0.2727053696481571
2.795	-0.047028033931836855	0.27614728208060957
2.805	-0.029756041306873926	0.29865209413895266
2.815	-0.01205975960095762	0.2930920817480679
2.825	0.006051694526488904	0.28797334018185655
2.835	0.024568979360862442	0.2871790526974444
2.845	0.0434825340045949	0.3058889356635963
2.855	0.0627825843710682	0.29741653582986716
2.865	0.08245914929632492	0.3103898980752649
2.875	0.10250204676466329	0.3071244939726818
2.885	0.12290090024413036	0.3100368814155262
2.895	0.14364514512782267	0.3234515144855974
2.905	0.16472403527692808	0.3273346977427232
2.915	0.18612664966128356	0.31444958966226016
2.925	0.2078418990932419	0.3222159561765119
2.935	0.22985853305057824	0.333159472628412
2.945	0.25216514658405503	0.3311296268349144
2.955	0.2747501873053346	0.3307766101751757
2.965	0.297601962450744	0.3300705768556983
2.975	0.32070864601649285	0.34701537652315656
2.985	0.3440582859607736	0.34966300147119694
2.995	0.36763881146827626	0.35637031800623253
3.005	0.39143804027247264	0.36325414287113744
3.015	0.41544368603114507	0.3705792385607158
3.025	0.4396433657504488	0.3681081219425448
3.035	0.4640246072529271	0.3826700591567668
3.045	0.4885748566847614	0.377110046765882
3.055	0.5132814860575721	0.3887595965372596
3.065	0.5381318008200909	0.3837291091359829
3.075	0.5631130474549304	0.3920250006398427
3.085	0.588212421095778	0.3879653090528475
3.095	0.6134170731602547	0.3877888007229781
3.105	0.6387141189936821	0.4077342419982155
3.115	0.6640906455190585	0.40711646284367276
3.125	0.689533718888482	0.4251203124903472
3.135	0.715030392131293	0.4214136375630907
3.145	0.7405677127942238	0.42900349574747304
3.155	0.7661327305688299	0.43535779562276994
3.165	0.7917125049015303	0.43518128729290056
3.175	0.8172941125815617	0.4478016328785596
3.185	0.8428646553021898	0.4350047789630312
3.195	0.868411267190544	0.4516848161356855
3.205	0.8939211223014913	0.4550384744032033
3.215	0.9193814420709121	0.45009624116686126
3.225	0.9447795027239164	0.4626283325875856
3.235	0.9701026426333867	0.4806321822342601
3.245	0.9953382696244817	0.4806321822342601
3.255	1.0204738682205559	0.4910461736965522
3.265	1.0454970068262077	0.4951058652835474
3.275	1.0703953448430235	0.5068436692198597
3.285	1.095156639713778	0.4950176111186127
3.295	1.1197687538908143	0.5197287773003227
3.305	1.1442196617244427	0.5110798691367242
3.315	1.1684974562671686	0.516375119032805
3.325	1.1925903559897273	0.5417923185339925
3.335	1.2164867114048925	0.5387916769262133
3.345	1.2401750115950776	0.5615612514793604
3.355	1.2636438906398988	0.5571485432326265
3.365	1.2868821339398298	0.5658857055611597
3.375	1.3098786844322308	0.5541479016248474
3.385	1.332622648696091	0.5607669639949483
3.395	1.3551033029418382	0.5777117636624066
3.405	1.377310098882762	0.5961568841337544
3.415	1.3992326694845516	0.5854781301766584
3.425	1.4208608345896296	0.6022464215142473
3.435	1.442184606412999	0.6010108632051618
3.445	1.4631941949063905	0.6102775505233031
3.455	1.4838800129876624	0.6164553420687305
3.465	1.5042326816323832	0.6175143920479468
3.475	1.5242430348247322	0.6295169584790631
3.485	1.5439021243648468	0.6469030289711948
3.495	1.5632012245299292	0.6401957124361591
3.505	1.582131836586431	0.6441671498582197
3.515	1.6006856931508462	0.6550224121451852
3.525	1.6188547623965925	0.6574935287633562
3.535	1.636631252104727	0.66058242453607
3.545	1.6540076135562127	0.6603176620412659
3.555	1.6709765452636212	0.689971061459318
3.565	1.6875309965402638	0.6782332575230057
3.575	1.7036641709048068	0.6947367863657906
3.585	1.7193695293195816	0.6769976992139202
3.595	1.7346407932608805	0.673467532616533
3.605	1.7494719476196445	0.6879412156658203
3.615	1.7638572434310675	0.6910301114385341
3.625	1.7777912004317327	0.6805278658113073
3.635	1.7912686094430417	0.6901475697891872
3.645	1.804284534579765	0.6948250405307252
3.655	1.8168343152827002	0.675938649234704
3.665	1.8289135681745106	0.692971703067097
3.675	1.8405181887379274	0.7188301733929578
3.685	1.8516443528156405	0.7091222152501432
3.695	1.8622885179312914	0.6975609196437003
3.705	1.8724474244311007	0.7110638068787062
3.715	1.8821180964457893	0.6983552071281124
3.725	1.8912978426725684	0.7279203523812298
3.735	1.8999842569770549	0.7147704818059626
3.745	1.908175218815146	0.700120290426806
3.755	1.915868893474937	0.7258905065877321
3.765	1.9230637321389183	0.7179476317436111
3.775	1.9297584717668004	0.7376283105240444
3.785	1.9359521347994249	0.7392168854928687
3.795	1.9416440286843106	0.7204187483617821
3.805	1.9468337452235467	0.7120346026929876
3.815	1.9515211597448041	0.7169768359293296
3.825	1.9557064300963996	0.7204187483617821
3.835	1.959389995467399	0.7153882609605053
3.845	1.962572575033931	0.7229781191448877
3.855	1.9652551664328999	0.7259787607526669
3.865	1.9674390440644982	0.7290676565253806
3.875	1.9691257572249472	0.7216543066708676
3.885	1.970317128071021	0.6955310738502026
3.895	1.9710152494180573	0.7142409568163546
3.905	1.9712224823731783	0.7214777983409982
3.915	1.9709414538056524	0.7197127150423046
3.925	1.9701750536563407	0.712211111022857
3.935	1.9689264320883082	0.7109755527137714
3.945	1.9671989964807977	0.7047977611683439
3.955	1.964996408268814	0.7090339610852086
3.965	1.9623225796307322	0.7263317774124055
3.975	1.9591816700263316	0.6972961571488963
3.985	1.9555780825878952	0.698178698798243
3.995	1.951516460366935	0.7098282485696207
4.005	1.9470016824393688	0.7045329986735399
4.015	1.9420388598719045	0.6881177239956897
4.025	1.9366333315525777	0.6919126530878809
4.035	1.9307906598884452	0.6704668910087539
4.045	1.924516626373465	0.6874116906762122
4.055	1.917817227029785	0.6792040533372872
4.065	1.9106986677255977	0.6715259409879701
4.075	1.903167359372939	0.6853818448827146
4.085	1.8952299130087524	0.6604059162062006
4.095	1.8868931347627034	0.668260536885387
4.105	1.8781640207152641	0.6359595125192946
4.115	1.8690497516496243	0.6463735039815867
4.125	1.859557687701092	0.6277518751803695
4.135	1.8496953629077109	0.6433728623738075
4.145	1.8394704796658359	0.6461969956517173
4.155	1.8288909030944955	0.6357830041894252
4.165	1.8179646553124296	0.6106305671830418
4.175	1.806699909631704	0.6337531583959276
4.185	1.7951049846719211	0.6237804377583089
4.195	1.7831883383990144	0.6164553420687305
4.205	1.7709585620926929	0.6163670879037959
4.215	1.7584243742466474	0.5985397465869908
4.225	1.7455946144056824	0.6194559836765097
4.235	1.7324782369439138	0.6123956504817354
4.245	1.7190843047882676	0.6007461007103578
4.255	1.705421983091522	0.5984514924220561
4.265	1.6915005328591213	0.5958038674740158
4.275	1.677329304534118	0.59739244244284
4.285	1.662917731544492	0.5831835218883568
4.295	1.6482753238172176	0.5838013010428995
4.305	1.6334116612633842	0.5769174761779945
4.315	1.6183363872387724	0.5743581053948889
4.325	1.603059201984235	0.5715339721169791
4.335	1.5875898560502264	0.563326334778054
4.345	1.5719381437099222	0.5641206222624662
4.355	1.5561138963652306	0.5374678644521932
4.365	1.5401269759501615	0.5347319853392182
4.375	1.5239872683358335	0.5575015598923653
4.385	1.5077046767415632	0.5357910353184343
4.395	1.491289115156355	0.5395859644106255
4.405	1.4747505017751115	0.5465580434404651
4.415	1.4580987524539615	0.5178754398366945
4.425	1.4413437741889326	0.5131097149302218
4.435	1.4244954586223069	0.5238767230522526
4.445	1.4075636755809264	0.5077262108692064
4.455	1.3905582666506195	0.5198170314652575
4.465	1.3734890387910497	0.5162868648678702
4.475	1.3563657579950652	0.49678269441730627
4.485	1.339198142996774	0.5101090733224428
4.495	1.3219958590323542	0.5102855816523121
4.505	1.304768511657753	0.5000480985198894
4.515	1.2875256406272089	0.49122268202642155
4.525	1.2702767138366209	0.4987242860458692
4.535	1.253031121335678	0.5061376359003822
4.545	1.235798169412584	0.5028722317977992
4.555	1.218587074755259	0.4961649152627635
4.565	1.2014069586927167	0.48486838215112465
4.575	1.1842668415203836	0.5083439900237492
4.585	1.1671756369129382	0.4719832740706616
4.595	1.1501421464283148	0.5086970066834879
4.605	1.133175054106348	0.4777197947914157
4.615	1.1162829211655256	0.4802791655745214
4.625	1.0994741808012045	0.49819476105626115
4.635	1.0827571330886436	0.48336806134723515
4.645	1.0661399399940361	0.4668645325044502
4.655	1.0496306204967387	0.4654524658654954
4.665	1.0332370458257558	0.4744543906888326
4.675	1.0169669348134731	0.4508022744863387
4.685	1.0008278493695943	0.45918642015513317
4.695	0.9848271900780751	0.4595394368148719
4.705	0.968972191919832	0.44886068285777575
4.715	0.9532699201238604	0.4582156243408517
4.725	0.9377272661493707	0.45671530353696216
4.735	0.922350943801402	0.44603654957986605
4.745	0.9071474854823014	0.44488924543571523
4.755	0.8921232385813862	0.44488924543571523
4.765	0.8772843620049627	0.4350930331279659
4.775	0.8626368228488437	0.43032730822149323
4.785	0.8481863932153391	0.44021177469417727
4.795	0.8339386471766551	0.452920374444771
4.805	0.8198989578864844	0.4346517623032925
4.815	0.8060724948415254	0.43112159570590536
4.825	0.7924642212945221	0.4319158831903175
4.835	0.779078891820313	0.44559527875519267
4.845	0.7659210500363204	0.43235715401499086
4.855	0.7529950264787365	0.44612480374480074
4.865	0.7403049366356311	0.4359755747773127
4.875	0.7278546791380265	0.4155888626774019
4.885	0.7156479341099407	0.42185490838776407
4.895	0.7036881616782553	0.41249996690468815
4.905	0.691978600643156	0.4197368084293318
4.915	0.6805222673098174	0.42538507498515127
4.925	0.6693219544818512	0.423531737521523
4.935	0.6583802306169568	0.4196485542643971
4.945	0.6476994391451079	0.42441427917086977
4.955	0.6372816979494625	0.4170009293163568
4.965	0.6271288990101151	0.4215018917280254
4.975	0.6172427082106866	0.40844027531769295
4.985	0.6076245653076201	0.41611838766701
4.995	0.5982756840619702	0.4173539459760955
5.005	0.5891970525333345	0.399085333834617
5.015	0.5803894335355009	0.4156771168423366
5.025	0.5718533652532427	0.4034980420813509
5.035	0.5635891620196036	0.4134707627189696
5.045	0.5555969152529034	0.4156771168423366
5.055	0.547876494552584	0.41541235434753254
5.065	0.5404275489529256	0.3987323171748783
5.075	0.5332495083335207	0.4002326379787678
5.085	0.5263415849853352	0.4003208921437025
5.095	0.5197027753310406	0.41364727104883897
5.105	0.5133318617982229	0.39502564224762177
5.115	0.5072274148439719	0.3995266046592904
5.125	0.5013877951292248	0.3971437422060541
5.135	0.4958111558411766	0.38690625907363135
5.145	0.490495445161955	0.40093867129824523
5.155	0.4854384088816322	0.3878770548879128
5.165	0.48063759315360843	0.40296851709174286
5.175	0.47609034739025313	0.4102053586163865
5.185	0.4717938272966139	0.3878770548879128
5.195	0.46774499803992636	0.39361357560866694
5.205	0.4639406375525534	0.39502564224762177
5.215	0.46037733996588504	0.39520215057749114
5.225	0.4570515191726545	0.3908776964956919
5.235	0.4539594125150555	0.37516845513731906
5.245	0.4510970845959175	0.39670247138138065
5.255	0.4484604312101623	0.38699451323856604
5.265	0.44604518339366084	0.3930840506190588
5.275	0.4438469115865282	0.3796694175489877
5.285	0.4418610299078184	0.40314502542161224
5.295	0.44008280053854265	0.3775513175905554
5.305	0.43850733820979626	0.40040914630863716
5.315	0.4371296147927657	0.38575895492948054
5.325	0.435944463987306	0.39379008393853626
5.335	0.4349465861056867	0.3994383504943557
5.345	0.4341305529480799	0.3874357840632394
5.355	0.43349081276628076	0.3948491339177524
5.365	0.43302169531209667	0.4010269254631799
5.375	0.43271741696676735	0.3929957964541242
5.385	0.43257208594778696	0.4003208921437025
5.395	0.4325797075893488	0.39890882550474765
5.405	0.43273418969268285	0.4057043962047179
5.415	0.4330293479424394	0.3887595965372596
5.425	0.4334589113852665	0.3917602381450387
5.435	0.43401652796667345	0.3959081838969686
5.445	0.4346957701222417	0.4079107503280849
5.455	0.4354901404192001	0.40261550043200417
5.465	0.43639307724433696	0.39670247138138065
5.475	0.4373979605342484	0.3932605589489282
5.485	0.4384981175438003	0.40720471700860744
5.495	0.43968682864874664	0.41832474179037693
5.505	0.4409573331783678	0.39802628385540084
5.515	0.4423028352739927	0.4036745504112203
5.525	0.44371650976925137	0.3960846922268379
5.535	0.445191508087899	0.4170009293163568
5.545	0.4467209641550087	0.39626120055670727
5.555	0.44829800031735867	0.40340978791641624
5.565	0.4499157332688283	0.4170009293163568
5.575	0.4515672799765825	0.4263558707994327
5.585	0.4532457636038618	0.404027567070959
5.595	0.454944319425183	0.4069399545138034
5.605	0.4566561007297508	0.4226491958721762
5.615	0.4583742847089046	0.4120586960800148
5.625	0.46009207832344134	0.4320041373552521
5.635	0.4618027241466295	0.41541235434753254
5.645	0.4634995061787959	0.4222961792124375
5.655	0.4651757556293675	0.4201780792540052
5.665	0.4668248566622495	0.42185490838776407
5.675	0.46844025210047846	0.43950574137469983
5.685	0.47001544908611126	0.42820920826306097
5.695	0.4715440246913042	0.4346517623032925
5.705	0.4730196314766354	0.433151441499403
5.715	0.47443600299269906	0.42617936246956334
5.725	0.47578695922107006	0.4421533663227402
5.735	0.47706641195075283	0.43932923304483046
5.745	0.47826837008632506	0.43800542057081027
5.755	0.4793869448839615	0.43791716640587564
5.765	0.4804163551116154	0.44471273710584586
5.775	0.48135093212969904	0.44444797461104185
5.785	0.48218512488859155	0.44983147867205725
5.795	0.4829135048394516	0.4558327618876154
5.805	0.48353077075479167	0.4441832121162378
5.815	0.48403175345536964	0.4666880241745809
5.825	0.48441142043999874	0.44991973283699194
5.835	0.4846648804149821	0.4506257661564693
5.845	0.48478738771986973	0.4440067037863684
5.855	0.48477434664639174	0.4590099118252638
5.865	0.4846213156474244	0.45133179947594676
5.875	0.48432401143295933	0.45795086184604766
5.885	0.4838783129501085	0.45812737017591704
5.895	0.48328026524425793	0.4613927742785001
5.905	0.48252608319854784	0.462540078422651
5.915	0.4816121551489858	0.4695121574524906
5.925	0.48053504637250466	0.4678353283187317
5.935	0.47929150244544283	0.46183404510317355
5.945	0.47787845246996385	0.4656289741953647
5.955	0.4762930121660329	0.4822207572030843
5.965	0.47453248682665106	0.4817794863784109
5.975	0.47259437413416316	0.47418962819402855
5.985	0.4704763668355253	0.4921052236757683
5.995	0.4681763552745132	0.48036741973945607
6.005	0.4656924297789623	0.49987159019002003
6.015	0.4630228829012313	0.4681000908135357
6.025	0.4601662115101478	0.48592743213034084
6.035	0.457121118732839	0.46757056582392764
6.045	0.45388651574491556	0.4626283325875856
6.055	0.45046152340759504	0.4904283945420094
6.065	0.44684547375045447	0.48080869056412945
6.075	0.4430379112986086	0.4838093321719085
6.085	0.43903859424319414	0.4710124782563801
6.095	0.43484749545417223	0.4719832740706616
6.105	0.4304648033345667	0.48875156540825054
6.115	0.42589092251532934	0.47286581572000835
6.125	0.42112647439017326	0.4827502821926924
6.135	0.41617229748980344	0.4822207572030843
6.145	0.41102944769507577	0.4802791655745214
6.155	0.405699198288736	0.486986482109557
6.165	0.40018303984550607	0.47542518650311405
6.175	0.3944826799603658	0.4681883449784704
6.185	0.3886000428150195	0.4706594615966414
6.195	0.38253726858263715	0.4838975863368432
6.205	0.3762967126710516	0.4731305782148124
6.215	0.369880944804731	0.48248551969788833
6.225	0.3632927479459295	0.462804840917455
6.235	0.35653511705555063	0.46474643254601794
6.245	0.3496112576943533	0.4733953407096164
6.255	0.3425245844652314	0.46474643254601794
6.265	0.335278719297438	0.4679235824836664
6.275	0.3278774895736918	0.4670410408343196
6.285	0.32032492610124474	0.45521498273307265
6.295	0.31262526092806375	0.46183404510317355
6.305	0.304782925005433	0.4470073453941475
6.315	0.29680254569832343	0.46095150345382674
6.325	0.28868894414504664	0.447978141208429
6.335	0.28044713246776376	0.4490371911876451
6.345	0.27208231083554235	0.45142005364088145
6.355	0.2635998643817663	0.43368096648901105
6.365	0.25500535997777896	0.4478898870434943
6.375	0.24630454286476333	0.45274386611490164
6.385	0.23750333314592798	0.4452422620954539
6.395	0.228607822141213	0.4599807076395453
6.405	0.21962426860677942	0.44727210788895155
6.415	0.2105590948216588	0.44021177469417727
6.425	0.2014188825440245	0.4399470121993732
6.435	0.19221036883967013	0.4384466913954837
6.445	0.18294044178529356	0.42450253333580446
6.455	0.17361613604937176	0.44462448294091117
6.465	0.1642446283533997	0.41947204593452775
6.475	0.15483323281643246	0.423796500016327
6.485	0.14538939618589009	0.41823648762544224
6.495	0.13592069295770903	0.4119704419150801
6.505	0.12643482038896225	0.42361999168645764
6.515	0.11693959340617976	0.4222961792124375
6.525	0.10744293941267125	0.41956030009946244
6.535	0.0979528929981891	0.4267088874591714
6.545	0.08847759055438875	0.409234562802105
6.555	0.07902526479957683	0.40976408779171314
6.565	0.06960423921631964	0.4065869378540647
6.575	0.06022292240554372	0.4036745504112203
6.585	0.05088980236079599	0.4014681962878533
6.595	0.04161344066645889	0.3944961172580137
6.605	0.03240246662366797	0.39008340901127975
6.615	0.023265571307841126	0.40305677125667755
6.625	0.014211501561695594	0.3907011881658225
6.635	0.005249053927718461	0.38593546325934985
6.645	-0.0036129314758991393	0.3921132548047774
6.655	-0.01236557713182751	0.40852852948262763
6.665	-0.020999974348560713	0.38196402583728933
6.675	-0.029507189529685895	0.37155003437499723
6.685	-0.037878270483254206	0.38602371742428454
6.695	-0.04610425276708496	0.3666960553035899
6.705	-0.05417616606579123	0.3691671719217609
6.715	-0.6549666366089744	0.21410460413153048
6.725	-0.6643893501390978	0.20775030425623361
6.735	-0.6736311126550387	0.20360235850430372
6.745	-0.6826829946036521	0.19980742941211255
6.755	-0.6915360927697309	0.19601250031992135
6.765	-0.7001815367532795	0.19389440036148906
6.775	-0.7086104954483039	0.20316108767963031
6.785	-0.7168141835187944	0.2033375960094997
6.795	-0.7247838678675289	0.19080550458877532
6.805	-0.7325108740933144	0.195835991990052
6.815	-0.7399865929323035	0.19883663359783108
6.825	-0.7472024866790459	0.19283535038227292
6.835	-0.7541500955828666	0.1920410628978608
6.845	-0.7608210442152887	0.2020137835354795
6.855	-0.7672070478040978	0.19221757122773017
6.865	-0.773299918529798	0.18886391296021238
6.875	-0.7790915717800895	0.18083278395115662
6.885	-0.7845740323581436	0.18603977968230265
6.895	-0.7897394406403784	0.19610075448485603
6.905	-0.7945800586795331	0.1838334255589357
6.915	-0.799088276248811	0.19424741702122778
6.925	-0.8032566168229593	0.19177630040305677
6.935	-0.8070777434921148	0.18418644221867442
6.945	-0.8105444648043265	0.18727533799138815
6.955	-0.8136497405327374	0.1937178920316197
6.965	-0.8163866873633432	0.1904524879290366
6.975	-0.8187485844994258	0.1887756587952777
6.985	-0.8207288791786975	0.19062899625890595
6.995	-0.8223211920993074	0.18515723803295586
7.005	-0.8235193227508935	0.18418644221867442
7.015	-0.8243172546469144	0.18012675063167918
7.025	-0.82470916045456	0.18533374636282524
7.035	-0.8246894070186008	0.17995024230180984
7.045	-0.8242525602756208	0.18145056310569938
7.055	-0.8233933900550712	0.17942071731220177
7.065	-0.8221068747637643	0.18603977968230265
7.075	-0.8203882059503855	0.18868740463034303
7.085	-0.8182327927467512	0.18392167972387038
7.095	-0.8156362661825738	0.1858632713524333
7.105	-0.8125944833705974	0.18480422137321717
7.115	-0.809103531559018	0.18418644221867442
7.125	-0.8051597320482178	0.18948169211475513
7.135	-0.8007596439689049	0.19292360454720758
7.145	-0.7959000679188257	0.1912467754134487
7.155	-0.7905780494553385	0.185951525517368
7.165	-0.7847908824411922	0.20316108767963031
7.175	-0.7785361122409613	0.19927790442250445
7.185	-0.7718115387656759	0.19804234611341895
7.195	-0.7646152193632851	0.20016044607185124
7.205	-0.7569454715526902	0.18939343794982044
7.215	-0.7488008755991471	0.19301185871214227
7.225	-0.7401802769290136	0.19715980446407216
7.235	-0.7310827883818218	0.2073090334315602
7.245	-0.7215077922978426	0.20501442514325857
7.255	-0.7114549424393357	0.2033375960094997
7.265	-0.7009241657438716	0.20227854603028353
7.275	-0.6899156639081276	0.21136872501855544
7.285	-0.6784299148007231	0.20677950844195214
7.295	-0.666467673702754	0.20342585017443435
7.305	-0.6540299743747884	0.20916237089518847
7.315	-0.6411181299492048	0.21163348751335948
7.325	-0.6277337336468509	0.21551667077048534
7.335	-0.6138786593171379	0.2119865041730982
7.345	-0.5995550618007464	0.20898586256531912
7.355	-0.5847653771143189	0.22160620815097817
7.365	-0.5695123224565346	0.22672494971718954
7.375	-0.5537988960351226	0.22778399969640567
7.385	-0.537628376714496	0.23290274126261704
7.395	-0.5210043234837696	0.23087289546911943
7.405	-0.5039305747450631	0.2285782871808178
7.415	-0.48641124742210295	0.222753512295129
7.425	-0.4684507358892227	0.23687417868467758
7.435	-0.45005371072104894	0.23961005779765263
7.445	-0.43122511726317114	0.23731544950935096
7.455	-0.41197017402432623	0.25346596169239716
7.465	-0.3922943708906135	0.24296371606517042
7.475	-0.3722034671625172	0.2512596075690302
7.485	-0.35170348941548046	0.2540837408469399
7.495	-0.33080072918501635	0.2552310449910907
7.505	-0.3095017404773648	0.26140883653651825
7.515	-0.2878133371068454	0.26767488224688046
7.525	-0.26574258986122	0.264762494804036
7.535	-0.24329682349639548	0.2554958074858948
7.545	-0.22048361356197088	0.26961647387544335
7.555	-0.1973107830592542	0.2797657028429314
7.565	-0.1737863989334384	0.28417841108966535
7.575	-0.14991876840175533	0.2877968318519872
7.585	-0.12571643511953257	0.28956191515068075
7.595	-0.10118817518622603	0.29759304415973653
7.605	-0.07634299299348535	0.3103016439103302
7.615	-0.051190116917593786	0.31065466057006896
7.625	-0.025738994858551134	0.30315305655062125
7.635	7.103717327705539e-7	0.3146260979921295
7.645	0.02601912580955945	0.323275006155728
7.655	0.05230617324526543	0.3179797562596473
7.665	0.07885157427199352	0.32548136027909497
7.675	0.10564485547459151	0.3249518352894869
7.685	0.13267535375567574	0.3245105644648135
7.695	0.15993222179585115	0.35204586392443327
7.705	0.18740443364500292	0.34260266827642266
7.715	0.21508079044142953	0.34842744316211144
7.725	0.24294992625550776	0.34825093483224207
7.735	0.27100031405460195	0.347721409842634
7.745	0.29922027178566485	0.3666960553035899
7.755	0.3275979685720601	0.3801106883736611
7.765	0.3561214310209959	0.37737480926068606
7.775	0.38477854963784414	0.37490369264251505
7.785	0.41355708534360547	0.37649226761133925
7.795	0.44244467609171134	0.3928192881242548
7.805	0.4714288435802386	0.39476087975281776
7.815	0.500497000055542	0.4061456670293913
7.825	0.5296364552033561	0.4028802629268082
7.835	0.5588344231231777	0.39652596305151133
7.845	0.5880780293818535	0.4103818669462559
7.855	0.6173543181421076	0.40676344618393406
7.865	0.6466502593617933	0.42617936246956334
7.875	0.6759527560595429	0.42070760424361325
7.885	0.7052486516424025	0.43668160809679013
7.895	0.7345247372911448	0.438623199725353
7.905	0.763767759398707	0.4492136995175145
7.915	0.7929644270573128	0.44488924543571523
7.925	0.8221014195897652	0.46095150345382674
7.935	0.8511653941202957	0.46748231165899296
7.945	0.8801429931804012	0.4811617072238682
7.955	0.9090208523450456	0.4788670989355665
7.965	0.937785607894583	0.477631540626481
7.975	0.9664239044976858	0.4948411027887434
7.985	0.9949224029106049	0.4818677405433456
7.995	1.0232677876880798	0.5034900109523419
8.005	1.0514467749011207	0.5035782651172765
8.015	1.0794461198569367	0.5294367354431374
8.025	1.1072526248162622	0.5282894312989865
8.035	1.1348531467033594	0.51911099814578
8.045	1.162234604803856	0.5251122813613381
8.055	1.1893839884457735	0.52873070212366
8.065	1.2162883646588838	0.5399389810703642
8.075	1.2429348858076938	0.5336729353600019
8.085	1.2693107971933624	0.5519415475014805
8.095	1.2954034446197125	0.5469993142651385
8.105	1.3212002819187454	0.5590901348611894
8.115	1.3466888784308582	0.5529123433157619
8.125	1.3718569264351863	0.5823009802390099
8.135	1.396692248525342	0.5805358969403164
8.145	1.421182804925956	0.5728577845909993
8.155	1.445316700745472	0.5929797341961061
8.165	1.4690821931605473	0.5950978341545383
8.175	1.4924676985275993	0.5788590678065575
8.185	1.5154617994170039	0.594921325824669
8.195	1.5380532515654837	0.6215740836349419
8.205	1.560230990742284	0.6101892963583684
8.215	1.5819841395247898	0.6277518751803695
8.225	1.6033020139793073	0.6349004625400785
8.235	1.6241741302426866	0.6341061750556664
8.245	1.644590211000681	0.6431963540439383
8.255	1.6645401918588225	0.6510509747231247
8.265	1.6840142276017662	0.6379011041478575
8.275	1.7030026983371314	0.6740853117710758
8.285	1.7214962155198064	0.6477855706205415
8.295	1.7394856278528952	0.6743500742658798
8.305	1.7569620270614696	0.6476090622906722
8.315	1.7739167535354188	0.6641125911334571
8.325	1.7903414018376906	0.6628770328243716
8.335	1.8062278260743663	0.6792040533372872
8.345	1.8215681451230579	0.6753208700801613
8.355	1.8363547477162347	0.6863526406969961
8.365	1.850580297376076	0.690500586448926
8.375	1.8642377371976684	0.6725849909671863
8.385	1.87732029447734	0.6957958363450067
8.395	1.8898214851830946	0.7151234984657013
8.405	1.9017351182641313	0.6998555279320019
8.415	1.91305529979662	0.7064745903021028
8.425	1.9237764369628811	0.7111520610436408
8.435	1.9338932418613344	0.7160942942799828
8.445	1.943400735144623	0.7183006484033498
8.455	1.952294249483397	0.7138879401566158
8.465	1.960569432853415	0.7142409568163546
8.475	1.9682222516436567	0.7067393527969069
8.485	1.9752489935833093	0.7214777983409982
8.495	1.9816462704855335	0.7305679773292701
8.505	1.9874110208061002	0.697913936303439
8.515	1.9925405120150093	0.712211111022857
8.525	1.9970323427794092	0.7221838316604756
8.535	2.000884444956184	0.7041799820138012
8.545	2.004095085392698	0.7037387111891278
8.555	2.006662867534337	0.7159177859501135
8.565	2.0085867328375757	0.7060333194774294
8.575	2.009865961987397	0.7040034736839318
8.585	2.0105001759180756	0.6898828072943832
8.595	2.010489336636376	0.7042682361787359
8.605	2.0098337478463972	0.6878529615008856
8.615	2.008534055375373	0.6743500742658798
8.625	2.006591247399913	0.6922656697476196
8.635	2.004006654472195	0.6995025112722633
8.645	2.0007819493458685	0.6959723446748761
8.655	1.9969191466014444	0.708063165270927
8.665	1.9924206020711026	0.7083279277657311
8.675	1.9872890120630107	0.7125641276825957
8.685	1.9815274123853053	0.7153882609605053
8.695	1.975139177170056	0.7125641276825957
8.705	1.96812801749762	0.7147704818059626
8.715	1.9604979798219788	0.7115933318683142
8.725	1.9522534441976687	0.7092987235800126
8.735	1.9433991223091467	0.7032974403644544
8.745	1.9339400553034847	0.7073571319514497
8.755	1.923881611427434	0.7076218944462537
8.765	1.9132294834700074	0.7164473109397216
8.775	1.9019896860118566	0.7095634860748166
8.785	1.8901685524828555	0.6998555279320019
8.795	1.8777727320293738	0.7084161819306658
8.805	1.8648091861929041	0.7098282485696207
8.815	1.8512851854017511	0.7012675945709568
8.825	1.8372083052776795	0.7004733070865446
8.835	1.8225864227594797	0.6968548863242229
8.845	1.8074277120455622	0.6671132327412361
8.855	1.7917406403577343	0.7063863361371682
8.865	1.7755339635285368	0.6943837697060519
8.875	1.7588167214145245	0.68529359071778
8.885	1.7415982331380309	0.6790275450074178
8.895	1.7238880921600634	0.7002967987566754
8.905	1.705696161187052	0.6864408948619308
8.915	1.6870325669143358	0.6749678534204225
8.925	1.6679076946092897	0.6738205492762718
8.935	1.6483321825372075	0.6788510366775484
8.945	1.6283169162329811	0.6696726035243419
8.955	1.6078730226219777	0.6601411537113966
8.965	1.5870118639932849	0.6625240161646329
8.975	1.5657450318288881	0.6441671498582197
8.985	1.5440843404922475	0.6532573288464916
8.995	1.522041820779862	0.6406369832608325
9.005	1.4996297133395928	0.6434611165387423
9.015	1.4768604619594532	0.6316350584374953
9.025	1.4537467067307848	0.6252807585621984
9.035	1.4303012770897068	0.6091302463791523
9.045	1.4065371847409593	0.6268693335310227
9.055	1.3824676164680985	0.606747383925916
9.065	1.3581059268343392	0.6107188213479765
9.075	1.3334656307782287	0.6044527756376142
9.085	1.308560396108428	0.5996870507311416
9.095	1.2834040359020615	0.5721517512715218
9.105	1.258010500810954	0.5745346137247582
9.115	1.232393871280372	0.5665917388806372
9.125	1.206568349684692	0.5685333305092001
9.135	1.180548252384718	0.5582958473767773
9.145	1.1543480017112357	0.5725047679312606
9.155	1.1279821178794913	0.5467345517703345
9.165	1.1014652108394123	0.5428513685132086
9.175	1.0748119720663232	0.5636793514377927
9.185	1.0480371662969716	0.5385269144314093
9.195	1.0211556232157553	0.5341142061846754
9.205	0.9941822290960716	0.5256418063509463
9.215	0.9671319184016929	0.5330551562054592
9.225	0.9400196653531256	0.5306722937522229
9.235	0.9128604754639973	0.5121389191159403
9.245	0.8856693770523787	0.5144335274042421
9.255	0.8584614127321772	0.5079909733640104
9.265	0.8312516308896033	0.500136352684824
9.275	0.804055077149707	0.5080792275289452
9.285	0.7768867858381567	0.4991655568705426
9.295	0.7497617714432624	0.49775349023158777
9.305	0.7226950200833459	0.5041077901068847
9.315	0.6957014809845121	0.4789553531005012
9.325	0.6687960579739308	0.4831032988524311
9.335	0.6419936009936676	0.48619219462514485
9.345	0.6153088976401482	0.48089694472906414
9.355	0.5887566647342483	0.47418962819402855
9.365	0.5623515399271344	0.47039469910183734
9.375	0.5361080733467932	0.4818677405433456
9.385	0.5100407192902612	0.4624518242577163
9.395	0.48416382796653884	0.4648346867109526
9.405	0.45849163729512443	0.46677627833951557
9.415	0.433038264765059	0.4517730703006202
9.425	0.40781769935939244	0.4433889246318257
9.435	0.38284379354989767	0.4478898870434943
9.445	0.3581302553667959	0.4254733291500859
9.455	0.33369064054833686	0.4278561916033222
9.465	0.30953834477487724	0.42617936246956334
9.475	0.28568659599214097	0.426002854139694
9.485	0.2621484468282911	0.4296212749020158
9.495	0.23893676710936618	0.42079585840854794
9.505	0.21606423647756762	0.4120586960800148
9.515	0.19354333711689903	0.39802628385540084
9.525	0.17138634659043817	0.4065869378540647
9.535	0.1496053307936882	0.41664791265661805
9.545	0.12821213702814693	0.40429232956576305
9.555	0.10721838719934523	0.40049740047357185
9.565	0.08663547114342884	0.389465629856737
9.575	0.06647454008632225	0.39237801729958144
9.585	0.04674650023942717	0.37622750511653524
9.595	0.027462006535765027	0.37896338422951026
9.605	0.00863145651027053	0.38161100917755064
9.615	-0.009735015671967107	0.37931640088924895
9.625	-Inf	0.0
9.635	-Inf	0.0
9.645	-Inf	0.0
9.655	-Inf	0.0
9.665	-Inf	0.0
9.675	-Inf	0.0
9.685	-Inf	0.0
9.695	-Inf	0.0
9.705	-Inf	0.0
9.715	-Inf	0.0
9.725	-Inf	0.0
9.735	-Inf	0.0
9.745	-Inf	0.0
9.755	-Inf	0.0
9.765	-Inf	0.0
9.775	-Inf	0.0
9.785	-Inf	0.0
9.795	-Inf	0.0
9.805	-Inf	0.0
9.815	-Inf	0.0
9.825	-Inf	0.0
9.835	-Inf	0.0
9.845	-Inf	0.0
9.855	-Inf	0.0
9.865	-Inf	0.0
9.875	-Inf	0.0
9.885	-Inf	0.0
9.895	-Inf	0.0
9.905	-Inf	0.0
9.915	-Inf	0.0
9.925	-Inf	0.0
9.935	-Inf	0.0
9.945	-Inf	0.0
9.955	-Inf	0.0
9.965	-Inf	0.0
9.975	-Inf	0.0
9.985	-Inf	0.0
9.995	-Inf	0.0
