0.005	-Inf	0.0
0.015	-Inf	0.0
0.025	-Inf	0.0
0.035	-Inf	0.0
0.045	-Inf	0.0
0.055	-Inf	0.0
0.065	-Inf	0.0
0.075	-Inf	0.0
0.085	-Inf	0.0
0.095	-Inf	0.0
0.105	-Inf	0.0
0.115	-Inf	0.0
0.125	-Inf	0.0
0.135	-Inf	0.0
0.145	-Inf	0.0
0.155	-Inf	0.0
0.165	-Inf	0.0
0.175	-Inf	0.0
0.185	-Inf	0.0
0.195	-Inf	0.0
0.205	-Inf	0.0
0.215	-Inf	0.0
0.225	-Inf	0.0
0.235	-Inf	0.0
0.245	-Inf	0.0
0.255	-Inf	0.0
0.265	-Inf	0.0
0.275	-Inf	0.0
0.285	-Inf	0.0
0.295	-Inf	0.0
0.305	-Inf	0.0
0.315	-Inf	0.0
0.325	-Inf	0.0
0.335	-Inf	0.0
0.345	-Inf	0.0
0.355	-Inf	0.0
0.365	-Inf	0.0
0.375	-Inf	0.0
0.385	-Inf	0.0
0.395	-Inf	0.0
0.405	-Inf	0.0
0.415	-Inf	0.0
0.425	-Inf	0.0
0.435	-Inf	0.0
0.445	-Inf	0.0
0.455	-Inf	0.0
0.465	-Inf	0.0
0.475	-Inf	0.0
0.485	-Inf	0.0
0.495	-Inf	0.0
0.505	-Inf	0.0
0.515	-Inf	0.0
0.525	-Inf	0.0
0.535	-Inf	0.0
0.545	-Inf	0.0
0.555	-Inf	0.0
0.565	-Inf	0.0
0.575	-Inf	0.0
0.585	-Inf	0.0
0.595	-Inf	0.0
0.605	-Inf	0.0
0.615	-Inf	0.0
0.625	-Inf	0.0
0.635	-Inf	0.0
0.645	-Inf	0.0
0.655	-Inf	0.0
0.665	-Inf	0.0
0.675	-2.221016908305021	0.09983409921747684
0.685	-2.237049813827945	0.10051170622574025
0.695	-2.252662643508336	0.09181574961969306
0.705	-2.2678450062081246	0.09384857064448332
0.715	-2.282586784872886	0.09339683263897437
0.725	-2.296878143266323	0.08639489355358572
0.735	-2.3107095325280964	0.09091227360867517
0.745	-2.3240716975507505	0.08515261403843612
0.755	-2.3369556831715785	0.08628195905220848
0.765	-2.349352840175419	0.08492674503568165
0.775	-2.361254831104456	0.08074816848472391
0.785	-2.3726536358712513	0.08323272751502311
0.795	-2.3835415571713274	0.08074816848472391
0.805	-2.393911225691784	0.08266805500813693
0.815	-2.4037556051125253	0.07973175797232879
0.825	-2.4130679968968236	0.07453677090897591
0.835	-2.421842044868074	0.07781187144891577
0.845	-2.430071739569733	0.07894121646268813
0.855	-2.437751422405558	0.07803774045167024
0.865	-2.444875789557429	0.0751014434158621
0.875	-2.4514398956781323	0.07871534745993365
0.885	-2.4574391573566827	0.07611785392825722
0.895	-2.4628693563538535	0.07261688438556291
0.905	-2.467726642605755	0.07114873586765882
0.915	-2.4720075369934555	0.07668252643514341
0.925	-2.4757089338767546	0.0791670854654426
0.935	-2.4788281033904114	0.07498850891448486
0.945	-2.481362693501236	0.07453677090897591
0.955	-2.4833107318246412	0.07306862239107184
0.965	-2.48467062719938	0.07001939085388646
0.975	-2.485441171019355	0.07272981888694013
0.985	-2.485621538321543	0.07160047387316777
0.995	-2.485211288629224	0.06855124233598239
1.005	-2.484210366549874	0.06866417683735963
1.015	-2.482619102127212	0.06685722481532386
1.025	-2.4804382109470744	0.06911591484286858
1.035	-2.4776687939969264	0.07148753937179053
1.045	-2.474312337278985	0.07058406336077265
1.055	-2.470370711177086	0.0710358013662816
1.065	-2.4658461695775733	0.07408503290346698
1.075	-2.460741348744656	0.06990645635250924
1.085	-2.4550592659508332	0.0688900458401141
1.095	-2.448803317863132	0.07340742589520355
1.105	-2.4419772786860774	0.07250394988418567
1.115	-2.434585298062437	0.06855124233598239
1.125	-2.426631898732984	0.06968058734975476
1.135	-2.4181219739566213	0.07431090190622144
1.145	-2.4090607846924055	0.06843830783460517
1.155	-2.3994539565451376	0.07577905042412551
1.165	-2.3893074764763425	0.07374622939933527
1.175	-2.3786276892826166	0.0701323253552637
1.185	-2.36742129384345	0.06990645635250924
1.195	-2.3556953391408184	0.0741979674048442
1.205	-2.343457220052918	0.07318155689244908
1.215	-2.33071467292464	0.07894121646268813
1.225	-2.317475770917458	0.07160047387316777
1.235	-2.3037489191415776	0.07024525985664094
1.245	-2.289542849573326	0.07464970541035315
1.255	-2.274866615760899	0.07713426444065236
1.265	-2.259729587321708	0.07961882347095155
1.275	-2.244141444234726	0.08244218600538246
1.285	-2.2281121709313334	0.08729836956460361
1.295	-2.211652050188314	0.07577905042412551
1.305	-2.1947716568267692	0.08797597657286703
1.315	-2.1774818512208496	0.08921825608801663
1.325	-2.159793772620308	0.08323272751502311
1.335	-2.1417188322910365	0.08470087603292718
1.345	-2.1232687064777935	0.08628195905220848
1.355	-2.104455329193546	0.09384857064448332
1.365	-2.0852908848398406	0.08402326902466375
1.375	-2.0657878006628523	0.08763717306873532
1.385	-2.045958739049752	0.0919286841210703
1.395	-2.0258165896702125	0.0947520466555012
1.405	-2.005374461467947	0.09678486768029146
1.415	-1.9846456745072518	0.09317096363621989
1.425	-1.9636437516796734	0.10130224773538091
1.435	-1.9423824102759184	0.1009634442312492
1.445	-1.9208755534283428	0.09870475420370448
1.455	-1.899137261429277	0.10864299032490127
1.465	-1.8771817829307018	0.11022407334418256
1.475	-1.8550235260307069	0.10864299032490127
1.485	-1.8326770492523492	0.11236982887035006
1.495	-1.810157052420541	0.11180515636346387
1.505	-1.7874783674426773	0.11756481593370292
1.515	-1.7646559489988096	0.12275980299705579
1.525	-1.7417048651471352	0.12671251054525906
1.535	-1.7186402878507758	0.12298567199981027
1.545	-1.695477483431718	0.12513142752597775
1.555	-1.6722318029579462	0.11959763695849318
1.565	-1.6489186725697906	0.12580903453424117
1.575	-1.6255535837515551	0.13326271162513875
1.585	-1.6021520835545795	0.14003878170777292
1.595	-1.5787297647778025	0.13800596068298268
1.605	-1.5553022561121088	0.13913530569675506
1.615	-1.5318852122545399	0.14557257227525752
1.625	-1.5084943039987007	0.1508804938399876
1.635	-1.4851452083075194	0.1567530879116039
1.645	-1.4618535983746557	0.1595764504460348
1.655	-1.4386351336808045	0.1604799264570527
1.665	-1.4155054500511566	0.16635252052866897
1.675	-1.3924801497203194	0.16149633696944782
1.685	-1.36957479141089	0.1698534900713633
1.695	-1.3468048804320476	0.17030522807687223
1.705	-1.3241858588042972	0.17301565610992592
1.715	-1.3017330954167068	0.18521258225866744
1.725	-1.2794618762227792	0.18001759519531457
1.735	-1.2573873944811949	0.18939115880962518
1.745	-1.2355247410475805	0.18442204074902677
1.755	-1.2138888947234412	0.18995583131651136
1.765	-1.1924947126683887	0.1932309318564512
1.775	-1.1713569208816763	0.20429851299142035
1.785	-1.1504901047591425	0.20712187552585126
1.795	-1.1299086997314838	0.21897999817046107
1.805	-1.1096269819898215	0.21107458307405452
1.815	-1.0896590593044349	0.21276860059471306
1.825	-1.0700188619424758	0.22417498523381393
1.835	-1.0507201336904624	0.2281276927820172
1.845	-1.0317764229871835	0.2281276927820172
1.855	-1.0132010741727417	0.23490376286465137
1.865	-0.9950072188591932	0.23885647041285465
1.875	-0.9772077674283632	0.23332267984537006
1.885	-0.9598154006621847	0.25286034858363193
1.895	-0.9428425615109135	0.24201863645141725
1.905	-0.9263014470044634	0.2537638245946498
1.915	-0.9102040003120001	0.2509404620602189
1.925	-0.8945619029548947	0.2539896935974043
1.935	-0.8793865671779412	0.26189510869381083
1.945	-0.8646891284837959	0.27036519629710354
1.955	-0.8504804383353167	0.27601192136596536
1.965	-0.8367710570305525	0.27284975532740274
1.975	-0.8235712467548832	0.2774800698838694
1.985	-0.810890964814791	0.27375323133842067
1.995	-0.7987398570575942	0.2730756243301572
2.005	-0.7871272514813556	0.2814327774320727
2.015	-0.7760621520391022	0.29227448956428737
2.025	-0.7655532326412853	0.2901287340381199
2.035	-0.7556088313604066	0.2988246906441671
2.045	-0.7462369448414949	0.2937426380821915
2.055	-0.7374452229220678	0.2966789351179996
2.065	-0.7292409634650475	0.29814708363590364
2.075	-0.7216311074079738	0.3007445771675801
2.085	-0.7146222340317385	0.3010833806717118
2.095	-0.7082205564518853	0.30966640277638174
2.105	-0.7024319173354532	0.30627836773506467
2.115	-0.6972617848461109	0.31520019334386634
2.125	-0.6927152488202794	0.3113604202970403
2.135	-0.6887970171767119	0.31949170439620134
2.145	-0.6855114125619247	0.3138449793273395
2.155	-0.6828623692336806	0.3147484553383574
2.165	-0.6808534301845858	0.3131673723190761
2.175	-0.6794877445077371	0.3135061758232078
2.185	-0.6787680650061637	0.3259289709747038
2.195	-0.6786967460477001	0.31587780035212976
2.205	-0.679275741666727	0.3126026998121899
2.215	-0.680506603914108	0.3235573464457818
2.225	-0.6823904814564608	0.3278488574981168
2.235	-0.6849281184257612	0.32299267393889564
2.245	-0.6881198535201236	0.3150872588424891
2.255	-0.6919656193564294	0.3156519313493753
2.265	-0.6964649420753428	0.3113604202970403
2.275	-0.7016169411990623	0.30966640277638174
2.285	-0.707420329742035	0.30921466477087284
2.295	-0.7138734145746661	0.30718184374608254
2.305	-0.7209740970399287	0.3168942108645249
2.315	-0.7287198738225965	0.319830507900333
2.325	-0.7371078380706844	0.3106828132887769
2.335	-0.7461346807685002	0.30085751166895736
2.345	-0.7557966923605839	0.2949849175973411
2.355	-0.7660897646256156	0.29464611409320934
2.365	-0.7770093927992598	0.3028903326937476
2.375	-0.78855067794471	0.2908063410463833
2.385	-0.8007083295695923	0.3007445771675801
2.395	-0.8134766684876861	0.2730756243301572
2.405	-0.8268496299237957	0.2744308383466841
2.415	-0.8408207668599554	0.2676547682640499
2.425	-0.8553832536209569	0.2780447423907556
2.435	-0.8705298896971212	0.25760359764147583
2.445	-0.8862531038019749	0.26381499521722385
2.455	-0.902544958162467	0.2551190386111767
2.465	-0.9193971530390983	0.25161806906848233
2.475	-0.9368010314732896	0.24664895100788395
2.485	-0.9547475842591038	0.2527474140822547
2.495	-0.973227455136332	0.24439026098033922
2.505	-0.9922309462018033	0.23738832189495057
2.515	-1.0117480235356275	0.231854531327466
2.525	-1.0317683230389896	0.23253213833572942
2.535	-1.0522811564799093	0.22101281919525131
2.545	-1.0732755177433226	0.21457555261674885
2.555	-1.0947400892816637	0.21626957013740739
2.565	-1.1166632487620158	0.20859002404375532
2.575	-1.139033075905788	0.2091546965506415
2.585	-1.1618373595167093	0.2047502509969293
2.595	-1.1850636046929024	0.19458614587297804
2.605	-1.208699040218542	0.1928921283523195
2.615	-1.2327306261306679	0.18543845126142192
2.625	-1.2571450614564206	0.17967879169118287
2.635	-1.2819287921160445	0.1822762852228593
2.645	-1.3070680189867425	0.1788882501815422
2.655	-1.332548706122455	0.17742010166363814
2.665	-1.3583565891245466	0.1732415251126804
2.675	-1.3844771836581868	0.1732415251126804
2.685	-1.4108957941092675	0.15212277335513721
2.695	-1.4375975223764565	0.15415559437992746
2.705	-1.4645672767930387	0.15200983885376
2.715	-0.9111675779085113	0.2695746547874629
2.725	-0.941239841388164	0.2555707766166856
2.735	-0.9715337856735112	0.25127926556435065
2.745	-1.002033636455869	0.24450319548171645
2.755	-1.032723472221749	0.2437126539720758
2.765	-1.063587233835225	0.227563020275131
2.775	-1.0946087342101025	0.21841532566357488
2.785	-1.1257716680658512	0.21299446959746754
2.795	-1.1570596217613287	0.2082512205396236
2.805	-1.1884560832002098	0.20395970948728864
2.815	-1.2199444518019553	0.19842591891980407
2.825	-1.25150804853224	0.19232745584543331
2.835	-1.2831301259865535	0.1886006172999845
2.845	-1.3147938785207993	0.17470967363058446
2.855	-1.3464824524225696	0.1813728092118414
2.865	-1.3781789561168776	0.1729027216085487
2.875	-1.4098664703999255	0.16669132403280068
2.885	-1.4415280586946935	0.1567530879116039
2.895	-1.4731467773218931	0.16815947255070476
2.905	-1.504705685779971	0.14873473831382011
2.915	-1.536187857027825	0.1498640833275925
2.925	-1.5675763877637738	0.14534670327250304
2.935	-1.5988544086945211	0.13506966364717454
2.945	-1.6300050947876286	0.13766715717885097
2.955	-1.6610116755012614	0.12275980299705579
2.965	-1.6918574449847557	0.1302134800879534
2.975	-1.7225257722437566	0.1206140474708883
2.985	-1.7530001112635933	0.12095285097502001
2.995	-1.7832640110845857	0.11485438790064925
3.005	-1.8133011258230858	0.11349917388412242
3.015	-1.843095224631993	0.11270863237448177
3.025	-1.872630201594556	0.1037868067656801
3.035	-1.9018900855453464	0.11225689436897282
3.045	-1.9308590498123062	0.09983409921747684
3.055	-1.9595214218737729	0.10017290272160854
3.065	-1.98786169292454	0.10231865824777603
3.075	-2.0158645273449904	0.09542965366376462
3.085	-2.043514772067383	0.08763717306873532
3.095	-2.0707974658335555	0.09102520811005241
3.105	-2.097697848338183	0.08741130406598085
3.115	-2.1242013692520194	0.08436207252879548
3.125	-2.1502936971194058	0.07973175797232879
3.135	-2.175960728124614	0.0800705614764605
3.145	-2.2011885947214935	0.08176457899711903
3.155	-2.225963674121089	0.07555318142137105
3.165	-2.2502725966319765	0.07329449139382632
3.175	-2.2741022538480564	0.07216514638005396
3.185	-2.297439806678799	0.0754402469199938
3.195	-2.3202726932168614	0.07193927737729948
3.205	-2.342588636438244	0.06764776632496451
3.215	-2.364375651730155	0.0673089628208328
3.225	-2.38562205424192	0.07171340837454501
3.235	-2.40631646605433	0.061097565245084806
3.245	-2.4264478231630133	0.06538907629741979
3.255	-2.446005382271422	0.060419958236821385
3.265	-2.4649787273892576	0.061097565245084806
3.275	-2.4833577762321766	0.06617961780706043
3.285	-2.5011327864188324	0.06256571376298888
3.295	-2.5182943614613515	0.06459853478777913
3.305	-2.5348334565455537	0.057483661201013246
3.315	-2.550741384097263	0.05556377467760023
3.325	-2.566009819131282	0.05714485769688154
3.335	-2.5806308043796733	0.056806054192749825
3.345	-2.5945967551961457	0.05567670917897746
3.355	-2.6079004642335044	0.05601551268310918
3.365	-2.6205351058912196	0.05511203667209128
3.375	-2.6324942405303613	0.0545473641652051
3.385	-2.6437718184532586	0.051724001630774195
3.395	-2.6543621836453903	0.05341801915143274
3.405	-2.664260077277186	0.055902578181731936
3.415	-2.6734606409635298	0.051159329123888014
3.425	-2.681959419778944	0.053192150148678265
3.435	-2.6897523650265582	0.04698075257293027
3.445	-2.6968358367591283	0.048223032088079876
3.455	-2.7032066060505344	0.051159329123888014
3.465	-2.7088618570163225	0.053305084650055505
3.475	-2.7137991885820303	0.053192150148678265
3.485	-2.7180166159981822	0.05104639462251078
3.495	-2.7215125721009947	0.0504817221156246
3.505	-2.7242859083180044	0.045512604055026204
3.515	-2.726335895417974	0.04946531160322947
3.525	-2.7276622240046025	0.048110097586702635
3.535	-2.7282650047537134	0.048223032088079876
3.545	-2.7281447683937716	0.04777129408257093
3.555	-2.727302465429716	0.05861300621478561
3.565	-2.7257394656102782	0.047658359581193695
3.575	-2.7234575571391004	0.049126508099097764
3.585	-2.720458945630127	0.048674770093588816
3.595	-2.7167462528079183	0.050255853112870126
3.605	-2.7123225149536707	0.05240160863903762
3.615	-2.7071911810979006	0.05364388815418721
3.625	-2.701356110960907	0.05601551268310918
3.635	-2.694821572642279	0.051159329123888014
3.645	-2.6875922400608623	0.0467548835701758
3.655	-2.67967319014679	0.052288674137660376
3.665	-2.6710698997872777	0.051724001630774195
3.675	-2.6617882425280928	0.04731955607706198
3.685	-2.651834485032735	0.05161106712939696
3.695	-2.641215283301502	0.0520628051349059
3.705	-2.629937678652798	0.05409562615969616
3.715	-2.618009093469156	0.06132343424783928
3.725	-2.6054373267106126	0.0520628051349059
3.735	-2.592230549198222	0.05770953020376772
3.745	-2.578397298670602	0.05816126820927666
3.755	-2.563946474616609	0.054773233167959574
3.765	-2.548887332887308	0.05770953020376772
3.775	-2.533229480090605	0.05082052561975631
3.785	-2.516982867771987	0.05804833370789943
3.795	-2.5001577863850035	0.06177517225334822
3.805	-2.482764859055184	0.06301745176849782
3.815	-2.4648150351413136	0.06064582723957586
3.825	-2.446319583598002	0.06561494530017425
3.835	-2.4272900861436884	0.06877711133873687
3.845	-2.4077384302383145	0.06877711133873687
3.855	-2.387676801875003	0.06934178384562305
3.865	-2.367117678190237	0.06922884934424581
3.875	-2.3460738198970947	0.06742189732221003
3.885	-2.3245582635462267	0.07126167036903606
3.895	-2.302584313619416	0.07193927737729948
3.905	-2.2801655344605614	0.07340742589520355
3.915	-2.2573157420491357	0.07476263991173039
3.925	-2.234048995621199	0.0800705614764605
3.935	-2.210379589143135	0.07882828196131089
3.945	-2.186322042643459	0.08052229948196944
3.955	-2.1618910934080082	0.08357153101915482
3.965	-2.1371016870440047	0.08492674503568165
3.975	-2.1119689684185188	0.08786304207148979
3.985	-2.086508272476959	0.09294509463346542
3.995	-2.0607351149472626	0.09136401161418412
4.005	-2.034665182935579	0.09305802913484267
4.015	-2.00831432541922	0.09486498115687844
4.025	-1.981698543642837	0.09091227360867517
4.035	-1.9548339814237203	0.09362270164172884
4.045	-1.9277369153722572	0.1041256102698118
4.055	-1.9004237450335968	0.10333506876017116
4.065	-1.8729109829566357	0.10853005582352403
4.075	-1.8452152446964736	0.10898179382903297
4.085	-1.817353238756533	0.1115792873607094
4.095	-1.7893417564765652	0.10751364531112889
4.105	-1.7611976618728309	0.11824242294196634
4.115	-1.7329378814367185	0.11892002995022975
4.125	-1.7045793938981142	0.12648664154250458
4.135	-1.6761392199599134	0.11869416094747529
4.145	-1.6476344120099498	0.12818065906316314
4.155	-1.6190820438167925	0.12705131404939077
4.165	-1.5904992002157305	0.13495672914579732
4.175	-1.561902966791335	0.14218453723394042
4.185	-1.5333104195630292	0.1321333666113664
4.195	-1.5047386146799915	0.14410442375735344
4.205	-1.4762045781318067	0.14387855475459896
4.215	-1.4477252954811908	0.149638214324838
4.225	-1.41931770162519	0.1526874458620234
4.235	-1.3909986705911468	0.1567530879116039
4.245	-1.3627850053737567	0.1710957695865129
4.255	-1.3346934278194824	0.16556197901902833
4.265	-1.3067405685646005	0.1689500140603454
4.275	-1.278942957033089	0.17448380462782997
4.285	-1.2513170115005359	0.18566432026417637
4.295	-1.2238790292301758	0.17866238117878772
4.305	-1.196645176687208	0.19424734236884633
4.315	-1.169631479837377	0.20091047795010328
4.325	-1.142853814535866	0.19661896689776828
4.335	-1.1163278970123283	0.19752244290878618
4.345	-1.090069274458064	0.21152632107956348
4.355	-1.064093315721038	0.21434968361399437
4.365	-1.0384152021145536	0.21107458307405452
4.375	-1.0130499183451507	0.22112575369662854
4.385	-0.9880122435654315	0.21728598064980253
4.395	-0.9633167425572507	0.23388735235225624
4.405	-0.9389777570507116	0.22530433024758628
4.415	-0.9150093971843514	0.24111516044039938
4.425	-0.8914255331116759	0.2508275275588417
4.435	-0.868239786759329	0.24687482001063843
4.445	-0.8454655237418657	0.24472906448447093
4.455	-0.8231158454381503	0.2569259906332124
4.465	-0.8012035812342152	0.2598622876690206
4.475	-0.7797412809373524	0.2623468466993198
4.485	-0.7587412073661022	0.25918468066075717
4.495	-0.7382153291206777	0.2719462793163849
4.505	-0.7181753135382349	0.2649443402309962
4.515	-0.6986325198373189	0.2719462793163849
4.525	-0.6795979924556945	0.2894511270298565
4.535	-0.6610824545856003	0.2885476510188386
4.545	-0.6430963019104091	0.29713067312350855
4.555	-0.6256495965464922	0.2927262275697963
4.565	-0.6087520611939886	0.30130924967446626
4.575	-0.5924130735000526	0.2937426380821915
4.585	-0.5766416606380058	0.3030032671951248
4.595	-0.5614464941056584	0.3138449793273395
4.605	-0.5468358847460155	0.3172330143686566
4.615	-0.532817777993317	0.31870116288656064
4.625	-0.5193997493473392	0.32050811490859643
4.635	-0.506589000078671	0.3163295383576387
4.645	-0.4943923531675405	0.3334955825669786
4.655	-0.48281624947866275	0.32739711949260786
4.665	-0.47186674417436913	0.32186332892512326
4.675	-0.46154950336818823	0.3324791720545835
4.685	-0.45186980102086083	0.34365968769092986
4.695	-0.4428325160806321	0.340836325156499
4.705	-0.4344421298695056	0.3530332513052405
4.715	-0.426702723717002	0.3349637310848827
4.725	-0.419617976842797	0.3499840197680551
4.735	-0.413191164489469	0.342756211679912
4.745	-0.4074251563064111	0.3477253297405104
4.755	-0.40232241498582844	0.3456925087157201
4.765	-0.3978849951515744	0.35382379281488113
4.775	-0.3941145425014141	0.35201684079284534
4.785	-0.3910122932031559	0.35133923378458193
4.795	-0.3885790735449228	0.3458054432170974
4.805	-0.3868152998396912	0.3500969542694323
4.815	-0.38572097858404786	0.34975815076530065
4.825	-0.3852957068709708	0.3659077844622454
4.835	-0.3855386730562773	0.344676098203325
4.845	-0.3864486576782131	0.3474994607377559
4.855	-0.38802403462952784	0.3459183777184746
4.865	-0.39026277258117426	0.3464830502253608
4.875	-0.3931624366566826	0.3452407707102112
4.885	-0.396720190356022	0.3437726221923071
4.895	-0.4009327977276791	0.34015871814823556
4.905	-0.40579662578748366	0.35212977529422257
4.915	-0.4113076471825643	0.3452407707102112
4.925	-0.41746144309870425	0.34173980116751684
4.935	-0.42425320640913156	0.33823883162482254
4.945	-0.4316777450627254	0.33270504105733795
4.955	-0.43972948570939097	0.32016931140446475
4.965	-0.4484024775602671	0.33033341652841597
4.975	-0.45769039648024057	0.32897820251188914
4.985	-0.46758654931011745	0.31361911032458506
4.995	-0.47808387841565514	0.3240090844512908
5.005	-0.4891749664605287	0.3100052062805135
5.015	-0.5008520414001443	0.30153511867722077
5.025	-0.5131069816930851	0.30063164266620285
5.035	-0.5259313217268442	0.29769534563039474
5.045	-0.5393162574543638	0.29283916207117355
5.055	-0.5532526522377659	0.2960013281097362
5.065	-0.5677310428955414	0.2950978520987183
5.075	-0.5827416459493058	0.2779318078893784
5.085	-0.5982743640661464	0.2817715809362044
5.095	-0.3926711030167167	0.34908054375703723
5.105	-0.41030233561576956	0.3397069801427266
5.115	-0.42842357542223364	0.3299946130242843
5.125	-0.4470235378740186	0.3246866914595542
5.135	-0.4660906595520793	0.3120380273053037
5.145	-0.4856131057058537	0.3085370577626094
5.155	-0.5055787779431551	0.3028903326937476
5.165	-0.525975322079534	0.29938936315105324
5.175	-0.5467901361421821	0.2963401316138679
5.185	-0.5680103785233155	0.2885476510188386
5.195	-0.5896229762778167	0.28312679495273124
5.205	-0.6116146335598994	0.2792870219059052
5.215	-0.633971840193475	0.2780447423907556
5.225	-0.656680880370752	0.26381499521722385
5.235	-0.6797278414735599	0.2621209776965653
5.245	-0.7030986230118969	0.2509404620602189
5.255	-0.7267789456739249	0.2521827415753685
5.265	-0.7507543604817888	0.24823003402716526
5.275	-0.7750102580474199	0.23580723887566926
5.285	-0.7995318779225117	0.24009874992800423
5.295	-0.8243043180367472	0.2240620507324367
5.305	-0.8493125442183083	0.2224809677131554
5.315	-0.007325459416487101	0.5100122082195988
5.325	-0.03430706777521397	0.5128355707540297
5.335	-0.061478663389968435	0.4859571594262475
5.345	-0.08882478032284413	0.4833596658945711
5.355	-0.11632986915969168	0.463709062654932
5.365	-0.14397830689677726	0.4466559529469693
5.375	-0.17175440686688104	0.441235096880862
5.385	-0.19964242869855608	0.43005458124451557
5.395	-0.22762658830228322	0.4250854631839172
5.405	-0.25569106787725904	0.41401788204894807
5.415	-0.283820025932483	0.3989975933657756
5.425	-0.3119976073159396	0.38973696425284227
5.435	-0.3402079532454445	0.37787884160823243
5.445	-0.36843521133495427	0.3698604920104487
5.455	-0.39666354560998607	0.352807382302486
5.465	-0.42487714650590913	0.3498710852666779
5.475	-0.4530602408427957	0.34264327717853477
5.485	-0.4811971017705783	0.3262677744788355
5.495	-0.5092720586782997	0.32976874402152984
5.505	-0.5372695070611989	0.3137320448259623
5.515	-0.5651739183395408	0.3181364903796745
5.525	-0.5929698496229187	0.30017990466069394
5.535	-0.6206419534139884	0.2845949434706353
5.545	-0.648174987245578	0.278722349399019
5.555	-0.6755538232450768	0.2883217820160841
5.565	-0.7027634576201612	0.2621209776965653
5.575	-0.7297890200599413	0.26562194723925964
5.585	-0.756615783045619	0.2548931696084222
5.595	-0.7832291710648279	0.2539896935974043
5.605	-0.8096147697239932	0.2502628550519555
5.615	-0.8357583347528942	0.23987288092524978
5.625	-0.8616458008958956	0.2378400599004595
5.635	-0.8872632906843001	0.22609487175722695
5.645	-0.9125971230843135	0.22925703779578957
5.655	-0.9376338220152534	0.22135162269938302
5.665	-0.9623601247327248	0.21728598064980253
5.675	-0.9867629900714981	0.21197805908507242
5.685	-1.0108296065429954	0.20960643455615047
5.695	-1.0345474002823147	0.20023287094183986
5.705	-1.0579040428399311	0.1925533248481878
5.715	-1.0808874588131328	0.19052050382339752
5.725	-1.1034858333125221	0.1922145213440561
5.735	-1.1256876192589644	0.17753303616501537
5.745	-1.14748154450639	0.18509964775729018
5.755	-1.1688566187861285	0.17132163858926738
5.765	-1.1898021404684083	0.17595195314573406
5.775	-1.2103077031368819	0.16386796149836977
5.785	-1.230363201972081	0.16996642457274053
5.795	-1.2499588399399308	0.15810830192813075
5.805	-1.2690851337814175	0.16160927147082504
5.815	-1.287732919799786	0.16194807497495675
5.825	-1.3058933594416917	0.15200983885376
5.835	-1.3235579446688805	0.15935058144328032
5.845	-1.3407185031170892	0.15212277335513721
5.855	-1.3573672030390251	0.1480571313055567
5.865	-1.3734965580283824	0.147718327801425
5.875	-1.3890994315220566	0.1393611746995095
5.885	-1.40416904107775	0.1411681267215453
5.895	-1.4186989624244208	0.14229747173531765
5.905	-1.4326831332831065	0.1393611746995095
5.915	-1.4461158569557937	0.14410442375735344
5.925	-1.4589918056802085	0.1280677245617859
5.935	-1.471306023748483	0.13439205663891113
5.945	-1.4830539303878447	0.12569610003286394
5.955	-1.4942313224016113	0.13766715717885097
5.965	-1.5048343765689545	0.12501849302460052
5.975	-1.5148596518019812	0.12659957604388183
5.985	-1.524304091058915	0.12614783803837287
5.995	-1.5331650230122555	0.12501849302460052
6.005	-1.541440163470993	0.11846829194472082
6.015	-1.5491276165560541	0.11959763695849318
6.025	-1.5562258756283878	0.12174339248466066
6.035	-1.5627338239691762	0.11835535744334358
6.045	-1.5686507352118777	0.12174339248466066
6.055	-1.5739762735259257	0.1303264145893306
6.065	-1.5787104935520795	0.12219513049016961
6.075	-1.5828538400895762	0.11959763695849318
6.085	-1.5864071475354011	0.12050111296951106
6.095	-1.5893716390761254	0.1243408860163371
6.105	-1.591748925632943	0.11982350596124765
6.115	-1.5935410045606742	0.12219513049016961
6.125	-1.5947502581016824	0.11609666741579885
6.135	-1.5953794515957642	0.11361210838549965
6.145	-1.5954317314472881	0.11417678089238584
6.155	-1.594910622850932	0.12083991647364277
6.165	-1.5938200272776009	0.12298567199981027
6.175	-1.592164219722214	0.11733894693094846
6.185	-1.5899478457151823	0.11677427442406227
6.195	-1.587175918099606	0.11666133992268503
6.205	-1.5838538135763138	0.12163045798328342
6.215	-1.5799872690190373	0.11767775043508016
6.225	-1.5755823775621522	0.11948470245711594
6.235	-1.5706455844635863	0.11971057145987041
6.245	-1.5651836827455503	0.12772892105765418
6.255	-1.559203808616032	0.12016230946537935
6.265	-1.5527134366739863	0.1218563269860379
6.275	-1.5457203749013824	0.12479262402184604
6.285	-1.5382327594453558	0.12603490353699565
6.295	-1.5302590491938803	0.1230986065011875
6.305	-1.5218080201484754	0.11824242294196634
6.315	-1.5128887595976008	0.12727718305214525
6.325	-1.5035106600945434	0.1299876110851989
6.335	-1.4936834132436367	0.13066521809346232
6.345	-1.483417003298912	0.13156869410448022
6.355	-1.4727217005792685	0.1284065280659176
6.365	-1.4616080547044343	0.1312298906003485
6.375	-1.4500868876560777	0.1308910870962168
6.385	-1.4381692866685478	0.13281097361962982
6.395	-1.4258665969538333	0.14444322726148515
6.405	-1.4131904142654106	0.13043934909070787
6.415	-1.4001525773058	0.13710248467196479
6.425	-1.3867651599826405	0.14545963777388027
6.435	-1.3730404635183595	0.13981291270501847
6.445	-1.3589910084184305	0.1383447641871144
6.455	-1.3446295263034316	0.1468148517904071
6.465	-1.3299689516100675	0.1611575334653161
6.475	-1.315022413166586	0.15856003993363968
6.485	-1.299803225647904	0.15121929734411932
6.495	-1.2843248809159493	0.16319035449010635
6.505	-1.268601039250802	0.160141122952921
6.515	-1.252645520478149	0.1611575334653161
6.525	-1.2364722949988491	0.16714306203830964
6.535	-1.2200954747262995	0.1586729744350169
6.545	-1.2035293039373367	0.16657838953142345
6.555	-1.1867881500426387	0.17188631109615354
6.565	-1.1698864942824385	0.1785494466774105
6.575	-1.1528389223535243	0.18306682673249994
6.585	-1.1356601149735064	0.17821064317327878
6.595	-1.1183648383884024	0.18148574371321863
6.605	-1.1009679348295138	0.18374443374076335
6.615	-1.0834843129257916	0.19334386635782844
6.625	-1.0659289380777652	0.19345680085920566
6.635	-1.0483168227990922	0.19300506285369673
6.645	-1.0306630170320248	0.19469908037435527
6.655	-1.0129825984428582	0.19707070490327724
6.665	-0.9952906627035808	0.21141338657818623
6.675	-0.9776023137659156	0.2103969760657911
6.685	-0.9599326541339283	0.20373384048453416
6.695	-0.9422967751414385	0.2199964086828562
6.705	-0.924709747240315	0.22699834776824485
6.715	-0.9071866103059676	0.21954467067734726
6.725	-0.8897423639661289	0.23083812081507088
6.735	-0.8723919579590228	0.24393852297483026
6.745	-0.8551502825271635	0.23230626933297494
6.755	-0.8380321588528055	0.24890764103542867
6.765	-0.821052329541137	0.25602251462219455
6.775	-0.8042254491572666	0.2424703744569262
6.785	-0.7875660748230329	0.25545784211530836
6.795	-0.7710886568795214	0.2661866197461458
6.805	-0.7548075296213254	0.262911519206206
6.815	-0.7387369021083711	0.2642667332227328
6.825	-0.7228908490610806	0.28278799144859956
6.835	-0.7072833018447582	0.2674288992612954
6.845	-0.6919280395488235	0.2809810394265638
6.855	-0.6768386801665691	0.2858372229857849
6.865	-0.6620286718810621	0.2945331795918321
6.875	-0.6475112844626174	0.3007445771675801
6.885	-0.6332996007834012	0.2956625246056045
6.895	-0.6194065084544498	0.3046972847157834
6.905	-0.6058446915904193	0.3142967173328485
6.915	-0.5926266227073014	0.3144096518342257
6.925	-0.5797645547581446	0.32175039442374603
6.935	-0.5672705133119212	0.3312368925394339
6.945	-0.5551562888803899	0.3318015650463201
6.955	-0.5434334293978669	0.332253303051829
6.965	-0.5321132328585676	0.3313498270408111
6.975	-0.5212067401162566	0.34320794968542095
6.985	-0.5107247278506821	0.34049752165236724
6.995	-0.5006777017052646	0.34072339065512175
7.005	-0.49107588960030824	0.3391423076358404
7.015	-0.4819292352260218	0.3669241949746405
7.025	-0.47324739171938535	0.354727268825899
7.035	-0.46503971552884815	0.3558566138396714
7.045	-0.4573152604707589	0.35890584537685677
7.055	-0.4500827719811684	0.35879291087547954
7.065	-0.4433506815667252	0.365230177453982
7.075	-0.4371271014580518	0.3561954173438031
7.085	-0.4314198194690244	0.3692958195035625
7.095	-0.4262362940650972	0.3730226580490113
7.105	-0.42158364964383765	0.38883348824182434
7.115	-0.41746867203056515	0.36794060548703567
7.125	-0.41389780419193367	0.3783305796137414
7.135	-0.4108771421701123	0.3758460205834422
7.145	-0.40841243124012006	0.3863489292115252
7.155	-0.40650906229266726	0.3765236275917056
7.165	-0.4051720684447846	0.39199565428038696
7.175	-0.404406121880333	0.3826220906660764
7.185	-0.4042155309223108	0.36827940899116735
7.195	-0.404604237338821	0.377652972605478
7.205	-0.40557581388430397	0.3792340556247593
7.215	-0.4071334620775706	0.3680535399884129
7.225	-0.4092800102179801	0.37042516451733487
7.235	-0.412017911640965	0.36963462300769423
7.245	-0.4153492432139505	0.36240681491955107
7.255	-0.41927570407357684	0.3849937151949983
7.265	-0.42379861460495283	0.39007576775697395
7.275	-0.42891891566353935	0.3856713222032618
7.285	-0.4346371680400889	0.3880429467321837
7.295	-0.4409535521689334	0.3689570159994308
7.305	-0.4478678680797237	0.3656819154594909
7.315	-0.4553795355926151	0.37505547907380155
7.325	-0.46348759475668566	0.3637620289360779
7.335	-0.47219070653127915	0.37347439605452026
7.345	-0.4814871537097394	0.3559695483410486
7.355	-0.49137484208492443	0.3727967890462568
7.365	-0.5018513018556596	0.35337205480937217
7.375	-0.5129136892732158	0.35133923378458193
7.385	-0.5245587885266603	0.34106219415925343
7.395	-0.5367830138658447	0.35766356586170717
7.405	-0.5495824119606206	0.3330438445614697
7.415	-0.5629526644946887	0.34106219415925343
7.425	-0.5768890909924251	0.33214036855045176
7.435	-0.5913866518767664	0.3250254949636859
7.445	-0.6064399517561844	0.3252513639664404
7.455	-0.6220432429385738	0.3162166038562615
7.465	-0.6381904291698024	0.3087629267653639
7.475	-0.6548750695944151	0.3028903326937476
7.485	-0.6720903829359729	0.2967918696193768
7.495	-0.6898292518942757	0.3156519313493753
7.505	-0.7080842277566126	0.28866058552021584
7.515	-0.726847535220083	0.2929520965725508
7.525	-0.7461110774218038	0.29091927554776054
7.535	-0.7658664411737692	0.27104280330536695
7.545	-0.7861049023990243	0.2702522617957263
7.555	-0.8068174317655362	0.2733014933329117
7.565	-0.8279947005142156	0.2642667332227328
7.575	-0.8496270864772588	0.256248383624949
7.585	-0.871704680282978	0.2577165321428531
7.595	-0.8942172917430509	0.2548931696084222
7.605	-0.9171544564181651	0.24461612998309368
7.615	-0.9405054423577248	0.23230626933297494
7.625	-0.964259257009326	0.22857943078752616
7.635	-0.9884046542935905	0.2321933348315977
7.645	-1.0129301418397127	0.21615663563603016
7.655	-1.0378239883771458	0.21333327310159925
7.665	-1.0630742312786206	0.2019268884624984
7.675	-1.0886686842496882	0.19774831191154066
7.685	-1.1145949451598107	0.20587959601070166
7.695	-1.1408404040099618	0.1891652898068707
7.705	-1.1673922510316914	0.18250215422561375
7.715	-1.1942374849123534	0.18905235530549347
7.725	-1.2213629211412504	0.1822762852228593
7.735	-1.248755200471416	0.17967879169118287
7.745	-1.2764007974914746	0.17064403158100397
7.755	-1.3042860293021687	0.17708129815950643
7.765	-1.3323970642919694	0.1542685288813047
7.775	-1.360719931006134	0.15517200489232258
7.785	-1.3892405271035022	0.15788243292537626
7.795	-1.4179446283953816	0.14658898278765264
7.805	-1.4468178979605995	0.14466909626423963
7.815	-1.4758458953309566	0.14342681674909002
7.825	-1.5050140857412377	0.1404905197132819
7.835	-1.5343078494377462	0.14252334073807213
7.845	-1.5637124910394906	0.13473086014304284
7.855	-1.5932132489460031	0.12140458898052896
7.865	-1.6227953047857229	0.12174339248466066
7.875	-1.6524437928990214	0.12524436202735498
7.885	-1.6821438098496357	0.1193717679557387
7.895	-1.7118804239585477	0.11948470245711594
7.905	-1.7416386848541725	0.11338623938274518
7.915	-1.7714036330326965	0.1087559248262785
7.925	-1.801160309422589	0.10423854477118905
7.935	-1.8308937649469863	0.09768834369130934
7.945	-1.8605890700779921	0.0919286841210703
7.955	-1.8902313243766624	0.09531671916238739
7.965	-1.9198056660127234	0.09215455312382477
7.975	-1.9492972812577716	0.09396150514586055
7.985	-1.9786914139460139	0.08616902455083125
7.995	-2.0079733748964204	0.08842771457837598
8.005	-2.037128551290375	0.08729836956460361
8.015	-2.066142415998702	0.08052229948196944
8.025	-2.0950005368522016	0.08097403748747838
8.035	-2.123688585849766	0.07645665743238893
8.045	-2.152192348298128	0.0804093649805922
8.055	-2.1804977318775345	0.07815067495304748
8.065	-2.208590775627415	0.07080993236352712
8.075	-2.2364576588463976	0.07216514638005396
8.085	-2.264084709900988	0.07182634287592225
8.095	-2.2914584149372184	0.0651632072946653
8.105	-2.318565426489841	0.07001939085388646
8.115	-2.345392571983422	0.06629255230843767
8.125	-2.3719268621200165	0.06324332077125229
8.135	-2.398155499148044	0.06064582723957586
8.145	-2.4240658850070553	0.0639209277795157
8.155	-2.449645629343293	0.05353095365280998
8.165	-2.474882557390811	0.05567670917897746
8.175	-2.4997647177132265	0.053869757156941686
8.185	-2.5242803898010933	0.05601551268310918
8.195	-2.5484180915201624	0.053192150148678265
8.205	-2.5721665864056433	0.050707591118379074
8.215	-2.5955148907979306	0.049126508099097764
8.225	-2.618452280815197	0.05002998411011565
8.235	-2.640968299158411	0.047545425079816454
8.245	-2.663052761744499	0.0479971630853254
8.255	-2.6846957641633447	0.04415739003849937
8.265	-2.7058876879545535	0.0479971630853254
8.275	-2.726619206700046	0.04652901456742133
8.285	-2.7468812919284837	0.04359271753161319
8.295	-2.7666652188278684	0.04223750351508635
8.305	-2.7859625717626364	0.04596434206053515
8.315	-2.804765249591752	0.03817186146550585
8.325	-2.8230654707844174	0.039414140980655446
8.335	-2.8408557783301327	0.04133402750406846
8.345	-2.8581290444400116	0.03715545095311072
8.355	-2.8748784750363607	0.04314097952610424
8.365	-2.8910976140276397	0.03907533747652374
8.375	-2.9067803473661256	0.03647784394484731
8.385	-2.021277906394857	0.090347601101789
8.395	-2.033258412749624	0.09407443964723779
8.405	-2.0446862608352427	0.09260629112933372
8.415	-2.05555674092255	0.09057347010454346
8.425	-2.065865502269701	0.09147694611556136
8.435	-2.0756085558268778	0.09305802913484267
8.445	-2.0847822767086774	0.09023466660041175
8.455	-2.0933834064325874	0.0919286841210703
8.465	-2.101409054922173	0.09249335662795648
8.475	-2.1088567022737	0.09238042212657924
8.485	-2.1157242002850793	0.09576845716789632
8.495	-1.9744860018244754	0.10796538331663784
8.505	-1.9791024511515474	0.10706190730561996
8.515	-1.9831345484473835	0.10683603830286548
8.525	-1.9865816428221406	0.11248276337172729
8.535	-1.989443459139058	0.10310919975741668
8.545	-1.991720098102597	0.10649723479873377
8.555	-1.993412036105412	0.1050290862808297
8.565	-1.9945201248342748	0.10841712132214679
8.575	-1.9950455906352254	0.1087559248262785
8.585	-1.994990033638366	0.10683603830286548
8.595	-1.9943554266428867	0.10220572374639879
8.605	-1.993144113763042	0.10773951431388337
8.615	-1.9913588088359733	0.10423854477118905
8.625	-1.9890025935924105	0.11112754935520046
8.635	-1.986078915591428	0.11056287684831427
8.645	-1.9825915859206165	0.11677427442406227
8.655	-1.9785447766631368	0.10841712132214679
8.665	-1.9739430181333082	0.11666133992268503
8.675	-1.9687911958825026	0.09960823021472236
8.685	-1.9630945474772972	0.1090947283304102
8.695	-1.956858659051926	0.11316037037999072
8.705	-1.9500894616372992	0.1103370078455598
8.715	-1.9427932272689086	0.1087559248262785
8.725	-1.9349765648761708	0.11022407334418256
8.735	-1.9266464159557921	0.12456675501909158
8.745	-1.917810050032005	0.11643547091993056
8.755	-1.908475059906545	0.11892002995022975
8.765	-1.898649356701458	0.11666133992268503
8.775	-1.8883411646978756	0.12547023103010946
8.785	-1.8775590159741333	0.12772892105765418
8.795	-1.866311744846631	0.12897120057280378
8.805	-1.8546084821170212	0.12772892105765418
8.815	-1.8424586491294408	0.1312298906003485
8.825	-1.8298719516415338	0.12219513049016961
8.835	-1.816858373513294	0.1317945631072347
8.845	-1.8034281702176935	0.13586020515681518
8.855	-1.7895918621773395	0.13495672914579732
8.865	-1.7753602279313319	0.14015171620915018
8.875	-1.7607442971368237	0.14252334073807213
8.885	-1.7457553434096886	0.1433138822477128
8.895	-1.7304048770089229	0.14105519222016807
8.905	-1.714704637369467	0.14545963777388027
8.915	-1.69866658548826	0.15381679087579575
8.925	-1.6823028961683364	0.15212277335513721
8.935	-1.6656259501260382	0.15720482591711285
8.945	-1.6486483259663416	0.16849827605483647
8.955	-1.6313827920314699	0.16160927147082504
8.965	-1.613842298127968	0.16273861648459742
8.975	-1.596039967137636	0.16748186554244135
8.985	-1.5779890865176165	0.1735803286168121
8.995	-1.5597030996951264	0.18125987471046417
9.005	-1.5411955973623659	0.1792270536856739
9.015	-1.522480308677099	0.17967879169118287
9.025	-1.5035710923746795	0.18837474829723005
9.035	-1.4844819277971126	0.18656779627519426
9.045	-1.4652269058449738	0.20520198900243825
9.055	-1.4458202198579015	0.1991035259280675
9.065	-1.4262761564296222	0.203169167977648
9.075	-1.4066090861633072	0.20768654803273745
9.085	-1.3868334543732237	0.20926763105201876
9.095	-1.3669637717386662	0.21322033860022202
9.105	-1.347014604916071	0.21050991056716833
9.115	-1.3270005671154546	0.2166083736415391
9.125	-1.3069363086471362	0.22496552674345457
9.135	-1.2868365074448167	0.22428791973519116
9.145	-1.2667158595711423	0.2359201733770465
9.155	-1.2465890697117352	0.24518080248997987
9.165	-1.2264708416639192	0.2577165321428531
9.175	-1.2063758688261326	0.24664895100788395
9.185	-1.186318824694214	0.2611045671841702
9.195	-1.4331418447827433	0.20463731649555206
9.205	-1.4116571585947697	0.19628016339363658
9.215	-1.3902542073773667	0.20892882754788705
9.225	-1.3689474903281715	0.2134462076029765
9.235	-1.3477514395389225	0.21943173617597
9.245	-1.3266804106602423	0.21920586717321552
9.255	-1.3057486736156731	0.22959584129992128
9.265	-1.2849704033708664	0.2321933348315977
9.275	-1.2643596707637883	0.23987288092524978
9.285	-1.2439304334019576	0.2378400599004595
9.295	-1.2236965266324502	0.2415668984459083
9.305	-1.2036716545905144	0.26076576368003845
9.315	-1.183869381332533	0.26133043618692464
9.325	-1.1643031220590183	0.2502628550519555
9.335	-Inf	0.0
9.345	-Inf	0.0
9.355	-Inf	0.0
9.365	-Inf	0.0
9.375	-Inf	0.0
9.385	-Inf	0.0
9.395	-Inf	0.0
9.405	-Inf	0.0
9.415	-Inf	0.0
9.425	-Inf	0.0
9.435	-Inf	0.0
9.445	-Inf	0.0
9.455	-Inf	0.0
9.465	-Inf	0.0
9.475	-Inf	0.0
9.485	-Inf	0.0
9.495	-Inf	0.0
9.505	-Inf	0.0
9.515	-Inf	0.0
9.525	-Inf	0.0
9.535	-Inf	0.0
9.545	-Inf	0.0
9.555	-Inf	0.0
9.565	-Inf	0.0
9.575	-Inf	0.0
9.585	-Inf	0.0
9.595	-Inf	0.0
9.605	-Inf	0.0
9.615	-Inf	0.0
9.625	-Inf	0.0
9.635	-Inf	0.0
9.645	-Inf	0.0
9.655	-Inf	0.0
9.665	-Inf	0.0
9.675	-Inf	0.0
9.685	-Inf	0.0
9.695	-Inf	0.0
9.705	-Inf	0.0
9.715	-Inf	0.0
9.725	-Inf	0.0
9.735	-Inf	0.0
9.745	-Inf	0.0
9.755	-Inf	0.0
9.765	-Inf	0.0
9.775	-Inf	0.0
9.785	-Inf	0.0
9.795	-Inf	0.0
9.805	-Inf	0.0
9.815	-Inf	0.0
9.825	-Inf	0.0
9.835	-Inf	0.0
9.845	-Inf	0.0
9.855	-Inf	0.0
9.865	-Inf	0.0
9.875	-Inf	0.0
9.885	-Inf	0.0
9.895	-Inf	0.0
9.905	-Inf	0.0
9.915	-Inf	0.0
9.925	-Inf	0.0
9.935	-Inf	0.0
9.945	-Inf	0.0
9.955	-Inf	0.0
9.965	-Inf	0.0
9.975	-Inf	0.0
9.985	-Inf	0.0
9.995	-Inf	0.0
