0.005	-Inf	0.0
0.015	-Inf	0.0
0.025	-Inf	0.0
0.035	-Inf	0.0
0.045	-Inf	0.0
0.055	-Inf	0.0
0.065	-Inf	0.0
0.075	-Inf	0.0
0.085	-Inf	0.0
0.095	-Inf	0.0
0.105	-Inf	0.0
0.115	-Inf	0.0
0.125	-Inf	0.0
0.135	-Inf	0.0
0.145	-Inf	0.0
0.155	-Inf	0.0
0.165	-Inf	0.0
0.175	-Inf	0.0
0.185	-Inf	0.0
0.195	-Inf	0.0
0.205	-Inf	0.0
0.215	-Inf	0.0
0.225	-Inf	0.0
0.235	-Inf	0.0
0.245	-Inf	0.0
0.255	-Inf	0.0
0.265	-Inf	0.0
0.275	-Inf	0.0
0.285	-Inf	0.0
0.295	-Inf	0.0
0.305	-Inf	0.0
0.315	-Inf	0.0
0.325	-Inf	0.0
0.335	-Inf	0.0
0.345	-Inf	0.0
0.355	-Inf	0.0
0.365	-Inf	0.0
0.375	-Inf	0.0
0.385	-Inf	0.0
0.395	-Inf	0.0
0.405	-Inf	0.0
0.415	-Inf	0.0
0.425	-Inf	0.0
0.435	-Inf	0.0
0.445	-Inf	0.0
0.455	-Inf	0.0
0.465	-Inf	0.0
0.475	-Inf	0.0
0.485	-Inf	0.0
0.495	-Inf	0.0
0.505	-Inf	0.0
0.515	-Inf	0.0
0.525	-Inf	0.0
0.535	-Inf	0.0
0.545	-Inf	0.0
0.555	-Inf	0.0
0.565	-Inf	0.0
0.575	-Inf	0.0
0.585	-Inf	0.0
0.595	-Inf	0.0
0.605	-Inf	0.0
0.615	-Inf	0.0
0.625	-Inf	0.0
0.635	-Inf	0.0
0.645	-Inf	0.0
0.655	-Inf	0.0
0.665	-Inf	0.0
0.675	-Inf	0.0
0.685	-Inf	0.0
0.695	-Inf	0.0
0.705	-Inf	0.0
0.715	-Inf	0.0
0.725	-Inf	0.0
0.735	-Inf	0.0
0.745	-Inf	0.0
0.755	-Inf	0.0
0.765	-Inf	0.0
0.775	-Inf	0.0
0.785	-Inf	0.0
0.795	-Inf	0.0
0.805	-Inf	0.0
0.815	-Inf	0.0
0.825	-Inf	0.0
0.835	-Inf	0.0
0.845	-Inf	0.0
0.855	-Inf	0.0
0.865	-Inf	0.0
0.875	-Inf	0.0
0.885	-Inf	0.0
0.895	-Inf	0.0
0.905	-Inf	0.0
0.915	-Inf	0.0
0.925	-Inf	0.0
0.935	-Inf	0.0
0.945	-Inf	0.0
0.955	-Inf	0.0
0.965	-Inf	0.0
0.975	-Inf	0.0
0.985	1.150187672049261	1.083725000434649
0.995	1.1506727726079053	1.0492428413299102
1.005	1.151163196317832	1.0021558593591535
1.015	1.1516624451912176	1.0050535197881232
1.025	1.1521739932439252	1.0166441615040016
1.035	1.1527012847780016	1.0401152109786558
1.045	1.153247732697359	0.9746280852839417
1.055	1.153816716857344	1.001721210294808
1.065	1.1544115824488304	0.9637618586753056
1.075	1.155035638417519	0.9737587871552509
1.085	1.1556921559190325	0.9391317450290636
1.095	1.1563843668104	0.9378277978360272
1.105	1.1571154621784943	0.9217457824552456
1.115	1.1578885909059569	0.9079818954176399
1.125	1.1587068582750968	0.9060984161388096
1.135	1.1595733246102586	0.9014621594524581
1.145	1.1604910039591028	0.8814683024925675
1.155	1.1614628628131953	0.8552444756103922
1.165	1.1624918188683306	0.8787155250850464
1.175	1.16358073982492	0.848000324537968
1.185	1.1647324422287886	0.8388726941867136
1.195	1.165949690352685	0.8445231320232045
1.205	1.16723519511878	0.8358301507362955
1.215	1.1685916130623857	0.8391624602296106
1.225	1.1700215453371272	0.7941038405591325
1.235	1.1715275367617553	0.8032314709103869
1.245	1.173112074908738	0.8159811767978534
1.255	1.1747775892347934	0.7736753345348966
1.265	1.1765264502534318	0.757593319154115
1.275	1.178360968749615	0.7609256286474301
1.285	1.1802833950365479	0.7649823532479876
1.295	1.1822959182546393	0.7703430250415815
1.305	1.1844006657126123	0.7594767984329452
1.315	1.18659970227073	0.732383673422079
1.325	1.1888950297660685	0.723980458178067
1.335	1.1912885864797447	0.732963205507873
1.345	1.1937822466459775	0.7000747596390674
1.355	1.1963778200028408	0.7202134996204065
1.365	1.1990770513845255	0.6892085330304313
1.375	1.2018816203549212	0.716156775019849
1.385	1.2047931408822858	0.6932652576309888
1.395	1.2078131610547522	0.695438502952716
1.405	1.2109431628363994	0.6634193552126013
1.415	1.2141845618635851	0.6779076573574496
1.425	1.2175387072812147	0.6773281252716556
1.435	1.2210068816185935	0.6580586834190075
1.445	1.224590300704499	0.6700839741992316
1.455	1.2282901136210649	0.6344427509229048
1.465	1.2321074026960666	0.6347325169658018
1.475	1.236043183533163	0.649800351196444
1.485	1.24009840507963	0.6474822228532683
1.495	1.2442739497311066	0.6140142448986688
1.505	1.2485706334728421	0.6111165844696992
1.515	1.2529892060569199	0.6098126372766628
1.525	1.2575303512149134	0.5996708257752691
1.535	1.262194686905411	0.6053212636117599
1.545	1.2669827655958192	0.5898187803167723
1.555	1.2718950745778477	0.5993810597323721
1.565	1.2769320363160523	0.5993810597323721
1.575	1.2820940088288049	0.5628705383273545
1.585	1.2873812861010254	0.5821399801800027
1.595	1.292794098528017	0.5415727341744275
1.605	1.2983326133897135	0.5579445155981061
1.615	1.3039969353546406	0.5592484627911425
1.625	1.3097871070128735	0.5569303344479667
1.635	1.3157031094372704	0.5418625002173245
1.645	1.3217448627722326	0.5365018284237307
1.655	1.327912226849238	0.5267946659866823
1.665	1.3342050018284024	0.5479475871181608
1.675	1.3406229288652542	0.5237521225362642
1.685	1.3471656908019778	0.5189709828284643
1.695	1.3538329128823	0.5136103110348704
1.705	1.3606241634892313	0.5286781452655126
1.715	1.3675389549048371	0.5165079714638401
1.725	1.3745767440912249	0.5311411566301368
1.735	1.3817369334919152	0.49781806169698584
1.745	1.3890188718527574	0.505641744855204
1.755	1.3964218550615686	0.475940725458265
1.765	1.4039451270056131	0.4943408691822223
1.775	1.4115878804461115	0.4736225971150893
1.785	1.4193492579088995	0.4691312234501863
1.795	1.427228352590385	0.4886904313457315
1.805	1.4352242092779552	0.4695658725145318
1.815	1.4433358252839434	0.47825885380144073
1.825	1.451562151392337	0.4610177742490713
1.835	1.459902092817305	0.4650744988496288
1.845	1.4683545101727475	0.4601484761203804
1.855	1.4769182204519455	0.4520350269192654
1.865	1.4855919980164909	0.4526145590050593
1.875	1.494374575593616	0.4411688003106292
1.885	1.503264645281075	0.4487027174259503
1.895	1.51226085955873	0.4472538872114655
1.905	1.52136183230597	0.42914350953040514
1.915	1.5305661398241623	0.43479394736689597
1.925	1.5398723218632373	0.4316065208950294
1.935	1.54927888265164	0.4119024299780357
1.945	1.5587842919287693	0.4213198263721871
1.955	1.568386985979115	0.40190550149809046
1.965	1.5780853686672724	0.3991527240905693
1.975	1.5878778124730297	0.3955306485543572
1.985	1.5977626595257437	0.39726924481173903
1.995	1.6077382226372001	0.4198709961577023
2.005	1.6178027863322146	0.42204424147942954
2.015	1.6279546078761704	0.4130614941496236
2.025	1.63819191829878	0.4233481886724659
2.035	1.6485129234133016	0.4253765509727446
2.045	1.658915804830491	0.44580505699698064
2.055	1.6693987209665775	0.47231864992205297
2.065	1.6799598080445457	0.4814462802733073
2.075	1.6905971810880565	0.4646398497852834
2.085	1.701308934907299	0.48130139725185883
2.095	1.712093145076155	0.47985256703737406
2.105	1.7229478688999789	0.4692761064716348
2.115	1.7338711463734164	0.5089740543485191
2.125	1.744861001127599	0.4773895556727498
2.135	1.755915441366148	0.4970936465897435
2.145	1.767032460789396	0.5062212769409978
2.155	1.7782100395062463	0.5012952542117495
2.165	1.7894461449331596	0.5037582655763736
2.175	1.8007387326796884	0.5189709828284643
2.185	1.8120857474200944	0.529692326415652
2.195	1.8234851237505205	0.5207095790858461
2.205	1.834934787031266	0.5318655717373793
2.215	1.8464326542136944	0.5615665911343182
2.225	1.8579766346513407	0.5295474433942036
2.235	1.8695646308948106	0.5317206887159308
2.245	1.8811945394700578	0.5502657154613365
2.255	1.8928642516396719	0.5650437836490817
2.265	1.9045716541468227	0.5676516780351544
2.275	1.9163146299415121	0.5867762368663542
2.285	1.9280910588888318	0.5943101539816752
2.295	1.9398988184589094	0.5635949534345969
2.305	1.9517357843983005	0.5679414440780514
2.315	1.9635998313825307	0.5777934895365482
2.325	1.9754888336496004	0.5741714140003361
2.335	1.9874006656141954	0.5779383725579967
2.345	1.999333202462449	0.6014094220326508
2.355	2.0112843207270603	0.5818502141371057
2.365	2.0232518988426422	0.6114063505125962
2.375	2.0352338176811458	0.6096677542552144
2.385	2.047227961067282	0.5993810597323721
2.395	2.059232216273843	0.6079291579978325
2.405	2.0712444744968517	0.6109717014482506
2.415	2.08326263131052	0.5925715577242934
2.425	2.0952845871019723	0.6263293017217898
2.435	2.1073082474857476	0.6360364641588382
2.445	2.1193315236981	0.6299513772580019
2.455	2.131352332971133	0.6228521092070263
2.465	2.143368598886842	0.6256048866145474
2.475	2.155378251711129	0.6560303211187287
2.485	2.1673792287079268	0.6270537168290322
2.495	2.179369474433511	0.6190851506493658
2.505	2.1913469410111874	0.6341529848800079
2.515	2.2033095883864977	0.6179260864777778
2.525	2.215255384563119	0.65400195881845
2.535	2.2271823058196847	0.6379199434376684
2.545	2.239088336907729	0.6344427509229048
2.555	2.2509714712310016	0.6131449467699779
2.565	2.2628297110064133	0.6408176038666381
2.575	2.2746610674069005	0.6566098532045227
2.585	2.2864635606864705	0.6531326606897591
2.595	2.2982352202878	0.6437152642956078
2.605	2.309974084932647	0.6770383592287587
2.615	2.3216782026954834	0.6566098532045227
2.625	2.3333456310606815	0.6612461098908741
2.635	2.3449744369636414	0.6432806152312623
2.645	2.3565626968162636	0.67022885722068
2.655	2.368108496517155	0.6813848498722131
2.665	2.379609931447038	0.6477719888961653
2.675	2.3910651064497537	0.6770383592287587
2.685	2.402472135799358	0.6922510764808494
2.695	2.4138291431537446	0.6866006386443586
2.705	2.425134261495307	0.6815297328936617
2.715	2.4363856330591123	0.6958731520170615
2.725	2.4475814092491137	0.7154323599126066
2.735	2.4587197505428953	0.7093472730117704
2.745	2.4697988263855044	0.6893534160518797
2.755	2.480816815072906	0.7258639374568974
2.765	2.491771903625595	0.7039866012181765
2.775	2.502662287652953	0.7213725637919943
2.785	2.513486171208896	0.711665401354946
2.795	2.524241766639403	0.6897880651162251
2.805	2.534927294422527	0.7271678846499336
2.815	2.5455409830014437	0.7234009260922731
2.825	2.5560810686111815	0.7199237335775095
2.835	2.5665457950996116	0.7180402542986792
2.845	2.576933413743335	0.7558547228967332
2.855	2.587242183059055	0.7583177342613574
2.865	2.5974703686110945	0.7397727075159516
2.875	2.607616242815655	0.7471617416098243
2.885	2.6176780847424626	0.7400624735588486
2.895	2.6276541799144497	0.7386136433443637
2.905	2.637542820106064	0.7838171460362903
2.915	2.6473423031409014	0.8004786935028658
2.925	2.657050932689244	0.7881636366797448
2.935	2.6666670180661995	0.7687493118056481
2.945	2.6761888740310287	0.7919305952374053
2.955	2.6856148205883397	0.7838171460362903
2.965	2.6949431827917625	0.7954077877521689
2.975	2.7041722905507513	0.8261229882992472
2.985	2.7133004784411514	0.799319629331278
2.995	2.7223260855201428	0.7920754782588538
3.005	2.7312474551462054	0.8084472596825323
3.015	2.7400629348047234	0.7983054481811386
3.025	2.7487708759398366	0.7775871761140055
3.035	2.757369633793166	0.7686044287841997
3.045	2.7658575672500127	0.7783115912212479
3.055	2.774233038693618	0.7525224134034181
3.065	2.7824944138680974	0.7636784060549513
3.075	2.790640061750625	0.7644028211621936
3.085	2.7986683544334348	0.7525224134034181
3.095	2.8065776670162212	0.7474515076527212
3.105	2.8143663775094803	0.7467270925454788
3.115	2.822032866749364	0.7442640811808546
3.125	2.829575518324557	0.7500594020387938
3.135	2.8369927185157238	0.708043325818734
3.145	2.8442828562480207	0.7290513639287639
3.155	2.851444323057208	0.7307899601861457
3.165	2.858475513069813	0.7148528278268127
3.175	2.86537482299785	0.7102165711404612
3.185	2.872140652148551	0.7238355751566186
3.195	2.8787714024495523	0.7115205183334975
3.205	2.885265478489983	0.6887738839660857
3.215	2.891621287577866	0.7013787068321038
3.225	2.8978372398142467	0.6973219822315463
3.235	2.9039117481844183	0.6758792950571708
3.245	2.909843228666643	0.6958731520170615
3.255	2.9156301003587153	0.6879045858373949
3.265	2.921270785622682	0.6795013705933829
3.275	2.9267637102480917	0.6935550236738857
3.285	2.9321073036340275	0.6967424501457523
3.295	2.9372999989902375	0.6838478612368374
3.305	2.9423402335576228	0.6573342683117651
3.315	2.947226448848329	0.6725469855638557
3.325	2.951957090905675	0.6886290009446373
3.335	2.956530610584126	0.6512491814109288
3.345	2.960945463849504	0.6558854380972803
3.355	2.9652001120995957	0.6589279815476984
3.365	2.9692930225053304	0.6654477175128801
3.375	2.9732226683726237	0.6545814909042439
3.385	2.9769875295250294	0.6108268184268022
3.395	2.980586092707273	0.6437152642956078
3.405	2.984016852009715	0.6370506453089776
3.415	2.987278309313827	0.6395136566736017
3.425	2.990368974758677	0.6479168719176137
3.435	2.993287367228434	0.629082079129311
3.445	2.9960320148608623	0.6130000637485294
3.455	2.998601455576792	0.6408176038666381
3.465	3.000994237630469	0.6299513772580019
3.475	3.0032089201807173	0.6467578077460259
3.485	3.0052440738828077	0.6280678979791716
3.495	3.007098281500887	0.6224174601426808
3.505	3.0087701385408403	0.6189402676279172
3.515	3.0102582539033844	0.6180709694992264
3.525	3.0115612505572233	0.5973526974320933
3.535	3.0126777662320183	0.6358915811373896
3.545	3.013606454130967	0.6005401239039599
3.555	3.0143459836626936	0.5857620557162148
3.565	3.0148950411921858	0.5903983124025661
3.575	3.0152523308104744	0.5941652709602268
3.585	3.0154165751227078	0.5808360329869663
3.595	3.015386516054292	0.5802565009011724
3.605	3.0151609156747172	0.5712737535713664
3.615	3.0147385570386716	0.5746060630646815
3.625	3.0141182450440347	0.5734469988930937
3.635	3.0132988073063176	0.5525838438045122
3.645	3.012279095049088	0.5635949534345969
3.655	3.011057984009905	0.5679414440780514
3.665	3.009634375361275	0.5470782889894699
3.675	3.0080071966460906	0.5563508023621728
3.685	3.0061754027270466	0.5577996325766577
3.695	3.0041379767494547	0.5669272629279121
3.705	3.0018939311168795	0.5712737535713664
3.715	2.9994423084790256	0.5362120623808337
3.725	2.996782182731234	0.5488168852468517
3.735	2.993912660024983	0.5196953979357067
3.745	2.9908328797887194	0.5343285831020035
3.755	2.987542015758382	0.522158409300331
3.765	2.9840392770169144	0.5259253678579915
3.775	2.9803239090420703	0.5260702508794399
3.785	2.9763951947618077	0.5150591412493553
3.795	2.9722524556165304	0.5298372094371004
3.805	2.967895052627429	0.5159284393780462
3.815	2.9633223874701713	0.5076701071554827
3.825	2.958533903553155	0.5196953979357067
3.835	2.9535290870995436	0.5160733223994947
3.845	2.9483074682322727	0.49955665795436766
3.855	2.942868622061225	0.48738648415269514
3.865	2.937212169771732	0.5123063638418341
3.875	2.931337779713581	0.48955972947442233
3.885	2.925245168489652	0.4982527107613313
3.895	2.9189341020433615	0.496658997525398
3.905	2.912404396744	0.5033236165120282
3.915	2.9056559204691217	0.4742021292008832
3.925	2.8986885936830724	0.4689863404287378
3.935	2.8915023905107686	0.45580198547692596
3.945	2.884097339805829	0.4634807856136955
3.955	2.876473526212137	0.4660886799997682
3.965	2.868631091217926	0.46971075553598024
3.975	2.8605702342014547	0.43740184175296865
3.985	3.7512190221713437	1.1025597932229518
3.995	3.7413123552535525	1.0724241247616675
4.005	3.7311882220996977	1.0650350906677948
4.015	3.720847063904332	1.096619589343564
4.025	3.7102893848217886	1.0793785097911945
4.035	3.6995157529418274	1.0701059964184918
4.045	3.6885268012503287	1.0628618453460676
4.055	3.677323228574074	1.0341750070992681
4.065	3.665905800508682	1.0244678446622197
4.075	3.654275350328757	1.0569216414666798
4.085	3.6424327798792886	1.0614130151315828
4.095	3.630379060447404	1.0450412337079042
4.105	3.6181152336135067	1.0024456254020504
4.115	3.6056424120808805	1.0225843653833895
4.125	3.5929617804828395	0.993607761093693
4.135	3.5800745961665013	0.9907101006647233
4.145	3.5669821899522547	0.9647760398254449
4.155	3.5536859668680507	0.9710060097477297
4.165	3.540187406857571	0.9534751641524634
4.175	3.52648806546142	0.972309956940766
4.185	3.512589574470431	0.9397112771148575
4.195	3.498493642550242	0.9407254582649969
4.205	3.4842020558362488	0.960574432203439
4.215	3.469716678498099	0.9428987035867241
4.225	3.4550394532728865	0.9284104014418758
4.235	3.4401724019662185	0.9259473900772517
4.245	3.425117625920341	0.894218008380034
4.255	3.4098773064485086	0.8972605518304521
4.265	3.394453705234835	0.8874085063719553
4.275	3.378849164698829	0.8840761968786403
4.285	3.36306610832389	0.8684288305622041
4.295	3.3471070409489796	0.8749485665273858
4.305	3.3309745490227893	0.8326427242644289
4.315	3.314671300819681	0.8481452075594166
4.325	3.298200046616712	0.8310490110284956
4.335	3.2815636188310666	0.8288757657067684
4.345	3.2647649321172802	0.831773426135738
4.355	3.2478069834235903	0.80772284457529
4.365	3.230692852006824	0.8017826406959021
4.375	3.2134256994052315	0.7851210932293267
4.385	3.196008769368702	0.7807746025858722
4.395	3.1784453877458194	0.7791808893499389
4.405	3.1607389623272386	0.7820785497789086
4.415	3.142892982644884	0.758172851239909
4.425	3.124911019726482	0.7726611533847572
4.435	3.106796725805024	0.7602012135401877
4.445	3.088553833982676	0.7845415611435327
4.455	3.0701861578487915	0.7412215377304364
4.465	3.051697591051614	0.7310797262290427
4.475	3.033092106823348	0.7213725637919943
4.485	3.014373757458258	0.757013787068321
4.495	2.9955466737435428	0.7441191981594061
4.505	2.976615064342653	0.7358608659368426
4.515	2.957583215130878	0.7241253411995155
4.525	2.9384554884829654	0.7152874768911581
4.535	2.919236322512586	0.6947140878454736
4.545	2.8999302302634984	0.6931203746095402
4.555	2.880541798852308	0.6776178913145526
4.565	2.8610756885626896	0.6858762235371162
4.575	2.841536631891044	0.6693595590919892
4.585	2.821929432543541	0.6741406987997891
4.595	2.8022589643845253	0.6664618986630195
4.605	2.7825301703363694	0.6709532723279225
4.615	2.762748061230757	0.653422426732656
4.625	2.7429177146115373	0.657913800397559
4.635	2.7230442734892435	0.6424113171025714
4.645	2.703132945047451	0.6545814909042439
4.655	2.683188999301114	0.6161874902203961
4.665	2.663217767707144	0.6258946526574444
4.675	2.6432246417274303	0.624880471507305
4.685	2.6232150713445987	0.6219828110783353
4.695	2.603194563530824	0.6158977241774991
4.705	2.5831686806700054	0.5956141011747116
4.715	2.563143038933706	0.6051763805903114
4.725	2.5431233066112284	0.5947448030460206
4.735	2.523115202394294	0.5825746292443481
4.745	2.5031244936167543	0.61198588259839
4.755	2.4831569944498417	0.5628705383273545
4.765	2.463218564053513	0.5770690744293058
4.775	2.4433151046843906	0.5557712702763788
4.785	2.4234525597609453	0.5693902742925362
4.795	2.4036369118864993	0.570839104507021
4.805	2.3838741808307127	0.5527287268259607
4.815	2.364170421470254	0.5438908625176033
4.825	2.3445317216893247	0.5388199567669064
4.835	2.3249642002408186	0.545629458774985
4.845	2.305474004568852	0.5580893986195545
4.855	2.286067308593499	0.5340388170591065
4.865	2.2667503104585305	0.5314309226730338
4.875	2.2475292302430225	0.5351978812306943
4.885	2.2284103076377413	0.522158409300331
4.895	2.209399799587178	0.5341837000805549
4.905	2.190503977898221	0.5341837000805549
4.915	2.1717291268163943	0.4976731786755374
4.925	2.1530815405706845	0.5139000770777674
4.935	2.1345675208879626	0.5118717147774887
4.945	2.1161933744780637	0.5192607488713613
4.955	2.097965410490586	0.4649296158281803
4.965	2.0798899379445075	0.49868735982567675
4.975	2.0619732631317578	0.4778242047370953
4.985	2.044221686995866	0.4682619253214954
4.995	2.0266415024868896	0.46319101957079856
5.005	2.0092389918937883	0.5010054881688525
5.015	1.9920204241554633	0.4859376539382103
5.025	1.974992052151724	0.48970461249587083
5.035	1.9581601099754005	0.5157835563565977
5.045	1.941530810186911	0.5228828244075734
5.055	1.925110341052573	0.5275190810939248
5.065	1.9089048637679737	0.49564481637525865
5.075	1.892920509667736	0.5550468551691364
5.085	1.8771633774230283	0.5267946659866823
5.095	1.8616395302282114	0.5470782889894699
5.105	1.8463549929779755	0.5433113304318093
5.115	1.831315749436397	0.5396892548955973
5.125	1.8165277393993153	0.5591035797696939
5.135	1.80199685585147	0.5617114741557666
5.145	1.787728942119852	0.5577996325766577
5.155	1.7737297890246895	0.5682312101209483
5.165	1.7600051320295917	0.5728674668072998
5.175	1.746560648392275	0.5775037234936512
5.185	1.7334019543174044	0.5724328177429544
5.195	1.720534602113017	0.5473680550323669
5.205	1.7079640773520746	0.5522940777616153
5.215	1.6956957960406063	0.5808360329869663
5.225	1.6837351017940063	0.5646091345847363
5.235	1.6720872630230086	0.5796769688153784
5.245	1.660757470130853	0.5747509460861301
5.255	1.6497508327231847	0.5709839875284696
5.265	1.6390723768322493	0.5576547495552091
5.275	1.6287270421568958	0.5638847194774939
5.285	1.618719679319952	0.5767793083864088
5.295	1.609055047144504	0.5585240476839001
5.305	1.5997378099506374	0.5682312101209483
5.315	1.5907725348741688	0.5691005082496392
5.325	1.5821636892089228	0.5721430517000574
5.335	1.573915637774085	0.5525838438045122
5.345	1.5660326403081553	0.5662028478206697
5.355	1.558518848891056	0.554322440061894
5.365	1.5513783053958974	0.5817053311156573
5.375	1.5446149389719213	0.5466436399251244
5.385	1.5382325635601384	0.5727225837858513
5.395	1.5322348754431532	0.5575098665337607
5.405	1.5266254508306767	0.5337490510162095
5.415	1.5214077434821962	0.5363569454022822
5.425	1.5165850823682805	0.5441806285605003
5.435	1.5121606693719811	0.5309962736086884
5.445	1.50813757703176	0.5418625002173245
5.455	1.504518746327392	0.5559161532978274
5.465	1.5013069845102471	0.5417176171958761
5.475	1.4985049629793572	0.5275190810939248
5.485	1.496115215204648	0.5194056318928097
5.495	1.494140134698709	0.5259253678579915
5.505	1.492581973038439	0.538385307702561
5.515	1.491442837937908	0.5472231720109184
5.525	1.4907246913737389	0.5286781452655126
5.535	1.4904293477642914	0.5157835563565977
5.545	1.4905584722039236	0.5353427642521428
5.555	1.4911135787535752	0.5152040242708038
5.565	1.4920960287888823	0.5157835563565977
5.575	1.4935070294070316	0.5162182054209431
5.585	1.4953476318935253	0.5157835563565977
5.595	1.4976187302499837	0.5166528544852886
5.605	1.5003210597841379	0.5037582655763736
5.615	1.5034551957630762	0.5136103110348704
5.625	1.5070215521308161	0.49926689191147067
5.635	1.5110203802912432	0.5160733223994947
5.645	1.5154517679574258	0.5163630884423916
5.655	1.5203156380682574	0.529692326415652
5.665	1.5256117477734061	0.5227379413861248
5.675	1.5313396874874636	0.5112921826916947
5.685	1.5374988800141705	0.4975282956540889
5.695	1.544088579741582	0.5192607488713613
5.705	1.5511078719089881	0.5139000770777674
5.715	1.5585556719463518	0.48550300487386483
5.725	1.5664307248870337	0.513175661970525
5.735	1.5747316048545041	0.5344734661234519
5.745	1.5834567146237082	0.5073803411125857
5.755	1.5926042852577513	0.5037582655763736
5.765	1.6021723758204878	0.5078149901769311
5.775	1.6121588731655694	0.5133205449919734
5.785	1.6225614918025055	0.5010054881688525
5.795	1.6333777738402147	0.5083945222627251
5.805	1.6446050890085115	0.5117268317560402
5.815	1.656240634757951	0.5280986131797187
5.825	1.668281436438392	0.48955972947442233
5.835	1.6807243475566345	0.4976731786755374
5.845	1.693566050113399	0.5025992014047858
5.855	1.7068030550199025	0.5066559260053433
5.865	1.7204317025942675	0.5186812167855673
5.875	1.7344481631379183	0.4972385296111919
5.885	1.7488484375920752	0.49158809177470114
5.895	1.76362835827447	0.5276639641153733
5.905	1.7787835896963153	0.5360671793593852
5.915	1.7943096294595127	0.5417176171958761
5.925	1.8102018092340824	0.5298372094371004
5.935	1.8264552958157592	0.5205646960643976
5.945	1.8430650922635556	0.513175661970525
5.955	1.8600260391172103	0.5205646960643976
5.965	1.877332815694279	0.5098433524772099
5.975	1.8949799414666046	0.5227379413861248
5.985	1.9129617775158863	0.5340388170591065
5.995	1.9312725280680412	0.5159284393780462
6.005	1.9499062421059388	0.5351978812306943
6.015	1.968856815060082	0.5640296024989424
6.025	1.9881179905768578	0.5346183491449004
6.035	2.007683362363719	0.5253458357721975
6.045	2.0275463761108696	0.5438908625176033
6.055	2.047700331488813	0.5350529982092459
6.065	2.0681383842211223	0.5501208324398881
6.075	2.088853548231771	0.563015421348803
6.085	2.109838697866345	0.5633051873917
6.095	2.131086570186335	0.5579445155981061
6.105	2.152589767335704	0.5560610363192758
6.115	2.174340758978964	0.5628705383273545
6.125	2.196331884809826	0.5905431954240147
6.135	2.2185553571294987	0.5596831118554879
6.145	2.241003263493727	0.5759100102577179
6.155	2.2636675694275556	0.5782281386008936
6.165	2.2865401212067433	0.587355768952148
6.175	2.3096126487048387	0.5972078144106449
6.185	2.3328767683047267	0.5953243351318146
6.195	2.3563239858735376	0.6064803277833477
6.205	2.379945699799726	0.6053212636117599
6.215	2.403733204091104	0.6154630751131537
6.225	2.4276776915325735	0.6274883658933776
6.235	2.4517702569022415	0.6131449467699779
6.245	2.476001900244624	0.625170237550202
6.255	2.5003635301995546	0.6192300336708142
6.265	2.5248459673854287	0.6499452342178925
6.275	2.549439947835314	0.6521184795396198
6.285	2.5741361264844977	0.661825641976668
6.295	2.5989250807080198	0.649800351196444
6.305	2.623797313906551	0.6597972796763893
6.315	2.648743259139212	0.6706635062850255
6.325	2.6737532828016386	0.6908022462663646
6.335	2.698817688347741	0.6761690611000678
6.345	2.7239267200535116	0.6735611667139951
6.355	2.7490705668212136	0.7126795825050855
6.365	2.7742393660222464	0.7031173030894856
6.375	2.7994232073769916	0.708043325818734
6.385	2.8246121368699297	0.6994952275532735
6.395	2.8497961606981805	0.7274576506928306
6.405	2.8749652492517654	0.7112307522906006
6.415	2.900109341123752	0.725139522349655
6.425	2.9252183471484576	0.7555649568538362
6.435	2.950282154465825	0.7325285564435275
6.445	2.975290630610218	0.7432499000307152
6.455	3.0002336276215873	0.7380341112585699
6.465	3.0251009861772524	0.7360057489582911
6.475	3.0498825397423213	0.748610571824309
6.485	3.0745681187367824	0.7390482924087092
6.495	3.0991475547173972	0.7701981420201329
6.505	3.1236106845723706	0.7549854247680423
6.515	3.1479473547268837	0.7555649568538362
6.525	3.1721474253574264	0.740786888666091
6.535	3.196200774613048	0.7661414174195754
6.545	3.2200973028414204	0.7849762102078782
6.555	3.243826936817768	0.7558547228967332
6.565	3.2673796339746177	0.7602012135401877
6.575	3.2907453866303786	0.7571586700897696
6.585	3.3139142262147008	0.7874392215725023
6.595	3.336876227488563	0.7532468285106605
6.605	3.3596215127571387	0.7713572061917208
6.615	3.3821402560732854	0.7632437569906058
6.625	3.404422687429752	0.7772974100711086
6.635	3.4264590969379682	0.790047115958575
6.645	3.4482398389914413	0.7867148064652599
6.655	3.4697553364117075	0.7814990176931146
6.665	3.4909960845748302	0.7765729949638662
6.675	3.511952655516426	0.7788911233070419
6.685	3.532615702013163	0.7632437569906058
6.695	3.5529759616388055	0.7349915678081517
6.705	3.573024260792712	0.7652721192908846
6.715	3.592751518698899	0.7772974100711086
6.725	3.612148751373598	0.7767178779853147
6.735	3.6312070755594075	0.7683146627413027
6.745	3.649917712624048	0.7826580818647024
6.755	3.6682719924218072	0.7633886400120543
6.765	3.686261357115737	0.7339773866580124
6.775	3.70387736495867	0.7535365945535575
6.785	3.7211116940312285	0.7580279682184604
6.795	3.7379561459348576	0.7801950705000783
6.805	3.7544026494381377	0.7713572061917208
6.815	3.7704432640744323	0.7520877643390727
6.825	3.786070183689126	0.7641130551192967
6.835	3.801275739934651	0.7564342549825271
6.845	3.816052405711501	0.7635335230335027
6.855	3.8303927985535178	0.7691839608699936
6.865	3.8442896839557177	0.7347018017652548
6.875	3.857735978642973	0.7535365945535575
6.885	3.870724753777841	0.7448436132666485
6.895	3.883249238105974	0.7555649568538362
6.905	3.895302821037423	0.7475963906741697
6.915	3.906879055662281	0.7574484361326665
6.925	3.91797166169914	0.7697634929557875
6.935	3.928574528374805	0.7667209495053694
6.945	3.9386817172337802	0.741366420751885
6.955	3.9482874648760946	0.749190103910103
6.965	3.9573861856220263	0.773820217556345
6.975	3.9659724741023403	0.7536814775750059
6.985	3.974041107772682	0.7665760664839208
6.995	3.981587049350843	0.7693288438914421
7.005	3.9886054491755707	0.7533917115321089
7.015	3.9950916474857143	0.7528121794463151
7.025	4.001041176618504	0.7958424368165143
7.035	4.006449763125772	0.7796155384142843
7.045	4.011313329807031	0.774399749642139
7.055	4.0156279976582905	0.753101945489212
7.065	4.019390087735586	0.732963205507873
7.075	4.022596122932214	0.7315143752933881
7.085	4.02524282966872	0.7704879080630299
7.095	4.027327139494713	0.765417002312333
7.105	4.028846190601643	0.7559996059181817
7.115	4.029797329245694	0.7635335230335027
7.125	4.030178111080041	0.7409317716875395
7.135	4.0299863023956854	0.7722265043204117
7.145	4.029219881270212	0.76570676835523
7.155	4.027877038623794	0.749769635995897
7.165	4.025956179181851	0.761505160733224
7.175	4.023455922343805	0.7649823532479876
7.185	4.0203751029574075	0.758172851239909
7.195	3.914403736264076	0.6809502008078677
7.205	3.910727280281253	0.7131142315694309
7.215	3.906468065300964	0.683413212172492
7.225	3.901625793803999	0.6745753478641345
7.235	3.896200386160278	0.6922510764808494
7.245	3.890191980828586	0.687035287708704
7.255	3.8836009344596367	0.7068842616471461
7.265	3.8764278219023396	0.683413212172492
7.275	3.868673436113196	0.6781974234003466
7.285	3.8603387879687743	0.6622602910410135
7.295	3.851425105981294	0.6644335363627407
7.305	3.8419338359173905	0.6964526841028553
7.315	3.831866640320163	0.7126795825050855
7.325	3.821225397934665	0.7181851373201278
7.335	3.9746585981364686	0.8097512068755687
7.345	3.962249897800417	0.7958424368165143
7.355	3.9492740769345076	0.7988849802669324
7.365	3.9357338714240244	0.8217764976557927
7.375	3.9216322290445462	0.8165607088836474
7.385	3.906972308314285	0.8112000370900535
7.395	3.891757477252369	0.8081574936396354
7.405	3.8759913120436345	0.8085921427039808
7.415	3.859677595610482	0.8165607088836474
7.425	3.8428203160924865	0.8200379013984109
7.435	3.8254236652344407	0.8495940377739014
7.445	3.8074920366835157	0.8064188973822536
7.455	3.7890300241964243	0.8190237202482715
7.465	3.7700424197573006	0.832352958221532
7.475	3.750534211607242	0.8003338104814173
7.485	3.7305105821864117	0.8167055919050958
7.495	3.7099769059896692	0.8185890711839261
7.505	3.688938747336697	0.824239509020417
7.515	3.667401858057728	0.823659976934623
7.525	3.6453721750959405	0.8143874635619202
7.535	3.6228558180276274	0.7922203612803023
7.545	3.5998590865013593	0.8165607088836474
7.555	3.5763884575973317	0.8222111467201382
7.565	3.5524505831081634	0.8025070558031445
7.575	3.528052286742426	0.8054047162321142
7.585	3.5032005612522625	0.7977259160953446
7.595	3.477902565486443	0.8084472596825323
7.605	3.4521656213702894	0.8010582255886597
7.615	3.425997210813927	0.8139528144975746
7.625	3.3994049725502866	0.8322080752000834
7.635	3.3723966989044523	0.8043905350819748
7.645	3.344980332495867	0.8232253278702776
7.655	3.3171639628749903	0.8007684595457628
7.665	3.288955823096028	0.8080126106181869
7.675	3.2603642862273876	0.8055495992535627
7.685	3.231397861801526	0.839886875336853
7.695	3.2020651922059695	0.824239509020417
7.705	3.172375049017152	0.7951180217092719
7.715	3.1423363292788746	0.7951180217092719
7.725	3.111958051727286	0.8125039842830899
7.735	3.081249352964021	0.7754139307922783
7.745	3.0502194835795278	0.7639681720978482
7.755	3.018877804228345	0.7890329348084357
7.765	2.9872337816582832	0.7387585263658123
7.775	2.9552969846953836	0.7542610096607999
7.785	2.9230770801866948	0.7629539909477089
7.795	2.890583828902709	0.7545507757036969
7.805	2.8578270814014877	0.7425254849234728
7.815	2.8248167738565675	0.7475963906741697
7.825	2.791562923850508	0.7205032656633035
7.835	2.758075626136228	0.7093472730117704
7.845	2.724365048368152	0.7170260731485398
7.855	2.690441426805249	0.6952936199312675
7.865	2.656315061987972	0.7131142315694309
7.875	2.6219963143912786	0.6881943518802919
7.885	2.5874956000558167	0.6613909929123226
7.895	2.5528233861992784	0.67022885722068
7.905	2.5179901868102403	0.6713879213922679
7.915	2.483006558226415	0.6597972796763893
7.925	2.447883094699585	0.6564649701830741
7.935	2.41263042394928	0.6531326606897591
7.945	2.377259202707413	0.6502350002607894
7.955	2.341780112255919	0.6447294454457471
7.965	2.306203853959649	0.6229969922284747
7.975	2.2705411447966037	0.6066252108047963
7.985	2.2348027128876793	0.6008298899468569
7.995	2.1989992930280677	0.6158977241774991
8.005	2.16314162222242	0.588225067080839
8.015	2.1272404352260024	0.5902534293811177
8.025	2.091306460093877	0.5761997763006149
8.035	2.0553504137403027	0.5896738972953237
8.045	2.0193829975104483	0.578662787665239
8.055	1.9834148927665451	0.5925715577242934
8.065	1.9474567564905794	0.5647540176061848
8.075	1.911519216905622	0.5611319420699727
8.085	1.8756128691178553	0.5750407121290271
8.095	1.8397482707814088	0.5563508023621728
8.105	1.803935937787996	0.567217028970809
8.115	1.7681863399834783	0.562146123220112
8.125	1.7325098969133037	0.5480924701396093
8.135	1.6969169735988363	0.5389648397883549
8.145	1.661417876346662	0.5280986131797187
8.155	1.6260228485926722	0.538675073745458
8.165	1.5907420667830303	0.558813813726797
8.175	1.5555856362938894	0.5338939340376581
8.185	1.5205635873917358	0.5189709828284643
8.195	1.4856858712362873	0.5205646960643976
8.205	1.4509623559278064	0.5347632321663489
8.215	1.4164028226006673	0.5263600169223369
8.225	1.382016961564891	0.5252009527507491
8.235	1.3478143684976278	0.512596129884731
8.245	1.313804540686109	0.4898494955173193
8.255	1.279996873323972	0.49564481637525865
8.265	1.2464006558625975	0.48376440861648307
8.275	1.2130250684190549	0.47000052157887723
8.285	1.1798791782424036	0.4627563705064531
8.295	1.1469719362398814	0.4682619253214954
8.305	1.114312173564591	0.4649296158281803
8.315	1.08190859826613	0.45797523079865315
8.325	1.049769792005809	0.4646398497852834
8.335	1.0179042068378024	0.45913429497024105
8.345	0.986320162057718	0.4484129513830533
8.355	0.9550258411199285	0.44145856635352615
8.365	0.9240292886251046	0.4553673364125805
8.375	0.8933384073791979	0.44073415124628373
8.385	0.8629609555251508	0.44319716261090797
8.395	0.8329045437486162	0.43015769068054455
8.405	0.8031766325588622	0.42986792463764756
8.415	0.773784529645989	0.43667742664572623
8.425	0.7447353873156507	0.4321860529808233
8.435	0.7160362000022871	0.41856704896466596
8.445	0.6876938018619025	0.4230584226295689
8.455	0.6597148644454509	0.4436318116752534
8.465	0.6321058944537037	0.41277172810672663
8.475	0.6048732315745196	0.4245072528440537
8.485	0.5780230464034002	0.4165386866643872
8.495	0.5515613384481362	0.4352285964312414
8.505	0.5254939342182801	0.4194363470933568
8.515	0.49982648540026653	0.3908943918680058
8.525	0.4745644671186955	0.4097291846563085
8.535	0.44971317628463003	0.40596222609864796
8.545	0.4252777300312882	0.4191465810504599
8.555	0.4012630642378161	0.3990078410691208
8.565	0.37767393214157696	0.4077008223560297
8.575	0.3545149030394037	0.41277172810672663
8.585	0.33179036107824134	0.40277479962678137
8.595	0.30950450413554154	0.4104535997635509
8.605	0.28766134278966415	0.4107433658064479
8.615	0.26626469938060504	0.3950959994900118
8.625	0.24531820716127006	0.3913290409323512
8.635	0.22482530953939284	0.39031485978221186
8.645	0.20478925941029935	0.4077008223560297
8.655	0.18521311858054545	0.40190550149809046
8.665	0.16609975728246007	0.4023401505624359
8.675	0.14745185377958392	0.3948062334471148
8.685	0.12927189406294892	0.39364716927552695
8.695	0.11156217163803372	0.39697947876884204
8.705	0.09432478740228789	0.3858234861173089
8.715	0.07756164961300671	0.39726924481173903
8.725	0.06127447394528662	0.3984283089833269
8.735	0.04546478363976014	0.3921983390610421
8.745	0.030133909739796128	0.38901091258917553
8.755	0.015282991417738145	0.4066866412058904
8.765	0.0009129763897859355	0.4048031619270601
8.775	-0.012975378581021157	0.40436851286271464
8.785	-0.026381507094171752	0.4004566712836056
8.795	-0.03930503243401384	0.4123370790423812
8.805	-0.051745766805663784	0.42189935845798104
8.815	-0.06370371048511858	0.40523781099140554
8.825	-0.07517905088430865	0.41422055832121146
8.835	-0.08617216153179585	0.40581734307719947
8.845	-0.09668360096992368	0.40523781099140554
8.855	-0.10671411156922783	0.3839400068384786
8.865	-0.11626461826099588	0.42117494335073863
8.875	-0.12533622718884452	0.4040787468198177
8.885	-0.13393022428029022	0.42581120003709005
8.895	-0.14204807373928618	0.41682845270728414
8.905	-0.35499726936017595	0.351920859098364
8.915	-0.3607581205443404	0.35148621003401853
8.925	-0.3660482701280676	0.3352593116317885
8.935	-0.3708698788022642	0.33888138716800054
8.945	-0.3752252768485014	0.34482159104738835
8.955	-0.37911696218010693	0.35235550816270944
8.965	-0.38254759831214535	0.35684688182761237
8.975	-0.3855200122615501	0.3381569720607582
8.985	-0.38803719237873	0.3781446859805393
8.995	-0.39010228611197073	0.35959965923513354
9.005	-0.39171859770600026	0.3713351839724606
9.015	-0.3928895858361403	0.3800281652593696
9.025	-Inf	0.0
9.035	-Inf	0.0
9.045	-Inf	0.0
9.055	-Inf	0.0
9.065	-Inf	0.0
9.075	-Inf	0.0
9.085	-Inf	0.0
9.095	-Inf	0.0
9.105	-Inf	0.0
9.115	-Inf	0.0
9.125	-Inf	0.0
9.135	-Inf	0.0
9.145	-Inf	0.0
9.155	-Inf	0.0
9.165	-Inf	0.0
9.175	-Inf	0.0
9.185	-Inf	0.0
9.195	-Inf	0.0
9.205	-Inf	0.0
9.215	-Inf	0.0
9.225	-Inf	0.0
9.235	-Inf	0.0
9.245	-Inf	0.0
9.255	-Inf	0.0
9.265	-Inf	0.0
9.275	-Inf	0.0
9.285	-Inf	0.0
9.295	-Inf	0.0
9.305	-Inf	0.0
9.315	-Inf	0.0
9.325	-Inf	0.0
9.335	-Inf	0.0
9.345	-Inf	0.0
9.355	-Inf	0.0
9.365	-Inf	0.0
9.375	-Inf	0.0
9.385	-Inf	0.0
9.395	-Inf	0.0
9.405	-Inf	0.0
9.415	-Inf	0.0
9.425	-Inf	0.0
9.435	-Inf	0.0
9.445	-Inf	0.0
9.455	-Inf	0.0
9.465	-Inf	0.0
9.475	-Inf	0.0
9.485	-Inf	0.0
9.495	-Inf	0.0
9.505	-Inf	0.0
9.515	-Inf	0.0
9.525	-Inf	0.0
9.535	-Inf	0.0
9.545	-Inf	0.0
9.555	-Inf	0.0
9.565	-Inf	0.0
9.575	-Inf	0.0
9.585	-Inf	0.0
9.595	-Inf	0.0
9.605	-Inf	0.0
9.615	-Inf	0.0
9.625	-Inf	0.0
9.635	-Inf	0.0
9.645	-Inf	0.0
9.655	-Inf	0.0
9.665	-Inf	0.0
9.675	-Inf	0.0
9.685	-Inf	0.0
9.695	-Inf	0.0
9.705	-Inf	0.0
9.715	-Inf	0.0
9.725	-Inf	0.0
9.735	-Inf	0.0
9.745	-Inf	0.0
9.755	-Inf	0.0
9.765	-Inf	0.0
9.775	-Inf	0.0
9.785	-Inf	0.0
9.795	-Inf	0.0
9.805	-Inf	0.0
9.815	-Inf	0.0
9.825	-Inf	0.0
9.835	-Inf	0.0
9.845	-Inf	0.0
9.855	-Inf	0.0
9.865	-Inf	0.0
9.875	-Inf	0.0
9.885	-Inf	0.0
9.895	-Inf	0.0
9.905	-Inf	0.0
9.915	-Inf	0.0
9.925	-Inf	0.0
9.935	-Inf	0.0
9.945	-Inf	0.0
9.955	-Inf	0.0
9.965	-Inf	0.0
9.975	-Inf	0.0
9.985	-Inf	0.0
9.995	-Inf	0.0
