0.005	-Inf	0.0
0.015	-Inf	0.0
0.025	-Inf	0.0
0.035	-Inf	0.0
0.045	-Inf	0.0
0.055	-Inf	0.0
0.065	-Inf	0.0
0.075	-Inf	0.0
0.085	-Inf	0.0
0.095	-Inf	0.0
0.105	-Inf	0.0
0.115	-Inf	0.0
0.125	-Inf	0.0
0.135	-Inf	0.0
0.145	-Inf	0.0
0.155	-Inf	0.0
0.165	-Inf	0.0
0.175	-Inf	0.0
0.185	-Inf	0.0
0.195	-Inf	0.0
0.205	-Inf	0.0
0.215	-Inf	0.0
0.225	-Inf	0.0
0.235	-Inf	0.0
0.245	-Inf	0.0
0.255	-Inf	0.0
0.265	-Inf	0.0
0.275	-Inf	0.0
0.285	-Inf	0.0
0.295	-Inf	0.0
0.305	-Inf	0.0
0.315	-Inf	0.0
0.325	-Inf	0.0
0.335	-Inf	0.0
0.345	-Inf	0.0
0.355	-Inf	0.0
0.365	-Inf	0.0
0.375	-Inf	0.0
0.385	-Inf	0.0
0.395	-Inf	0.0
0.405	-Inf	0.0
0.415	-Inf	0.0
0.425	-Inf	0.0
0.435	-4.484657868410519	0.010559897221498735
0.445	-4.476674996725101	0.01211183099846021
0.455	-4.468951003702618	0.010897274129533839
0.465	-4.461488699801444	0.01103222489274788
0.475	-4.45429075798891	0.01309022403176201
0.485	-4.500299921048331	0.011639503327211066
0.495	-4.4985123377228176	0.011875667162835639
0.505	-4.496996297419424	0.010694847984712777
0.515	-4.495753910442845	0.010694847984712777
0.525	-4.4947871435835784	0.011909404853639149
0.535	-4.4940978191111345	0.010694847984712777
0.545	-4.493687613834572	0.01197688023524617
0.555	-4.493558058230869	0.012010617926049679
0.565	-4.493710535641642	0.010829798747926818
0.575	-4.494146281538651	0.01099848720194437
0.585	-4.49486638285853	0.010627372603105756
0.595	-4.49587177740713	0.011605765636407556
0.605	-4.4971632533338335	0.012246781761674251
0.615	-4.498741448676162	0.011605765636407556
0.625	-4.500606850974967	0.010694847984712777
0.635	-4.502759796960475	0.010897274129533839
0.645	-4.505200472309371	0.010526159530695226
0.655	-4.507928911473158	0.0101213072410531
0.665	-4.5109449975779	0.011538290254800534
0.675	-4.514248462395485	0.010796061057123307
0.685	-4.517838886386496	0.010222520313463632
0.695	-4.5217156988147185	0.01002009416864257
0.705	-4.525878177933317	0.010188782622660122
0.715	-4.530325451242635	0.01093101182033735
0.725	-4.535056495819583	0.010391208767481184
0.735	-4.540070138718504	0.009176651898554811
0.745	-4.5453650574433935	0.010661110293909266
0.755	-4.550939780491306	0.011740716399621598
0.765	-4.556792687966763	0.010357471076677673
0.775	-4.562922012266907	0.009750192642214488
0.785	-4.569325838837148	0.010155044931856611
0.795	-4.576002106996997	0.010694847984712777
0.805	-4.582948610835737	0.01005383185944608
0.815	-4.590163000177573	0.009750192642214488
0.825	-4.597642781615849	0.009176651898554811
0.835	-4.605385319615878	0.010492421839891715
0.845	-4.613387837685931	0.00998635647783906
0.855	-4.621647419615858	0.009176651898554811
0.865	-4.630161010782808	0.009547766497393426
0.875	-4.638925419523462	0.010593634912302245
0.885	-4.647937318572185	0.010188782622660122
0.895	-4.657193246564437	0.00904170113534077
0.905	-4.666689609604782	0.008805537299716198
0.915	-4.676422682898784	0.009277864970965343
0.925	-4.68638861244805	0.009817668023821507
0.935	-4.696583416807649	0.009783930333017998
0.945	-4.707002988905118	0.009716454951410977
0.955	-4.7176430979202	0.01005383185944608
0.965	-4.7284993912244815	0.008198258865253012
0.975	-4.739567396380013	0.008198258865253012
0.985	-4.750842523196006	0.008434422700877584
0.995	-4.762320065842652	0.008063308102038971
1.005	-4.77399520502108	0.00802957041123546
1.015	-4.785863010188464	0.009480291115786405
1.025	-4.797918441837219	0.007928357338824929
1.035	-4.81015635382725	0.007692193503200356
1.045	-4.822571495770153	0.008164521174449501
1.055	-4.835158515464258	0.007422291976772274
1.065	-4.847911961379376	0.008434422700877584
1.075	-4.86082628519009	0.008839274990519709
1.085	-4.873895844356387	0.00796209502962844
1.095	-4.8871149047504465	0.007354816595165253
1.105	-4.900477643328324	0.007219865831951212
1.115	-4.913978150845295	0.007456029667575784
1.125	-4.927610434613554	0.007793406575610888
1.135	-4.9413684213010125	0.00708491506873717
1.145	-4.955245959769821	0.006916226614719619
1.155	-4.969236823953321	0.006848751233112598
1.165	-4.983334715770047	0.005904095890614309
1.175	-4.9975332680734	0.006241472798649412
1.185	-5.011826047635602	0.0073210789043617434
1.195	-5.026206558164529	0.005667932054989736
1.205	-5.040668243351966	0.00603904665382835
1.215	-5.05520448995187	0.007523505049182805
1.225	-5.069808630887167	0.0068824889239161085
1.235	-5.084473948383608	0.00506065362052655
1.245	-5.099193677129201	0.005600456673382716
1.255	-5.113961007457723	0.005634194364186226
1.265	-5.128769088554796	0.005195604383740592
1.275	-5.143611031684994	0.006241472798649412
1.285	-5.158479913438486	0.005634194364186226
1.295	-5.17336877899561	0.0053980305285616535
1.305	-5.188270645407889	0.005465505910168675
1.315	-5.203178504893896	0.004891965166508999
1.325	-5.218085328148401	0.0057354074365967575
1.335	-5.232984067663241	0.005330555146954633
1.345	-5.247867661058326	0.004149735968831772
1.355	-5.262729034421191	0.0051281290021335715
1.365	-5.277561105653526	0.005769145127400267
1.375	-5.292356787823071	0.004487112876866875
1.385	-5.307108992519286	0.005094391311330061
1.395	-5.321810633211223	0.004858227475705489
1.405	-4.689054062862901	0.008569373464091626
1.415	-4.720671929801919	0.008164521174449501
1.425	-4.752218017999232	0.008366947319270563
1.435	-4.783685282008716	0.00796209502962844
1.445	-4.815066695030079	0.008366947319270563
1.455	-4.846355252246336	0.007422291976772274
1.465	-4.877543974152342	0.0068824889239161085
1.475	-4.908625909872758	0.007422291976772274
1.485	-4.939594140467926	0.006308948180256433
1.495	-4.970441782226049	0.00694996430552313
1.505	-5.001161989940133	0.006342685871059944
1.515	-5.031747960168129	0.006241472798649412
1.525	-5.062192934474743	0.006747538160702067
1.535	-5.092490202653359	0.006241472798649412
1.545	-5.122633105926576	0.007118652759540681
1.555	-5.1526150401238295	0.005836620509007288
1.565	-5.182429458834591	0.005836620509007288
1.575	-5.212069876535678	0.005600456673382716
1.585	-5.241529871691178	0.005802882818203778
1.595	-5.270803089823526	0.004588325949277406
1.605	-5.299883246554312	0.004318424422849323
1.615	-5.328764130613354	0.004858227475705489
1.625	-5.357439606814637	0.004723276712491447
1.635	-5.385903618997728	0.0044196374952598545
1.645	-5.4141501929332705	0.0046895390216879365
1.655	-5.442173439191201	0.0038798344424036887
1.665	-5.4699675559703405	0.004149735968831772
1.675	-5.497526831888051	0.0032388183171369925
1.685	-5.524845648728633	0.0030363921723159304
1.695	-5.551918484149185	0.0032725560079405027
1.705	-5.578739914341686	0.00398104751481422
1.715	-5.605304616650015	0.003947309824010709
1.725	-5.631607372140746	0.002833966027494868
1.735	-5.657643068126478	0.003508719843565075
1.745	-5.683406700640557	0.0030701298631194405
1.755	-5.708893376862034	0.003711145988386137
1.765	-5.734098317489741	0.0023953760470492337
1.775	-5.75901685906439	0.0028677037182983788
1.785	-5.783644456237635	0.0026990152642808267
1.795	-5.80797668398703	0.0027327529550843373
1.805	-5.8320092397758945	0.0029689167907089096
1.815	-5.855737945657101	0.0027664906458878475
1.825	-5.879158750319778	0.0017206222309790271
1.835	-5.902267731078075	0.0021254745206211513
1.845	-5.925061095801014	0.0024628514286562544
1.855	-5.9475351847826	0.0027327529550843373
1.865	-5.969686472551332	0.0023616383562457236
1.875	-5.991511569618301	0.0023953760470492337
1.885	-6.013007224163099	0.0022604252838351927
1.895	-6.034170323656779	0.002530326810263275
1.905	-6.054997896421167	0.00199052375740711
1.915	-6.075487113123793	0.0020917368298176407
1.925	-5.340814314487796	0.004891965166508999
1.935	-5.355744735556716	0.004453375186063364
1.945	-5.370329180611412	0.004588325949277406
1.955	-5.38456540334243	0.004824489784901978
1.965	-5.398451306273654	0.00502691592972304
1.975	-5.411984941858497	0.0038798344424036887
1.985	-5.4251645135078235	0.004554588258473895
1.995	-5.437988376549194	0.004520850567670385
2.005	-5.45045503911702	0.00401478520561773
2.015	-5.462563162973284	0.003947309824010709
2.025	-5.474311564258497	0.00401478520561773
2.035	-5.485699214172602	0.004284686732045813
2.045	-5.496725239585567	0.004149735968831772
2.055	-5.507388923577453	0.0036774082975826266
2.065	-5.5176897059077525	0.003913572133207199
2.075	-5.527627183413867	0.0037448836791896473
2.085	-5.537201110338593	0.0033737690803510335
2.095	-5.54641139858653	0.0044196374952598545
2.105	-5.555258117909371	0.003812359060796668
2.115	-5.563741496020055	0.0034412444619580543
2.125	-5.571861918635793	0.0037448836791896473
2.135	-5.579619929450041	0.004284686732045813
2.145	-5.587016230033486	0.0033737690803510335
2.155	-5.594051679664181	0.0036774082975826266
2.165	-5.600727295086983	0.0038798344424036887
2.175	-5.607044250202473	0.003609932915975606
2.185	-5.613003875685601	0.003711145988386137
2.195	-5.618607658534296	0.003542457534368585
2.205	-5.62385724154834	0.003609932915975606
2.215	-5.628754422738821	0.00398104751481422
2.225	-5.633301154668547	0.003542457534368585
2.235	-5.637499543723762	0.0025640645010667857
2.245	-5.641351849317646	0.0030363921723159304
2.255	-5.644860483025996	0.0033400313895475234
2.265	-5.648028007655624	0.0030701298631194405
2.275	-5.650857136245943	0.0033737690803510335
2.285	-5.653350731004327	0.003778621369993158
2.295	-5.655511802175805	0.0036774082975826266
2.305	-5.657343506847704	0.0032388183171369925
2.315	-5.658849147689885	0.0033737690803510335
2.325	-5.660032171631229	0.0033400313895475234
2.335	-5.660896168473094	0.002833966027494868
2.345	-5.661444869440455	0.0033737690803510335
2.355	-5.661682145671485	0.0037448836791896473
2.365	-4.673307976657475	0.00910917651694779
2.375	-4.655895979028426	0.009210389589358322
2.385	-4.638184993546003	0.00910917651694779
2.395	-4.620179434694021	0.00897422575373375
2.405	-4.601883848422559	0.01008756955024959
2.415	-4.583302910285662	0.009379078043375873
2.425	-4.564441423523564	0.01002009416864257
2.435	-4.545304317090376	0.009817668023821507
2.445	-4.525896643628255	0.010728585675516288
2.455	-4.506223577389057	0.01002009416864257
2.465	-4.486290412104518	0.011470814873193515
2.475	-4.466102558806032	0.00904170113534077
2.485	-4.445665543595097	0.010323733385874162
2.495	-4.424985005365542	0.011167175655961922
2.505	-4.404066693478674	0.012752847123726907
2.515	-4.382916465392465	0.011302126419175962
2.525	-4.361540284245962	0.011167175655961922
2.535	-4.339944216400103	0.011403339491586494
2.545	-4.318134428936155	0.012213044070870743
2.555	-4.2961171871129435	0.012887797886940949
2.565	-4.2738988517841925	0.013933666301849768
2.575	-4.251485876777147	0.013967403992653279
2.585	-4.228884806233807	0.012752847123726907
2.595	-4.206102271916009	0.013528814012207645
2.605	-4.183144990475719	0.013866190920242749
2.615	-4.16001976069175	0.015181960861579651
2.625	-4.136733460674338	0.015418124697204223
2.635	-4.113293045038828	0.0150132724075621
2.645	-4.089705542049856	0.015451862388007734
2.655	-4.065978050737397	0.01626156696729198
2.665	-4.042117737986002	0.01700379616496921
2.675	-4.018131835598653	0.017813500744253457
2.685	-3.994027637336579	0.01798218919827101
2.695	-3.9698124959364707	0.01605914082247092
2.705	-3.9454938201064484	0.018488254560323665
2.715	-3.9210790715022275	0.018454516869520154
2.725	-3.8965757616848657	0.018690680705144725
2.735	-3.871991449061548	0.01987149988326759
2.745	-3.847333735810787	0.021457171351032575
2.755	-3.822610264793495	0.020445040626927265
2.765	-3.797828716451343	0.020647466771748325
2.775	-3.7729968056938428	0.02098484367978343
2.785	-3.7481222787755852	0.022334351311923843
2.795	-3.7232129101650617	0.022637990529155435
2.805	-3.6982764994064836	0.023312744345225643
2.815	-3.673320867976095	0.023380219726832664
2.825	-3.6483538561343023	0.02510084195781169
2.835	-3.6233833197751664	0.024561038904955524
2.845	-3.5984171272745833	0.026281661135934553
2.855	-3.5734631563386308	0.026686513425576677
2.865	-3.5485292908534736	0.024561038904955524
2.875	-3.523623417738267	0.028440873347359213
2.885	-3.4987534238023925	0.027192578787629332
2.895	-3.4739271926085245	0.028508348728966234
2.905	-3.4491526013428397	0.028879463327804847
2.915	-3.424437517693786	0.02800228336691358
2.925	-3.399789796740783	0.030903724776015468
2.935	-3.375217277854204	0.030600085558783876
2.945	-3.350727781608036	0.030735036321997918
2.955	-3.3263291067064995	0.032658084697798004
2.965	-3.302029026926027	0.03248939624378045
2.975	-3.2778352880738777	0.03485103460002618
2.985	-3.253755604964713	0.03539083765288234
2.995	-3.2297976584164414	0.03633549299538063
3.005	-3.2059690922665958	0.03808985291716317
3.015	-3.1822775104105108	0.036639132212612224
3.025	-3.1587304738626028	0.037685000627521045
3.035	-3.135335497841897	0.03930440978608954
3.045	-3.1121000488831285	0.04075513049064049
3.055	-3.0890315419745518	0.0421046381227809
3.065	-3.0661373377236796	0.04207090043197739
3.075	-3.0434247395520986	0.0434204080641178
3.085	-3.02090099092057	0.04476991569625822
3.095	-2.998573272585454	0.047333980197325
3.105	-2.976448699887688	0.04669296407205831
3.115	-2.9545343200753162	0.04875096321107244
3.125	-2.932837109660708	0.049526930099553175
3.135	-2.9113639718134965	0.05128129002133571
3.145	-2.890121733790273	0.05020168391562338
3.155	-2.8691171444020593	0.052225945363834
3.165	-2.8483568715205236	0.05364292837758144
3.175	-2.8278474996239553	0.051888568455798895
3.185	-2.8075955273838966	0.05600456673382716
3.195	-2.7876073652933746	0.05462132141088324
3.205	-2.7678893333376475	0.056814271313111404
3.215	-2.7484476587083124	0.05762397589239566
3.225	-2.72928847356164	0.0590746965969466
3.235	-2.710417812821978	0.060424204229087015
3.245	-2.691841612030995	0.06227977722328008
3.255	-2.6735657052435604	0.06194240031524498
3.265	-2.6555958229710237	0.06346059640140295
3.275	-2.6379375901725943	0.0639666617634556
3.285	-2.6205965242955243	0.06663193933693291
3.295	-2.603578033364817	0.06703679162657504
3.305	-2.5868874141230096	0.06794770927826982
3.315	-2.5705298502207787	0.07054551147014011
3.325	-2.554510410458848	0.06953338074603481
3.335	-2.538834047081842	0.07219865831951212
3.345	-2.5235055941245816	0.07253603522754723
3.355	-2.508529765811372	0.06980328227246288
3.365	-2.493911155008739	0.07479646051138242
3.375	-2.479654231732084	0.07823770497334047
3.385	-2.4657633417066926	0.07860881957217908
3.395	-2.452242704983491	0.07823770497334047
3.405	-2.439096414609942	0.07634839428834389
3.415	-2.4263284353564067	0.0809704579284248
3.425	-2.4139426024983086	0.07904740955262472
3.435	-2.4019426206543812	0.07887872109860716
3.445	-2.3903320626812836	0.0819151132709231
3.455	-2.3791143686247853	0.0838718993375267
3.465	-2.3682928447277716	0.08086924485601428
3.475	-2.3578706624952144	0.08373694857431266
3.485	-2.347850857816277	0.08539009542368466
3.495	-2.3382363301436864	0.0887638645040357
3.505	-2.3290298417304602	0.08670586536502156
3.515	-2.3202340169240405	0.0878192091615374
3.525	-2.311851341517931	0.088122848378769
3.535	-2.3038841621607977	0.0887976021948392
3.545	-2.296334685823042	0.08835901221439357
3.555	-2.289204979320822	0.08913497910287431
3.565	-2.28249696889744	0.09001215906376558
3.575	-2.2762124398619967	0.09146287976831652
3.585	-2.270353036285226	0.09034953597180068
3.595	-2.26492026075233	0.09146287976831652
3.605	-2.259915474172661	0.09355461659813416
3.615	-2.255339895646057	0.09264369894643938
3.625	-2.251194602385605	0.09287986278206396
3.635	-2.2474805296965696	0.09389199350616927
3.645	-2.244198471011252	0.0917327812947446
3.655	-2.241349077979437	0.09399320657857979
3.665	-2.238932860614137	0.0933184527625096
3.675	-2.236950187492287	0.09527523882911319
3.685	-2.235401286010002	0.09490412423027458
3.695	-2.2342862426920185	0.09618615648080797
3.705	-2.233605003554905	0.09675969722446764
3.715	-2.233357374523595	0.09618615648080797
3.725	-2.2335430219007852	0.09284612509126045
3.735	-2.234161472888718	0.09385825581536576
3.745	-2.2352121161628387	0.09439805886822192
3.755	-2.2366942024968037	0.0936558296705447
3.765	-2.238606845438296	0.09416189503259735
3.775	-2.240949022035073	0.09001215906376558
3.785	-2.2437195736106608	0.09652353338884308
3.795	-2.246917206589098	0.0933184527625096
3.805	-2.2505404933680917	0.09669222184286062
3.815	-2.25458787323994	0.0903832736626042
3.825	-2.2590576533595645	0.0907206505706393
3.835	-2.263948009758973	0.09301481354527799
3.845	-2.269256988407439	0.09132792900510248
3.855	-2.274982506316708	0.0917327812947446
3.865	-2.2811223526904723	0.0884602252868041
3.875	-2.2876741901173805	0.09045074904421121
3.885	-2.2946355558068268	0.08788668454314442
3.895	-2.3020038628667203	0.08815658606957251
3.905	-2.309776401622461	0.08795415992475145
3.915	-2.3179503409763087	0.08532262004207763
3.925	-2.3265227298063222	0.0845466531535969
3.935	-2.33549049840405	0.08360199781109862
3.945	-2.344850459950104	0.08481655468002498
3.955	-2.3545993120267874	0.08215127710654767
3.965	-2.3647336381668866	0.08377068626511616
3.975	-2.3752499094377613	0.08009327796753354
3.985	-2.386144486059839	0.08417553855475829
3.995	-2.3974136190586175	0.08238744094217224
4.005	-2.4090534519492635	0.07827144266414399
4.015	-2.421060022452903	0.08076803178360374
4.025	-2.43342926424366	0.07638213197914741
4.035	-2.44615700872553	0.07763042653887728
4.045	-2.45923898683814	0.0760447550711123
4.055	-2.4726708308904572	0.07169259295745946
4.065	-2.48644807642148	0.07429039514932977
4.075	-2.500566164086974	0.07537000125504209
4.085	-2.5150204415712842	0.07051177377933661
4.095	-2.5298061655232544	0.0711527899046033
4.105	-2.544918503515285	0.06902731538398214
4.115	-2.5603525360245643	0.066901840863361
4.125	-2.576103258435497	0.06541738246800655
4.135	-2.592165583062338	0.06615961166568377
4.145	-2.6085343411910866	0.0652824317047925
4.155	-2.6252042851396107	0.06501253017836442
4.165	-2.642170090335076	0.06599092321166622
4.175	-2.6594263574076664	0.061470072643995836
4.185	-2.6769676142996177	0.062414727986494126
4.195	-2.6947883183886043	0.06167249878881689
4.205	-2.7128828586244764	0.06157128571640636
4.215	-2.731245557678406	0.057893877418823736
4.225	-2.7498706741034353	0.05701669745793247
4.235	-2.7687524045054794	0.05610577980623769
4.245	-2.787884885723805	0.05620699287864822
4.255	-2.8072621970200515	0.05404778066722356
4.265	-2.826878362274791	0.05462132141088324
4.275	-2.846727352190717	0.05178735538338837
4.285	-2.866803086501484	0.05040411006044444
4.295	-2.8870994361852986	0.05006673315240934
4.305	-2.907610225682274	0.049594405481160196
4.315	-2.928329235114656	0.04888591397428648
4.325	-2.9492502025089973	0.04824489784901978
4.335	-2.9703668260193616	0.047333980197325
4.345	-2.991672766150646	0.044500014169830134
4.355	-3.013161647981137	0.04493860415027577
4.365	-3.0348270633834087	0.04325171961010025
4.375	-3.0566625732426878	0.04328545730090376
4.385	-3.078661709671813	0.04038401589180187
4.395	-3.1008179782219285	0.03933814747689305
4.405	-3.1231248600880743	0.04038401589180187
4.415	-3.1455758143088217	0.0385284428976088
4.425	-3.1681642799591514	0.03812359060796668
4.435	-3.1908836783357266	0.03734762371948594
4.445	-3.2137274151337927	0.035896903014935
4.455	-3.2366888826148856	0.03802237753555615
4.465	-3.2597614617645903	0.03643670606779116
4.475	-3.2829385244395723	0.0329617239150296
4.485	-3.306213435503146	0.034277493856366505
4.495	-3.3295795549486025	0.03390637925752789
4.505	-3.353030240009635	0.031713429355299715
4.515	-3.376558847257087	0.02975664328869612
4.525	-3.400158734681358	0.030600085558783876
4.535	-3.4238232637597883	0.030600085558783876
4.545	-3.447545801508338	0.02803602105771709
4.555	-3.4713197225169097	0.02931805330825048
4.565	-3.495138410967687	0.026652775734773166
4.575	-3.5189952626358556	0.027327529550843374
4.585	-3.542883686872094	0.026956414952004758
4.595	-3.56679710856627	0.024527301214152013
4.605	-3.590728970091707	0.02601175960950647
4.615	-3.6146727332295283	0.02520205503022222
4.625	-3.6386218810724893	0.0241561866153134
4.635	-3.662569919907784	0.024021235852099358
4.645	-3.6865103810782966	0.022334351311923843
4.655	-3.7104368228218356	0.022435564384334375
4.665	-3.7343428320878242	0.022300613621120333
4.675	-3.758222026331027	0.02105231906139045
4.685	-3.7820680552818398	0.020816155225765878
4.695	-3.805874602692707	0.02192949902228172
4.705	-3.829635388060275	0.018690680705144725
4.715	-3.8533441683228706	0.019736549120053546
4.725	-3.8769947395329223	0.020411302936123754
4.735	-3.900580938503955	0.0182858284155026
4.745	-3.92409664443183	0.017172484618986763
4.755	-3.947535780489888	0.016396517730506023
4.765	-3.970892315397664	0.017847238435056968
4.775	-3.994160264962918	0.016733894638541125
4.785	-4.017333693596649	0.01690258309255868
4.795	-4.040406715800876	0.015890452368453368
4.805	-4.063373497628912	0.01626156696729198
4.815	-4.086228258117887	0.01690258309255868
4.825	-4.108965270693349	0.01622782927648847
4.835	-4.131578864545694	0.015822976986846347
4.845	-4.154063425978285	0.01504701009836561
4.855	-4.176413399727053	0.014473469354705934
4.865	-4.1986232902514615	0.01406861706506381
4.875	-4.220687662996691	0.013157699413369032
4.885	-4.242601145626909	0.013393863248993604
4.895	-4.264358429229543	0.012989010959351479
4.905	-4.285954269490447	0.013157699413369032
4.915	-4.307383487839907	0.012854060196137438
4.925	-4.328640972569418	0.011538290254800534
4.935	-4.3497216799191865	0.012246781761674251
4.945	-4.3706206351363335	0.011572027945604045
4.955	-4.391332933503773	0.011875667162835639
4.965	-4.411853741339791	0.011774454090425107
4.975	-4.432178296968305	0.010357471076677673
4.985	-4.45230191165986	0.011504552563997024
4.995	-4.472219970543379	0.011200913346765432
5.005	-4.491927933488735	0.010863536438730328
5.015	-4.511421335960219	0.010357471076677673
5.025	-4.530695789840955	0.011437077182390004
5.035	-4.54974698422838	0.009547766497393426
5.045	-4.568570686200903	0.010492421839891715
5.055	-4.587162741555806	0.009783930333017998
5.065	-4.605519075518592	0.009716454951410977
5.075	-4.623635693423849	0.010796061057123307
5.085	-4.6415086813678315	0.008366947319270563
5.095	-4.659134206832891	0.009210389589358322
5.105	-4.676508519283937	0.008468160391681094
5.115	-4.693627950737122	0.00900796344453726
5.125	-4.710488916300928	0.008198258865253012
5.135	-4.727087914689866	0.008265734246860033
5.145	-4.743421528710975	0.008873012681323218
5.155	-4.759486425723408	0.009817668023821507
5.165	-4.775279358071244	0.00796209502962844
5.175	-4.790797163489834	0.008873012681323218
5.185	-4.806036765485894	0.007894619648021418
5.195	-4.820995173691625	0.008198258865253012
5.205	-4.835669484193058	0.008231996556056522
5.215	-4.850056879832998	0.008603111154895135
5.225	-4.864154630488743	0.00796209502962844
5.235	-4.877960093324898	0.006511374325077495
5.245	-4.891470713021595	0.007253603522754722
5.255	-4.904684021978378	0.008164521174449501
5.265	-4.9175976404940585	0.007456029667575784
5.275	-4.930209276922866	0.00708491506873717
5.285	-4.942516727807169	0.006781275851505578
5.295	-4.954517877987126	0.00701743968713015
5.305	-4.966210700687526	0.006410161252666964
5.315	-4.977593257582209	0.006646325088291536
5.325	-4.988663698836307	0.00701743968713015
5.335	-4.999420263126728	0.006410161252666964
5.345	-5.00986127764114	0.006477636634273985
5.355	-5.01998515805582	0.006308948180256433
5.365	-5.029790408492704	0.00708491506873717
5.375	-5.039275621455964	0.006241472798649412
5.385	-5.048439477748471	0.006308948180256433
5.395	-5.057280746368461	0.0062752104894529225
5.405	-5.065798284386753	0.006308948180256433
5.415	-5.073991036804875	0.006173997417042392
5.425	-5.081858036394432	0.00597157127222133
5.435	-5.089398403518038	0.005937833581417819
5.445	-5.096611345932194	0.0057354074365967575
5.455	-5.103496158572418	0.005364292837758144
5.465	-5.110052223320987	0.006477636634273985
5.475	-5.116279008757626	0.005802882818203778
5.485	-5.122176069893482	0.005937833581417819
5.495	-5.127743047888715	0.00506065362052655
5.505	-5.13297966975405	0.005263079765347613
5.515	-5.13788574803662	0.005465505910168675
5.525	-5.142461180490416	0.006072784344631861
5.535	-5.146705949731699	0.005229342074544102
5.545	-5.1506201228796655	0.005296817456151123
5.555	-5.154203851182717	0.00603904665382835
5.565	-5.157457369630632	0.005296817456151123
5.575	-5.160380996552961	0.005195604383740592
5.585	-5.162975133203961	0.005161866692937081
5.595	-5.165240263334353	0.005161866692937081
5.605	-5.1671769527502445	0.0060053089630248396
5.615	-5.168785848859467	0.005465505910168675
5.625	-5.170067680205656	0.005431768219365164
5.635	-5.171023255990347	0.005296817456151123
5.645	-5.171653465583374	0.0053980305285616535
5.655	-5.171959278021842	0.006342685871059944
5.665	-5.171941741497956	0.004891965166508999
5.675	-5.171601982835954	0.006578849706684516
5.685	-5.170941206958439	0.00499317823891953
5.695	-5.169960696342321	0.004655801330884427
5.705	-5.168661810464657	0.005431768219365164
5.715	-5.167045985238604	0.006173997417042392
5.725	-5.165114732439744	0.0049594405481160194
5.735	-5.162869639122986	0.005836620509007288
5.745	-5.1603123670303015	0.0055667189825792055
5.755	-5.157444651989479	0.00502691592972304
5.765	-5.154268303304126	0.004925702857312509
5.775	-5.150785203135123	0.005802882818203778
5.785	-5.14699730587372	0.00603904665382835
5.795	-5.142906637506471	0.006545112015881005
5.805	-5.138515294972184	0.005364292837758144
5.815	-5.133825445511079	0.0051281290021335715
5.825	-5.128839326006304	0.005870358199810799
5.835	-5.123559242317984	0.005667932054989736
5.845	-5.117987568609958	0.006106522035435371
5.855	-5.112126746669359	0.006241472798649412
5.865	-5.105979285219163	0.006410161252666964
5.875	-5.099547759223853	0.006140259726238881
5.885	-5.092834809188334	0.006680062779095047
5.895	-5.085843140450209	0.005870358199810799
5.905	-5.078575522465523	0.0068824889239161085
5.915	-5.071034788088115	0.006545112015881005
5.925	-5.0632238328426435	0.005802882818203778
5.935	-5.055145614191394	0.006410161252666964
5.945	-5.046803150794968	0.006072784344631861
5.955	-5.038199521766914	0.006106522035435371
5.965	-5.029337865922382	0.006747538160702067
5.975	-5.020221381020883	0.006140259726238881
5.985	-5.010853323003203	0.006511374325077495
5.995	-5.001237005222519	0.006848751233112598
6.005	-4.991375797669781	0.0070511773779336605
6.015	-4.981273126193414	0.006747538160702067
6.025	-4.970932471713332	0.006680062779095047
6.035	-4.960357369429365	0.00694996430552313
6.045	-4.949551408024052	0.007186128141147702
6.055	-4.938518228859879	0.006578849706684516
6.065	-4.92726152517094	0.006713800469898557
6.075	-4.915785041249069	0.007422291976772274
6.085	-4.904092571624391	0.007692193503200356
6.095	-4.892187960240356	0.006916226614719619
6.105	-4.8800750996232205	0.008738061918109177
6.115	-4.867757930045957	0.007523505049182805
6.125	-4.855240438686593	0.0070511773779336605
6.135	-4.8425266587809865	0.007725931194003867
6.145	-4.829620668769966	0.007894619648021418
6.155	-4.816526591440846	0.00708491506873717
6.165	-4.803248593063297	0.008097045792842482
6.175	-4.789790882519496	0.008164521174449501
6.185	-4.776157710428571	0.008097045792842482
6.195	-4.762353368265281	0.008299471937663543
6.205	-4.74838218747289	0.00904170113534077
6.215	-4.734248538570196	0.008231996556056522
6.225	-4.719956830252664	0.009176651898554811
6.235	-4.705511508487643	0.0091429142077513
6.245	-4.690917055603579	0.008771799608912688
6.255	-4.676177989373217	0.009277864970965343
6.265	-4.661298862090688	0.008569373464091626
6.275	-4.6462842596425045	0.01002009416864257
6.285	-4.631138800572346	0.009480291115786405
6.295	-4.615867135139585	0.009581504188196935
6.305	-4.600473944371571	0.01002009416864257
6.315	-4.58496393910953	0.010155044931856611
6.325	-4.569341859048077	0.009311602661768854
6.335	-4.553612471768285	0.009514028806589915
6.345	-4.537780571764255	0.009851405714625018
6.355	-4.521850979463113	0.010424946458284694
6.365	-4.505828540238442	0.009682717260607467
6.375	-4.489718123417049	0.011538290254800534
6.385	-4.473524621279021	0.009817668023821507
6.395	-4.457252948051088	0.010863536438730328
6.405	-4.440908038893165	0.01106596258355139
6.415	-4.424494848878111	0.012381732524888294
6.425	-4.408018351964607	0.01204435561685319
6.435	-4.391483539963191	0.011437077182390004
6.445	-4.374895421495318	0.012381732524888294
6.455	-4.358259020945549	0.013258912485779562
6.465	-4.341579377406734	0.011437077182390004
6.475	-4.324861543618212	0.012854060196137438
6.485	-4.308110584897054	0.012381732524888294
6.495	-4.291331578062271	0.0130564863409585
6.505	-4.274529610352029	0.013427600939797115
6.515	-4.257709778333845	0.0140348793742603
6.525	-4.240877186807812	0.01389992861104626
6.535	-4.2240369477028	0.013832453229439238
6.545	-4.207194178965698	0.013798715538635728
6.555	-4.190354003443716	0.014675895499526996
6.565	-4.173521547759759	0.015688026223632308
6.575	-4.156701941180916	0.015654288532828797
6.585	-4.139900314480098	0.015688026223632308
6.595	-4.123121798790892	0.016835107710951657
6.605	-4.106371524455672	0.01629530465809549
6.615	-4.089654619867029	0.015316911624793693
6.625	-4.072976210302607	0.01605914082247092
6.635	-4.056341416753366	0.016767632329344636
6.645	-4.039755354745459	0.01690258309255868
6.655	-4.0232231331557236	0.015620550842025287
6.665	-4.006749853020898	0.016463993112113044
6.675	-3.990340606340745	0.018724418395948236
6.685	-3.974000474875095	0.017138746928183252
6.695	-3.9577345289350174	0.017779763053449946
6.705	-3.9415478261682226	0.01723996000059378
6.715	-3.9254454103388077	0.019702811429250035
6.725	-3.9094323101015576	0.018589467632734197
6.735	-3.893513537770906	0.02017513910049918
6.745	-3.877694088084769	0.018825631468358767
6.755	-3.861978936963373	0.01916300837639387
6.765	-3.846373040263342	0.018825631468358767
6.775	-3.8308813325271514	0.019432909902821954
6.785	-3.8155087257282285	0.02111979444299747
6.795	-3.80026010801188	0.02223313823951331
6.805	-3.785140342432251	0.021828285949871188
6.815	-3.770154265685598	0.021828285949871188
6.825	-3.7553066868400857	0.022401826693530864
6.835	-3.740602386062347	0.020613729080944814
6.845	-3.726046113341112	0.023717596634867767
6.855	-3.7116425872081327	0.023481432799243196
6.865	-3.6973964934567336	0.023009105127994048
6.875	-3.683312483858184	0.023312744345225643
6.885	-3.669395174876338	0.02516831733941871
6.895	-3.655649146380701	0.02493215350379414
6.905	-3.6420789403583447	0.02503336657620467
6.915	-3.6286890596249513	0.025303268102632753
6.925	-3.6154839665353413	0.025337005793436264
6.935	-3.60246808169381	0.0251345796486152
6.945	-3.5896457826646593	0.026416611899148592
6.955	-3.5770214026832834	0.027968545676110068
6.965	-3.5645992293681283	0.02682146418879072
6.975	-3.5523835034340063	0.026484087280755613
6.985	-3.5403784174070747	0.026956414952004758
6.995	-3.5285881143419067	0.02837339796575219
7.005	-3.517016686541067	0.027631168768074966
7.015	-3.5056681742776195	0.02881198794619783
7.025	-3.4945465645209555	0.028845725637001336
7.035	-3.483655789666419	0.028272184893341663
7.045	-3.4729997262691565	0.03006028250592771
7.055	-3.462582193782602	0.0300265448151242
7.065	-3.452406953302135	0.030600085558783876
7.075	-3.442477706314306	0.03110615092083653
7.085	-3.4327980934521225	0.030161495578338242
7.095	-3.4233716932568883	0.030735036321997918
7.105	-3.414202020947072	0.030735036321997918
7.115	-3.405292527194689	0.032253232408155884
7.125	-3.396646596909711	0.03397385463913491
7.135	-3.388267548033004	0.03242192086217344
7.145	-3.380158630338294	0.03191585550012078
7.155	-3.3723230242436966	0.03157847859208567
7.165	-3.364763839633321	0.032354445480566416
7.175	-3.3574841146894743	0.033670215421903314
7.185	-3.3504868147360045	0.03255687162538747
7.195	-3.343774831093321	0.03286051084261907
7.205	-3.337350979945626	0.03441244461958054
7.215	-3.331218001220908	0.03458113307359809
7.225	-3.3253785574842434	0.035357099962078836
7.235	-3.3198352328449636	0.034648608455205114
7.245	-3.314590531878239	0.03498598536324022
7.255	-3.3096468785616366	0.03444618231038405
7.265	-3.3050066152272186	0.035627001488506914
7.275	-3.3006720015297444	0.03633549299538063
7.285	-3.2966452134315296	0.03599811608734553
7.295	-3.2929283422045463	0.03647044375859467
7.305	-3.289523393450321	0.035222149198864794
7.315	-3.286432286138194	0.033636477731099804
7.325	-3.283656851662526	0.03680782066662978
7.335	-3.281198832919403	0.03481729690922267
7.345	-3.279059883403419	0.03390637925752789
7.355	-3.2772415663250976	0.03495224767243671
7.365	-3.275745353749529	0.03586316532413149
7.375	-3.2745726257567704	0.03549205072529287
7.385	-3.2737246696245963	0.03633549299538063
7.395	-3.2732026790341386	0.03701024681145084
7.405	-3.2730077532989887	0.036740345285022756
7.415	-3.2731408966183153	0.03599811608734553
7.425	-3.2736030173545423	0.03552578841609638
7.435	-3.2743949273361475	0.037718738318324556
7.445	-3.2755173411861165	0.037752476009128066
7.455	-3.276970875676605	0.033636477731099804
7.465	-3.278756049110319	0.034749821527615646
7.475	-3.28087328072918	0.03748257448269998
7.485	-3.2833228901507656	0.036268017613773615
7.495	-3.286105096833057	0.03501972305404373
7.505	-3.2892200195680195	0.03606559146895255
7.515	-3.2926676760044833	0.0355932637977034
7.525	-3.296447982200861	0.0349185099816332
7.535	-3.300560752208178	0.037583787555110514
7.545	-3.3050056976838755	0.035660739179310424
7.555	-3.3097824275369	0.03451365769199107
7.565	-3.314890447604499	0.03400759232993842
7.575	-3.3203291603612306	0.03609932915975606
7.585	-3.3260978646605635	0.03599811608734553
7.595	-3.3321957555095785	0.03353526465868927
7.605	-3.3386219238771333	0.033737690803510335
7.615	-3.345375356535935	0.03356900234949278
7.625	-3.3524549359389324	0.03343405158627874
7.635	-3.3598594401303834	0.03343405158627874
7.645	-3.3675875426920183	0.032388183171369926
7.655	-3.375637812724623	0.03346778927708225
7.665	-3.384008714865454	0.03208454395413833
7.675	-3.39269860934175	0.03360274004029629
7.685	-3.40170575206075	0.030498872486373344
7.695	-3.411028294736467	0.029722905597892608
7.705	-3.4206642850535447	0.03221949471735237
7.715	-3.4306116668685003	0.03184838011851376
7.725	-3.4408682804485853	0.031713429355299715
7.735	-3.4514318627485525	0.030701298631194408
7.745	-3.317793751023108	0.035255886889668304
7.755	-3.4132416218206694	0.030566347867980365
7.765	-3.508989055668364	0.02705762802441529
7.775	-3.6050333798045813	0.02685520187959423
7.785	-3.7013718201153063	0.02297536743719054
7.795	-3.7980015016427875	0.022806678983172988
7.805	-3.8949194491333965	0.02017513910049918
7.815	-3.99212258762488	0.01707127154657623
7.825	-4.089607743073039	0.015080747789169121
7.835	-4.18737164301807	0.015620550842025287
7.845	-4.285410917290452	0.013663764775421687
7.855	-4.383722098756562	0.011470814873193515
7.865	-3.615477298837691	0.027361267241646885
7.875	-3.6300439575696477	0.024628514286562545
7.885	-3.6448715483619005	0.02584307115548892
7.895	-3.6599562244751676	0.024965891194597647
7.905	-3.67529404653004	0.02392002277968883
7.915	-3.690880983490819	0.024561038904955524
7.925	-3.7067129136888655	0.024257399687723932
7.935	-3.722785625885424	0.0241561866153134
7.945	-3.739094820373716	0.02307658050960107
7.955	-3.7556361101202573	0.023515170490046703
7.965	-3.772405021945156	0.021828285949871188
7.975	-3.7893969977412723	0.02125474520621151
7.985	-3.8066073957319904	0.020445040626927265
7.995	-3.8240314917674416	0.021625859805050125
8.005	-3.841664480658875	0.020714942153355346
8.015	-3.8595014775509386	0.02108605675219396
8.025	-3.877537519331625	0.019770286810857057
8.035	-3.8957675660795	0.02111979444299747
8.045	-3.9141865025479774	0.018420779178716644
8.055	-3.9327891396862285	0.019669073738446525
8.065	-3.9515702161964	0.0182858284155026
8.075	-3.9705244001267257	0.018488254560323665
8.085	-3.9896462905001777	0.01693632078336219
8.095	-4.00893041897815	0.016463993112113044
8.105	-4.028371251558823	0.01670015694773762
8.115	-4.04796319030965	0.017577336908628886
8.125	-4.067700575133541	0.015553075460418266
8.135	-4.08757768556822	0.017105009237379742
8.145	-4.107588742618213	0.0159916654408639
8.155	-4.127727910618928	0.015249436243186672
8.165	-4.147989299132274	0.014136092446670832
8.175	-4.168366964873199	0.013832453229439238
8.185	-4.1888549136665665	0.013866190920242749
8.195	-4.2094471024337565	0.01295527326854797
8.205	-4.230137441208291	0.0150132724075621
8.215	-4.250919795179863	0.013360125558190094
8.225	-4.271787986766101	0.012010617926049679
8.235	-4.292735797711301	0.013123961722565521
8.245	-4.31375697121148	0.012381732524888294
8.255	-4.334845214064961	0.012887797886940949
8.265	-4.355994198847737	0.012010617926049679
8.275	-4.377197566112887	0.01204435561685319
8.285	-4.398448926613193	0.01204435561685319
8.295	-4.419741863546182	0.011369601800782983
8.305	-4.4410699348207405	0.011572027945604045
8.315	-4.462426675344518	0.011335864109979473
8.325	-4.483805599331202	0.010728585675516288
8.335	-4.505200202626783	0.01103222489274788
8.345	-4.526603965053996	0.010458684149088205
8.355	-4.548010352773977	0.011335864109979473
8.365	-4.569412820664199	0.009176651898554811
8.375	-4.590804814711801	0.009783930333017998
8.385	-4.612179774421352	0.011167175655961922
8.395	-4.633531135236068	0.01008756955024959
8.405	-4.654852330971504	0.010357471076677673
8.415	-4.676136796260814	0.009277864970965343
8.425	-4.697377969010433	0.008940488062930239
8.435	-4.718569292865319	0.008771799608912688
8.445	-4.739704219682663	0.008535635773288116
8.455	-4.7607762120130195	0.007928357338824929
8.465	-4.781778745587844	0.008265734246860033
8.475	-4.802705311812401	0.00796209502962844
8.485	-4.823549420262932	0.0077596688848073775
8.495	-4.844304601187034	0.007793406575610888
8.505	-4.864964408006223	0.00708491506873717
8.515	-4.885522419819451	0.007557242739986316
8.525	-4.905972243906699	0.007523505049182805
8.535	-4.926307518231294	0.008366947319270563
8.545	-4.946521913940073	0.006646325088291536
8.555	-4.96660913786011	0.006916226614719619
8.565	-4.986562934990977	0.006308948180256433
8.575	-5.0063770909914	0.006207735107845902
8.585	-5.026045434659156	0.006781275851505578
8.595	-5.045561840403096	0.005431768219365164
8.605	-5.064920230706177	0.0064438989434704745
8.615	-5.08411457857835	0.005330555146954633
8.625	-5.103138909998132	0.005229342074544102
8.635	-5.121987306341796	0.006140259726238881
8.645	-5.140653906798975	0.005701669745793247
8.655	-5.1591329107735575	0.005330555146954633
8.665	-5.177418580268757	0.006106522035435371
8.675	-5.195505242255189	0.0064438989434704745
8.685	-5.213387291020805	0.0053980305285616535
8.695	-5.231059190501608	0.005836620509007288
8.705	-5.248515476591972	0.005600456673382716
8.715	-5.265750759433409	0.00502691592972304
8.725	-5.282759725680734	0.004757014403294958
8.735	-5.299537140744459	0.004925702857312509
8.745	-5.3160778510083055	0.005229342074544102
8.755	-5.332376786020738	0.0042509490412423025
8.765	-5.3484289606594	0.004891965166508999
8.775	-5.364229477267406	0.0038798344424036887
8.785	-5.3797735277603245	0.005532981291775695
8.795	-5.395056395702834	0.00499317823891953
8.805	-5.4100734583539785	0.0038798344424036887
8.815	-5.42482018867992	0.004048522896421241
8.825	-5.439292157333201	0.003778621369993158
8.835	-5.453485034597415	0.003947309824010709
8.845	-5.467394592296305	0.0044196374952598545
8.855	-5.481016705666251	0.0042509490412423025
8.865	-5.494347355191161	0.003947309824010709
8.875	-5.507382628398746	0.004149735968831772
8.885	-5.520118721617239	0.0042509490412423025
8.895	-5.532551941691572	0.003407506771154544
8.905	-5.544678707658078	0.0036774082975826266
8.915	-5.556495552376773	0.003947309824010709
8.925	-5.567999124120325	0.003846096751600178
8.935	-5.5791861881187765	0.004352162113652833
8.945	-5.5900536280591915	0.0040822605872247505
8.955	-5.600598447539297	0.0032388183171369925
8.965	-5.610817771474338	0.0031376052447264612
8.975	-5.620708847456276	0.004048522896421241
8.985	-5.630269047064536	0.003407506771154544
8.995	-5.639495867127526	0.002800228336691358
9.005	-5.648386930934138	0.0027664906458878475
9.015	-5.656939989394513	0.003508719843565075
9.025	-5.66515292214931	0.0029689167907089096
9.035	-5.673023738626806	0.003306293698744013
9.045	-5.680550579047127	0.0032388183171369925
9.055	-5.687731715372962	0.00398104751481422
9.065	-5.694565552206111	0.003542457534368585
9.075	-5.701050627629259	0.003205080626333482
9.085	-5.707185613992406	0.0030363921723159304
9.095	-5.712969318643349	0.0032725560079405027
9.105	-5.718400684601721	0.004149735968831772
9.115	-5.723478791176035	0.003103867553922951
9.125	-5.728202854523265	0.0032388183171369925
9.135	-5.732572228150503	0.002901441409101889
9.145	-5.7365864033582294	0.003812359060796668
9.155	-5.740245009624821	0.0030026544815124198
9.165	-5.743547814931882	0.0030026544815124198
9.175	-5.746494726030068	0.002901441409101889
9.185	-5.749085788645045	0.003306293698744013
9.195	-5.751321187623307	0.0030701298631194405
9.205	-5.753201247017572	0.003171342935529972
9.215	-5.754726430111493	0.0032725560079405027
9.225	-5.755897339383501	0.0029689167907089096
9.235	-5.75671471640956	0.003205080626333482
9.245	-5.757179441704691	0.0027664906458878475
9.255	-5.7572925345031365	0.0035761952251720957
9.265	-5.757055152477047	0.003171342935529972
9.275	-5.75646859139366	0.003306293698744013
9.285	-5.75553428471086	0.0029351790999053995
9.295	-5.754253803111188	0.0029689167907089096
9.305	-5.75262885397425	0.0031376052447264612
9.315	-5.7506612807876305	0.0032388183171369925
9.325	-5.748353062496339	0.0028677037182983788
9.335	-5.7457063127909205	0.0030363921723159304
9.345	-5.742723279334382	0.0028677037182983788
9.355	-5.7394063429280795	0.003846096751600178
9.365	-5.7357580166167725	0.003171342935529972
9.375	-5.731780944733095	0.0032725560079405027
9.385	-5.7274779018816515	0.0029351790999053995
9.395	-5.722851791863098	0.0027664906458878475
9.405	-5.717905646538464	0.0031376052447264612
9.415	-5.71264262463412	0.0034412444619580543
9.425	-5.7070660104877105	0.003913572133207199
9.435	-5.70117921273553	0.0034412444619580543
9.445	-5.694985762941728	0.0034412444619580543
9.455	-5.688489314169842	0.0030026544815124198
9.465	-5.681693639497154	0.0027664906458878475
9.475	-5.674602630472384	0.0033737690803510335
9.485	-5.667220295517302	0.0033400313895475234
9.495	-5.659550758272827	0.0031376052447264612
9.505	-5.651598255890263	0.0036436706067791164
9.515	-5.643367137268238	0.0033400313895475234
9.525	-5.634861861236146	0.0035761952251720957
9.535	-5.626086994684653	0.0036774082975826266
9.545	-5.617047210644115	0.004048522896421241
9.555	-5.607747286311592	0.00398104751481422
9.565	-5.598192101027286	0.0032388183171369925
9.575	-Inf	0.0
9.585	-Inf	0.0
9.595	-Inf	0.0
9.605	-Inf	0.0
9.615	-Inf	0.0
9.625	-Inf	0.0
9.635	-Inf	0.0
9.645	-Inf	0.0
9.655	-Inf	0.0
9.665	-Inf	0.0
9.675	-Inf	0.0
9.685	-Inf	0.0
9.695	-Inf	0.0
9.705	-Inf	0.0
9.715	-Inf	0.0
9.725	-Inf	0.0
9.735	-Inf	0.0
9.745	-Inf	0.0
9.755	-Inf	0.0
9.765	-Inf	0.0
9.775	-Inf	0.0
9.785	-Inf	0.0
9.795	-Inf	0.0
9.805	-Inf	0.0
9.815	-Inf	0.0
9.825	-Inf	0.0
9.835	-Inf	0.0
9.845	-Inf	0.0
9.855	-Inf	0.0
9.865	-Inf	0.0
9.875	-Inf	0.0
9.885	-Inf	0.0
9.895	-Inf	0.0
9.905	-Inf	0.0
9.915	-Inf	0.0
9.925	-Inf	0.0
9.935	-Inf	0.0
9.945	-Inf	0.0
9.955	-Inf	0.0
9.965	-Inf	0.0
9.975	-Inf	0.0
9.985	-Inf	0.0
9.995	-Inf	0.0
