0.005	-Inf	0.0
0.015	-Inf	0.0
0.025	-Inf	0.0
0.035	-Inf	0.0
0.045	-Inf	0.0
0.055	-Inf	0.0
0.065	-Inf	0.0
0.075	-Inf	0.0
0.085	-Inf	0.0
0.095	-Inf	0.0
0.105	-Inf	0.0
0.115	-Inf	0.0
0.125	-Inf	0.0
0.135	-Inf	0.0
0.145	-Inf	0.0
0.155	-Inf	0.0
0.165	-Inf	0.0
0.175	-Inf	0.0
0.185	-Inf	0.0
0.195	-Inf	0.0
0.205	-Inf	0.0
0.215	-Inf	0.0
0.225	-Inf	0.0
0.235	-Inf	0.0
0.245	-Inf	0.0
0.255	-Inf	0.0
0.265	-Inf	0.0
0.275	-Inf	0.0
0.285	-Inf	0.0
0.295	-Inf	0.0
0.305	-Inf	0.0
0.315	-Inf	0.0
0.325	-Inf	0.0
0.335	-Inf	0.0
0.345	-Inf	0.0
0.355	-Inf	0.0
0.365	-Inf	0.0
0.375	-Inf	0.0
0.385	-Inf	0.0
0.395	-Inf	0.0
0.405	-Inf	0.0
0.415	-Inf	0.0
0.425	-Inf	0.0
0.435	-Inf	0.0
0.445	-Inf	0.0
0.455	-Inf	0.0
0.465	-Inf	0.0
0.475	-Inf	0.0
0.485	-Inf	0.0
0.495	-Inf	0.0
0.505	-Inf	0.0
0.515	-Inf	0.0
0.525	-Inf	0.0
0.535	-Inf	0.0
0.545	-Inf	0.0
0.555	-Inf	0.0
0.565	-Inf	0.0
0.575	-Inf	0.0
0.585	-Inf	0.0
0.595	-Inf	0.0
0.605	-Inf	0.0
0.615	-Inf	0.0
0.625	-Inf	0.0
0.635	-Inf	0.0
0.645	-Inf	0.0
0.655	-Inf	0.0
0.665	-Inf	0.0
0.675	-Inf	0.0
0.685	-Inf	0.0
0.695	-Inf	0.0
0.705	-Inf	0.0
0.715	-Inf	0.0
0.725	-Inf	0.0
0.735	-Inf	0.0
0.745	-Inf	0.0
0.755	-3.3925522295192243	0.031233089116644245
0.765	-3.3906578716467304	0.033695048227848044
0.775	-3.388694163833482	0.030364162371513494
0.785	-3.386660147166371	0.032536479234340374
0.795	-3.384554915482827	0.03171582619727244
0.805	-3.3823776157027514	0.03340540597947112
0.815	-3.3801274481247687	0.031039994284392965
0.825	-3.3778036666866944	0.032922668898842926
0.835	-3.3754055791901396	0.03166755248920962
0.845	-3.3729325474891976	0.03142618394889552
0.855	-3.3703839876431743	0.031184815408581427
0.865	-3.3677593700333657	0.034129511600413415
0.875	-3.3650582194438794	0.0318606473214609
0.885	-3.3622801151065502	0.03326058485528267
0.895	-3.359424690710004	0.0313779102408327
0.905	-3.3564916343729534	0.03403296418428778
0.915	-3.3534806885818305	0.034129511600413415
0.925	-3.350391650092888	0.03374332193591086
0.935	-3.347224369798917	0.03417778530847624
0.945	-3.3439787525607545	0.030026246415073756
0.955	-3.3406547570037834	0.03490189092941853
0.965	-3.3372523952796342	0.03398469047622496
0.975	-3.333771732793337	0.03306749002303139
0.985	-3.3302128878961836	0.034515701264915974
0.995	-3.326576031544582	0.03268130035852883
1.005	-3.322861386925212	0.032295110694026276
1.015	-3.3190692290468107	0.03480534351329289
1.025	-3.3151998842989308	0.03731557633255951
1.035	-3.3112537299780436	0.03441915384879034
1.045	-3.307231193781381	0.03538462801004673
1.055	-3.303132753268917	0.03417778530847624
1.065	-3.298958935293927	0.03678456554386849
1.075	-3.294710315402571	0.035481175426172365
1.085	-3.2903875172029666	0.038281050493815895
1.095	-3.2859912117042516	0.03495016463748135
1.105	-3.2815221166261224	0.034274332724601876
1.115	-3.276980995679396	0.035867365090674924
1.125	-3.272368657818124	0.03543290171810955
1.135	-3.267685956463824	0.03707420779224541
1.145	-3.2629337887024024	0.034274332724601876
1.155	-3.2581130944543752	0.035094985761669806
1.165	-3.2532248556189822	0.03639837587936594
1.175	-3.24827009519283	0.03741212374868515
1.185	-3.243249876363711	0.03813622936962744
1.195	-3.2381653015802465	0.03755694487287361
1.205	-3.2330175115980344	0.03741212374868515
1.215	-3.2278076845029835	0.03654319700355439
1.225	-3.2225370347125386	0.03591563879873774
1.235	-3.217206811955512	0.036494923295491574
1.245	-3.2118183002312395	0.03968098802763766
1.255	-3.2063728167488117	0.0380396819535018
1.265	-3.2008717108471276	0.03697766037611977
1.275	-3.1953163628965244	0.04006717769214022
1.285	-3.189708183182777	0.03895688240669537
1.295	-3.1840486107742247	0.03818450307769026
1.305	-3.178339112372848	0.036446649587428756
1.315	-3.1725811811500684	0.03818450307769026
1.325	-3.1667763355681107	0.04054991477276842
1.335	-3.1609261181877257	0.04069473589695687
1.345	-3.155032094463118	0.03876378757444409
1.355	-3.149095851524897	0.037460397456747965
1.365	-3.1431189969519098	0.03818450307769026
1.375	-3.137103157532792	0.04030854623245432
1.385	-3.13104997801809	0.04006717769214022
1.395	-3.1249611198638196	0.039825809151826125
1.405	-3.1188382599673123	0.04156366264208763
1.415	-3.1126830893962305	0.04146711522596199
1.425	-3.1064973121116015	0.03968098802763766
1.435	-3.1002826436857616	0.040791283313082516
1.445	-3.094040810016067	0.03934307207119793
1.455	-3.0877735460352613	0.04310842130009785
1.465	-3.081482594419367	0.04286705275978375
1.475	-3.0751697042939776	0.04257741051140684
1.485	-3.068836629939837	0.04252913680334402
1.495	-3.062485129498562	0.043832526921040144
1.505	-3.0561169636794103	0.042963600175909396
1.515	-3.049733894467934	0.044170442877479885
1.525	-3.043337683837421	0.042963600175909396
1.535	-3.036930092463962	0.04402562175329142
1.545	-3.030512878446027	0.04663240198868368
1.555	-3.0240877960294026	0.044122169169417066
1.565	-3.0176565943383404	0.043011873883972214
1.575	-3.0112210161137765	0.044991095914547814
1.585	-3.0047827964594496	0.042625684219469655
1.595	-2.998343661596773	0.04484627479035935
1.605	-2.9919053276292717	0.046777223112872135
1.615	-2.985469499317423	0.04330151613234913
1.625	-2.979037868864703	0.04566692782742729
1.635	-2.9726121147156497	0.04803233952250545
1.645	-2.9661939003667444	0.04547383299517601
1.655	-2.9597848731908827	0.04528073816292473
1.665	-2.953386663276236	0.04962537188857849
1.675	-2.9470008822802423	0.048418529187008
1.685	-2.9406291222995113	0.046149664908055485
1.695	-2.934272954756357	0.048321981770882365
1.705	-2.927933929302717	0.0461979386161183
1.715	-2.9216135727421584	0.04880471885151056
1.725	-2.9153133879706887	0.04725996019350033
1.735	-2.909034852937056	0.05165286762721691
1.745	-2.902779419623225	0.048321981770882365
1.755	-2.8965485130456847	0.05305280516103868
1.765	-2.89034353027825	0.05271488920459894
1.775	-2.884165839496979	0.049480550764390036
1.785	-2.878016779047836	0.051459772794965636
1.795	-2.871897656537695	0.05401827932229507
1.805	-2.865809747949279	0.05034947750952078
1.815	-2.8597542967805962	0.05179768875140537
1.825	-2.853732513209438	0.04904608739182466
1.835	-2.847745573283461	0.04977019301276695
1.845	-2.841794618136386	0.05281143662072458
1.855	-2.8358807532308	0.05174941504334255
1.865	-2.8300050476280525	0.05575613281255657
1.875	-2.824168533285707	0.05271488920459894
1.885	-2.8183722043829875	0.052328699540096384
1.895	-2.8126170166746527	0.054066553030357886
1.905	-2.806903886873692	0.056431964725436046
1.915	-2.8012336920632435	0.05300453145297586
1.925	-2.795607269138083	0.055659585396430934
1.935	-2.7900254142760432	0.053487268533604054
1.945	-2.7844888824396805	0.054452742694860445
1.955	-2.778998386908494	0.051266677962714356
1.965	-2.773554598841982	0.05493547977548864
1.975	-2.7681581468737964	0.05536994314805402
1.985	-2.762809616737239	0.0550803008996771
1.995	-2.7575095509223155	0.05498375348355146
2.005	-2.7522584483645467	0.05807327079957191
2.015	-2.747056764165717	0.05609404876899631
2.025	-2.7419049093467107	0.056238869893184766
2.035	-2.736803250632571	0.055852680228682214
2.045	-2.731752110269894	0.056431964725436046
2.055	-2.726751765876648	0.05792844967538345
2.065	-2.7218024503244824	0.05788017596732063
2.075	-2.7169043516535734	0.06014904024627315
2.085	-2.712057613020036	0.0592801135011424
2.095	-2.7072623326758896	0.06092141957527827
2.105	-2.702518563981578	0.06024558766239879
2.115	-2.697826315450976	0.060197313954335974
2.125	-2.6931855508288463	0.05816981821569755
2.135	-2.6885961892006347	0.060631777326901344
2.145	-2.6840581051345165	0.05826636563182319
2.155	-2.679571128855549	0.060776598451089806
2.165	-2.6751350464517936	0.06092141957527827
2.175	-2.67074960011222	0.06034213507852443
2.185	-2.666414488396212	0.060824872159152624
2.195	-2.662129366534449	0.06014904024627315
2.205	-2.6578938467609388	0.0639626631832359
2.215	-2.653707498675926	0.06164552519622056
2.225	-2.6495698496394264	0.06034213507852443
2.235	-2.6454803851950555	0.06164552519622056
2.245	-2.6414385495238637	0.06357647351873334
2.255	-2.637443745927816	0.061597251488157735
2.265	-2.633495337342573	0.06294891531391668
2.275	-2.629592646879186	0.06135588294784364
2.285	-2.625734958394311	0.06338337868648206
2.295	-2.6219215170885315	0.06415575801548717
2.305	-2.618151530132339	0.06280409418972822
2.315	-2.614424167319339	0.06478331622030382
2.325	-2.610738561746187	0.06647289600250252
2.335	-2.607093810518786	0.06758319128794736
2.345	-2.6034889754842223	0.0659418852138115
2.355	-2.59992308398792	0.06526605330093202
2.365	-2.5963951296554804	0.06579706408962303
2.375	-2.592904073198631	0.06695563308313071
2.385	-2.589448843244731	0.0657005166734974
2.395	-2.586028337189222	0.06690735937506789
2.405	-2.5826414220704415	0.06816247578470119
2.415	-2.5792869354661527	0.0644454002638641
2.425	-2.575963686411187	0.06705218049925635
2.435	-2.5726704563355196	0.06676253825087942
2.445	-2.569406000022139	0.06975550815077423
2.455	-2.566169046584026	0.06729354903957044
2.465	-2.5629583004595506	0.06690735937506789
2.475	-2.5597724424255954	0.064735042512241
2.485	-2.5566101306276847	0.06603843262993714
2.495	-2.5534700016264034	0.06700390679119353
2.505	-2.5503506714593653	0.06656944341862815
2.515	-2.547250736717987	0.0686934865733922
2.525	-2.544168775638319	0.0708658034362191
2.535	-2.541103349205161	0.0686934865733922
2.545	-2.538053002268698	0.06932104477820887
2.555	-2.535016264672864	0.071155445684596
2.565	-2.531991652394662	0.07105889826847037
2.575	-2.5289776686936247	0.06796938095244992
2.585	-2.5259728052706323	0.06946586590239733
2.595	-2.5229755434352574	0.0674383701637589
2.605	-2.519984355280843	0.06758319128794736
2.615	-2.516997704866482	0.06883830769758068
2.625	-2.514014049405076	0.06734182274763327
2.635	-2.511031840456642	0.0703830663555909
2.645	-2.5080495251260455	0.06676253825087942
2.655	-2.505065547264312	0.06816247578470119
2.665	-2.50207834867269	0.07057616118784217
2.675	-2.4990863703086204	0.07091407714428191
2.685	-2.496088053492776	0.0699003292749627
2.695	-2.493081841116326	0.07516216345381004
2.705	-2.4900661788475906	0.07323121513129725
2.715	-2.4870395163372385	0.07255538321841777
2.725	-2.4840003084211926	0.07178300388941267
2.735	-2.4809470163204006	0.07438978412480492
2.745	-2.477878108836646	0.07067270860396781
2.755	-2.474792063543547	0.0718795513055383
2.765	-2.471687367971935	0.07173473018134985
2.775	-2.4685625207887676	0.07023824523140243
2.785	-2.4654160329687675	0.071155445684596
2.795	-2.462246428957965	0.07033479264752808
2.805	-2.4590522478283288	0.07105889826847037
2.815	-2.4558320444226855	0.07265193063454341
2.825	-2.4525843904891262	0.07101062456040755
2.835	-2.4493078758041102	0.0738587733361139
2.845	-2.44600110928347	0.07342430996354853
2.855	-2.442662720080562	0.07381049962805108
2.865	-2.4392913586707725	0.07521043716187285
2.875	-2.435885697921635	0.06980378185883707
2.885	-2.4324444341478033	0.07516216345381004
2.895	-2.4289662881501437	0.07453460524899337
2.905	-2.425450006238213	0.0738587733361139
2.915	-2.4218943612354127	0.07511388974574722
2.925	-2.4182981534661065	0.07467942637318184
2.935	-2.414660211724006	0.0758379953666895
2.945	-2.4109793942211533	0.07496906862155875
2.955	-2.407254589516821	0.07443805783286774
2.965	-2.4034847174256786	0.07202437242972676
2.975	-2.399668729904586	0.07675519581988308
2.985	-2.395805611917381	0.07419668929255364
2.995	-2.3918943822770578	0.07226574097004086
3.005	-2.3879340944647325	0.07603109019894078
3.015	-2.3839238374248097	0.0748242474973703
3.025	-2.3798627363357974	0.07844477560208175
3.035	-2.375749953356209	0.07578972165862669
3.045	-2.3715846883450236	0.0763207324473177
3.055	-2.3673661795561878	0.07762412256501383
3.065	-2.3630937043066633	0.07849304931014457
3.075	-2.3587665796175328	0.08047227134072019
3.085	-2.3543841628277087	0.07762412256501383
3.095	-2.3499458521797942	0.07849304931014457
3.105	-2.3454510873776733	0.07912060751496124
3.115	-2.34089935011542	0.08438244169380857
3.125	-2.336290164577147	0.08158256662616503
3.135	-2.331623097907408	0.0814860192100394
3.145	-2.326897760651826	0.080520545048783
3.155	-2.322113807167602	0.08032745021653172
3.165	-2.3172709360036015	0.0797964394278407
3.175	-2.3123688902497337	0.08061709246490864
3.185	-2.307407457855348	0.0807619135890971
3.195	-2.3023864719164053	0.08307905157611244
3.205	-2.297305810931198	0.08404452573736883
3.215	-2.2921653990244124	0.08351351494867781
3.225	-2.2869652061393464	0.08481690506637393
3.235	-2.2817052481981284	0.08124465066972529
3.245	-2.2763855872297833	0.08684440080501236
3.255	-2.271006331466043	0.08650648484857262
3.265	-2.265567635404782	0.08737541159370338
3.275	-2.2600696998410252	0.08713404305338927
3.285	-2.2545127718654534	0.08800296979852003
3.295	-2.248897144830388	0.08756850642595465
3.305	-2.243223158283233	0.08665130597276108
3.315	-2.237491197867396	0.08336869382448935
3.325	-2.231701695190714	0.09027183407747255
3.335	-2.2258551276614402	0.08824433833883413
3.345	-2.2199520182918695	0.08901671766783924
3.355	-2.2139929354697014	0.09162349790323149
3.365	-2.2079784926972614	0.09505093117569169
3.375	-2.201909348298721	0.09292688802092762
3.385	-2.1957862050954766	0.08974082328878154
3.395	-2.1896098100498813	0.09143040307098022
3.405	-2.1833809538775295	0.09403718330637247
3.415	-2.177100470628322	0.09379581476605837
3.425	-2.1707692372365637	0.09326480397736736
3.435	-2.1643881730403605	0.09283034060480198
3.445	-2.1579582392706067	0.09225105610804815
3.455	-2.1514804385098767	0.09355444622574427
3.465	-2.1449558141215523	0.09799562736752368
3.475	-2.1383854496495296	0.09794735365946085
3.485	-2.13177046818889	0.09963693344165954
3.495	-2.125112031727916	0.10021621793841337
3.505	-2.1184113404618747	0.09620950016919935
3.515	-2.111669632078982	0.09843009074008904
3.525	-2.1048881810190165	0.09674051095789037
3.535	-2.0980682977050353	0.09823699590783777
3.545	-2.09121132774869	0.10007139681422492
3.555	-2.0843186511296405	0.10205061884480052
3.565	-2.077391681349588	0.10224371367705179
3.575	-2.070431864561473	0.10253335592542871
3.585	-2.0634406786743953	0.10687798965108247
3.595	-2.0564196324348156	0.10320918783830818
3.605	-2.0493702644846516	0.10663662111076837
3.615	-2.0422941423968575	0.10610561032207735
3.625	-2.035192861689111	0.10359537750281074
3.635	-2.0280680448162505	0.10654007369464273
3.645	-2.0209213401421118	0.1114157182089875
3.655	-2.0137544208914253	0.10625043144626582
3.665	-2.006568984082461	0.10654007369464273
3.675	-1.999366749441112	0.11156053933317596
3.685	-1.9921494582971166	0.10784346381233886
3.695	-1.9849188724631526	0.11325011911537465
3.705	-1.9776767730975173	0.11001578067516574
3.715	-1.9704249595511554	0.11049851775579393
3.725	-1.9631652481997657	0.1138776773201913
3.735	-1.9558994712617788	0.11450523552500796
3.745	-1.9486294756029527	0.11749820542490277
3.755	-1.9413571215283985	0.11653273126364638
3.765	-1.9340842815628023	0.11827058475390788
3.775	-1.9268128392196693	0.12150492319411679
3.785	-1.9195446877603914	0.11773957396521686
3.795	-1.912281728943952	0.12169801802636807
3.805	-1.9050258717680997	0.12271176589568727
3.815	-1.897779031202823	0.12184283915055653
3.825	-1.890543126916965	0.12391860859725777
3.835	-1.8833200819988112	0.12362896634888085
3.845	-1.8761118216715165	0.1220359339828078
3.855	-1.8689202720042069	0.12324277668437829
3.865	-1.8617473586196231	0.12478753534238853
3.875	-1.8545950053991698	0.1267184836649013
3.885	-1.8474651331862115	0.13458709807914088
3.895	-1.8403596584885105	0.1301459169373615
3.905	-1.8332804921806476	0.13135275963893198
3.915	-1.8262295382073086	0.13574566707264857
3.925	-1.8192086922882948	0.13304233942113067
3.935	-1.8122198406261316	0.1375800679790357
3.945	-1.8052648586171411	0.13062865401798968
3.955	-1.7983456095668344	0.13642149898552802
3.965	-1.7914639434105122	0.1368559623580934
3.975	-1.7846216954398995	0.13719387831453314
3.985	-1.7778206850367093	0.13941446888542283
3.995	-1.7710627144139603	0.1400420270902395
4.005	-1.7643495673659253	0.14182815428856382
4.015	-1.7576830080275285	0.14182815428856382
4.025	-1.7510647796440617	0.1410557749595587
4.035	-1.7444966033520346	0.14520731385296118
4.045	-1.7379801769719907	0.14216607024500355
4.055	-1.7315171738141242	0.14453148194008172
4.065	-1.7251092414974933	0.1482485574609188
4.075	-1.7187580007836512	0.14559350351746375
4.085	-1.7124650444254863	0.1477175466722278
4.095	-1.706231936032063	0.14134541720793561
4.105	-1.7000602089502428	0.15326902309945206
4.115	-1.6939513651638534	0.14675207251097142
4.125	-1.6879068742111654	0.15297938085107513
4.135	-1.6819281721214274	0.15442759209295973
4.145	-1.676016660371196	0.15206218039788155
4.155	-1.6701737048611762	0.1555861610864674
4.165	-1.6644006349142983	0.15080706398824825
4.175	-1.6586987422957167	0.15650336153966096
4.185	-1.6530692802554265	0.15988252110405832
4.195	-1.6475134625941634	0.1570826460364148
4.205	-1.6420324627532439	0.15939978402343014
4.215	-2.4345638929138333	0.07125199310072165
4.225	-2.43321353573688	0.07381049962805108
4.235	-2.431941265818623	0.07043134006365372
4.245	-2.4307480865621045	0.07458287895705619
4.255	-2.4296349568412148	0.07197609872166394
4.265	-2.4286027902471186	0.07294157288292033
4.275	-2.4276524543627898	0.07120371939265882
4.285	-2.4267847700661687	0.0721209198458524
4.295	-2.426000510862464	0.07221746726197804
4.305	-2.4253004022460734	0.07154163534909856
4.315	-2.4246851210926135	0.0755966268263754
4.325	-2.4241552950814995	0.07521043716187285
4.335	-2.4237115021495064	0.07154163534909856
4.345	-2.423354269975738	0.07419668929255364
4.355	-2.4230840754983842	0.07105889826847037
4.365	-2.4229013444636482	0.07327948883936007
4.375	-2.4228064510071925	0.0736174047957998
4.385	-2.422799717268442	0.07294157288292033
4.395	-2.4228814130380476	0.07521043716187285
4.405	-2.4230517554388067	0.07371395221192545
4.415	-2.4233109086403104	0.07501734232962157
4.425	-2.4236589836075573	0.07052788747977935
4.435	-2.42409603788377	0.07154163534909856
4.445	-2.4246220754076093	0.07400359446030236
4.455	-2.425237046364973	0.07004515039915116
4.465	-2.425940847075535	0.07492079491349593
4.475	-2.4267333199141654	0.07376222591998827
4.485	-2.4276142532673477	0.07033479264752808
4.495	-2.428583381524672	0.0723622883861665
4.505	-2.4296403851054986	0.07405186816836518
4.515	-2.430784890520809	0.0703830663555909
4.525	-2.432016470470294	0.07120371939265882
4.535	-2.4333346439746633	0.07028651893946526
4.545	-2.434738876543165	0.07564490053443823
4.555	-2.436228580376262	0.07125199310072165
4.565	-2.437803114603405	0.0703830663555909
4.575	-2.43946178555581	0.07458287895705619
4.585	-2.441203847074122	0.06985205556689988
4.595	-2.4430285008508426	0.07381049962805108
4.605	-2.444934896807342	0.07603109019894078
4.615	-2.446922133505298	0.0738587733361139
4.625	-2.4489892585923405	0.07192782501360112
4.635	-2.451135269281686	0.07081752972815628
4.645	-2.453359112865507	0.06830729690888965
4.655	-2.4556596872617726	0.06811420207663837
4.665	-2.4580358415942616	0.07130026680878447
4.675	-2.4604863768054392	0.07448633154093055
4.685	-2.46301004630186	0.07081752972815628
4.695	-2.465605556631736	0.07154163534909856
4.705	-2.4682715681942966	0.07279675175873188
4.715	-2.4710066959805426	0.06685908566700507
4.725	-2.4738095103449615	0.06975550815077423
4.735	-2.4766785378077825	0.07168645647328702
4.745	-2.4796122618872882	0.06975550815077423
4.755	-2.482609123961724	0.07018997152333961
4.765	-2.4856675241602844	0.07125199310072165
4.775	-2.4887858222826713	0.07298984659098315
4.785	-2.491962338746672	0.0699003292749627
4.795	-2.4951953555632103	0.0639626631832359
4.805	-2.4984831173382847	0.06941759219433451
4.815	-2.5018238323012034	0.06946586590239733
4.825	-2.5052156733585025	0.0699003292749627
4.835	-2.508656779172917	0.07052788747977935
4.845	-2.5121452552667582	0.06922449736208322
4.855	-2.5156791751490335	0.06724527533150762
4.865	-2.5192565814656276	0.06801765466051274
4.875	-2.5228754871718513	0.06796938095244992
4.885	-2.526533876726646	0.07096235085234473
4.895	-2.5302297073077185	0.06941759219433451
4.905	-2.533960910046864	0.06724527533150762
4.915	-2.5377253912847255	0.06449367397192692
4.925	-2.5415210338442193	0.06502468476061793
4.935	-2.5453456983218476	0.06801765466051274
4.945	-2.5491972243961007	0.06603843262993714
4.955	-2.5530734321521513	0.0667142645428166
4.965	-2.5569721234220104	0.06265927306553977
4.975	-2.5608910831393334	0.06164552519622056
4.985	-2.5648280807080166	0.06430057913967563
4.995	-2.568780871383759	0.06816247578470119
5.005	-2.572747197667708	0.06695563308313071
5.015	-2.5767247907113373	0.06613498004606277
5.025	-2.5807113717316748	0.05990767170595905
5.035	-2.584704653435991	0.06734182274763327
5.045	-2.5887023414550767	0.06579706408962303
5.055	-2.59270213578418	0.0632385575622936
5.065	-2.596701732230733	0.0627558204816654
5.075	-2.6006988238679276	0.06145243036396928
5.085	-2.604691102493252	0.06454194767998973
5.095	-2.608676260091045	0.06507295846868075
5.105	-2.6126519902981626	0.06430057913967563
5.115	-2.616615989871818	0.064735042512241
5.125	-2.6205659601586757	0.06362474722679616
5.135	-2.624499608564258	0.062369630817162854
5.145	-2.6284146500217345	0.061790346320409015
5.155	-2.6323088084591686	0.06140415665590646
5.165	-2.6361798182642686	0.06357647351873334
5.175	-2.640025425745726	0.06468676880417819
5.185	-2.643843390590198	0.060969693283341085
5.195	-2.6476314873140043	0.061983441152660294
5.205	-2.6513875067086063	0.05874910271245139
5.215	-2.6551092572789434	0.059762850581770596
5.225	-2.6587945666737034	0.06362474722679616
5.235	-2.6624412831065962	0.061790346320409015
5.245	-2.666047276767728	0.060776598451089806
5.255	-2.6696104412241546	0.05956975574951932
5.265	-2.67312869480871	0.059424934625330855
5.275	-2.676599981996212	0.05894219754470266
5.285	-2.6800222747661486	0.05913529237695394
5.295	-2.683393573950964	0.05812154450763473
5.305	-2.686711910569055	0.06270754677360259
5.315	-2.6899753471416243	0.06130760923978082
5.325	-2.693181978992513	0.058604281588262926
5.335	-2.6963299355301684	0.05985939799789623
5.345	-2.69941738151091	0.060004219122084694
5.355	-2.702442518282652	0.0573008914705668
5.365	-2.705403585008269	0.05749398630281808
5.375	-2.708298859867796	0.060583503618838526
5.385	-2.7111266612386666	0.05599750135287067
5.395	-2.7138853488532018	0.058604281588262926
5.405	-2.7165733249325847	0.06072832474302699
5.415	-2.719189035296561	0.057638807427006535
5.425	-2.7217309704481254	0.0595214820414565
5.435	-2.724197666632459	0.05923183979307958
5.445	-2.7265877068694184	0.05604577506093349
5.455	-2.728899721958863	0.05734916517862962
5.465	-2.7311323914581522	0.05657678584962451
5.475	-2.7332844446311437	0.05894219754470266
5.485	-2.7353546613680417	0.05614232247705913
5.495	-2.7373418730754695	0.05594922764480785
5.505	-2.739244963536154	0.056625059557687325
5.515	-2.741062869737625	0.05725261776250398
5.525	-2.7427945826693505	0.0573008914705668
5.535	-2.744439148087765	0.05918356608501676
5.545	-2.745995667248634	0.057831902259257814
5.555	-2.7474632976062505	0.05498375348355146
5.565	-2.7488412534789655	0.05725261776250398
5.575	-2.7501288066805656	0.05570785910449375
5.585	-2.751325287117052	0.055466490564179655
5.595	-2.7524300833483766	0.05633541730931041
5.605	-2.7534426431147274	0.05416310044648353
5.615	-2.7543624738269674	0.05985939799789623
5.625	-2.7551891430208557	0.05517684831580274
5.635	-2.755922278774702	0.05551476427224247
5.645	-2.7565615700901316	0.057831902259257814
5.655	-2.757106767235651	0.05459756381904891
5.665	-2.7575576820527394	0.05594922764480785
5.675	-2.757914188224203	0.05609404876899631
5.685	-2.758176221504561	0.054307921570671984
5.695	-2.7583437799122503	0.055466490564179655
5.705	-2.758416923883458	0.05594922764480785
5.715	-2.758395776387425	0.05382518449004379
5.725	-2.758280523003072	0.053680363365855334
5.735	-2.758071411956835	0.05739743888669244
5.745	-2.7577687541216225	0.05498375348355146
5.755	-2.757372922976814	0.05498375348355146
5.765	-2.7568843545292654	0.05609404876899631
5.775	-2.7563035471953046	0.054307921570671984
5.785	-2.7556310616437028	0.05372863707391815
5.795	-2.754867520599675	0.05421137415454635
5.805	-2.7540136086099407	0.055852680228682214
5.815	-2.7530700717689363	0.055611311688368116
5.825	-2.752037717406274	0.055804406520619396
5.835	-2.7509174137355714	0.056625059557687325
5.845	-2.7497100894648074	0.05609404876899631
5.855	-2.7484167333683724	0.05638369101737323
5.865	-2.7470383938210152	0.055659585396430934
5.875	-2.745576178293901	0.05503202719161428
5.885	-2.7440312528130386	0.058797376420514205
5.895	-2.7424048413803317	0.05672160697381296
5.905	-2.7406982253575554	0.05739743888669244
5.915	-2.738912742813575	0.055611311688368116
5.925	-2.737049787835143	0.060824872159152624
5.935	-2.735110809801633	0.05551476427224247
5.945	-2.733097312624107	0.055418216856116836
5.955	-2.7310108539491114	0.058604281588262926
5.965	-2.728853044327641	0.056480238433498864
5.975	-2.7266255463497178	0.05826636563182319
5.985	-2.724330073745063	0.05594922764480785
5.995	-2.7219683904503524	0.061790346320409015
6.005	-2.719542309643578	0.05792844967538345
6.015	-2.7170536927460542	0.05614232247705913
6.025	-2.7145044483926166	0.055852680228682214
6.035	-2.711896531370611	0.056480238433498864
6.045	-2.7092319415282553	0.05590095393674503
6.055	-2.706512722653	0.06010076653821033
6.065	-2.703740961320527	0.059955945414021876
6.075	-2.7009187857150456	0.05923183979307958
6.085	-2.698048364421549	0.05874910271245139
6.095	-2.69513190519074	0.057783628551194996
6.105	-2.692171653677338	0.060390408786587246
6.115	-2.6891698921524787	0.060004219122084694
6.125	-2.6861289381909685	0.060004219122084694
6.135	-2.683051143334157	0.060969693283341085
6.145	-2.6799388917291944	0.059762850581770596
6.155	-2.676794598745476	0.0610179669914039
6.165	-2.6736207095690823	0.0595214820414565
6.175	-2.670419697776031	0.05816981821569755
6.185	-2.6671940638851943	0.06068005103496417
6.195	-2.663946333891712	0.06222480969297439
6.205	-2.6606790577817856	0.06140415665590646
6.215	-2.6573948080297094	0.06352819981067052
6.225	-2.654096178078047	0.06352819981067052
6.235	-2.6507857808018387	0.062128262276848756
6.245	-2.6474662469577623	0.06270754677360259
6.255	-2.644140223619156	0.06203171486072311
6.265	-2.6408103725978482	0.06121106182365518
6.275	-2.637479368853727	0.061597251488157735
6.285	-2.634149898893003	0.06386611576711025
6.295	-2.6308246591561124	0.06106624069946672
6.305	-2.6275063543962447	0.06434885284773845
6.315	-2.6241976960494453	0.06449367397192692
6.325	-2.620901400597289	0.0657005166734974
6.335	-2.6176201879230994	0.06246617823328849
6.345	-2.614356779662697	0.06352819981067052
6.355	-2.6111138975506893	0.06478331622030382
6.365	-2.6078942617632803	0.06401093689129872
6.375	-2.6047005892586137	0.06497641105255511
6.385	-2.601535592115642	0.06439712655580127
6.395	-2.598401975872538	0.06748664387182172
6.405	-2.5953024378656533	0.0657005166734974
6.415	-2.5922396655700233	0.06550742184124612
6.425	-2.5892163349424377	0.06376956835098462
6.435	-2.5862351087680806	0.06777628612019863
6.445	-2.583298635011743	0.0637212946429218
6.455	-2.5804095451746196	0.06816247578470119
6.465	-2.577570452657689	0.06796938095244992
6.475	-2.5747839511326776	0.06623152746218841
6.485	-2.572052612921603	0.0667142645428166
6.495	-2.5693789873858957	0.06415575801548717
6.505	-2.566765599326076	0.07076925602009346
6.515	-2.5642149473929776	0.06656944341862815
6.525	-2.561729502511495	0.06816247578470119
6.535	-2.5593117063178124	0.06613498004606277
6.545	-2.556963969611096	0.06941759219433451
6.555	-2.554688670820589	0.06936931848627169
6.565	-2.5524881544890636	0.07091407714428191
6.575	-2.5503647297735674	0.06936931848627169
6.585	-2.54832066896439	0.06994860298302552
6.595	-2.5463582060231738	0.07216919355391521
6.605	-2.5444795351410656	0.07023824523140243
6.615	-2.542686809317826	0.06951413961046014
6.625	-2.540982138962753	0.07067270860396781
6.635	-2.5393675905183204	0.07255538321841777
6.645	-2.537845185107372	0.06893485511370631
6.655	-2.5364168972047265	0.06941759219433451
6.665	-2.5350846533340223	0.07356913108773698
6.675	-2.53385033079062	0.06763146499601018
6.685	-2.532715756391368	0.07043134006365372
6.695	-2.531682705252017	0.071155445684596
6.705	-2.5307528995930566	0.07158990905716138
6.715	-2.529928007574722	0.07062443489590499
6.725	-2.529209642161924	0.07376222591998827
6.735	-2.528599360019805	0.07202437242972676
6.745	-2.5280986604406395	0.06999687669108834
6.755	-2.5277089843027563	0.07332776254742289
6.765	-2.5274317130621453	0.06985205556689988
6.775	-2.527268167777405	0.06946586590239733
6.785	-2.527219608168652	0.07274847805066906
6.795	-2.527287231711002	0.0708658034362191
6.805	-2.527472172763205	0.06927277107014604
6.815	-2.527775501732012	0.06652116971056533
6.825	-2.5281982242728045	0.07366567850386263
6.835	-2.528741280527024	0.07202437242972676
6.845	-2.5294055443968935	0.0716381827652242
6.855	-2.5301918228579203	0.06710045420731917
6.865	-2.531100855309628	0.07067270860396781
6.875	-2.532133312964963	0.06734182274763327
6.885	-2.533289798278783	0.06845211803307812
6.895	-2.5345708444158146	0.0738587733361139
6.905	-2.53597691475845	0.06941759219433451
6.915	-2.537508402454722	0.07052788747977935
6.925	-2.539165630006777	0.0703830663555909
6.935	-2.5409488489001397	0.06845211803307812
6.945	-2.5428582392740395	0.07197609872166394
6.955	-2.5448939096330374	0.06951413961046014
6.965	-2.5470558966001895	0.06912794994595758
6.975	-2.5493441647119233	0.07226574097004086
6.985	-2.5517586062548125	0.06565224296543458
6.995	-2.5542990411443887	0.07173473018134985
7.005	-2.5569652168461126	0.06753491757988454
7.015	-2.5597568083385984	0.06985205556689988
7.025	-2.562673418119166	0.0701416978152768
7.035	-2.565714576251757	0.06883830769758068
7.045	-2.5688797404572394	0.06796938095244992
7.055	-2.5721682962461	0.06652116971056533
7.065	-2.5755795570934783	0.06652116971056533
7.075	-2.5791127646564944	0.06811420207663837
7.085	-2.5827670890337884	0.06690735937506789
7.095	-2.586541629067162	0.06825902320082683
7.105	-2.5904354126851814	0.06632807487831405
7.115	-2.594447397288596	0.06632807487831405
7.125	-2.598576470177376	0.06290064160585386
7.135	-2.602821449019169	0.06415575801548717
7.145	-2.6071810823589345	0.06758319128794736
7.155	-2.6116540501695047	0.06309373643810515
7.165	-2.616238964442777	0.06536260071705766
7.175	-2.6209343698212426	0.06222480969297439
7.185	-2.6257387442695097	0.06487986363642946
7.195	-2.630650499785464	0.06290064160585386
7.205	-2.6356679831506913	0.06227308340103721
7.215	-2.6407894767197533	0.06232135710910003
7.225	-2.64601319924789	0.06154897778009492
7.235	-2.6513373067566937	0.06140415665590646
7.245	-2.656759893437283	0.06164552519622056
7.255	-2.6622789925904833	0.06034213507852443
7.265	-2.667892577603486	0.06048695620271289
7.275	-2.6735985629624412	0.05985939799789623
7.285	-2.679394805300438	0.05889392383663984
7.295	-2.685279104480271	0.06401093689129872
7.305	-2.691249204711385	0.058797376420514205
7.315	-2.697302795700385	0.058218091923760366
7.325	-2.703437513834446	0.057976723383446276
7.335	-2.7096509433969724	0.05870082900438856
7.345	-2.715940617814803	0.057976723383446276
7.355	-2.722304020936267	0.05812154450763473
7.365	-2.728738588339353	0.05411482673842071
7.375	-2.7352417086692635	0.05918356608501676
7.385	-2.7418107250045782	0.0590387449608283
7.395	-2.748442936251253	0.05633541730931041
7.405	-2.755135598563651	0.05807327079957191
7.415	-2.76188592679181	0.057638807427006535
7.425	-2.768691095954095	0.055852680228682214
7.435	-2.7755482427344016	0.05372863707391815
7.445	-2.7824544670030598	0.05594922764480785
7.455	-2.789406833360536	0.05281143662072458
7.465	-2.7964023727030796	0.05652851214156169
7.475	-2.8034380838093833	0.054066553030357886
7.485	-2.8105109349473585	0.05614232247705913
7.495	-2.817617865500088	0.05392173190616943
7.505	-2.824755787610028	0.05459756381904891
7.515	-2.8319215878405	0.05324589999328996
7.525	-2.8391121288535093	0.05160459391915409
7.535	-2.846324251102926	0.05276316291266176
7.545	-2.853554774542049	0.05073566717402334
7.555	-2.8608005003445487	0.051459772794965636
7.565	-2.868058212637802	0.05141149908690281
7.575	-2.875324680247616	0.05382518449004379
7.585	-2.8825966584533145	0.047984065814442624
7.595	-2.8898708907521744	0.04542555928711319
7.605	-2.8971441106321945	0.0486598977273221
7.615	-2.90441304335214	0.049480550764390036
7.625	-2.911674407727859	0.04923918222407594
7.635	-2.9189249179238086	0.04856335031119646
7.645	-2.9261612852487504	0.04745305502575161
7.655	-2.9333802199545755	0.04919090851601311
7.665	-2.940578433037205	0.04721168648543751
7.675	-2.9477526380385184	0.04701859165318623
7.685	-2.9548995528482616	0.04986674042889259
7.695	-2.9620159015048655	0.047984065814442624
7.705	-2.9690984159941536	0.04571520153549011
7.715	-2.9761438380448686	0.050156382677269504
7.725	-2.983148920919961	0.04803233952250545
7.735	-2.9901104312026257	0.04431526400166834
7.745	-2.997025150576004	0.04156366264208763
7.755	-3.003889877595542	0.047115139069311876
7.765	-3.010701429452954	0.04344633725653759
7.775	-3.0174566437307653	0.04441181141779398
7.785	-3.024152380146397	0.044942822206484996
7.795	-3.0307855222847966	0.04349461096460041
7.805	-3.0373529793185803	0.0444600851258568
7.815	-3.043851687714683	0.042818779051720934
7.825	-3.0502786129265322	0.041418841517899166
7.835	-3.056630751070741	0.043784253212977325
7.845	-3.062905130587347	0.04306014759203503
7.855	-3.0690988138826194	0.04228776826302992
7.865	-3.0752088989534863	0.043204968716223494
7.875	-3.08123252099262	0.043977348045228605
7.885	-3.087166853973239	0.04122574668564789
7.895	-3.093009112212721	0.041418841517899166
7.905	-3.0987565519140796	0.04035681994051714
7.915	-3.1044064726844387	0.038618966450255636
7.925	-3.109956219029587	0.04146711522596199
7.935	-3.11540318182376	0.03929479836313511
7.945	-3.1207447997537763	0.0424808630952812
7.955	-3.125978560736692	0.03799140824543898
7.965	-3.1311020033101498	0.041418841517899166
7.975	-3.1361127179945902	0.03997063027601458
7.985	-3.1410083486265576	0.03760521858093643
7.995	-3.1457865936622986	0.04112919926952225
8.005	-3.150445207450911	0.03688111295999413
8.015	-3.1549820014762835	0.03760521858093643
8.025	-3.159394845567116	0.03914997723894665
8.035	-3.16368166907431	0.0405016410647056
8.045	-3.167840462015039	0.03837759790994154
8.055	-3.1718692761828433	0.036301828463240295
8.065	-3.175766226223093	0.037653492288999245
8.075	-3.1795294906731995	0.03736385004062233
8.085	-3.1831573129669697	0.03799140824543898
8.095	-3.1866480024025217	0.03968098802763766
8.105	-3.189999935073198	0.03914997723894665
8.115	-3.193211554760939	0.038618966450255636
8.125	-3.1962813737915967	0.037653492288999245
8.135	-3.1992079738517	0.036301828463240295
8.145	-3.2019900067661915	0.03929479836313511
8.155	-3.204626195236699	0.03692938666805695
8.165	-3.207115333539904	0.037846587121250524
8.175	-3.2094562881856166	0.03813622936962744
8.185	-3.2116479985341733	0.03678456554386849
8.195	-3.2136894773728093	0.03601218621486338
8.205	-3.215579811450673	0.038812061282506916
8.215	-3.217318161972178	0.03852241903412999
8.225	-3.218903765048421	0.037267302624496686
8.235	-3.220335932106402	0.03654319700355439
8.245	-3.2216140502558193	0.036688018127742854
8.255	-3.222737582613245	0.03934307207119793
8.265	-3.223706068583486	0.036688018127742854
8.275	-3.224519124097993	0.03929479836313511
8.285	-3.22517644181018	0.03659147071161722
8.295	-3.225677791247553	0.03552944913423518
8.305	-3.2260230189205785	0.03712248150030823
8.315	-3.2262120483882324	0.03654319700355439
8.325	-3.226244880280206	0.0380396819535018
8.335	-3.226121592275778	0.03775003970512488
8.345	-3.2258423390393673	0.03437088014072751
8.355	-3.2254073521128226	0.03760521858093643
8.365	-3.2248169397645325	0.03736385004062233
8.375	-3.2240714867954523	0.036301828463240295
8.385	-3.223171454302176	0.03596391250680056
8.395	-3.222117379397215	0.03741212374868515
8.405	-3.2209098748866536	0.03577081767454928
8.415	-3.219549628905396	0.03538462801004673
8.425	-3.2180374045102242	0.03794313453737616
8.435	-3.2163740392309346	0.03702593408418259
8.445	-3.214560444579815	0.03692938666805695
8.455	-3.212597605519787	0.036639744419680036
8.465	-3.2104865798915267	0.036253554755177476
8.475	-3.208228497799926	0.039439619487323566
8.485	-3.2058245609602607	0.03760521858093643
8.495	-3.2032760420044832	0.03890860869863255
8.505	-3.200584283748044	0.03968098802763766
8.515	-3.197750698417706	0.03895688240669537
8.525	-3.1947767668408122	0.04011545140020304
8.535	-3.191664037596503	0.040984378145333795
8.545	-3.1884141261293983	0.036832839251931315
8.555	-3.1850287138262825	0.037267302624496686
8.565	-3.1815095470563506	0.03852241903412999
8.575	-3.177858436175596	0.03808795566156462
8.585	-3.1740772544959412	0.03934307207119793
8.595	-3.1701679372197384	0.0405016410647056
8.605	-3.166132480340269	0.03770176599706206
8.615	-3.16197293950892	0.03987408285988894
8.625	-3.157691428869715	0.04006717769214022
8.635	-3.1532901198618895	0.0407430096050197
8.645	-3.1487712399912433	0.04310842130009785
8.655	-3.1441370715710026	0.041032651853396614
8.665	-3.1393899504329443	0.041660210058213264
8.675	-3.1345322646095566	0.040984378145333795
8.685	-3.129566452988031	0.04368770579685169
8.695	-3.1244950039368784	0.0405016410647056
8.705	-3.1193204539059978	0.043011873883972214
8.715	-3.1140453860010426	0.04132229410177353
8.725	-3.1086724285329193	0.04431526400166834
8.735	-3.1032042535432893	0.042818779051720934
8.745	-3.097643575306963	0.042625684219469655
8.755	-3.0919931488120644	0.04306014759203503
8.765	-3.0862557682188836	0.0461979386161183
8.775	-3.080434265298316	0.04310842130009785
8.785	-3.074531507850841	0.04349461096460041
8.795	-3.0685503981069617	0.04402562175329142
8.805	-3.0624938711100578	0.042625684219469655
8.815	-3.0563648930826215	0.04590829636774139
8.825	-3.0501664597768254	0.045135917038736276
8.835	-3.043901594810424	0.0447014536661709
8.845	-3.0375733479889573	0.04653585457255804
8.855	-3.0311847936152487	0.04663240198868368
8.865	-3.0247390287872076	0.04745305502575161
8.875	-3.018239171684935	0.04706686536124906
8.885	-3.011688359848143	0.046777223112872135
8.895	-3.0050897484449077	0.04542555928711319
8.905	-2.9984465085327696	0.04624621232418112
8.915	-2.9917618253132217	0.04808061323056827
8.925	-2.9850388963805834	0.050156382677269504
8.935	-2.978280929966327	0.04827370806281955
8.945	-2.9714911431798505	0.04967364559664131
8.955	-2.9646727602467684	0.04629448603224394
8.965	-2.957829010745711	0.05044602492564643
8.975	-2.9509631278447066	0.05107358313046308
8.985	-2.9440783465381553	0.051459772794965636
8.995	-2.937177901885423	0.04861162401925928
9.005	-2.9302650272521076	0.051121856838525895
9.015	-2.9233429525549774	0.04856335031119646
9.025	-2.916414902511628	0.05184596245946819
9.035	-2.909484094895858	0.05218387841590793
9.045	-2.9025537387998006	0.05276316291266176
9.055	-2.8956270329037985	0.051459772794965636
9.065	-2.888707163755044	0.054452742694860445
9.075	-2.881797304055983	0.05590095393674503
9.085	-2.874900610963453	0.05411482673842071
9.095	-2.868020224399579	0.05536994314805402
9.105	-2.8611592653753544	0.05300453145297586
9.115	-2.8543208343279263	0.05493547977548864
9.125	-2.847508009472496	0.05676988068187579
9.135	-2.8407238451698227	0.0523769732481592
9.145	-2.833971370310246	0.053487268533604054
9.155	-2.8272535867151563	0.05599750135287067
9.165	-2.8205734675568395	0.056625059557687325
9.175	-2.8139339557975966	0.052087330999782286
9.185	-2.8073379626490245	0.05512857460773992
9.195	-2.800788366052334	0.05734916517862962
9.205	-2.7942880091805864	0.05826636563182319
9.215	-2.7878396989636864	0.060583503618838526
9.225	-2.7814462046369623	0.059811124289833414
9.235	-2.7751102563141745	0.059618029457582135
9.245	-2.768834543585733	0.06183862002847183
9.255	-Inf	0.0
9.265	-Inf	0.0
9.275	-Inf	0.0
9.285	-Inf	0.0
9.295	-Inf	0.0
9.305	-Inf	0.0
9.315	-Inf	0.0
9.325	-Inf	0.0
9.335	-Inf	0.0
9.345	-Inf	0.0
9.355	-Inf	0.0
9.365	-Inf	0.0
9.375	-Inf	0.0
9.385	-Inf	0.0
9.395	-Inf	0.0
9.405	-Inf	0.0
9.415	-Inf	0.0
9.425	-Inf	0.0
9.435	-Inf	0.0
9.445	-Inf	0.0
9.455	-Inf	0.0
9.465	-Inf	0.0
9.475	-Inf	0.0
9.485	-Inf	0.0
9.495	-Inf	0.0
9.505	-Inf	0.0
9.515	-Inf	0.0
9.525	-Inf	0.0
9.535	-Inf	0.0
9.545	-Inf	0.0
9.555	-Inf	0.0
9.565	-Inf	0.0
9.575	-Inf	0.0
9.585	-Inf	0.0
9.595	-Inf	0.0
9.605	-Inf	0.0
9.615	-Inf	0.0
9.625	-Inf	0.0
9.635	-Inf	0.0
9.645	-Inf	0.0
9.655	-Inf	0.0
9.665	-Inf	0.0
9.675	-Inf	0.0
9.685	-Inf	0.0
9.695	-Inf	0.0
9.705	-Inf	0.0
9.715	-Inf	0.0
9.725	-Inf	0.0
9.735	-Inf	0.0
9.745	-Inf	0.0
9.755	-Inf	0.0
9.765	-Inf	0.0
9.775	-Inf	0.0
9.785	-Inf	0.0
9.795	-Inf	0.0
9.805	-Inf	0.0
9.815	-Inf	0.0
9.825	-Inf	0.0
9.835	-Inf	0.0
9.845	-Inf	0.0
9.855	-Inf	0.0
9.865	-Inf	0.0
9.875	-Inf	0.0
9.885	-Inf	0.0
9.895	-Inf	0.0
9.905	-Inf	0.0
9.915	-Inf	0.0
9.925	-Inf	0.0
9.935	-Inf	0.0
9.945	-Inf	0.0
9.955	-Inf	0.0
9.965	-Inf	0.0
9.975	-Inf	0.0
9.985	-Inf	0.0
9.995	-Inf	0.0
