0.005	-Inf	0.0
0.015	-Inf	0.0
0.025	-Inf	0.0
0.035	-Inf	0.0
0.045	-Inf	0.0
0.055	-Inf	0.0
0.065	-Inf	0.0
0.075	-Inf	0.0
0.085	-Inf	0.0
0.095	-Inf	0.0
0.105	-Inf	0.0
0.115	-Inf	0.0
0.125	-Inf	0.0
0.135	-Inf	0.0
0.145	-Inf	0.0
0.155	-Inf	0.0
0.165	-Inf	0.0
0.175	-Inf	0.0
0.185	-Inf	0.0
0.195	-Inf	0.0
0.205	-Inf	0.0
0.215	-Inf	0.0
0.225	-Inf	0.0
0.235	-Inf	0.0
0.245	-Inf	0.0
0.255	-Inf	0.0
0.265	-Inf	0.0
0.275	-Inf	0.0
0.285	-Inf	0.0
0.295	-Inf	0.0
0.305	-Inf	0.0
0.315	-Inf	0.0
0.325	-Inf	0.0
0.335	-Inf	0.0
0.345	-Inf	0.0
0.355	-Inf	0.0
0.365	-Inf	0.0
0.375	-Inf	0.0
0.385	-Inf	0.0
0.395	-Inf	0.0
0.405	-Inf	0.0
0.415	-Inf	0.0
0.425	1.9910531035512218	0.928484639950108
0.435	2.0177858200594896	0.9680899488535964
0.445	2.0447363486660786	0.9738246542151876
0.455	2.07189269093211	0.9555452808751159
0.465	2.0992426979243377	0.9563517238165897
0.475	2.1267740763088123	1.008232886384734
0.485	2.154474394542241	0.9893262796457385
0.495	2.182331089157698	0.9843084124543463
0.505	2.210331471141281	1.0086809102411085
0.515	2.238462732396246	1.0013333189965699
0.525	2.266711952291095	1.0359207607086662
0.535	2.2950661042880403	1.0448812378361523
0.545	2.3235120626482084	1.045777285548901
0.555	2.3520366092098985	1.0633398207187736
0.565	2.3806264402361568	1.0408490231287835
0.575	2.4092681733278987	1.0655799400006452
0.585	2.4379483543987215	1.0413866517564327
0.595	2.4666534647075715	1.0498991050275444
0.605	2.4953699279453243	1.0808127511173715
0.615	2.524084117371345	1.073375555101558
0.625	2.552782362996036	1.057963534442282
0.635	2.5814509588053496	1.0574259058146327
0.645	2.6100761700232153	1.052049619538141
0.655	2.638644240407805	1.0332326175704203
0.665	2.6671413995775173	1.0731963455590083
0.675	2.6955538703625583	1.0704185976494875
0.685	2.72386787617796	1.0453292616925265
0.695	2.7520696484138605	1.011548262921904
0.705	2.7801454338388645	1.009487353182582
0.715	2.8080815020122603	1.012802729719752
0.725	2.8358641527008994	0.9988243854008737
0.735	2.8634797232964897	1.0048279050762894
0.745	2.8909145962290825	0.9973011042892012
0.755	2.9181552063725094	1.0158492919430973
0.765	2.9451880484375264	0.9852940649383698
0.775	2.9719996843484298	0.976781611667258
0.785	2.9985767505989025	0.97552714486941
0.795	3.02490596558286	0.9645953627738769
0.805	3.050974136896075	0.9635201055185786
0.815	3.076768168604362	0.9620864291781808
0.825	3.1022750684741327	0.9597567051250344
0.835	3.127481955161115	0.9677315297684971
0.845	3.1523760653531063	0.9294702924341315
0.855	3.1769447608625705	0.9293806876628566
0.865	3.2011755356650027	0.9373555123063192
0.875	3.2250560228789196	0.9128934097482823
0.885	3.248574001683441	0.9035745135356967
0.895	3.2717174041694115	0.9101156618387616
0.905	3.2944743221200454	0.8968541556900821
0.915	3.3168330137171487	0.9173736483120253
0.925	3.3387819101689598	0.8913882646423156
0.935	3.3603096222557394	0.8918362884986899
0.945	3.381404946789236	0.8791124109776597
0.955	3.4020568729822527	0.8747217771851915
0.965	3.4222545887245124	0.878843596663835
0.975	3.441987486761165	0.849274022143131
0.985	3.4612451707702316	0.8523205843664763
0.995	3.480017461335418	0.8217653573617487
1.005	3.4982944018107207	0.8266040150105912
1.015	3.5160662640733644	0.820958914420275
1.025	3.533323554161613	0.8070701748726715
1.035	3.5500570177941118	0.8034859840216771
1.045	3.5662576457674433	0.790672501729372
1.055	3.581916679228665	0.7759773192402949
1.065	3.597025614819664	0.78233925800081
1.075	3.6115762096902255	0.7602964842671942
1.085	3.6255604863767954	0.7487374687727372
1.095	3.6389707375439855	0.7351175435389583
1.105	3.6517995305859405	0.7441676254377193
1.115	3.664039712084778	0.7402250155016253
1.125	3.675684412123376	0.7465869542621405
1.135	3.6867270484498773	0.7192574990233079
1.145	3.69716133049135	0.7199743371935068
1.155	3.7069812632141423	0.6997236588853882
1.165	3.716181150828538	0.6945265821514464
1.175	3.724755600335425	0.6935409296674229
1.185	3.732699524912765	0.6861933384228843
1.195	3.7400081471397453	0.6752615563273513
1.205	3.746677002056585	0.6479321010885187
1.215	3.752701940058074	0.6541148303064841
1.225	3.758079129618983	0.6530395730511858
1.235	3.7628050598496223	0.6377171571631846
1.245	3.7668765428798885	0.61809371225399
1.255	3.77029071607025	0.6081475826424805
1.265	3.7730450440482217	0.6076995587861062
1.275	3.7751373205689696	0.5950652860363508
1.285	3.7765656701988	0.5800116844621742
1.295	3.777328549820372	0.5842231087120927
1.305	3.777424749958585	0.5637932208614244
1.315	3.7768533959262007	0.5404959803299606
1.325	3.7756139487883376	0.5606570538668043
1.335	3.7737062061451114	0.5503525051701953
1.345	3.7711303027317737	0.5329691795428723
1.355	3.767886710835821	0.529922617319527
1.365	3.7639762405306394	0.503489209793443
1.375	3.759400039725367	0.4928262420117346
1.385	3.7541595940307526	0.5107471962667067
1.395	3.7482567264409035	0.4759805450120608
1.405	3.7416935968309053	0.4860162793948452
1.415	3.734472701270424	0.47526370684186187
1.425	3.726596871153494	0.4757117306982362
1.435	3.7180692721447954	0.5003530427988229
1.445	3.7088934029428438	0.5051917004476654
1.455	3.699073093860619	0.5191700447665437
1.465	3.68861250522425	0.5429153091543818
1.475	3.677516125590498	0.5438113568671304
1.485	3.6657887697838696	0.5869112518503384
1.495	3.653435576754305	0.6015168295681408
1.505	3.6404620072564873	0.6266061655251018
1.515	3.6268738413519164	0.6318032422590437
1.525	3.612677175735003	0.6206026458496862
1.535	3.597878420884538	0.6467672390619456
1.545	3.582484298041983	0.6466776342906707
1.555	3.566501836018151	0.6641505646892685
1.565	3.549938367829907	0.683774009598463
1.575	3.532801527168675	0.7180926369967348
1.585	3.515099244702569	0.730189281118841
1.595	3.496839744214113	0.7427339490973215
1.605	3.478031538575592	0.7600276699533697
1.615	3.45868342556416	0.7511567975971584
1.625	3.4388044835189455	0.7585939936129719
1.635	3.4184040668424736	0.7882531729049508
1.645	3.3974918013488082	0.794525506894191
1.655	3.376077579460929	0.8226614050744974
1.665	3.354171555259919	0.8059053128460983
1.675	3.3317841393886534	0.8461378551485109
1.685	3.3089259938127276	0.8155826281437834
1.695	3.285608026441494	0.8539334702494238
1.705	3.2618413856121027	0.8382526352763231
1.715	3.2376374544395796	0.8623563187492607
1.725	3.213007845036003	0.8648652523449568
1.735	3.1879643926019448	0.8638795998609333
1.745	3.162519149393412	0.8912986598710407
1.755	3.136684378567587	0.885295140195625
1.765	3.1104725479107564	0.8652236714300563
1.775	3.0838963234518513	0.8824277875148295
1.785	3.056968562965139	0.8969437604613569
1.795	3.0297023093656166	0.887266445163672
1.805	3.0021107840007657	0.8489156030580316
1.815	2.974207379842353	0.8982878320304799
1.825	2.9460056545820494	0.8400447307018204
1.835	2.9175193236346617	0.8519621652813768
1.845	2.88876225305288	0.8774995250947122
1.855	2.859748452357415	0.8559047752174708
1.865	2.830492067286533	0.8529478177654003
1.875	2.801007372468989	0.8327867442285566
1.885	2.7713087640244205	0.8585033135844417
1.895	2.7414107520953084	0.8266040150105912
1.905	2.7113279533146453	0.831263463116884
1.915	2.6810750832135	0.8469442980899846
1.925	2.6506669485726837	0.8503492793984293
1.935	2.6201184397227872	0.818987609452228
1.945	2.5894445227968435	0.8098479227821922
1.955	2.558660231939937	0.7850274011390558
1.965	2.5277806614801044	0.8008874456547062
1.975	2.4968209580648573	0.7838625391124826
1.985	2.4657963127677167	0.798468116830285
1.995	2.434721953169157	0.7695257757085049
2.005	2.40361313541636	0.7778590194370669
2.015	2.3724851362661927	0.7599380651820947
2.025	2.3413532451158714	0.747572606746164
2.035	2.3102327560256968	0.7421067156983975
2.045	2.279138959738366	0.7364616151080812
2.055	2.248087135699249	0.7135227936617169
2.065	2.2170925440821163	0.7228416898743024
2.075	2.1861704178247288	0.7195263133371326
2.085	2.1553359546787574	0.7139708175180911
2.095	2.124604309278422	0.685118081167586
2.105	2.093990585232301	0.6913008103855514
2.115	2.063509827242687	0.6650466124020171
2.125	2.0331770132569082	0.6415701623280036
2.135	2.003007046654942	0.6635233312903445
2.145	1.973014748477702	0.638702809647208
2.155	1.9432148497003245	0.629115099120798
2.165	1.913621983554707	0.6167496406848672
2.175	1.8842506779056372	0.6295631229771722
2.185	1.8551153476846807	0.6192585742805633
2.195	1.8262302873860894	0.5955133098927251
2.205	1.7976096636288545	0.582072594201496
2.215	1.7692675077890685	0.5803701035472737
2.225	1.741217708706654	0.563434801776325
2.235	1.7134740054705362	0.5589545632125819
2.245	1.686049980286224	0.5547431389626635
2.255	1.6589590514297874	0.5456930570639025
2.265	1.6322144662921048	0.5316251079737494
2.275	1.6058292945172437	0.5163026920857482
2.285	1.579816421238755	0.5154066443729995
2.295	1.5541885404176488	0.5261592169259829
2.305	1.528958148285683	0.5126288964634789
2.315	1.5041375368976275	0.47714540703863395
2.325	1.4797387877960158	0.4903173084160385
2.335	1.4557737657919185	0.4823424837725759
2.345	1.432254112865103	0.4678265108260484
2.355	1.4091912421869863	0.44659018003390644
2.365	1.3865963322696098	0.46800572036859817
2.375	1.364480321243887	0.4377193076776952
2.385	1.3428539012702185	0.4377193076776952
2.395	1.3217275130845523	0.4343143263692505
2.405	1.3011113406828527	0.41728941982702694
2.415	1.2810153061468692	0.4154973244015297
2.425	1.261449064614046	0.3989204417156805
2.435	1.2424219993942476	0.39820360354548157
2.445	1.2239432172360085	0.398562022630581
2.455	1.206021543744805	0.3900495693594692
2.465	1.1886655189558661	0.3894223359605452
2.475	1.1718833930638641	0.3816267208596323
2.485	1.1556831223118031	0.3846732830829776
2.495	1.1400723650412756	0.38494209739680213
2.505	1.125058477906213	0.37992423020540994
2.515	1.1106485122521188	0.36343695229083556
2.525	1.0968492106627057	0.3628993236631864
2.535	1.0836670036757488	0.36845481948222775
2.545	1.071108006669874	0.3658562811152568
2.555	1.0591780169238922	0.36890284333860207
2.565	1.0478825108502077	0.36056959961004004
2.575	1.0372266414037106	0.36110722823768915
2.585	1.027215235667474	0.37141177693429817
2.595	1.0178527926164564	0.3673795622269294
2.605	1.0091434810603528	0.36092801869513946
2.615	1.0010911377665566	0.36657311928545566
2.625	0.9936992657641799	0.35931513281219196
2.635	0.9869710328298971	0.36298892843446123
2.645	0.9809092701563311	0.35456607993462436
2.655	0.9755164712035571	0.3677379813120289
2.665	0.9707947907342165	0.36092801869513946
2.675	0.9667460440326083	0.34883137457303326
2.685	0.9633717063080458	0.3559997562750221
2.695	0.9606729122826345	0.3558205467324724
2.705	0.958650455963534	0.3428278548976176
2.715	0.9573047905996619	0.36209288072171264
2.725	0.9566360288226847	0.36818600516840316
2.735	0.9566439429720472	0.35698540875904555
2.745	0.9573279656036671	0.36854442425350264
2.755	0.9586871901818372	0.3648706286312333
2.765	0.9607203719537609	0.3718598007906725
2.775	0.9634259290060458	0.3827019781149306
2.785	0.9668019435023694	0.38198513994473177
2.795	0.9708461631014456	0.38126830177453286
2.805	0.9755560025542969	0.3758920154980412
2.815	0.9809285454797467	0.3813579065458077
2.825	0.9869605463169404	0.3768776679820647
2.835	0.993648432453615	0.3966803224338089
2.845	1.0009883065287128	0.3996372798858793
2.855	1.008975948907862	0.3922000838700659
2.865	1.017606820330137	0.42203847270459455
2.875	1.0268760647244008	0.42069440113547163
2.885	1.0367785121934818	0.40304226119432407
2.895	1.0473086821642714	0.4205151915929219
2.905	1.0584607867018065	0.41012103812503803
2.915	1.0702287339852683	0.41926072479507387
2.925	1.0826061319437297	0.4304613212044315
2.935	1.0955862920494515	0.41693100074192746
2.945	1.1091622332663449	0.42911724963530856
2.955	1.123326686151243	0.45707393827306514
2.965	1.1380720971054237	0.44148270807123935
2.975	1.153390632773856	0.43485195499689966
2.985	1.169274184589454	0.44694859911900586
2.995	1.1857143734596285	0.4511600233689243
3.005	1.2027025545922798	0.43736088859259575
3.015	1.2202298224583714	0.4677369060547736
3.025	1.2382870158880488	0.46818492991114785
3.035	1.256864723297309	0.4551026333050182
3.045	1.2759532880420648	0.4734716114163647
3.055	1.2955428138964082	0.4903173084160385
3.065	1.3156231706518478	0.46827453468242275
3.075	1.3361839998341498	0.47848947860775687
3.085	1.357214720534418	0.47875829292158145
3.095	1.3787045353509737	0.4728443780174406
3.105	1.40064243643848	0.4856578603097457
3.115	1.4230172116607958	0.5038476288785425
3.125	1.4458174508439026	0.5078798435859112
3.135	1.4690315521252348	0.5057293290753145
3.145	1.4926477283956945	0.5190804399952689
3.155	1.5166540138305487	0.5118224535220051
3.165	1.5410382705054457	0.5168403207133974
3.175	1.5657881950936121	0.5318043175162991
3.185	1.5908913256403716	0.5292057791493281
3.195	1.616335048411021	0.5487396192872478
3.205	1.6421066048080992	0.5405855851012354
3.215	1.6681930983539792	0.5498148765425461
3.225	1.6945815017348245	0.5473955477181248
3.235	1.7212586639017171	0.5526822292233416
3.245	1.748211317224958	0.5579689107285585
3.255	1.775426084697326	0.552413414909517
3.265	1.8028894871821999	0.5585961441274825
3.275	1.8305879507023217	0.565943735372021
3.285	1.8585078137650564	0.5667501783134948
3.295	1.8866353347198956	0.6034881345361878
3.305	1.914956699144055	0.5737393504729339
3.315	1.9434580272518436	0.5802804987759987
3.325	1.9721253813236501	0.5936316096959531
3.335	2.00094477315029	0.5755314458984312
3.345	2.029902171488432	0.5932731906108536
3.355	2.058983509522926	0.6133446593764225
3.365	2.088174692331723	0.5957821242065497
3.375	2.1174616043492236	0.6044737870202113
3.385	2.146830116823793	0.6177352931688906
3.395	2.1762660952652086	0.6248140700996047
3.405	2.2057554068779	0.5990975007437196
3.415	2.2352839279757433	0.6286670752644237
3.425	2.26483755137423	0.6338641519983655
3.435	2.2944021937559502	0.6349394092536639
3.445	2.3239638030051433	0.6686308032530116
3.455	2.3535083655073143	0.6578782307000283
3.465	2.3830219134097823	0.6656738458009411
3.475	2.4124905318391705	0.6629857026626953
3.485	2.4419003660717586	0.6653154267158418
3.495	2.471237628652805	0.6636129360616193
3.505	2.5004886064608094	0.6749031372422518
3.515	2.529639667712927	0.6684515937104618
3.525	2.558677268907532	0.6787561424070708
3.535	2.587587961700277	0.7033974545076576
3.545	2.616358399709741	0.6918384390132005
3.555	2.64497534524903	0.6907631817579022
3.565	2.673425675979648	0.67929377103472
3.575	2.7016963914839702	0.6892399006462295
3.585	2.729774619752831	0.7174654035978107
3.595	2.7576476235846723	0.7129851650340677
3.605	2.785302806892785	0.7105658362096464
3.615	2.8127277209173425	0.7014261495396107
3.625	2.839910070338801	0.6964978871194933
3.635	2.8668377192894625	0.7101178123532721
3.645	2.8934986972599965	0.7318917717730633
3.655	2.919881204897796	0.7147772604595649
3.665	2.945973619694093	0.7262466711827471
3.675	2.971764501556877	0.7176446131403604
3.685	2.9972425982666886	0.736013591251707
3.695	3.022396850812432	0.7473933972036142
3.705	3.047216398604496	0.7407626441292745
3.715	3.07169058456245	0.7442572302089941
3.725	3.0958089600747414	0.7188094751669336
3.735	3.1195612898278533	0.7413898775281985
3.745	3.1429375565025097	0.743719601581345
3.755	3.1659279653345256	0.7255298330125483
3.765	3.1885229485380826	0.7660311896287852
3.775	3.2107131695892095	0.7773213908094178
3.785	3.232489527367365	0.748827073544012
3.795	3.253843160153142	0.7612821367512177
3.805	3.274765449480154	0.7554578266183517
3.815	3.2952480238392576	0.7529488930226557
3.825	3.3152827622333993	0.7378056866772041
3.835	3.3348617975814334	0.7586835983842467
3.845	3.3539775199693294	0.7853858202241553
3.855	3.3726225797473472	0.7847585868252313
3.865	3.3907898904717992	0.7498127260280355
3.875	3.4084726316900915	0.759758855639545
3.885	3.425664251567956	0.7639702798894635
3.895	3.4423584693576945	0.7542929645917785
3.905	3.4585492777065197	0.795869578463314
3.915	3.4742309448040856	0.7878947538198513
3.925	3.489398016368428	0.7684505184532066
3.935	3.504045317469604	0.7835041200273831
3.945	3.5181679541904702	0.7815328150593362
3.955	3.5317613151240885	0.7790238814636401
3.965	3.5448210727073604	0.7818016293731608
3.975	3.557343184390605	0.8148657899735845
3.985	3.5693238936428897	0.754024150277954
3.995	3.5807597307929813	0.8190772142235029
4.005	3.591647513705958	0.8129840897768124
4.015	3.601984348295554	0.8001706074845073
4.025	3.6117676288724274	0.7930022257825184
4.035	3.620995038328671	0.7896868492453486
4.045	3.629664548158928	0.7887908015326
4.055	3.6377744183186054	0.7933606448676178
4.065	3.6453231969197764	0.8076974082715956
4.075	3.6523097197654533	0.7803679530327631
4.085	3.6587331097229727	0.789418034931524
4.095	3.6645927759374057	0.7898660587878983
4.105	3.6698884128859275	0.7936294591814425
4.115	3.6746199992741957	0.7747228524424468
4.125	3.6787877967759015	0.7744540381286222
4.135	3.6823923486167343	0.7850274011390558
4.145	3.685434478004059	0.7883427776762256
4.155	3.6879152864037614	0.7819808389157106
4.165	3.689836151665732	0.7707802425063529
4.175	3.6911987259996133	0.7748124572137216
4.185	3.692004933802467	0.7893284301602491
4.195	3.692256969340142	0.7663000039426099
4.205	3.6919572942841667	0.7790238814636401
4.215	3.6911086351061235	0.7857442393092546
4.225	3.6897139803315055	0.7950631355218402
4.235	3.687776577655134	0.7656727705436859
4.245	3.685299930920324	0.7917477589846703
4.255	3.6822877969640375	0.7896868492453486
4.265	3.6787441823303273	0.7657623753149607
4.275	3.6746733398544995	0.7780382289796166
4.285	3.670079765120427	0.772661942703125
4.295	3.664968192793576	0.7804575578040379
4.305	3.6593435928323226	0.7800991387189384
4.315	3.653211166580256	0.753307312107755
4.325	3.646576342742203	0.7719451045329261
4.335	3.6394447732467423	0.7910309208144715
4.345	3.6318223289981164	0.7466765590334153
4.355	3.6237150955204163	0.7416586918420232
4.365	3.6151293684970547	0.7583251792991472
4.375	3.606071649208527	0.7743644333573474
4.385	3.5965486398715725	0.7665688182564344
4.395	3.586567238882872	0.7582355745278724
4.405	3.576134535970435	0.7664792134851596
4.415	3.565257807255973	0.7630742321767149
4.425	3.5539445102314766	0.7515152166822578
4.435	3.5422022786533587	0.7339526815123851
4.445	3.5300389173575306	0.7318021670017885
4.455	3.5174623969987677	0.7337734719698354
4.465	3.504480848717881	0.7465869542621405
4.475	3.4911025587400824	0.7583251792991472
4.485	3.4773359629081373	0.7384329200761282
4.495	3.463189641153755	0.7499919355705852
4.505	3.4486723119108644	0.7260674616401974
4.515	3.433792826474291	0.7518736357673573
4.525	3.4185601633074993	0.7242753662147001
4.535	3.402983422303018	0.7255298330125483
4.545	3.387071818999181	0.74049382981545
4.555	3.3708346787568915	0.7403146202729003
4.565	3.354281430900046	0.7245441805285248
4.575	3.3374216028233636	0.7191678942520331
4.585	3.3202648140712654	0.7306373049752153
4.595	3.30282077039156	0.7253506234699985
4.605	3.2850992577676426	0.7041142926778564
4.615	3.267110136432895	0.7091321598692487
4.625	3.248863334871027	0.7145980509170152
4.635	3.230368843806083	0.7098489980394476
4.645	3.211636710185795	0.7082361121565001
4.655	3.1926770311620105	0.6949746060078207
4.665	3.1734999480718655	0.7074296692150263
4.675	3.1541156404233988	0.7061752024171782
4.685	3.134534319889272	0.7059959928746286
4.695	3.114766224312254	0.7074296692150263
4.705	3.094821611726079	0.6956914441780195
4.715	3.0747107543953103	0.6937201392099726
4.725	3.0544439328777973	0.6942577678376217
4.735	3.034031430113286	0.7117306982362196
4.745	3.013483525541724	0.6936305344386977
4.755	2.9928104892547465	0.6904047626728027
4.765	2.972022576183852	0.6950642107790955
4.775	2.951130020328686	0.6841324286835625
4.785	2.9301430290288515	0.6829675666569893
4.795	2.9090717772826014	0.6757991849550005
4.805	2.887926402115744	0.6855661050239603
4.815	2.866716997004067	0.6700644795934093
4.825	2.8454536063525	0.673469460901854
4.835	2.8241462200342107	0.6912112056142765
4.845	2.802804767992803	0.6740966943007781
4.855	2.7814391149107003	0.6499034060565656
4.865	2.7600590549467725	0.6708709225348831
4.875	2.7386743065461743	0.6798313996623692
4.885	2.717294507325383	0.6495449869714662
4.895	2.695929209035267	0.6534875969075601
4.905	2.674587872605035	0.6358354569664125
4.915	2.653279863269837	0.6321616613441432
4.925	2.6320144457846837	0.6428246291258517
4.935	2.6108007797273642	0.6367315046791611
4.945	2.5896479148929124	0.6351186187962136
4.955	2.5685647867821286	0.622036322190084
4.965	2.547560212186605	0.6458711913491969
4.975	2.526642884872613	0.620065017222037
4.985	2.505821371366161	0.630369565918646
4.995	2.4851041068414568	0.6057282538180593
5.005	2.464499391114906	0.6360146665089622
5.015	2.444015384746739	0.6225739508177331
5.025	2.423660105252288	0.636104271280237
5.035	2.40344142342481	0.6392404382748572
5.045	2.3833670597717167	0.6166600359135923
5.055	2.363444581066012	0.6230219746741074
5.065	2.343681397014573	0.6165704311423175
5.075	2.324084757044939	0.614867940488095
5.085	2.3046617472121023	0.6199754124507622
5.095	2.285419287226772	0.6145991261742705
5.105	2.2663641276064617	0.6356562474238627
5.115	2.247502846950685	0.6134342641476973
5.125	2.2288418493414572	0.6070723253871821
5.135	2.2103873618702123	0.5939900287810524
5.145	2.192145432292192	0.5917499094991809
5.155	2.1741219268091703	0.6210506697060605
5.165	2.156322527981473	0.6027712963659888
5.175	2.1387527327699734	0.6126278212062235
5.185	2.1214178507087986	0.6247244653283297
5.195	2.104323002209302	0.5895097902173094
5.205	2.0874731169958696	0.5766963079250044
5.215	2.0708729326738964	0.5811765464887474
5.225	2.0545269934303296	0.5864632279939642
5.235	2.038439648867029	0.5692591119091909
5.245	2.022615052967032	0.5821621989727709
5.255	2.007057163193875	0.5783091938079519
5.265	1.991769739723914	0.5761586792973552
5.275	1.976756344811541	0.5666605735422199
5.285	1.9620203422871199	0.5836854800844435
5.295	1.9475648971873505	0.5716784407336122
5.305	1.933392975517726	0.5539366960211897
5.315	1.919507344146588	0.567915040340068
5.325	1.9059105708303201	0.5740977695580334
5.335	1.892605024368972	0.5745457934144077
5.345	1.8795928748916912	0.5612842872657283
5.355	1.8668760942711473	0.5544743246488388
5.365	1.8544564566660708	0.562717963606126
5.375	1.8423355391909824	0.5591337727551317
5.385	1.830514722712067	0.5444385902660545
5.395	1.8189951927680887	0.5581481202711082
5.405	1.80777794061517	0.5592233775264065
5.415	1.7968637643941525	0.5507109242552947
5.425	1.7862532704191876	0.5481123858883238
5.435	1.7759468745861744	0.5495460622287215
5.445	1.7659448038995176	0.5599402156966053
5.455	1.7562470981156462	0.5536678817073651
5.465	1.746853611501653	0.5424672852980075
5.475	1.7377640147073476	0.5549223485052132
5.485	1.7289777967489268	0.5774131460952032
5.495	1.7204942671024348	0.5499940860850958
5.505	1.7123125579050726	0.5584169345849327
5.515	1.7044316262623687	0.5534886721648153
5.525	1.6968502566591908	0.5502629003989205
5.535	1.689567063472465	0.5443489854947796
5.545	1.6825804935834288	0.5447970093511539
5.555	1.6758888290871785	0.5276824980376554
5.565	1.669490190097266	0.5487396192872478
5.575	1.6633825376429185	0.5292953839206029
5.585	1.6575636766565416	0.5630763826912255
5.595	1.6520312590490402	0.5441697759522298
5.605	1.6467827868704097	0.5474851524893997
5.615	1.641815615553087	0.5377182324204399
5.625	1.6371269572354392	0.5439009616384053
5.635	1.632713884162728	0.5238294928728364
5.645	1.6285733321628562	0.5318043175162991
5.655	1.6247021041941956	0.5477539668032243
5.665	1.6210968739626526	0.5494564574574466
5.675	1.6177541896052097	0.5219477926760644
5.685	1.6146704774370781	0.533148389085422
5.695	1.6118420457595457	0.548560409744698
5.705	1.6092650887256363	0.5301018268620767
5.715	1.6069356902606176	0.5211413497345906
5.725	1.6048498280343697	0.5358365322236678
5.735	1.6030033774826111	0.5321627366013986
5.745	1.6013921158739812	0.5290265696067784
5.755	1.6000117264198783	0.5431841234682064
5.765	1.598857802424022	0.5444385902660545
5.775	1.5979258514686459	0.523471073787737
5.785	1.5972112996341807	0.5303706411759013
5.795	1.5967094957493557	0.5448866141224288
5.805	1.5964157156685628	0.5330587843141471
5.815	1.596325166573339	0.5417504471278086
5.825	1.5964329912948272	0.5348508797396443
5.835	1.5967342726540723	0.5283097314365794
5.845	1.5972240378169755	0.5422880757554578
5.855	1.597897262660765	0.5309082698035504
5.865	1.5987488761488307	0.533148389085422
5.875	1.5997737647107493	0.5555495819041372
5.885	1.6009667766243738	0.5341340415694454
5.895	1.6023227263968496	0.5392415135321125
5.905	1.6038363991413975	0.553130253079716
5.915	1.605502554946794	0.5400479564735863
5.925	1.6073159332363955	0.5309978745748253
5.935	1.6092712571136498	0.5195284638516431
5.945	1.6113632376910159	0.5532198578509908
5.955	1.6135865783992456	0.5358365322236678
5.965	1.6159359792739838	0.5456034522926276
5.975	1.6184061412167066	0.5538470912499148
5.985	1.6209917702269987	0.5480227811170488
5.995	1.623687581603239	0.5351196940534689
6.005	1.6264883041087521	0.5274136837238309
6.015	1.6293886841005665	0.5404959803299606
6.025	1.632383489617897	0.5258007978408834
6.035	1.6354675144275521	0.5352092988247438
6.045	1.6386355820234848	0.5401375612448611
6.055	1.6418825495777334	0.533148389085422
6.065	1.6452033118400642	0.5497252717712713
6.075	1.6485928049836553	0.5352092988247438
6.085	1.6520460103942152	0.5421088662129081
6.095	1.6555579583999551	0.5465891047766511
6.105	1.6591237319399208	0.5575208868721842
6.115	1.6627384701681913	0.5388830944470131
6.125	1.6663973719915564	0.5601194252391551
6.135	1.6700956995382816	0.5683630641964423
6.145	1.6738287815556716	0.5658541306007462
6.155	1.677592016734173	0.5536678817073651
6.165	1.6813808769558192	0.5620011254359272
6.175	1.6851909104648906	0.56334519700505
6.185	1.6890177449586972	0.5577000964147338
6.195	1.6928570905964886	0.5654957115156467
6.205	1.696704742924528	0.5417504471278086
6.215	1.7005565857154408	0.5443489854947796
6.225	1.7044085937200326	0.5850295516535664
6.235	1.7082568353298004	0.5742769791005831
6.245	1.7120974751484563	0.5702447643932144
6.255	1.7159267764708575	0.58915137113221
6.265	1.719741103667773	0.5722160693612613
6.275	1.7235369244750187	0.5795636606057999
6.285	1.7273108121855536	0.5760690745260804
6.295	1.731059447743203	0.5694383214517407
6.305	1.7347796217367382	0.5967677766905731
6.315	1.7384682362931387	0.6075203492435565
6.325	1.7421223068689153	0.5813557560312971
6.335	1.745738963938455	0.5804597083185485
6.345	1.7493154545784333	0.5929147715257541
6.355	1.7528491439474077	0.5848503421110167
6.365	1.7563375166597766	0.6013376200255911
6.375	1.7597781780533839	0.5942588430948771
6.385	1.763168855350116	0.6003519675415676
6.395	1.7665073987089048	0.5922875381268301
6.405	1.7697917821706612	0.60205445819579
6.415	1.7730201044947107	0.6039361583925621
6.425	1.7761905898863901	0.6035777393074626
6.435	1.779301588615558	0.6066243015308078
6.445	1.782351577525842	0.629025494349523
6.455	1.785339160434506	0.6092228398977788
6.465	1.7882630684229297	0.618810550424189
6.475	1.7911221600177778	0.6255309082698035
6.485	1.7939154212629476	0.6285774704931488
6.495	1.796641965682571	0.621319484019885
6.505	1.7993010341353233	0.6424662100407522
6.515	1.8018919945604357	0.6096708637541531
6.525	1.8044143416158527	0.6256205130410784
6.535	1.8068676962090762	0.6088644208126794
6.545	1.8092518049212938	0.6446167245513489
6.555	1.8115665393254776	0.6309071945462952
6.565	1.8138118951992133	0.6411221384716292
6.575	1.8159879916331085	0.6278606323229499
6.585	1.8180950700356657	0.6487385440299924
6.595	1.8201334930356339	0.6511578728544137
6.605	1.8221037432828724	0.6334161281419912
6.615	1.8240064221488705	0.647752891545969
6.625	1.8258422483281371	0.6425558148120271
6.635	1.827612056341708	0.6420181861843779
6.645	1.8293167949441331	0.6345809901685644
6.655	1.8309575254353547	0.6569821829872796
6.665	1.8325354198789623	0.6362834808227869
6.675	1.8340517592283487	0.6547420637054081
6.685	1.8355079313624185	0.6353874331100382
6.695	1.8369054290324938	0.6441687006949746
6.705	1.8382458477221657	0.6528603635086361
6.715	1.839530883421927	0.6473048676895947
6.725	1.8407623303203937	0.6306383802324705
6.735	1.8419420784140899	0.6465880295193958
6.745	1.8430721110377464	0.6397780669025064
6.755	1.8441545023171813	0.6533979921362852
6.765	1.845191414546811	0.6502618251416651
6.775	1.8461850954939931	0.6568029734447299
6.785	1.8471378756323595	0.6318928470303187
6.795	1.848052165306398	0.6467672390619456
6.805	1.8489304518296095	0.6362834808227869
6.815	1.8497752965185452	0.6325200804292427
6.825	1.8505893316651298	0.630369565918646
6.835	1.8513752574497513	0.6486489392587176
6.845	1.8521358387975009	0.6144199166317208
6.855	1.8528739021801952	0.6284878657218739
6.865	1.8535923323666206	0.6249036748708795
6.875	1.8542940691237166	0.6269645846102013
6.885	1.8549821038712064	0.62454525578578
6.895	1.8556594762924439	0.6062658824457084
6.905	1.8563292709040842	0.6190793647380135
6.915	1.8569946135873692	0.6192585742805633
6.925	1.8576586680837235	0.619437783823113
6.935	1.858324632457479	0.6043841822489363
6.945	1.858995735528521	0.6056386490467844
6.955	1.8596752332776254	0.6005311770841173
6.965	1.860366405227429	0.5991871055149944
6.975	1.8610725508017816	0.5917499094991809
6.985	1.8617969856664391	0.5897786045311341
6.995	1.8625430380539385	0.6031297154510883
7.005	1.8633140450755716	0.5760690745260804
7.015	1.86411334902336	0.5933627953821284
7.025	1.8649442936649554	0.5901370236162334
7.035	1.8658102205343985	0.5660333401432959
7.045	1.8667144652216021	0.575621050669706
7.055	1.8676603536635905	0.5706031834783138
7.065	1.8686511984403098	0.558864958441307
7.075	1.8696902950780143	0.5680046451113429
7.085	1.8707809183631054	0.5766963079250044
7.095	1.8719263186693482	0.5870904613928882
7.105	1.873129718301362	0.5547431389626635
7.115	1.874394307857296	0.5358365322236678
7.125	1.875723242613538	0.5565352343881607
7.135	1.877119638934336	0.5655853162869217
7.145	1.8785865707091993	0.5593129822976813
7.155	1.8801270658208593	0.5645100590316233
7.165	1.8817441026466437	0.5573416773296344
7.175	1.8834406065960199	0.5592233775264065
7.185	1.8852194466870742	0.5311770841173751
7.195	1.8870834321646606	0.5468579190904757
7.205	1.8890353091629069	0.5562664200743361
7.215	1.8910777574148114	0.5426464948405573
7.225	1.8932133870114318	0.5383454658193639
7.235	1.8954447352134511	0.5558183962179618
7.245	1.8977742633175398	0.5489188288297975
7.255	1.9002043535801414	0.5330587843141471
7.265	1.9027373062010897	0.5432737282394813
7.275	1.9053753363695984	0.533775622484346
7.285	1.9081205713749312	0.5227542356175381
7.295	1.9109750477841938	0.5272344741812812
7.305	1.9139407086895401	0.5413024232714343
7.315	1.9170194010269772	0.5414816328139841
7.325	1.920212872969128	0.5611050777231785
7.335	1.9235227713939858	0.5224854213037136
7.345	1.9269506394318539	0.5462306856915516
7.355	1.9304979140924519	0.5418400518990835
7.365	1.9341659239742706	0.5173779493410465
7.375	1.9379558870580291	0.536374160851317
7.385	1.9418689085861864	0.5330587843141471
7.395	1.945905979030307	0.5336860177130711
7.405	1.9500679721479897	0.5406751898725103
7.415	1.9543556431311373	0.559492191840231
7.425	1.9587696268471582	0.5420192614416333
7.435	1.9633104361746332	0.5345820654258198
7.445	1.967978460435022	0.5461410809202768
7.455	1.9727739639217816	0.5481123858883238
7.465	1.9776970845282675	0.5645100590316233
7.475	1.9827478324757406	0.5365533703938667
7.485	1.9879260891426882	0.5559976057605115
7.495	1.9932316059965687	0.5535782769360903
7.505	1.9986640036291288	0.5552807675903126
7.515	2.0042227708962588	0.5451554284362533
7.525	2.0099072641632936	0.5605674490955294
7.535	2.0157167066566677	0.5541159055637395
7.545	2.021650187922679	0.5722160693612613
7.555	2.0277066633940346	0.5706927882495887
7.565	2.0338849540648605	0.5666605735422199
7.575	2.040183746274706	0.5670189926273194
7.585	2.046601591601965	0.5824310132865954
7.595	2.053136906867193	0.5802804987759987
7.605	2.0597879742465794	0.5800116844621742
7.615	2.066552941495803	0.5957821242065497
7.625	2.0734298222844716	0.5904058379300581
7.635	2.0804164966412007	0.5906746522438826
7.645	2.0875107115093012	0.5979326387171464
7.655	2.094710081413051	0.620692250620961
7.665	2.1020120892343535	0.6124486116636738
7.675	2.109414087099531	0.6127174259774985
7.685	2.1169132973759783	0.6292047038920728
7.695	2.124506813778232	0.6346705949398393
7.705	2.132191602582995	0.611104540094551
7.715	2.139964503952568	0.6267853750676515
7.725	2.147822233366034	0.6243660462432303
7.735	2.1557613831574858	0.6345809901685644
7.745	2.1637784241605087	0.628398260950599
7.755	2.171869707458052	0.6279502370942247
7.765	2.180031466236717	0.6520539205671623
7.775	2.1882598177444743	0.6513370823969634
7.785	2.1965507653506755	0.6611936072371981
7.795	2.204900200707204	0.6656738458009411
7.805	2.213303906009518	0.6624480740350461
7.815	2.2217575563562346	0.6681827793966373
7.825	2.2302567222058993	0.6644193790030931
7.835	2.2387968719294307	0.6725734131891055
7.845	2.247373374456732	0.6957810489492944
7.855	2.2559815020158314	0.6801898187474686
7.865	2.2646164329629004	0.6688996175668361
7.875	2.2732732547013774	0.6874478052207323
7.885	2.2819469666883863	0.6904943674440777
7.895	2.2906324835265823	0.6949746060078207
7.905	2.29932463813946	0.6864621527367089
7.915	2.308018185028118	0.683146776199539
7.925	2.3167078036074242	0.7080569026139504
7.935	2.3253881016194224	0.7214080135339046
7.945	2.334053618621801	0.7135227936617169
7.955	2.3426988295491724	0.7119099077787694
7.965	2.351318148344856	0.7111930696085704
7.975	2.3599059316607933	0.699275635029014
7.985	2.3684564826231735	0.7201535467360566
7.995	2.3769640546613187	0.7230208994168521
8.005	2.3854228553973	0.7073400644437514
8.015	2.3938270505936976	0.7145980509170152
8.025	2.4021707681568993	0.7264258807252968
8.035	2.410448102193306	0.7369992437357303
8.045	2.4186531171156664	0.7260674616401974
8.055	2.426779851796863	0.7191678942520331
8.065	2.4348223237683264	0.7251714139274488
8.075	2.442774533460231	0.7142396318319157
8.085	2.450630468480666	0.7193471037945828
8.095	2.458384107930813	0.738522524847403
8.105	2.466029426753259	0.7168381701988867
8.115	2.4735604001104146	0.7154044938584889
8.125	2.4809710077901355	0.7112826743798454
8.135	2.488255238635429	0.730816514517765
8.145	2.495407094995258	0.7145980509170152
8.155	2.502420597193394	0.7234689232732264
8.165	2.5092897880121456	0.7216768278477291
8.175	2.516008737187954	0.7286660000071683
8.185	2.522571545915662	0.7181822417680096
8.195	2.528972351358355	0.7207807801349806
8.205	2.5352053311595766	0.7015157543108855
8.215	2.5412647079548236	0.7041142926778564
8.225	2.5471447538790857	0.6950642107790955
8.235	2.552839795067272	0.6877166195345569
8.245	2.5583442161443806	0.6912112056142765
8.255	2.563652464702139	0.6989172159439145
8.265	2.568759055759024	0.7068920405873771
8.275	2.5736585762004394	0.6951538155503704
8.285	2.5783456891958485	0.6896879245026039
8.295	2.582815138589714	0.6879854338483815
8.305	2.587061753263113	0.6896879245026039
8.315	2.591080451462809	0.6789353519496205
8.325	2.5948662450946935	0.6637025408328943
8.335	2.598414243978448	0.6506202442267646
8.345	2.601719660060321	0.670333293907234
8.355	2.6047778115809406	0.6583262545564026
8.365	2.607584127195099	0.6587742784127769
8.375	2.6101341500404414	0.6473944724608696
8.385	2.612423541752041	0.6522331301097121
8.395	2.614448086419942	0.6352978283387634
8.405	2.6162036944865754	0.6229323699028325
8.415	2.617686406581256	0.6197962029082124
8.425	2.618892397288776	0.6048322061053106
8.435	2.619817978849256	0.6184521313390895
8.445	2.6204596047864492	0.6012480152543163
8.455	2.6208138734617172	0.5989182912011698
8.465	2.6208775315508945	0.5913018856428066
8.475	2.620647477441368	0.5695279262230155
8.485	2.6201207645467797	0.5827894323716949
8.495	2.619294604536608	0.5720368598187116
8.505	2.618166370478227	0.5547431389626635
8.515	2.6167335998888217	0.5602986347817048
8.525	2.614993997694759	0.5379870467342645
8.535	2.6129454390960243	0.5421088662129081
8.545	2.6105859723333524	0.5313562936599248
8.555	2.6079138213557496	0.5388830944470131
8.565	2.6049273883862805	0.5214997688196901
8.575	2.601625256383827	0.5068045863306129
8.585	2.5980061913987846	0.5036684193359927
8.595	2.5940691448206863	0.5225750260749884
8.605	2.5898132555157196	0.5114640344369057
8.615	2.5852378518522428	0.5478435715744991
8.625	2.580342453612527	0.5388830944470131
8.635	2.5751267737888743	0.5425568900692823
8.645	2.5695907202624344	0.5519653910531428
8.655	2.563734397363177	0.5629867779199507
8.665	2.5575581073093487	0.5808181274036479
8.675	2.5510623515249975	0.5866424375365139
8.685	2.5442478318342117	0.582072594201496
8.695	2.537115451530668	0.5780403794941272
8.705	2.529666316321264	0.6027712963659888
8.715	2.5219017351427473	0.6033985297649129
8.725	2.513823220850136	0.609133235126504
8.735	2.5054324907759953	0.6040257631638369
8.745	2.4967314671596847	0.6018752486532403
8.755	2.487722277445632	0.6109253305520012
8.765	2.47840725444996	0.6227531603602828
8.775	2.4687889363947515	0.6262477464400024
8.785	2.4588700668094283	0.6508890585405891
8.795	2.4486535942986034	0.6398676716737812
8.805	2.438142672176181	0.6559965305032562
8.815	2.4273406579651904	0.6523227348809869
8.825	2.416251112763205	0.6646881933169176
8.835	2.404877800473215	0.6833259857420887
8.845	2.3932246868997815	0.6783081185506965
8.855	2.3812959387105797	0.6832363809708139
8.865	2.369095922263374	0.6832363809708139
8.875	2.3566292022987008	0.6818027046304161
8.885	2.343900540498395	0.6952434203216452
8.895	2.330914893910512	0.6896879245026039
8.905	2.3176774132409355	0.6956018394067447
8.915	2.304193441012285	0.69533302509292
8.925	2.290468509590811	0.6956914441780195
8.935	2.276508339081877	0.7206911753637057
8.945	2.2623188350948946	0.7141500270606409
8.955	2.2479060863786566	0.7174654035978107
8.965	2.2332763623279392	0.7247233900710744
8.975	2.2184361103624926	0.7421067156983975
8.985	2.203391953179618	0.7447948588366433
8.995	2.188150685881467	0.7214976183051794
9.005	2.17271927297843	0.748827073544012
9.015	2.1571048452700734	0.7335046576560108
9.025	2.1413146966050034	0.7351175435389583
9.035	2.12535628052128	0.7439884158951695
9.045	2.1092372067690794	0.7447948588366433
9.055	2.0929652377172325	0.7438092063526198
9.065	2.0765482846455106	0.7594900413257205
9.075	2.059994403924576	0.7555474313896265
9.085	2.0433117930854805	0.7667480277989842
9.095	2.026508786780828	0.7553682218470769
9.105	2.009593852639661	0.7602964842671942
9.115	1.992575587018354	0.7766045526392189
9.125	1.9754627106496365	0.7675544707404579
9.135	1.9582640641922429	0.768808937538306
9.145	1.940988603683474	0.7707802425063529
9.155	1.9236453958971866	0.7805471625753128
9.165	1.9062436136098038	0.8099375275534672
9.175	1.8887925307768718	0.789418034931524
9.185	1.8713015176229	0.8024107267663788
9.195	1.8537800356471799	0.7961383927771385
9.205	1.8362376325484462	0.8076974082715956
9.215	1.8186839370711487	0.8197044476224269
9.225	1.8011286537763394	0.81773314265438
9.235	1.7835815577400922	0.797840883431361
9.245	1.766052489182491	0.7927334114686938
9.255	1.7485513480303116	0.8070701748726715
9.265	1.731088088416476	0.8266936197818661
9.275	1.7136727131194753	0.8047404508195252
9.285	1.6963152679460047	0.8010666551972558
9.295	1.6790258360600938	0.8022315172238291
9.305	1.6618145322620035	0.8329659537711064
9.315	1.6446914972203006	0.8180019569682045
9.325	1.6276668916604757	0.8178227474256549
9.335	1.610750890513548	0.8044716365057006
9.345	1.5939536770281526	0.8221237764468482
9.355	1.5772854368495575	0.8310842535743342
9.365	1.5607563520692023	0.8214965430479242
9.375	1.5443765952483055	0.8075181987290458
9.385	1.5281563234191116	0.8335931871700304
9.395	1.5121056720674015	0.8440769454091891
9.405	1.496234749099942	0.8346684444253287
9.415	1.4805536288004508	0.8422848499836919
9.425	1.465072345777835	0.8285753199786382
9.435	1.4498008889103509	0.8390590782177969
9.445	1.4347491952893758	0.8220341716755734
9.455	1.4199271441665453	0.8116400182076895
9.465	1.4053445509079547	0.8127152754629878
9.475	1.3910111609591533	0.8140593470321107
9.485	1.3769366438246666	0.8303674154041354
9.495	1.3631305870657986	0.8264248054680415
9.505	1.349602490320406	0.813880137489561
9.515	1.3363617593484374	0.8121776468353387
9.525	1.3234177001068859	0.7862818679369038
9.535	1.3107795128579558	0.7828768866284591
9.545	1.2984562863140767	0.7869987061071028
9.555	1.2864569918235138	0.8006186313408816
9.565	1.2747904776002255	0.7912101303570211
9.575	1.2634654630016406	0.7935398544101676
9.585	-Inf	0.0
9.595	-Inf	0.0
9.605	-Inf	0.0
9.615	-Inf	0.0
9.625	-Inf	0.0
9.635	-Inf	0.0
9.645	-Inf	0.0
9.655	-Inf	0.0
9.665	-Inf	0.0
9.675	-Inf	0.0
9.685	-Inf	0.0
9.695	-Inf	0.0
9.705	-Inf	0.0
9.715	-Inf	0.0
9.725	-Inf	0.0
9.735	-Inf	0.0
9.745	-Inf	0.0
9.755	-Inf	0.0
9.765	-Inf	0.0
9.775	-Inf	0.0
9.785	-Inf	0.0
9.795	-Inf	0.0
9.805	-Inf	0.0
9.815	-Inf	0.0
9.825	-Inf	0.0
9.835	-Inf	0.0
9.845	-Inf	0.0
9.855	-Inf	0.0
9.865	-Inf	0.0
9.875	-Inf	0.0
9.885	-Inf	0.0
9.895	-Inf	0.0
9.905	-Inf	0.0
9.915	-Inf	0.0
9.925	-Inf	0.0
9.935	-Inf	0.0
9.945	-Inf	0.0
9.955	-Inf	0.0
9.965	-Inf	0.0
9.975	-Inf	0.0
9.985	-Inf	0.0
9.995	-Inf	0.0
