0.005	-Inf	0.0
0.015	-Inf	0.0
0.025	-Inf	0.0
0.035	-Inf	0.0
0.045	-Inf	0.0
0.055	-Inf	0.0
0.065	-Inf	0.0
0.075	-Inf	0.0
0.085	-2.802297072011627	0.05361563505870912
0.095	-2.802376156308065	0.05001044580476144
0.105	-2.802245943553495	0.04927091980395166
0.115	-2.8019101818739722	0.04603549355040887
0.125	-2.801372762683058	0.05010288655486266
0.135	-2.8006377171609316	0.05574177231103724
0.145	-2.7997092126455376	0.04936336055405288
0.155	-2.79859154893832	0.05074997180557122
0.165	-2.7972891545271734	0.052968549808000566
0.175	-2.7958065827292655	0.053153431308203006
0.185	-2.794148507756465	0.05074997180557122
0.195	-2.7923197207061192	0.052968549808000566
0.205	-2.790325125480012	0.05306099055810178
0.215	-2.788169734634341	0.054447601809620126
0.225	-2.7858586651636204	0.05278366830779812
0.235	-2.7833971342214436	0.05259878680759567
0.245	-2.7807904547810742	0.05583421306113846
0.255	-2.778044031238882	0.05038020880516633
0.265	-2.7751633549636754	0.05158193855648222
0.275	-2.772153999794988	0.05454004255972135
0.285	-2.7690216174934488	0.050195327304963885
0.295	-2.7657719331463553	0.050195327304963885
0.305	-2.762410740531622	0.05583421306113846
0.315	-2.7589438974432796	0.055464450060733576
0.325	-2.755377320981746	0.05250634605749445
0.335	-2.7517169828120798	0.05463248330982257
0.345	-2.7479689043934754	0.05176682005668467
0.355	-2.7441391521832577	0.05380051655891157
0.365	-2.7402338328186393	0.052691227557696896
0.375	-2.736259088279544	0.05407783880921523
0.385	-2.732221091035778	0.05629641681164458
0.395	-2.728126039181851	0.05454004255972135
0.405	-2.723980151562767	0.05786790956336536
0.415	-2.7197896628940716	0.0543551610595189
0.425	-2.7155608188794953	0.06027136906599715
0.435	-2.7112998713294654	0.05990160606559226
0.445	-2.7070130732838296	0.054447601809620126
0.455	-2.7027066741420596	0.060363809816098374
0.465	-2.698386914804241	0.061103335816908154
0.475	-2.6940600228261284	0.06054869131630082
0.485	-2.6897322075915304	0.05814523181366903
0.495	-2.6854096555052815	0.05833011331387147
0.505	-2.6810985252100403	0.06054869131630082
0.515	-2.6768049428301284	0.06489340657105828
0.525	-2.672534997245611	0.0682212735747023
0.535	-2.6682947353997974	0.0629521508189326
0.545	-2.6640901576433085	0.05786790956336536
0.555	-2.659927213117835	0.061842861817717934
0.565	-2.655811795182689	0.06119577656700938
0.575	-2.6517497368872007	0.0592545208148837
0.585	-2.6477468064920067	0.06248994706842649
0.595	-2.643808703042212	0.06147309881731305
0.605	-2.6399410519953985	0.06683466232318395
0.615	-2.636149400907395	0.0604562505661996
0.625	-2.632439215178688	0.06461608432075461
0.635	-2.6288158738643186	0.0633219138193375
0.645	-2.6252846655500557	0.060641132066402044
0.655	-2.6218507842975933	0.06563293257186806
0.665	-2.618519325661476	0.06600269557227295
0.675	-2.6152952827804006	0.06600269557227295
0.685	-2.6121835425454982	0.06646489932277906
0.695	-2.6091888818481404	0.06831371432480352
0.705	-2.6063159639097626	0.06507828807126073
0.715	-2.6035693346961453	0.06452364357065339
0.725	-2.6009534194185275	0.0653556103215644
0.735	-2.5984725191238747	0.06960788482622063
0.745	-2.5961308073765625	0.06480096582095705
0.755	-2.5939323270336674	0.06591025482217173
0.765	-2.5918809871160082	0.06637245857267784
0.775	-2.589980559776993	0.0694230033260182
0.785	-2.5882346773712914	0.06914568107571452
0.795	-2.586646829625252	0.06979276632642308
0.805	-2.585220360910941	0.06849859582500596
0.815	-2.583958467625597	0.06812883282460107
0.825	-2.58286419567822	0.0637841175698436
0.835	-2.5819404380849713	0.06923812182581575
0.845	-2.58118993267492	0.07182646282864998
0.855	-2.5806152599077077	0.06258238781852772
0.865	-2.580218840804488	0.06461608432075461
0.875	-2.5800029349935643	0.06637245857267784
0.885	-2.5799696388719546	0.06914568107571452
0.895	-2.5801208838841108	0.06267482856862894
0.905	-2.5804584349189064	0.05971672456538982
0.915	-2.5809838888259335	0.06923812182581575
0.925	-2.581698673052082	0.0682212735747023
0.935	-2.582604044399261	0.06859103657510719
0.945	-2.5837010879041067	0.06692710307328519
0.955	-2.584990715840344	0.06646489932277906
0.965	-2.5864736668444857	0.06554049182176684
0.975	-2.5881505051654017	0.0653556103215644
0.985	-2.590021620038239	0.06406143982014728
0.995	-2.592087225183085	0.06489340657105828
1.005	-2.594347358428672	0.06175042106761671
1.015	-2.5968018814613716	0.06674222157308274
1.025	-2.599450479699587	0.0637841175698436
1.035	-2.602292662293631	0.06461608432075461
1.045	-2.6053277622510445	0.0629521508189326
1.055	-2.6085549366872587	0.06396899907004605
1.065	-2.611973167201401	0.06054869131630082
1.075	-2.6155812603769704	0.0641538805702485
1.085	-2.619377848407034	0.0653556103215644
1.095	-2.623361389843479	0.061565539567414264
1.105	-2.6275301704698317	0.06230506556822405
1.115	-2.6318823042970045	0.06369167681974239
1.125	-2.636415734681304	0.06655734007288029
1.135	-2.641128235563927	0.06424632132034973
1.145	-2.646017412831091	0.061565539567414264
1.155	-2.651080705793878	0.06017892831589593
1.165	-2.656315388786774	0.06165798031751549
1.175	-2.661718572883831	0.0633219138193375
1.185	-2.6672872077312624	0.0637841175698436
1.195	-2.6730180834952657	0.06369167681974239
1.205	-2.6789078329237115	0.061380658067211824
1.215	-2.684952933520341	0.0604562505661996
1.225	-2.6911497098299826	0.05953184306518737
1.235	-2.6974943358332477	0.06239750631832527
1.245	-2.7039828374491006	0.05731326506275802
1.255	-2.710611095143604	0.05980916531549104
1.265	-2.7173748466430885	0.06027136906599715
1.275	-2.724269689749923	0.0563888575617458
1.285	-2.731291085258985	0.05777546881326414
1.295	-2.7384343599728744	0.055926653811239686
1.305	-2.7456947098138467	0.054447601809620126
1.315	-2.7530672030303647	0.05657373906194824
1.325	-2.760546783496129	0.05380051655891157
1.335	-2.7681282740993662	0.05204414230698834
1.345	-2.7758063802200885	0.0563888575617458
1.355	-2.783575693293023	0.05611153531144213
1.365	-2.7914306944537817	0.05250634605749445
1.375	-2.7993657582658584	0.055187127810429906
1.385	-2.807375156525937	0.05426272030941768
1.395	-2.8154530621449663	0.054447601809620126
1.405	-2.8235935531023997	0.05001044580476144
1.415	-2.8317906164709434	0.05250634605749445
1.425	-2.8400381525091345	0.04973312355445777
1.435	-2.8483299788189766	0.0477918678023321
1.445	-2.856659834565885	0.05287610905789934
1.455	-2.865021384758077	0.049455801304154105
1.465	-2.8734082245825734	0.05287610905789934
1.475	-2.881813883794881	0.04936336055405288
1.485	-2.8902318311594373	0.04705234180152232
1.495	-2.898655478937825	0.048716275303344325
1.505	-2.907078187421761	0.049918005054660215
1.515	-2.915493269507827	0.045203526799497865
1.525	-2.923893995310858	0.04381691554797952
1.535	-2.9322735968129257	0.04880871605344554
1.545	-2.9406252725447795	0.046405256550813755
1.555	-2.94894219229662	0.04954824205425533
1.565	-2.957217501855046	0.043909356298080744
1.575	-2.9654443277630027	0.047144782551623535
1.585	-2.9736157820995377	0.045203526799497865
1.595	-2.98172496727616	0.04455644154878931
1.605	-2.989764980846596	0.04788430855243332
1.615	-2.9977289203267055	0.0457581713001052
1.625	-3.005609888021329	0.04585061205020642
1.635	-3.0134009958548402	0.046220375050611315
1.645	-3.02109537020214	0.040951252294841624
1.655	-3.0286861567168746	0.042152982046157514
1.665	-3.0361665251536207	0.04159833754555018
1.675	-3.0435296741808053	0.04437156004858686
1.685	-3.050768836181127	0.04206054129605629
1.695	-3.057877282036261	0.040396607794234284
1.705	-3.064848325892618	0.043169830297270964
1.715	-2.7209300781087	0.06202774331792038
1.725	-2.7295694773901498	0.05601909456134091
1.735	-2.7380517240068483	0.05722082431265681
1.745	-2.746370352331192	0.05943940231508615
1.755	-2.754518963433454	0.052321464557292
1.765	-2.762491229667195	0.05454004255972135
1.775	-2.770280899213673	0.05796035031346659
1.785	-2.77788180058218	0.056666179812049466
1.795	-2.7852878470632856	0.05158193855648222
1.805	-2.792493041131963	0.05130461630617856
1.815	-2.7994914787976364	0.05481736481002501
1.825	-2.8062773538982015	0.04806919005263576
1.835	-2.812844962335125	0.05130461630617856
1.845	-2.8191887062467407	0.05222902380719078
1.855	-2.8253030981169354	0.05010288655486266
1.865	-2.8311827648164236	0.051951701556887116
1.875	-2.8368224515738745	0.05074997180557122
1.885	-2.8422170258741972	0.04853139380314188
1.895	-2.847361481281335	0.051212175556077336
1.905	-2.852250941182959	0.05001044580476144
1.915	-2.856880662454521	0.048438953053040655
1.925	-2.8612460390401653	0.04557328979990275
1.935	-2.8653426054480446	0.05084241255567244
1.945	-2.8691660401576646	0.05398539805911401
1.955	-2.872712168936919	0.04936336055405288
1.965	-2.8759769680665306	0.04973312355445777
1.975	-2.8789565674697037	0.053153431308203006
1.985	-2.881647253744821	0.047699427052230875
1.995	-2.8840454730990945	0.048438953053040655
2.005	-2.8861478341811537	0.05204414230698834
2.015	-2.887951110810602	0.05204414230698834
2.025	-2.8894522446026523	0.04649769730091498
2.035	-2.890648347486012	0.04501864529929542
2.045	-2.8915367041122657	0.051951701556887116
2.055	-2.8921147741550675	0.04973312355445777
2.065	-2.8923801944975254	0.04982556430455899
2.075	-2.892330781306244	0.046405256550813755
2.085	-2.8919645319905487	0.049178479053850435
2.095	-2.8912796270454995	0.04649769730091498
2.105	-2.8902744317773825	0.04363203404777708
2.115	-2.888947497910432	0.04927091980395166
2.125	-2.887297565073616	0.04788430855243332
2.135	-2.8853235621664104	0.046682578801117425
2.145	-2.8830246086025375	0.050195327304963885
2.155	-2.880400015430757	0.05204414230698834
2.165	-2.8774492863318497	0.04335471179747341
2.175	-2.874172118491036	0.0477918678023321
2.185	-2.870568403345132	0.04899359755364799
2.195	-2.86663822720385	0.050934853305773665
2.205	-2.8623818717447103	0.048901156803546765
2.215	-2.857799814381135	0.050195327304963885
2.225	-2.8528927285033605	0.049178479053850435
2.235	-2.847661483591886	0.04732966405182598
2.245	-2.8421071452032907	0.047699427052230875
2.255	-2.836230974828284	0.051397057056279775
2.265	-2.830034429621986	0.05001044580476144
2.275	-2.823519162006486	0.052968549808000566
2.285	-2.816687019145825	0.051674379306583446
2.295	-2.809540042293626	0.051674379306583446
2.305	-2.802080466013694	0.051951701556887116
2.315	-2.7943107172739583	0.052413905307393226
2.325	-2.7862334144142444	0.05111973480597611
2.335	-2.7778513659884387	0.04788430855243332
2.345	-2.7691675694816773	0.050195327304963885
2.355	-2.7601852099032844	0.0543551610595189
2.365	-2.750907658256262	0.05611153531144213
2.375	-2.741338469884227	0.055926653811239686
2.385	-2.731481382696743	0.04825407155283821
2.395	-2.7213403152741136	0.05463248330982257
2.405	-2.7109193648527437	0.05463248330982257
2.415	-2.700222805192275	0.0535231943086079
2.425	-2.689255084325796	0.05897719856458004
2.435	-2.678020822194449	0.06101089506680693
2.445	-2.6665248081679134	0.05454004255972135
2.455	-2.6547719984522242	0.060086487565794704
2.465	-2.642767513386553	0.06369167681974239
2.475	-2.630516634630583	0.05971672456538982
2.485	-2.61802480224422	0.05657373906194824
2.495	-2.6052976116614284	0.05814523181366903
2.505	-2.592340810560073	0.06489340657105828
2.515	-2.5791602956297	0.06424632132034973
2.525	-2.5657621092392695	0.061565539567414264
2.535	-2.5521524360068977	0.06507828807126073
2.545	-2.538337599273776	0.07043985157713165
2.555	-2.5243240574844346	0.07053229232723286
2.565	-2.51011840047564	0.06831371432480352
2.575	-2.495727345676241	0.06591025482217173
2.585	-2.48115773422035	0.06748174757389251
2.595	-2.466416526976293	0.06683466232318395
2.605	-2.45151080049385	0.07339795558037077
2.615	-2.436447742872312	0.07127181832804265
2.625	-2.421234649551971	0.07164158132844753
2.635	-2.4058789190317142	0.0682212735747023
2.645	-2.3903880485154034	0.07043985157713165
2.655	-2.3747696294898217	0.07746534858482455
2.665	-2.359031343236967	0.0772804670846221
2.675	-2.3431809562835535	0.08042345258806369
2.685	-2.3272263157905986	0.07737290783472334
2.695	-2.3111753448860384	0.07912928208664656
2.705	-2.2950360379433192	0.08476816784282115
2.715	-2.278816455809002	0.08596989759413703
2.725	-2.262524720982372	0.08014613033776001
2.735	-2.246169012750186	0.08504549009312481
2.745	-2.229757562279608	0.09549129485456297
2.755	-2.213298647672505	0.08772627184606027
2.765	-2.196800588984238	0.08532281234342848
2.775	-2.180271743210153	0.09040705359899573
2.785	-2.1637204992429666	0.09345759835233607
2.795	-2.1471552728042944	0.09660058385577765
2.805	-2.130584501353535	0.09650814310567642
2.815	-2.1140166389774295	0.09262563160142506
2.825	-2.0974601512635234	0.10029821385982654
2.835	-2.080923510160858	0.10427316611417912
2.845	-2.064415188831187	0.09891160260830821
2.855	-2.0479436564940166	0.10408828461397668
2.865	-2.031517373268811	0.10455048836448279
2.875	-2.0151447850176645	0.10538245511539379
2.885	-1.998834318191773	0.10797079611822802
2.895	-1.9825943746850405	0.10944984811984759
2.905	-1.9664333266981144	0.11296259662369404
2.915	-1.9503595116161945	0.11360968187440261
2.925	-1.9343812269039151	0.11166842612227693
2.935	-1.9185067250205927	0.11240795212308671
2.945	-1.9027442083591608	0.12414792738594198
2.955	-1.8871018242120245	0.11619802287723684
2.965	-1.871587659767139	0.11795439712916007
2.975	-1.856209737137537	0.11592070062693317
2.985	-1.8409760084275413	0.12534965713725787
2.995	-1.8258943508388492	0.12155958638310775
3.005	-1.8109725618196988	0.12165202713320897
3.015	-1.7962183542602412	0.13357688389626668
3.025	-1.7816393517372862	0.12978681314211657
3.035	-1.7672430838114686	0.13246759489505203
3.045	-1.7530369813799545	0.1344088506471777
3.055	-1.7390283720876842	0.14531685915912196
3.065	-1.725224475800165	0.14661102966053907
3.075	-1.7116324001407788	0.1401401771534535
3.085	-1.6982591360955048	0.14984645591408188
3.095	-1.685111553687955	0.15058598191489164
3.105	-1.6721963977275596	0.1483674039124623
3.115	-1.6595202836336784	0.15058598191489164
3.125	-1.6470896933383883	0.1528970006674222
3.135	-1.634910971270656	0.15104818566539777
3.145	-1.6229903204245104	0.1512330671656002
3.155	-1.6113337985138423	0.15141794866580266
3.165	-1.5999473142163472	0.15594754542076256
3.175	-1.588836623509089	0.15927541242440657
3.185	-1.5780073260981382	0.16694799468280805
3.195	-1.5674648619446203	0.16685555393270685
3.205	-1.5572145078895032	0.17360372869009608
3.215	-1.5472613743793568	0.16528406118098604
3.225	-1.5376104022952632	0.17341884718989364
3.235	-1.5282663598870163	0.16371256842926526
3.245	-1.5192338398146183	0.17157003218786918
3.255	-1.5105172562991127	0.17184735443817287
3.265	-1.5021208423846049	0.17397349169050097
3.275	-1.4940486473133752	0.17545254369212054
3.285	-1.4863045340158032	0.17323396568969118
3.295	-1.4788921767168473	0.1744356954410071
3.305	-1.4718150586606649	0.18081410719799146
3.315	-1.4650764699549663	0.17998214044708044
3.325	-1.4586795055365362	0.18118387019839635
3.335	-1.4526270632593543	0.19190699721013815
3.345	-1.446921842106628	0.183957092701433
3.355	-1.4415663405279509	0.19338604921175773
3.365	-1.4365628549028033	0.1850663817026477
3.375	-1.431913478131425	0.18830180795619048
3.385	-1.427620098354096	0.18284780370021836
3.395	-1.4236843977997313	0.19181455646003695
3.405	-1.4201078517646204	0.1900581822081137
3.415	-1.416891727722092	0.19440289746287118
3.425	-1.4140370845637356	0.1929238454612516
3.435	-1.4115447719728067	0.19680635696550297
3.445	-1.409415429930291	0.18682275595457093
3.455	-1.4076494883540585	0.1920918787103406
3.465	-1.4062471668714267	0.19643659396509808
3.475	-1.4052084747254034	0.1928314047111504
3.485	-1.404533210814753	0.19431045671276995
3.495	-1.4042209638679535	0.1965290347151993
3.505	-1.4042711127510685	0.18894889320689903
3.515	-1.906552772264408	0.11268527437339038
3.525	-1.904828570295426	0.11860148237986863
3.535	-1.9034636466644428	0.12100494188250041
3.545	-1.9024565465391872	0.11508873387602217
3.555	-1.9018056087663275	0.12248399388411997
3.565	-1.901508966977688	0.11527361537622462
3.575	-1.9015645508278909	0.11545849687642705
3.585	-1.90197008736272	0.11832416012956495
3.595	-1.9027231025174465	0.11296259662369404
3.605	-1.903820922744238	0.11610558212713562
3.615	-1.9052606767677323	0.11943344913077963
3.625	-1.9070392974677044	0.1181392786293625
3.635	-1.909153523887765	0.1193410083806784
3.645	-1.9115999033688629	0.11610558212713562
3.655	-1.9143747938063331	0.11333235962409893
3.665	-1.9174743660291498	0.11453408937541483
3.675	-1.9208946062999213	0.11610558212713562
3.685	-1.924631318934152	0.1156433783766295
3.695	-1.9286801290371525	0.11360968187440261
3.705	-1.9330364853569622	0.11629046362733805
3.715	-1.9376956632515225	0.1058446588658999
3.725	-1.9426527677682963	0.11360968187440261
3.735	-1.9479027368344446	0.1078783553681268
3.745	-1.9534403445556021	0.11139110387197326
3.755	-1.9592602046212237	0.11268527437339038
3.765	-1.9653567738143876	0.10972717037015126
3.775	-1.971724355623908	0.10834055911863291
3.785	-1.9783571039564998	0.1087103221190378
3.795	-1.9852490269467127	0.11712243037824907
3.805	-1.9923939908622557	0.1070463886172158
3.815	-1.9997857241022872	0.11397944487480749
3.825	-2.0074178212861815	0.10140750286104122
3.835	-2.0152837474302228	0.11000449262045492
3.845	-2.023376842209619	0.1070463886172158
3.855	-2.0316903243031668	0.10649174411660846
3.865	-2.0402172958178473	0.09752499135678987
3.875	-2.0489507467905907	0.0960459393551703
3.885	-2.057883559764379	0.10168482511134488
3.895	-2.0670085144358037	0.09512153185415807
3.905	-2.076318292371174	0.10186970661154733
3.915	-2.0858054817881984	0.09789475435719476
3.925	-2.0954625824002173	0.09160878335031163
3.935	-2.105282010319967	0.0952139726042593
3.945	-2.115256103019733	0.09798719510729598
3.955	-2.125377124344798	0.09770987285699231
3.965	-2.1356372695769896	0.09447444660344952
3.975	-2.1460286705451472	0.08892800159737617
3.985	-2.1565434007792463	0.09613838010527152
3.995	-2.167173480704932	0.08957508684808473
4.005	-2.1779108828751506	0.09345759835233607
4.015	-2.188747537235579	0.08615477909433948
4.025	-2.199675336420481	0.08689430509514927
4.035	-2.210686141075636	0.09040705359899573
4.045	-2.221771785204957	0.08698674584525048
4.055	-2.232924081537371	0.08310423434099914
4.065	-2.2441348269105674	0.08356643809150525
4.075	-2.2553958076681564	0.08319667509110036
4.085	-2.2666988050668007	0.09003729059859084
4.095	-2.2780356006898677	0.08430596409231503
4.105	-2.2893979818641284	0.08541525309352971
4.115	-2.3007777470760455	0.08070077483836735
4.125	-2.312166711384184	0.08338155659130281
4.135	-2.3235567118242497	0.0808856563385698
4.145	-2.9581697283421353	0.041413456045347734
4.155	-2.9859966170215135	0.042707626546764854
4.165	-3.0138002386701728	0.04030416704413307
4.175	-3.0415725720144966	0.03928731879301962
4.185	-3.069305644551713	0.04187565979585385
4.195	-3.0969915378381963	0.04298494879706852
4.205	-3.1246223927462777	0.03706874079059027
4.215	-3.1521904146862103	0.03540480728876826
4.225	-3.179687878789869	0.0359594517893756
4.235	-2.4357443094879074	0.07164158132844753
4.245	-2.4466185978638393	0.07275087032966221
4.255	-2.457399623322006	0.07487700758199033
4.265	-2.468079990836105	0.07238110732925732
4.275	-2.4786524003298323	0.07275087032966221
4.285	-2.4891096515616056	0.07145669982824508
4.295	-2.49944464894814	0.0673893068237913
4.305	-2.509650406323729	0.06803639207449985
4.315	-2.519720051632133	0.06526316957146318
4.325	-2.5296468315479905	0.06461608432075461
4.335	-2.539424116024764	0.060826013566604484
4.345	-2.549045402766205	0.06258238781852772
4.355	-2.5585043216184284	0.06831371432480352
4.365	-2.567794638879692	0.06202774331792038
4.375	-2.5769102615250694	0.05897719856458004
4.385	-2.5858452413432147	0.060086487565794704
4.395	-2.594593778982485	0.06101089506680693
4.405	-2.6031502279037704	0.06027136906599715
4.415	-2.6115090982373736	0.06489340657105828
4.425	-2.619665060541425	0.06258238781852772
4.435	-2.627612949459298	0.06119577656700938
4.445	-2.635347767273595	0.058607435564175143
4.455	-2.6428646873543484	0.06248994706842649
4.465	-2.6501590574991005	0.05833011331387147
4.475	-2.6572264031626416	0.05722082431265681
4.485	-2.664062430574214	0.06276726931873017
4.495	-2.6706630297400964	0.056203976061543356
4.505	-2.67702427732951	0.05814523181366903
4.515	-2.683142439441909	0.06304459156903383
4.525	-2.689013974253752	0.054447601809620126
4.535	-2.6946355345429365	0.05703594281245436
4.545	-2.7000039700891714	0.05897719856458004
4.555	-2.705116329948625	0.05712838356255558
4.565	-2.709969864601248	0.0612882173171106
4.575	-2.71456202796929	0.058884757814478814
4.585	-2.7188904793055717	0.05823767256377025
4.595	-2.7229530849501757	0.061380658067211824
4.605	-2.726747919954299	0.05869987631427637
4.615	-2.7302732695700764	0.05454004255972135
4.625	-2.7335276306053014	0.05500224631022746
4.635	-2.7365097126420097	0.05749814656296047
4.645	-2.7392184391180376	0.05980916531549104
4.655	-2.74165294827067	0.05389295730901279
4.665	-2.743812593941672	0.05527956856053113
4.675	-2.745696946243013	0.05712838356255558
4.685	-2.7473057920827033	0.052321464557292
4.695	-2.748639135550278	0.05537200931063235
4.705	-2.7496971981615017	0.05611153531144213
4.715	-2.750480418961995	0.055926653811239686
4.725	-2.750989454489552	0.055464450060733576
4.735	-2.751225178595024	0.054447601809620126
4.745	-2.7511886821217137	0.056203976061543356
4.755	-2.750881272443324	0.05657373906194824
4.765	-2.7503044728606114	0.05509468706032868
4.775	-2.7494600218569323	0.05500224631022746
4.785	-2.748349872213038	0.05629641681164458
4.795	-2.746976189981478	0.054724924059923796
4.805	-2.7453413533211277	0.05463248330982257
4.815	-2.7434479511924117	0.05324587205830423
4.825	-2.741298781913878	0.054909805560126236
4.835	-2.738896851580908	0.05407783880921523
4.845	-2.7362453723473577	0.061103335816908154
4.855	-2.7333477605711156	0.05481736481002501
4.865	-2.7302076348245428	0.05768302806316292
4.875	-2.72682881377093	0.058884757814478814
4.885	-2.7232153139081494	0.060641132066402044
4.895	-2.7193713471807657	0.05306099055810178
4.905	-2.7153013184619814	0.055649331560936016
4.915	-2.711009822906832	0.055464450060733576
4.925	-2.706501643178182	0.05611153531144213
4.935	-2.7017817465470935	0.05879231706437759
4.945	-2.6968552818692766	0.05869987631427637
4.955	-2.691727576439377	0.05629641681164458
4.965	-2.6864041327249404	0.059624283815288594
4.975	-2.680890624981974	0.05500224631022746
4.985	-2.6751928957541007	0.06507828807126073
4.995	-2.6693169522573825	0.05823767256377025
5.005	-2.6632689626529573	0.061842861817717934
5.015	-2.657055252209688	0.06387655831994483
5.025	-2.650682299359147	0.05814523181366903
5.035	-2.6441567316452574	0.061103335816908154
5.045	-2.637485321571043	0.05971672456538982
5.055	-2.6306749823449755	0.05980916531549104
5.065	-2.6237327635294703	0.06359923606964117
5.075	-2.6166658465941532	0.06766662907409496
5.085	-2.6094815403765983	0.06424632132034973
5.095	-2.6021872764532676	0.06424632132034973
5.105	-2.594790604423467	0.0629521508189326
5.115	-2.5872991871091644	0.06840615507490475
5.125	-2.5797207956736097	0.06544805107166561
5.135	-2.5720633046617105	0.06979276632642308
5.145	-2.564334686965202	0.06572537332196929
5.155	-2.556543008715659	0.0658178140720705
5.165	-2.5486964241085035	0.06831371432480352
5.175	-2.540803170161144	0.06812883282460107
5.185	-2.5328715614084887	0.06794395132439862
5.195	-2.5249099845390512	0.0641538805702485
5.205	-2.5169268929749897	0.0698852070765243
5.215	-2.5089308013993548	0.0694230033260182
5.225	-2.500930280233963	0.07034741082703042
5.235	-2.4929339500712837	0.07284331107976343
5.245	-2.484950476063764	0.0690532403256133
5.255	-2.476988562274059	0.06849859582500596
5.265	-2.4690569459896823	0.07349039633047198
5.275	-2.461164392005561	0.07321307408016832
5.285	-2.4533196868780727	0.07201134432885242
5.295	-2.4455316331540855	0.07330551483026954
5.305	-2.4378090435786275	0.07441480383148422
5.315	-2.430160735284753	0.07607873733330622
5.325	-2.422595523969237	0.08144030083917714
5.335	-2.4151222180577117	0.07496944833209154
5.345	-2.407749612862882	0.08116297858887346
5.355	-2.4004864847394813	0.0820873860898857
5.365	-2.3933415852395865	0.0820873860898857
5.375	-2.3863236352719843	0.07903684133654534
5.385	-2.379441319269195	0.07792755233533068
5.395	-2.3727032793658465	0.07940660433695024
5.405	-2.366118109592037	0.08107053783877224
5.415	-2.3596943500853143	0.0788519598363429
5.425	-2.3534404813249212	0.08144030083917714
5.435	-2.347364918391937	0.07783511158522945
5.445	-2.3414760052589054	0.0788519598363429
5.455	-2.3357820091125685	0.08236470834018936
5.465	-2.330291114713286	0.08532281234342848
5.475	-2.325011418794674	0.08606233834423827
5.485	-2.3199509245070393	0.08070077483836735
5.495	-2.315117535908106	0.08328911584120158
5.505	-2.3105190525045174	0.08680186434504804
5.515	-2.306163163847589	0.08541525309352971
5.525	-2.3020574441867474	0.08439840484241626
5.535	-2.298209347184023	0.0903146128488945
5.545	-2.2946262006930107	0.08791115334626272
5.555	-2.2913152016055744	0.08596989759413703
5.565	-2.2882834107696266	0.08929776459778105
5.575	-2.2855377479811945	0.09281051310162751
5.585	-2.2830849870540098	0.08633966059454193
5.595	-2.280931750969759	0.08596989759413703
5.605	-2.2790845071121226	0.09207098710081774
5.615	-2.2775495625876574	0.08652454209474437
5.625	-2.2763330596365274	0.09706278760628376
5.635	-2.275440971136081	0.09456688735355075
5.645	-2.2748790962001264	0.09179366485051406
5.655	-2.274653055876805	0.08939020534788228
5.665	-2.274768288947814	0.09003729059859084
5.675	-2.275230047831737	0.08985240909838839
5.685	-2.2760433945941454	0.09216342785091895
5.695	-2.277213197067065	0.08939020534788228
5.705	-2.2787441250803657	0.09049949434909695
5.715	-2.2806406468075386	0.08865067934707249
5.725	-2.28290702522826	0.0923483093511214
5.735	-2.2855473147101075	0.08772627184606027
5.745	-2.288565357711655	0.08818847559656638
5.755	-2.2919647816091633	0.09012973134869205
5.765	-2.295748995648979	0.0923483093511214
5.775	-2.2999211880276844	0.09040705359899573
5.785	-2.3044843231019603	0.09281051310162751
5.795	-2.309441138730056	0.08717162734545293
5.805	-2.314794143746671	0.08726406809555416
5.815	-2.3205456155729696	0.08190250458968325
5.825	-2.3266975979633977	0.08892800159737617
5.835	-2.3332518988908353	0.08421352334221381
5.845	-2.3402100885715873	0.0820873860898857
5.855	-2.347573497631597	0.08328911584120158
5.865	-2.355343215415194	0.07875951908624168
5.875	-2.363520088437616	0.08430596409231503
5.885	-2.372104718982403	0.0800536895876588
5.895	-2.381097463844756	0.08430596409231503
5.905	-2.390498433221794	0.0796839265872539
5.915	-2.400307489750575	0.08319667509110036
5.925	-2.4105242476946915	0.07238110732925732
5.935	-2.421148072280102	0.07654094108381233
5.945	-2.4321780791807996	0.07432236308138299
5.955	-2.443613134154842	0.07450724458158543
5.965	-2.4554518528311586	0.07404504083107932
5.975	-2.4676926006474322	0.07496944833209154
5.985	-2.4803334929393164	0.07210378507895365
5.995	-2.4933723951811144	0.07413748158118054
6.005	-2.506806923377982	0.07413748158118054
6.015	-2.520634444609572	0.07043985157713165
6.025	-2.5348520777250307	0.06276726931873017
6.035	-2.5494566941890735	0.06914568107571452
6.045	-2.5644449190788388	0.06396899907004605
6.055	-2.5798131322311093	0.06849859582500596
6.065	-2.5955574695393686	0.06729686607369006
6.075	-2.6116738244001034	0.06239750631832527
6.085	-2.6281578493076765	0.06443120282055217
6.095	-2.645004957596969	0.06175042106761671
6.105	-2.6622103253329104	0.06119577656700938
6.115	-2.679768893345957	0.05971672456538982
6.125	-2.6976753694124533	0.06202774331792038
6.135	-2.7159242305787217	0.056666179812049466
6.145	-2.7345097256276554	0.059624283815288594
6.155	-2.753425877686526	0.05509468706032868
6.165	-2.772666486974533	0.057405705812859247
6.175	-2.792225133688669	0.05611153531144213
6.185	-2.8120951810262906	0.053153431308203006
6.195	-2.8322697783427238	0.05389295730901279
6.205	-2.8527418644421805	0.050195327304963885
6.215	-2.8735041710001434	0.04954824205425533
6.225	-2.894549226115328	0.05038020880516633
6.235	-2.9158693579891883	0.04751454555202843
6.245	-2.9374566987309567	0.050195327304963885
6.255	-2.959303188286026	0.04427911929848564
6.265	-2.9814005784854705	0.04132101529524651
6.275	-3.0037404372143928	0.044926204549194194
6.285	-2.479959158606083	0.07487700758199033
6.295	-2.500794923571811	0.07376771858077566
6.305	-2.521846800462281	0.07154914057834631
6.315	-2.543105665354454	0.0710869368278402
6.325	-2.5645622329180924	0.06757418832399374
6.335	-2.586207061244841	0.06766662907409496
6.345	-2.608030556778062	0.06840615507490475
6.355	-2.6300229793405823	0.06757418832399374
6.365	-2.652174447257448	0.0641538805702485
6.375	-2.6744749425707215	0.05851499481407392
6.385	-2.696914316343312	0.06165798031751549
6.395	-2.719482294048713	0.05869987631427637
6.405	-2.7421684810435556	0.05481736481002501
6.415	-2.7649623681197717	0.05805279106356781
6.425	-2.7878533371331535	0.05481736481002501
6.435	-2.8108306667049576	0.05481736481002501
6.445	-2.833883537993329	0.05130461630617856
6.455	-2.857001040531052	0.048161630802736985
6.465	-2.8801721781263114	0.053153431308203006
6.475	-2.9033858748229413	0.050934853305773665
6.485	-2.9266309809166886	0.04612793430051009
6.495	-2.9498962790239585	0.04760698630212965
6.505	-2.9731704901994735	0.04825407155283821
6.515	-2.996442280099273	0.04853139380314188
6.525	-3.019700265185363	0.04483376379909297
6.535	-3.042933018968437	0.04409423779828319
6.545	-3.0661290782849653	0.04058148929443673
6.555	-3.0892769496049093	0.04326227104737219
6.565	-3.112365115366403	0.04076637079463918
6.575	-3.135382040333619	0.041413456045347734
6.585	-3.1583161779740943	0.03669897779018538
6.595	-3.181155976851701	0.040396607794234284
6.605	-3.203889887031556	0.03910243729281717
6.615	-3.2265063664929854	0.037253622290792716
6.625	-3.2489938875468294	0.03485016278816093
6.635	-3.27134094325326	0.032261821785326696
6.645	-3.293536053836278	0.035497248038869486
6.655	-3.3155677730911357	0.03281646628593403
6.665	-3.3374246947808497	0.03494260353826215
6.675	-3.3590954590180404	0.02985836228269491
6.685	-3.380568758628284	0.03216938103522547
6.695	-3.401833345491193	0.0318920587849218
6.705	-3.422878036855505	0.0281944287808729
6.715	-3.4436917216243885	0.025698528528139888
6.725	-3.464263366607212	0.02643805452894967
6.735	-3.4845820227341315	0.028101988030771678
6.745	-3.504636831229727	0.02579096927824111
6.755	-3.5244170297420387	0.028101988030771678
6.765	-3.543911958423395	0.02643805452894967
6.775	-3.5631110659593492	0.025236324777633778
6.785	-3.582003915542169	0.025143884027532554
6.795	-3.6005801907853314	0.024866561777228884
6.805	-3.6188297015754904	0.025513647027937444
6.815	-3.636742389858393	0.02431191727662155
6.825	-3.654308335355373	0.022463102274597097
6.835	-3.671517761206948	0.02403459502631788
6.845	-3.688361039540176	0.022278220774394654
6.855	-3.7048286969564685	0.02181601702388854
6.865	-3.7209114199365536	0.02255554302469832
6.875	-3.73660006015942	0.01904279452085186
6.885	-3.75188563973198	0.019227676021054307
6.895	-3.7667593563264377	0.020706728022673867
6.905	-3.7812125882222047	0.021723576273787317
6.915	-3.7952368992494026	0.021723576273787317
6.925	-3.8088240436310006	0.018765472270548193
6.935	-3.821965970720674	0.021446254023483647
6.945	-3.8346548296335716	0.021631135523686094
6.955	-3.8468829737672183	0.01830326852004208
6.965	-3.858642965209873	0.01830326852004208
6.975	-3.869927579033674	0.016824216518422516
6.985	-3.88072980747003	0.020521846522471424
6.995	-3.891042863964769	0.01793350551963719
7.005	-3.900860187110607	0.014882960766296843
7.015	-3.9101754444545858	0.019597439021459197
7.025	-3.918982536178225	0.016454453518017626
7.035	-3.927275598648164	0.0175637425192323
7.045	-3.935049007835187	0.01691665726852374
7.055	-3.9422973825996026	0.019135235270953083
7.065	-3.949015587840972	0.018210827769940856
7.075	-3.955198737510348	0.018488150020244523
7.085	-3.9608421974832018	0.018580590770345747
7.095	-3.965941588291331	0.016824216518422516
7.105	-3.9704927877121063	0.016639335018220073
7.115	-3.9744919332135216	0.016731775768321296
7.125	-3.9779354242535794	0.019227676021054307
7.135	-3.9808199244326423	0.01479052001619562
7.145	-3.9831423634974605	0.017378861019029853
7.155	-3.9848999391956887	0.016731775768321296
7.165	-3.986090118979774	0.01654689426811885
7.175	-3.986710641559199	0.018025946269738413
7.185	-3.98675951830017	0.015345164516802956
7.195	-3.9862350344718913	0.016824216518422516
7.205	-3.9851357503387	0.018950353770750637
7.215	-3.983460502097408	0.018025946269738413
7.225	-3.981208402659286	0.01580736826730907
7.235	-3.9783788422762334	0.018580590770345747
7.245	-3.9749714890107573	0.01691665726852374
7.255	-3.9709862890494847	0.018857913020649417
7.265	-3.966423466860021	0.01830326852004208
7.275	-3.9612835251910696	0.01691665726852374
7.285	-3.955567244915806	0.016731775768321296
7.295	-3.9492756847186166	0.01867303152044697
7.305	-3.942410180625383	0.018580590770345747
7.315	-3.9349723453775933	0.015899809017410293
7.325	-3.9269640676506734	0.018118387019839633
7.335	-3.9183875111169932	0.018395709270143303
7.345	-3.9092451133541175	0.018857913020649417
7.355	-3.8995395845989576	0.018395709270143303
7.365	-3.8892739063485804	0.017841064769535966
7.375	-3.8784513298084935	0.017471301769131076
7.385	-3.8670753741893606	0.02079916877277509
7.395	-3.855149824853154	0.018395709270143303
7.405	-3.842678731309868	0.018488150020244523
7.415	-3.829666405065974	0.01941255752125675
7.425	-3.816117417325926	0.01728642026892863
7.435	-3.802036596548092	0.021076491023078757
7.445	-3.787429025856553	0.021723576273787317
7.455	-3.772300040310353	0.021723576273787317
7.465	-3.756655224031798	0.021261372523281204
7.475	-3.740500407195557	0.02366483202591299
7.485	-3.723841662880333	0.021076491023078757
7.495	-3.706685303785022	0.022093339274192207
7.505	-3.6890378788112845	0.022000898524090984
7.515	-3.6709061695145975	0.022370661524495874
7.525	-3.6522971864259164	0.023849713526115437
7.535	-3.6332181652461095	0.024127035776419104
7.545	-3.6136765629154626	0.02394215427621666
7.555	-3.5936800535606084	0.023572391275811767
7.565	-3.5732365243212705	0.025143884027532554
7.575	-3.552354071059349	0.028009547280670455
7.585	-3.5310409939528586	0.025236324777633778
7.595	-3.509305792977415	0.02680781752935456
7.605	-3.4871571632778817	0.027085139779658228
7.615	-3.4646039904330252	0.026992699029557005
7.625	-3.4416553456159162	0.02653049527905089
7.635	-3.4183204806530147	0.02754734353016434
7.645	-3.394608822984867	0.025883410028342334
7.655	-3.3705299705314076	0.026160732278646
7.665	-3.3460936864649327	0.02995080303279613
7.675	-3.321309893893834	0.031244973534213245
7.685	-3.296188670460282	0.031244973534213245
7.695	-3.2707402428550636	0.033740873786946256
7.705	-3.2449749812528146	0.028009547280670455
7.715	-3.218903393670959	0.03466528128795848
7.725	-3.1925361202557467	0.034295518287553596
7.735	-3.165883927498703	0.03521992578856582
7.745	-3.1389577023869992	0.03466528128795848
7.755	-3.11176844649117	0.03669897779018538
7.765	-3.0843272699936786	0.03771582604129883
7.775	-3.0566453856619002	0.03873267429241228
7.785	-3.0287341027690777	0.041690778295651404
7.795	-3.0006048209668332	0.0396570817934245
7.805	-2.9722690241128706	0.04178321904575263
7.815	-2.9437382740575586	0.04400179704818197
7.825	-2.9150242043929886	0.042707626546764854
7.835	-2.886138514168276	0.04363203404777708
7.845	-2.8570929615747698	0.04455644154878931
7.855	-2.8278993576049336	0.048161630802736985
7.865	-2.7985695596885956	0.0457581713001052
7.875	-2.7691154653103363	0.04723722330172476
7.885	-2.7395490056118232	0.04964068280435655
7.895	-2.7098821389827603	0.05601909456134091
7.905	-2.680126844644316	0.055464450060733576
7.915	-2.65029511622876	0.05250634605749445
7.925	-2.6203989553590725	0.06230506556822405
7.935	-2.5904503652323188	0.05906963931468125
7.945	-2.5604613442105615	0.05906963931468125
7.955	-2.5304438794230277	0.05980916531549104
7.965	-2.5004099403833075	0.06230506556822405
7.975	-2.4703714726253327	0.07228866657915609
7.985	-2.4403403913618367	0.07173402207854876
7.995	-2.4103285751689962	0.0719189035787512
8.005	-2.3803478597009486	0.07339795558037077
8.015	-2.3504100314378755	0.07201134432885242
8.025	-2.3205268214712627	0.07515432983229399
8.035	-2.2907098993299497	0.07413748158118054
8.045	-2.260970866850613	0.07663338183391355
8.055	-2.23132125209616	0.08365887884160647
8.065	-2.20177250332564	0.07986880808745635
8.075	-2.1723359830191358	0.08430596409231503
8.085	-2.14302296196106	0.09059193509919818
8.095	-2.113844613385354	0.08975996834828717
8.105	-2.084812007185879	0.09022217209879328
8.115	-2.0559361041954283	0.0964157023555752
8.125	-2.0272277505365652	0.09465932810365196
8.135	-1.9986976720476026	0.09974356935921921
8.145	-1.970356468786902	0.10325631786306567
8.155	-1.9422146096186017	0.10510513286509013
8.165	-1.914282426882931	0.10344119936326812
8.175	-1.886570111154133	0.11139110387197326
8.185	-1.859087706088944	0.1119457483725806
8.195	-1.8318451033686043	0.11360968187440261
8.205	-1.8048520377372572	0.1185090416297674
8.215	-1.7781180821395517	0.11776951562895763
8.225	-1.7516526429601493	0.12192934938351264
8.235	-1.7254649553678996	0.12497989413685298
8.245	-1.6995640787672062	0.13126586514373612
8.255	-1.673958892359201	0.13339200239606425
8.265	-1.648658090815204	0.13505593589788625
8.275	-1.6236701800647848	0.1446697739084134
8.285	-1.5990034732009022	0.13514837664798748
8.295	-1.5746660865042714	0.1409721439043645
8.305	-1.5506659355892172	0.15409873041873812
8.315	-1.5270107316730641	0.15095574491529654
8.325	-1.5037079779711562	0.1531743229177259
8.335	-1.4807649662194409	0.15779636042278702
8.345	-1.4581887733264824	0.16362012767916403
8.355	-1.4359862581566922	0.17092294693716062
8.365	-1.4141640584465465	0.1675026391834154
8.375	-1.3927285878553655	0.1703683024365533
8.385	-1.371686033152221	0.17591474744262664
8.395	-1.3510423515404437	0.17425081394080463
8.405	-1.330803268121116	0.18783960420568438
8.415	-1.3109742734967975	0.1932936084616565
8.425	-1.2915606215167594	0.19347848996185896
8.435	-1.272567327164798	0.19264652321094794
8.445	-1.2539991645906436	0.1904279452085186
8.455	-1.235860665285967	0.20244524272167755
8.465	-1.2181561164057857	0.2055882282251191
8.475	-1.200889559236038	0.20004178321904575
8.485	-1.1840647878080186	0.21113467323119248
8.495	-1.1676853476602505	0.21640379598696216
8.505	-1.1517545347482552	0.21668111823726582
8.515	-1.1362753945026844	0.22204268174313674
8.525	-1.1212507210360414	0.22342929299465508
8.535	-1.1066830564983077	0.22657227849809666
8.545	-1.0925746905814946	0.22259732624374406
8.555	-1.0789276601732511	0.23470706450700424
8.565	-1.0657437491594164	0.23147163825346145
8.575	-1.0530244883753852	0.23581635350821892
8.585	-1.0407711557060555	0.24099303551388737
8.595	-1.0289847763340347	0.2476487695211754
8.605	-1.0176661231356559	0.24367381726682283
8.615	-1.0068157172243315	0.25855677803311966
8.625	-0.9964338286406509	0.25809457428261356
8.635	-0.9865204771884775	0.25042199202421206
8.645	-0.9770754334163447	0.2571701667816013
8.655	-0.9680982197432404	0.25800213353251233
8.665	-0.9595881117278355	0.2680781752935456
8.675	-0.9515441394801316	0.26493518979010405
8.685	-0.9439650892143987	0.26872526054425416
8.695	-0.9368495049421763	0.26216196728706737
8.705	-0.9301956903040738	0.263271256288282
8.715	-0.9240017105389742	0.27528855380144096
8.725	-0.9182653945891808	0.26946478654506395
8.735	-0.9129843373399666	0.2756583168018459
8.745	-0.9081559019919139	0.2715909237973921
8.755	-0.9037772225643281	0.2701118717957725
8.765	-0.8998452065279516	0.26160732278646004
8.775	-0.896356537565119	0.28462506956166445
8.785	-0.8933076784554235	0.28591924006308156
8.795	-0.890694874084871	0.28055767655721064
8.805	-0.8885141545764736	0.2791710653056923
8.815	-0.8867613385400781	0.2758431983020483
8.825	-0.8854320364392516	0.2804652358071094
8.835	-0.8845216540729013	0.2701118717957725
8.845	-0.8840253961692861	0.280280354306907
8.855	-0.8839382700899623	0.28582679931298033
8.865	-0.8842550896412136	0.28591924006308156
8.875	-0.8849704789903745	0.2739019425499226
8.885	-0.8860788766844352	0.2734397387994165
8.895	-0.8875745397682759	0.27759957255397155
8.905	-0.8894515479997658	0.2770449280533642
8.915	-0.8917038081589481	0.2826838138095388
8.925	-0.8943250584484725	0.2740868240501251
8.935	-0.8973088729823702	0.2676159715430395
8.945	-0.9006486663602193	0.26743109004283705
8.955	-0.9043376983237104	0.2776920133040728
8.965	-0.9083690784925751	0.2823140508091339
8.975	-0.9127357711767687	0.27759957255397155
8.985	-0.9174306002617851	0.2615148820363588
8.995	-0.9224462541639502	0.2698345495454688
9.005	-0.9277752908524415	0.26909502354465903
9.015	-0.9334101429348278	0.2640107822890918
9.025	-0.93934312280281	0.2774146910537691
9.035	-0.9455664278348785	0.26262417103757346
9.045	-0.952072145652509	0.2610526782858527
9.055	-0.958852259426556	0.258279455782816
9.065	-0.9658986532304104	0.26373346003878817
9.075	-0.9732031174365083	0.2548591480290708
9.085	-0.9807573541527619	0.258279455782816
9.095	-0.9885529826954063	0.2612375597860551
9.105	-0.9965815450948141	0.2551364702793744
9.115	-1.0048345116307504	0.24607727676945462
9.125	-1.013303286393578	0.2508841957747182
9.135	-1.0219792128678662	0.24422846176743018
9.145	-1.0308535795348783	0.24136279851429226
9.155	-1.0399176254904121	0.2480185325215803
9.165	-1.0491625460744245	0.22490834499627466
9.175	-1.0585794985089012	0.23988374651267272
9.185	-1.0681596075404454	0.2353541497577128
9.195	-1.0778939710840145	0.2267571599982991
9.205	-1.0877736658642796	0.23479950525710547
9.215	-1.0977897530510647	0.2300850270019431
9.225	-1.1079332838853708	0.21769796648837927
9.235	-1.1181953052924238	0.22999258625184188
9.245	-1.1285668654783034	0.2194543407403025
9.255	-1.1390390195066273	0.2174206442380756
9.265	-1.1496028348518306	0.22786644899951378
9.275	-1.1602493969256376	0.21501718473544382
9.285	-1.170969814573239	0.21806772948878417
9.295	-1.1817552255358237	0.20688239872653624
9.305	-1.192596801876066	0.20401673547339833
9.315	-1.203485755363251	0.20706728022673868
9.325	-1.2144133428146924	0.20401673547339833
9.335	-1.2253708713901854	0.209285858229168
9.345	-1.2363497038362348	0.20947073972937047
9.355	-1.247341263676878	0.20651263572613135
9.365	-1.2583370403478782	0.20189059822107022
9.375	-1.2693285942712094	0.1932011677115553
9.385	-1.2803075618667235	0.19948713871843843
9.395	-1.2912656604979544	0.19015062295821494
9.405	-1.3021946933490676	0.19578950871438952
9.415	-1.3130865542300105	0.19310872696145406
9.425	-1.3239332323069584	0.19098258970912593
9.435	-1.3347268167552022	0.18497394095254646
9.445	-1.3454595013317197	0.18478905945234403
9.455	-1.3561235888646377	0.18941109695740516
9.465	-1.3667114956569515	0.18996574145801248
9.475	-2.363225243849375	0.06766662907409496
9.485	-2.376134955457021	0.06609513632237418
9.495	-2.38894645877837	0.06489340657105828
9.505	-2.4016526662473403	0.06637245857267784
9.515	-2.414246624415249	0.06276726931873017
9.525	-2.4267215177870645	0.06387655831994483
9.535	-2.4390706725548514	0.06322947306923628
9.545	-2.451287560226253	0.06461608432075461
9.555	-2.463365801145904	0.05879231706437759
9.565	-2.4752991679077403	0.06248994706842649
9.575	-2.487081588656274	0.05749814656296047
9.585	-2.4987071502749276	0.06258238781852772
9.595	-2.510170101459616	0.06396899907004605
9.605	-2.5214648556758945	0.05879231706437759
9.615	-2.532585993997955	0.060086487565794704
9.625	-2.543528267827938	0.05980916531549104
9.635	-2.5542866014940557	0.05712838356255558
9.645	-2.5648560947261014	0.057405705812859247
9.655	-2.575232025007015	0.05833011331387147
9.665	-2.585409849799259	0.05916208006478248
9.675	-2.595385208644823	0.054724924059923796
9.685	-2.605153925137753	0.0543551610595189
9.695	-2.614712008768256	0.05601909456134091
9.705	-2.6240556566373785	0.0543551610595189
9.715	-2.633181255041495	0.051489497806381
9.725	-2.6420853809258036	0.05426272030941768
9.735	-2.6507648032061937	0.05130461630617856
9.745	-2.659216483958888	0.05398539805911401
9.755	-2.667437579477368	0.05398539805911401
9.765	-2.6754254411961793	0.0543551610595189
9.775	-2.6831776164812933	0.05574177231103724
9.785	-2.69069184928678	0.0535231943086079
9.795	-2.6979660806776518	0.05398539805911401
9.805	-2.7049984492188184	0.052413905307393226
9.815	-2.711787291230168	0.050195327304963885
9.825	-2.718331140907892	0.05454004255972135
9.835	-2.7246287303122463	0.051212175556077336
9.845	-2.730678989222026	0.05102729405587489
9.855	-2.7364810448561485	0.05306099055810178
9.865	-2.742034221462763	0.05333831280840545
9.875	-2.747338039776445	0.053153431308203006
9.885	-2.752392216344101	0.04853139380314188
9.895	-2.7571966627202884	0.05056509030536877
9.905	-2.7617514845327413	0.05028776805506511
9.915	-2.766056980418972	0.04732966405182598
9.925	-Inf	0.0
9.935	-Inf	0.0
9.945	-Inf	0.0
9.955	-Inf	0.0
9.965	-Inf	0.0
9.975	-Inf	0.0
9.985	-Inf	0.0
9.995	-Inf	0.0
