0.005	-Inf	0.0
0.015	-Inf	0.0
0.025	-Inf	0.0
0.035	-Inf	0.0
0.045	-Inf	0.0
0.055	-0.7303332521440099	0.18331527100440442
0.065	-0.7568804742330293	0.1874835007572284
0.075	-0.7829430176316993	0.19321481666736137
0.085	-0.8085076179429387	0.1862677670793214
0.095	-0.8335613193562241	0.1859204145999194
0.105	-0.8580914817021299	0.18105747988829143
0.115	-0.8820857873174064	0.17489197337890597
0.125	-0.9055322477166281	0.1744577827796535
0.135	-0.9284192100665629	0.16664235199310853
0.145	-0.9507353634595312	0.17958123185083294
0.155	-0.9724697449821493	0.16612132327400553
0.165	-0.993611745575973	0.169334333708474
0.175	-1.0141511156866851	0.1671633807122115
0.185	-1.0340779706986059	0.16134522668222806
0.195	-1.0533827961514184	0.16247412224028454
0.205	-1.0720564527361578	0.16203993164103206
0.215	-1.0900901810676258	0.1542245008544871
0.225	-1.1074756062305404	0.15709015880955357
0.235	-1.1242047420968668	0.16091103608297555
0.245	-1.1402699954119055	0.16698970447251052
0.255	-1.1556641696468715	0.16594764703430454
0.265	-1.1703804686158183	0.15787170188820807
0.275	-1.184412499854925	0.1538771483750851
0.285	-1.1977542777622938	0.15135884289942061
0.295	-1.2104002264965557	0.15066413794061662
0.305	-1.2223451826327307	0.14727745126644715
0.315	-1.2335843975739342	0.14597487946868964
0.325	-1.2441135397176644	0.14814583246495214
0.335	-1.2539286963755658	0.14901421366345713
0.345	-1.2630263754456994	0.15118516665971962
0.355	-1.2714035068365095	0.14710377502674613
0.365	-1.2790574436418265	0.14554068886943713
0.375	-1.2859859630663886	0.14336973587317467
0.385	-1.2921872671015269	0.14805899434510164
0.395	-1.2976599829508009	0.1535297958956831
0.405	-1.302403163205522	0.14319605963347365
0.415	-1.306416285770264	0.1395488585997527
0.425	-1.3096992535385978	0.14380392647242715
0.435	-1.3122523938194481	0.14840634682450363
0.445	-1.3140764575146093	0.14501966015033416
0.455	-1.3151726180481211	0.14076459227765967
0.465	-1.315542470048348	0.14675642254734414
0.475	-1.3151880277837469	0.1358148194461812
0.485	-1.314111723353471	0.14623539382824113
0.495	-1.3123164046340947	0.14258819279452017
0.505	-1.3098053329838963	0.14258819279452017
0.515	-1.306582180706275	0.13980937295930418
0.525	-1.3026510282740298	0.14137245911661317
0.535	-1.2980163613163713	0.14614855570839064
0.545	-1.292683067370669	0.15118516665971962
0.555	-1.2866564324010965	0.14632223194809163
0.565	-1.2799421370864552	0.14536701262973614
0.575	-1.2725462528796143	0.14988259486196212
0.585	-1.2644752378411284	0.14606171758854014
0.595	-1.2557359322497352	0.1516193572589721
0.605	-1.2463355539925676	0.1521403859780751
0.615	-1.2362816937380434	0.14988259486196212
0.625	-1.2255823098945329	0.14501966015033416
0.635	-1.214245723358019	0.16082419796312505
0.645	-1.2022806120521072	0.15483236769344058
0.655	-1.1896960052638488	0.14962208050241063
0.665	-1.1765012777789732	0.15474552957359008
0.675	-1.162706143820245	0.15691648256985258
0.685	-1.148320650792766	0.15917427368596557
0.695	-1.13335517284017	0.1553533964125436
0.705	-1.1178204042157627	0.16325566531893904
0.715	-1.1017273524727735	0.16091103608297555
0.725	-1.0850873314779819	0.16438456087699554
0.735	-1.0679119542530966	0.1702895530268295
0.745	-1.0502131256483658	0.17115793422533448
0.755	-1.0320030348529814	0.170897419865783
0.765	-1.013294147746957	0.16525294207550054
0.775	-0.9940991990992345	0.1694211718283245
0.785	-0.9744311846168676	0.17549984021785947
0.795	-0.9543033528502289	0.1730683728620455
0.805	-0.9337291969592512	0.1851388715212649
0.815	-0.9127224463458092	0.18105747988829143
0.825	-0.8912970581574186	0.1894807775137899
0.835	-0.8694672086675055	0.19113070179094938
0.845	-0.8472472845375674	0.18548622400066692
0.855	-0.8246518739666171	0.19199908298945437
0.865	-0.8016957577333603	0.19660150334153084
0.875	-0.7783939001366302	0.20389590540897282
0.885	-0.7547614398396376	0.21049560251761076
0.895	-0.7308136806236737	0.19877245633779334
0.905	-0.7065660820569383	0.21032192627790977
0.915	-0.6820342500842104	0.21162449807566727
0.925	-0.6572339275431344	0.21336126047267726
0.935	-0.6321809846129225	0.2236949967348867
0.945	-0.6068914092013169	0.22386867297458768
0.955	-0.5813812972756799	0.22612646409070067
0.965	-0.5556668431441288	0.23038153196337516
0.975	-0.5297643296926211	0.23324718991844162
0.985	-0.5036901185839594	0.2386311533491726
0.995	-0.4774606404246692	0.24905172773123255
1.005	-0.4510923849057409	0.24453614549900657
1.015	-0.42460189092321304	0.24618606977616606
1.025	-0.39800573668461253	0.25843024467508646
1.035	-0.37132052980723596	0.26364053186611647
1.045	-0.3445628974142863	0.2709349339335584
1.055	-0.31774947623484734	0.2744084587275784
1.065	-0.29089690271369717	0.26511677990357496
1.075	-0.26402180313692414	0.2758847067650369
1.085	-0.2371407837793169	0.28248440387367485
1.095	-0.21027042107946092	0.28422116627068483
1.105	-0.1834272518484691	0.3028045239186917
1.115	-0.15662776351822644	0.3089700304280772
1.125	-0.12988838443502904	0.3051491531546552
1.135	-0.10322547420442763	0.31218304086254567
1.145	-0.07665531409308024	0.3100989259861337
1.155	-0.0501940974933619	0.3370187431397885
1.165	-0.02385792045643431	0.3301585316715991
1.175	0.002337227700559774	0.34934975615855945
1.185	0.028375473707573207	0.35395217651063593
1.195	0.05424106956944297	0.35264960471287843
1.205	0.07991840170290643	0.34865505119975543
1.215	0.10539199997739412	0.3556021007877954
1.225	0.1306465466542459	0.38347713725980576
1.235	0.15566688521903538	0.38052464118488877
1.245	0.18043802910178286	0.3905110249676962
1.255	0.204945170279886	0.3999763800314007
1.265	0.22917368775871094	0.3905978630875467
1.275	0.25310915592481287	0.41760451836105206
1.285	0.2767373527669078	0.4066629152598891
1.295	0.3000442679597354	0.41595459408389257
1.305	0.32301611080608994	0.4395745626832284
1.315	0.3456393180323676	0.43445111361204897
1.325	0.3679005614330825	0.4421797062787434
1.335	0.3897867553598795	0.43879301960457395
1.345	0.4112850640507162	0.46328136940241477
1.355	0.43238290879494223	0.4697942283912022
1.365	0.45306797493013784	0.48047531713281366
1.375	0.4733282186666714	0.4811700220916177
1.385	0.49315187373605607	0.4841225181665347
1.395	0.5125274578592782	0.4882039097995081
1.405	0.5314437790314139	0.5105213066010865
1.415	0.5498899416189409	0.5242417295374654
1.425	0.5678553522662808	0.5224181290206049
1.435	0.5853297256082457	0.5341412752004223
1.445	0.602303089785154	0.5289309880093924
1.455	0.6187657917575362	0.5334465702416183
1.465	0.6347085024174535	0.5610610923540772
1.475	0.6501222214936051	0.5768656301668681
1.485	0.6649982822475093	0.5564586720020007
1.495	0.679328355958186	0.5588901393578147
1.505	0.6931044561929078	0.5794707737623831
1.515	0.7063189428616945	0.5674002751031637
1.525	0.7189645260534114	0.5810338599196921
1.535	0.7310342696514098	0.5876335570283301
1.545	0.7425215947268364	0.59458060661637
1.555	0.7534202827078489	0.6122087449460214
1.565	0.7637244783231294	0.6079536770733469
1.575	0.7734286923182168	0.6117745543467689
1.585	0.7825278039433416	0.606216914676337
1.595	0.791017063211565	0.6104719825490115
1.605	0.7988920929261805	0.6126429355452739
1.615	0.8061488904764911	0.6232371861670348
1.625	0.8127838294011966	0.6188952801745099
1.635	0.8187936607187813	0.6276659302794103
1.645	0.8241755140244491	0.6213267475303239
1.655	0.828926898353276	0.6312262931932808
1.665	0.833045702809412	0.6438178205716032
1.675	0.8365301969613044	0.6460756116877162
1.685	0.83937903100306	0.6382601809011712
1.695	0.8415912356822017	0.6456414210884637
1.705	0.8431662219942382	0.6546725855529156
1.715	0.8441037806445895	0.6387812096202743
1.725	0.8444040812785638	0.6542383949536632
1.735	0.8440676714802251	0.6423415725341447
1.745	0.8430954755411395	0.6478123740847263
1.755	0.8414887930001074	0.6434704680922012
1.765	0.8392492969551586	0.6448598780098093
1.775	0.8363790321492139	0.6500701652008392
1.785	0.8328804128309439	0.6354813610659553
1.795	0.8287562203925227	0.6250607866838953
1.805	0.8240096007860802	0.6372181234629652
1.815	0.8186440617208168	0.6255818154029983
1.825	0.812663469642857	0.6221951287288289
1.835	0.8060720465000779	0.6257554916426993
1.845	0.7988743662942497	0.6172453558973504
1.855	0.7910753514229718	0.6312262931932808
1.865	0.7826802688140253	0.61194823058647
1.875	0.773694725854863	0.6176795464966028
1.885	0.7641246661201038	0.599964570047101
1.895	0.7539763649000153	0.6094299251108054
1.905	0.7432564245330835	0.6025697136426159
1.915	0.7319717695458903	0.5770393064065691
1.925	0.7201296416036445	0.5931043585789115
1.935	0.7077375942748105	0.5769524682867186
1.945	0.6948034876133935	0.5723500479346422
1.955	0.6813354825625728	0.5780813638447752
1.965	0.667342035183442	0.5676607894627151
1.975	0.6528318907127537	0.5492511080544092
1.985	0.637814077453656	0.5523772803690272
1.995	0.6222979005034983	0.5561113195225987
2.005	0.6062929353228923	0.5364859044363859
2.015	0.58980902115032	0.5396120767510039
2.025	0.5728562542666329	0.515471079432565
2.035	0.5554449811139137	0.4979297792227641
2.045	0.5375857912732482	0.517728870548678
2.055	0.5192895103060167	0.5004480846984286
2.065	0.5005671924634216	0.48863810039876066
2.075	0.4814301132690304	0.49176427271337864
2.085	0.46188976197919307	0.4796937740541592
2.095	0.4419578339262371	0.46918636155224874
2.105	0.4216462227494755	0.46328136940241477
2.115	0.4009670125190332	0.4609367401664513
2.125	0.3799324697576618	0.4453927167132119
2.135	0.35855503536566746	0.4513845469828964
2.145	0.33684731645421784	0.428546121462215
2.155	0.314822078092299	0.43740360968696596
2.165	0.29249223497262844	0.41751768024120156
2.175	0.2698708430019402	0.41656246092284605
2.185	0.24697109082100144	0.3960686646381282
2.195	0.2238062912598554	0.3986738082336432
2.205	0.20038987273374065	0.3841718422186097
2.215	0.1767353705852287	0.37965625998638375
2.225	0.15285641837809294	0.36958303808372583
2.235	0.12876673914849013	0.3562099676267489
2.245	0.10448013661903022	0.35395217651063593
2.255	0.08001048638134178	0.3557757770274964
2.265	0.05537172705272586	0.3385818292970975
2.275	0.030577851412544876	0.33788712433829354
2.285	0.005642897523943757	0.334500437664124
2.295	-0.019419060153437195	0.3245140538813166
2.305	-0.04459391965416015	0.33267683714726354
2.315	-0.06986756039546016	0.3260771400386256
2.325	-0.09522585205788647	0.31704597557417363
2.335	-0.12065466345249609	0.3172196518138746
2.345	-0.1461398713690477	0.30228349519958875
2.355	-0.1716673693995907	0.29985202784377474
2.365	-0.19722307673195688	0.3003730565628777
2.375	-0.22279294690757906	0.2919497589373793
2.385	-0.24836297653821332	0.2730190488099704
2.395	-0.27391921397606467	0.2857842524279938
2.405	-0.299447767931922	0.2691981715365484
2.415	-0.32493481603593916	0.2661588373417809
2.425	-0.3503666133356852	0.26164325510955494
2.435	-0.3757295007262413	0.2556514248398705
2.445	-0.40100991330704605	0.257648701596432
2.455	-0.42619438866036286	0.24366776430050158
2.465	-0.45126957504620135	0.2516568713267475
2.475	-0.47622223950865317	0.24505717421810957
2.485	-0.5010392758886256	0.24253886874244507
2.495	-0.525707712738056	0.23324718991844162
2.505	-0.5502147211307058	0.22907896016561766
2.515	-0.5745476223647805	0.22386867297458768
2.525	-0.5986938955526202	0.21874522390340823
2.535	-0.6226411850928464	0.2235213204951857
2.545	-0.6463773080203786	0.2217845580981757
2.555	-0.6698902612298706	0.21518486098953774
2.565	-0.6931682285681511	0.21327442235282676
2.575	-0.7161995877913856	0.21040876439776027
2.585	-0.7389729173827363	0.20919303071985326
2.595	-0.7614770032264289	0.19972767565614882
2.605	-0.7837008451341606	0.19521209342392284
2.615	-0.8056336632199953	0.20189862865241132
2.625	-0.8272649041198741	0.20762994456254427
2.635	-0.8485842470520564	0.1842704903227599
2.645	-0.8695816097148866	0.1875703388770789
2.655	-0.8902471540183655	0.18965445375349088
2.665	-0.9105712916461743	0.18366262348380644
2.675	-0.9305446894448524	0.18079696552873994
2.685	-0.9501582746369744	0.1873098245175274
2.695	-0.9694032398552922	0.18296791852500244
2.705	-0.9882710479949115	0.17767079321412196
2.715	-1.006753436880698	0.17784446945382296
2.725	-1.0248424237472502	0.17341572534144747
2.735	-1.0425303095288383	0.16525294207550054
2.745	-1.0598096829569341	0.172807858502494
2.755	-1.0766734244629736	0.169508009948175
2.765	-1.0931147098842104	0.17463145901935448
2.775	-1.109127013970586	0.16065052172342406
2.785	-1.1247041136907134	0.16681602823280953
2.795	-1.1398400913351745	0.16360301779834105
2.805	-1.1545293374154977	0.1673370569519125
2.815	-1.168766553357255	0.16073735984327456
2.825	-1.1825467539859398	0.16664235199310853
2.835	-1.1958652698043268	0.16342934155864003
2.845	-1.2087177490602277	0.16169257916163005
2.855	-1.221100159603653	0.16377669403804204
2.865	-1.2330087905325273	0.15900059744626457
2.875	-1.2444402536262635	0.14858002306420462
2.885	-1.2553914845666183	0.1523140622177761
2.895	-1.2658597439454016	0.16091103608297555
2.905	-1.2758426180587437	0.14901421366345713
2.915	-1.285338019487757	0.14710377502674613
2.925	-1.2943441874655963	0.1543981770941881
2.935	-1.3028596880310068	0.15413766273463658
2.945	-1.310883413968635	0.1516193572589721
2.955	-1.3184145845365016	0.15926111180581606
2.965	-1.325452744981151	0.15118516665971962
2.975	-1.3319977658411521	0.1517061953788226
2.985	-1.3380498420397593	0.14849318494435412
2.995	-1.3436094917676682	0.1508378141803176
3.005	-1.348677555156927	0.14970891862226113
3.015	-1.353255192747238	0.14554068886943713
3.025	-1.3573438837459508	0.14632223194809163
3.035	-1.360945424083262	0.14145929723646367
3.045	-1.3640619242641794	0.14067775415780917
3.055	-1.3666958070190134	0.14363025023272616
3.065	-1.3688498047542415	0.1394620204799022
3.075	-1.3705269568057332	0.14779847998555012
3.085	-1.3717306064964554	0.14493282203048366
3.095	-1.3724643980008788	0.1352069526072277
3.105	-1.3727322730184681	0.14423811707167966
3.115	-1.3725384672586975	0.15109832853986913
3.125	-1.371887506740248	0.14614855570839064
3.135	-1.3707842039070397	0.14640907006794215
3.145	-1.3692336535639735	0.1532692815361316
3.155	-1.3672412286353222	0.14701693690689563
3.165	-1.3648125757488023	0.14927472802300862
3.175	-1.3619536106485395	0.1514456810192711
3.185	-1.3586705134401456	0.14805899434510164
3.195	-1.354969723671345	0.1537034721353841
3.205	-1.3508579352515864	0.14736428938629764
3.215	-1.346342091214244	0.14493282203048366
3.225	-1.3414293783250972	0.15127200477957012
3.235	-1.3361272215408524	0.1536166340155336
3.245	-1.330443278321569	0.14788531810540062
3.255	-1.3243854328009834	0.1531824434162811
3.265	-1.3179617898187428	0.15891375932641408
3.275	-1.3111806688187118	0.1557875870117961
3.285	-1.3040505976175554	0.1557875870117961
3.295	-1.2965803060478907	0.15622177761104858
3.305	-1.2887787194803966	0.16247412224028454
3.315	-1.2806549522293147	0.15787170188820807
3.325	-1.2722183008458727	0.169334333708474
3.335	-1.263478237304203	0.16247412224028454
3.345	-1.2544444020844254	0.16499242771594902
3.355	-1.2451265971575882	0.16490558959609852
3.365	-1.2355347788772635	0.16429772275714505
3.375	-1.2256790507826143	0.172981534742195
3.385	-1.2155696563177945	0.1721999916635405
3.395	-1.2052169714726597	0.172981534742195
3.405	-1.1946314973497154	0.16507926583579954
3.415	-1.1838238526623646	0.18209953732649742
3.425	-1.172804766169485	0.18461784280216192
3.435	-1.1615850690514342	0.18600725271976992
3.445	-1.150175687232632	0.17593403081711198
3.455	-1.1385876336558614	0.18288108040515194
3.465	-1.1268320005134695	0.18522570964111543
3.475	-1.1149199514406887	0.18826504383588288
3.485	-1.102862713676293	0.19512525530407235
3.495	-1.0906715701958336	0.19477790282467036
3.505	-1.0783578518227308	0.1900018062328929
3.515	-1.065932929322437	0.19425687410556736
3.525	-1.053408205485002	0.19173856862990288
3.535	-1.0407951072012545	0.2033748766898698
3.545	-1.0281050775379241	0.19859878009809234
3.555	-1.0153495678169275	0.2012907618134578
3.565	-1.0025400297041025	0.20076973309435484
3.575	-0.989687907312624	0.20762994456254427
3.585	-0.9768046293263479	0.21197185055506926
3.595	-0.9639016011482753	0.21440331791088324
3.605	-0.9509901970793653	0.2220450724577272
3.615	-0.9380817525328145	0.22725535964875718
3.625	-0.9251875562889831	0.2218713962180262
3.635	-0.9123188427960701	0.21726897586594973
3.645	-0.8994867845215789	0.22751587400830867
3.655	-0.8867024843596585	0.2355918191544051
3.665	-0.8739769680992553	0.22612646409070067
3.675	-0.8613211769580702	0.23463659983604962
3.685	-0.8487459601872078	0.2370680671918636
3.695	-0.8362620677513525	0.2386311533491726
3.705	-0.8238801430892793	0.25122268072749504
3.715	-0.811610715959437	0.24366776430050158
3.725	-0.7994641953752756	0.254696205521515
3.735	-0.7874508626349447	0.25139635696719603
3.745	-0.7755808644498825	0.2617300932294055
3.755	-0.7638642061768052	0.2603406833117975
3.765	-0.7523107451574816	0.26008016895224595
3.775	-0.7409301841706389	0.2686771428174454
3.785	-0.7297320650002372	0.26294582690731244
3.795	-0.7187257621242982	0.2717164770122129
3.805	-0.7079204765283654	0.2764925736039904
3.815	-0.697325229647619	0.28526322370889085
3.825	-0.6869488574415391	0.2889104247426118
3.835	-0.6768000046049539	0.28561057618829283
3.845	-0.6668871189192004	0.2748426493268309
3.855	-0.6572184457470331	0.2907340252594723
3.865	-0.6478020226748218	0.2976810748475123
3.875	-0.6386456743054724	0.2883893960235088
3.885	-0.6297570072053938	0.2959443124505023
3.895	-0.6211434050087683	0.3042807719561502
3.905	-0.6128120236822188	0.3003730565628777
3.915	-0.6047697869529086	0.3070595917913662
3.925	-0.5970233819029694	0.29794158920706376
3.935	-0.5895792547330394	0.3115751740235922
3.945	-0.5824436066976102	0.31661178497492115
3.955	-0.5756223902147274	0.3239061870423631
3.965	-0.5691213051524935	0.31713281369402413
3.975	-0.5629457952946975	0.31939060481013715
3.985	-0.5571010449877744	0.3262508162783266
3.995	-0.5515919759711817	0.31583024189626663
4.005	-0.5464232443931488	0.32095369096744614
4.015	-0.5415992380136265	0.3206931766078946
4.025	-0.5371240735961643	0.3254692731996721
4.035	-0.5330015944902758	0.32963750295249605
4.045	-0.5292353684057653	0.3359766857015825
4.055	-0.5258286853803331	0.3259903019187751
4.065	-0.522784555941655	0.3272060355966821
4.075	-0.5201057094650089	0.3270323593569811
4.085	-0.5177945927273816	0.3418816778514165
4.095	-0.5158533686588593	0.34518152640573546
4.105	-0.5142839152919815	0.33354521834576856
4.115	-0.5130878249095862	0.334500437664124
4.125	-0.5122664033915753	0.31956428104983814
4.135	-0.5118206697608536	0.33814763869784503
4.145	-0.5117513559286058	0.3256429494393731
4.155	-0.5120589066389061	0.32998485543189804
4.165	-0.512743479612547	0.33328470398621707
4.175	-0.5138049458898327	0.32998485543189804
4.185	-0.5152428903719395	0.3232983202034096
4.195	-0.5170566125603446	0.336063523821433
4.205	-0.5192451274936455	0.32937698859294456
4.215	-0.5218071668810167	0.3359766857015825
4.225	-0.5247411804313646	0.337800286218443
4.235	-0.5280453373771528	0.3278139024356356
4.245	-0.5317175281917285	0.3189564142108846
4.255	-0.5357553664988343	0.3300716935517486
4.265	-0.5401561911728957	0.3102726022258347
4.275	-0.5449170686285073	0.32685868311728006
4.285	-0.5500347952974669	0.31504869881761216
4.295	-0.5555059002915196	0.32981117919219705
4.305	-0.5613266482489135	0.3203458241284926
4.315	-0.5674930423627015	0.31930376669028665
4.325	-0.5740008275886112	0.32112736720714713
4.335	-0.5808454940302221	0.30966473538688116
4.345	-0.5880222804990126	0.31348561266030317
4.355	-0.5955261782467796	0.3131382601809012
4.365	-0.6033519348677623	0.3067122393119642
4.375	-0.611494058367766	0.3054965056340572
4.385	-0.6199468213973843	0.3133987745404527
4.395	-0.6287042656463685	0.29646534116960527
4.405	-0.6377602063960867	0.2918629208175288
4.415	-0.6471082372268465	0.29637850304975477
4.425	-0.6567417348768545	0.2916024064579773
4.435	-0.6666538642493985	0.28205021327442237
4.445	-0.6768375835647594	0.28231072763397386
4.455	-0.6872856496533206	0.28508954746918985
4.465	-0.6979906233861627	0.28265808011337584
4.475	-0.7089448752394073	0.2689376571769969
4.485	-0.720140590988444	0.28265808011337584
4.495	-0.7315697775281338	0.2772741166826449
4.505	-0.7432242688149278	0.27562419240548536
4.515	-0.7550957319268491	0.2688508190571464
4.525	-0.767175673237124	0.26372736998596696
4.535	-0.7794554446972328	0.2554777486001695
4.545	-0.7919262502250421	0.2592986258735915
4.555	-0.804579152193643	0.24714128909452154
4.565	-0.8174050780164122	0.24497033609825905
4.575	-0.8303948268237876	0.250701652008392
4.585	-0.8435390762271705	0.254522529281814
4.595	-0.8568283891653108	0.24523085045781057
4.605	-0.8702532208284808	0.2378496102705181
4.615	-0.883803925655678	0.23124991316188015
4.625	-0.8974707644000967	0.23316035179859113
4.635	-0.9112439112579579	0.22855793144651465
4.645	-0.9251134610559071	0.2220450724577272
4.655	-0.9390694364919598	0.2210898531393717
4.665	-0.9531017954251139	0.21865838578355773
4.675	-0.9672004382086142	0.21509802286968724
4.685	-0.9813552150618114	0.2192662526225112
4.695	-0.9955559334756475	0.21284023175357425
4.705	-1.0097923656466223	0.20849832576104926
4.715	-1.024054255934228	0.2038090672891223
4.725	-1.0383313283366817	0.20823781140149777
4.735	-1.0526132939798944	0.20181179053256082
4.745	-1.0668898586145281	0.19538576966362387
4.755	-1.081150730116025	0.19451738846511885
4.765	-1.095385625982484	0.19634098898197935
4.775	-1.1095842808252148	0.1879176913564809
4.785	-1.1237364538469121	0.18956761563364039
4.795	-1.137831936302287	0.1862677670793214
4.805	-1.1518605589360598	0.18305475664485293
4.815	-1.1658121993932404	0.18201269920664692
4.825	-1.17967678959659	0.1863546051991719
4.835	-1.1934443230862761	0.17671557389576648
4.845	-1.2071048623166203	0.17471829713920498
4.855	-1.220648545905014	0.17793130757367345
4.865	-1.2340655958279636	0.17497881149875646
4.875	-1.247346324559411	0.1702895530268295
4.885	-1.260481142146387	0.16030316924402205
4.895	-1.2734605632171383	0.16403720839759353
4.905	-1.2862752139169842	0.16195309352118156
4.915	-1.2989158387670505	0.16525294207550054
4.925	-1.311373307441272	0.16238728412043404
4.935	-1.3236386214569282	0.15908743556611507
4.945	-1.3357029207741544	0.15960846428521808
4.955	-1.347557490299889	0.16342934155864003
4.965	-1.3591937662917692	0.15057729982076612
4.975	-1.3706033426575777	0.15752434940880608
4.985	-1.3817779771458873	0.15978214052491907
4.995	-1.3927095974236579	0.1516193572589721
5.005	-1.403390307036566	0.15865324496686256
5.015	-1.413812391247972	0.14606171758854014
5.025	-1.4239683227524715	0.14753796562599863
5.035	-1.4338507672600962	0.1494484042627096
5.045	-1.4434525889472738	0.14640907006794215
5.055	-1.4527668557707958	0.14710377502674613
5.065	-1.4617868446410733	0.14293554527392216
5.075	-1.4705060464511075	0.14145929723646367
5.085	-1.478918170957653	0.14154613535631416
5.095	-1.4870171515112056	0.1375515818431912
5.105	-1.4947971496314554	0.1402435635585567
5.115	-1.5022525594250642	0.13555430508662972
5.125	-1.5093780118426277	0.1380726105622942
5.135	-1.516168378771845	0.14119878287691218
5.145	-1.5226187769640187	0.1361621719255832
5.155	-1.528724571791109	0.1366832006446862
5.165	-1.5344813808306732	0.12982298917649673
5.175	-1.539885077276159	0.13147291345365622
5.185	-1.5449317931701174	0.13485960012782572
5.195	-1.5496179224580047	0.1366832006446862
5.205	-1.5539401238604096	0.13199394217275923
5.215	-1.5578953235616075	0.13425173328887222
5.225	-1.5614807177124954	0.12834674113903824
5.235	-1.564693774746086	0.13294916149111471
5.245	-1.5675322375038465	0.12782571241993526
5.255	-1.569994125171308	0.12478637822516776
5.265	-1.572077735021494	0.13407805704917122
5.275	-1.573781643964831	0.1345990857682742
5.285	-1.5751047099043645	0.1353806288469287
5.295	-1.5760460728951982	0.12947563669709475
5.305	-1.5766051561072223	0.12617578814277575
5.315	-1.5767816665903236	0.1369437150042377
5.325	-1.57657559584141	0.13173342781320774
5.335	-1.5759872201726979	0.12574159754352326
5.345	-1.5750171008808485	0.12713100746113126
5.355	-1.5736660842166925	0.12938879857724425
5.365	-1.571935301155372	0.12400483514651327
5.375	-1.5698261669669134	0.12817306489933725
5.385	-1.567340380587329	0.13329651397051673
5.395	-1.5644799237905187	0.12747835994053325
5.405	-1.561247060161351	0.1323412946521612
5.415	-1.557644333870439	0.1375515818431912
5.425	-1.5536745682512705	0.12825990301918774
5.435	-1.549340864180477	0.13086504661470275
5.445	-1.544646598262147	0.13208078029260972
5.455	-1.539595420817244	0.14111194475706168
5.465	-1.5341912536793003	0.1372910674836397
5.475	-1.5284382877976896	0.13060453225515123
5.485	-1.522340980649925	0.13425173328887222
5.495	-1.5159040534645434	0.13103872285440374
5.505	-1.5091324882562596	0.1379857724424437
5.515	-1.5020315246752212	0.14328289775332417
5.525	-1.494606656672305	0.13980937295930418
5.535	-1.486863628982508	0.13920150612035068
5.545	-1.4788084334286449	0.14623539382824113
5.555	-1.4704473050476432	0.14345657399302517
5.565	-1.4617867180418862	0.14597487946868964
5.575	-1.4528333815581276	0.1534429577758326
5.585	-1.4435942352966638	0.14779847998555012
5.595	-1.434076444953546	0.1372042293637892
5.605	-1.4242873974986991	0.14701693690689563
5.615	-1.414234696292997	0.1537034721353841
5.625	-1.4039261560473562	0.1544850152140386
5.635	-1.3933697976271153	0.1538771483750851
5.645	-1.3825738427050045	0.15135884289942061
5.655	-1.3715467082661439	0.15561391077209508
5.665	-1.3602970009685955	0.16039000736387257
5.675	-1.3488335113631091	0.15682964445000208
5.685	-1.3371652079757825	0.17037639114668
5.695	-1.325301231257472	0.16386353215789254
5.705	-1.313250887403846	0.1685527906298195
5.715	-1.3010236420500942	0.16629499951370652
5.725	-1.2886291138443986	0.169160657468773
5.735	-1.276077067904311	0.1706369055062315
5.745	-1.2633774091603205	0.1715052867047365
5.755	-1.2505401755909231	0.17619454517666347
5.765	-1.2375755313536203	0.17966806997068344
5.775	-1.2244937598163175	0.18288108040515194
5.785	-1.2113052564936952	0.1862677670793214
5.795	-1.1980205218931528	0.1876571769969294
5.805	-1.184650154275011	0.1892202631542384
5.815	-1.1712048423317492	0.1868756339182749
5.825	-1.1576953577910547	0.1867019576785739
5.835	-1.1441325479475395	0.19052283495199587
5.845	-1.1305273281280714	0.19842510385839135
5.855	-1.1168906740956495	0.19278062606810886
5.865	-1.1032336143968438	0.20676156336403928
5.875	-1.089567222657843	0.20111708557375682
5.885	-1.075902609834225	0.20875884012060078
5.895	-1.062250916419519	0.2058931821655343
5.905	-1.048623304617792	0.21744265210565072
5.915	-1.0350309504853792	0.21631375654759424
5.925	-1.021485036047019	0.2203951481805677
5.935	-1.0079967413915927	0.22768955024800966
5.945	-0.994577236752759	0.2191794145026607
5.955	-0.9812376745797221	0.2240423492142887
5.965	-0.9679891816034345	0.22438970169369069
5.975	-0.9548428509035254	0.23394189487724562
5.985	-0.9418097339812509	0.23046837008322565
5.995	-0.9289008328437555	0.23038153196337516
6.005	-0.916127092104959	0.24418879301960456
6.015	-0.9034993911083575	0.24019423950648158
6.025	-0.8910285360770132	0.23672071471246162
6.035	-0.8787252522960235	0.2523515762855515
6.045	-0.8666001763327147	0.24557820293721255
6.055	-0.8546638482998029	0.2577355397162825
6.065	-0.842926704166747	0.26381420810581746
6.075	-0.8313990681244803	0.260427521431648
6.085	-0.8200911450086773	0.2553040723604685
6.095	-0.8090130127867049	0.26277215066761145
6.105	-0.7981746151133382	0.26520361802342546
6.115	-0.7875857539603004	0.28031345087741233
6.125	-0.7772560823246591	0.27536367804593387
6.135	-0.7671950970210101	0.28205021327442237
6.145	-0.7574121315624237	0.2846553568699373
6.155	-0.7479163491349623	0.2731927250496714
6.165	-0.7387167356706338	0.2879552054242563
6.175	-0.7298220930235082	0.28291859447292733
6.185	-0.7212410322536924	0.2861316049073958
6.195	-0.7129819670238013	0.27979242215830935
6.205	-0.7050531071124929	0.2912550539785753
6.215	-0.6974624520495303	0.29985202784377474
6.225	-0.6902177848768184	0.30098092340183125
6.235	-0.6833266660397473	0.3015019521209342
6.245	-0.6767964274130932	0.3132250983007517
6.255	-0.6706341664656537	0.3066254011921137
6.265	-0.6648467405677486	0.31435399385880813
6.275	-0.659440761445542	0.3060175343531602
6.285	-0.654422589786127	0.2975073986078113
6.295	-0.6497983299972075	0.3274665499562336
6.305	-0.6455738251250753	0.3049754769149542
6.315	-0.6417546519345333	0.31426715573895764
6.325	-0.6383461161542938	0.31704597557417363
6.335	-0.635353247891263	0.3250350826004196
6.345	-0.6327807972170347	0.3172196518138746
6.355	-0.6306332299298328	0.3213878815666986
6.365	-0.6289147234949675	0.3234719964431106
6.375	-0.6276291631668166	0.3099252497464327
6.385	-0.6267801382952192	0.32651133063787807
6.395	-0.6263709388190197	0.31843538549178163
6.405	-0.6264045519494389	0.31635127061536966
6.415	-0.6268836590457535	0.32112736720714713
6.425	-0.6278106326857353	0.31826170925208064
6.435	-0.6291875339330952	0.31270406958164865
6.445	-0.631016109804115	0.3131382601809012
6.455	-0.6332977909354744	0.3232114820835591
6.465	-0.6360336894551833	0.3116620121434427
6.475	-0.639224597058425	0.32659816875772857
6.485	-0.6428709832898882	0.3173064899337251
6.495	-0.6469729940341779	0.3084490017089742
6.505	-0.6515304502156194	0.32104052908729663
6.515	-0.6565428467087555	0.31782751865282816
6.525	-0.6620093514606074	0.31261723146179815
6.535	-0.6679288048257155	0.31504869881761216
6.545	-0.6742997191147749	0.3056701818737582
6.555	-0.6811202783575783	0.29854945604601724
6.565	-0.6883883382808397	0.2921234351770803
6.575	-0.6961014265013368	0.30532282939435623
6.585	-0.7042567429346392	0.29524960749169826
6.595	-0.7128511604196052	0.29681269364900725
6.605	-0.7218812255586508	0.2947285787725953
6.615	-0.7313431597736547	0.2960311505703528
6.625	-0.7412328605772703	0.2904735108999208
6.635	-0.7515459030592126	0.2904735108999208
6.645	-0.7622775415869892	0.28500270934933936
6.655	-0.773422711720405	0.2749294874466814
6.665	-0.7849760323390237	0.28126867019576784
6.675	-0.7969318079816163	0.26641935170133246
6.685	-0.8092840313965298	0.2804002889972629
6.695	-0.8220263863017192	0.2647694274241729
6.705	-0.8351522503530965	0.26390104622566796
6.715	-0.8486546983197137	0.2724980200908674
6.725	-0.8625265054640843	0.2563461297986745
6.735	-0.8767601511259495	0.24844386089227904
6.745	-0.8913478225075327	0.25000694704958804
6.755	-0.9062814186582738	0.2586039209147875
6.765	-0.9215525546568774	0.24644658413571754
6.775	-0.9371525659883769	0.24479665985855806
6.785	-0.9530725131137887	0.23394189487724562
6.795	-0.9693031862298195	0.2388048295888736
6.805	-0.9858351102159675	0.2385443152293221
6.815	-1.0026585497661666	0.23020785572367414
6.825	-1.0197635147021216	0.24080210634543509
6.835	-1.0371397654652634	0.2233476442554847
6.845	-1.0547768187841577	0.21257971739402276
6.855	-1.07266395351412	0.21422964167118225
6.865	-1.0907902166456211	0.20875884012060078
6.875	-1.1091444294780346	0.2058063440456838
6.885	-1.127715193955022	0.2054589915662818
6.895	-1.146490899157957	0.2043300960082253
6.905	-1.1654597279534564	0.19764356077973685
6.915	-1.1846096637911505	0.19938032317674684
6.925	-1.2039284976476563	0.19130437803065037
6.935	-1.223403835112606	0.19599363650257734
6.945	-1.243023103612522	0.17732344073471995
6.955	-1.2627735597682028	0.18539938588081642
6.965	-1.2826422968812579	0.17992858433023495
6.975	-1.3026162525452207	0.170202714906979
6.985	-1.3226822163767054	0.1671633807122115
6.995	-1.3428268378619466	0.1702895530268295
7.005	-1.3630366343139495	0.166555513873258
7.015	-1.3832979989354321	0.1551797201728426
7.025	-1.4035972089826814	0.16247412224028454
7.035	-1.423920434025333	0.15856640684701206
7.045	-1.4442537442970462	0.15552707265224458
7.055	-1.4645831191319998	0.15187987161852362
7.065	-1.4848944554819905	0.14571436510913816
7.075	-1.5051735765089522	0.14953524238256014
7.085	-1.5254062402476292	0.14545385074958664
7.095	-1.5455781483330464	0.14328289775332417
7.105	-1.5656749547874085	0.12947563669709475
7.115	-1.5856822748610069	0.12825990301918774
7.125	-1.6055856939216935	0.13017034165589875
7.135	-1.6253707763873741	0.1207049865921943
7.145	-1.64502307469601	0.13182026593305823
7.155	-1.6645281383075847	0.13164658969335724
7.165	-1.6838715227323633	0.12400483514651327
7.175	-1.7030387985799103	0.1210523390715963
7.185	-1.7220155606231657	0.12339696830755978
7.195	-1.7407874368719276	0.1198366053936893
7.205	-1.7593400976500841	0.11002389785058285
7.215	-1.7776592646708902	0.11045808844983535
7.225	-1.7957307201046189	0.11219485084684534
7.235	-1.8135403156328578	0.11063176468953635
7.245	-1.8310739814837906	0.10950286913147986
7.255	-1.8483177354427611	0.10863448793297487
7.265	-1.8652576918324173	0.10507412501910439
7.275	-1.8818800704567782	0.1016874383449349
7.285	-1.898171205503581	0.10463993441985188
7.295	-1.914117554399233	0.1014269239853834
7.305	-1.9297057066107657	0.10038486654717742
7.315	-1.944922392389224	0.09586928431495144
7.325	-1.9597544914488658	0.09751920859211093
7.335	-1.9741890415767012	0.09282995012018395
7.345	-1.9882132471668452	0.08840120600780849
7.355	-2.001814487674221	0.08831436788795798
7.365	-2.014980325982209	0.09057215900407097
7.375	-2.0276985166788886	0.0854487099328915
7.385	-2.039957014236519	0.0844066524946855
7.395	-2.0517439810890283	0.08631709113139649
7.405	-2.0630477956022766	0.086403929251247
7.415	-2.0738570599319606	0.07737276478679504
7.425	-2.0841606077640713	0.08831436788795798
7.435	-2.0939475119328597	0.08197518513887152
7.445	-2.103207091911411	0.08145415641976853
7.455	-2.1119289211698904	0.08414613813513401
7.465	-2.120102834396702	0.0840593000152835
7.475	-2.127718934577818	0.08154099453961902
7.485	-2.134767599929638	0.08145415641976853
7.495	-2.1412394906808245	0.07902268906395454
7.505	-2.1471255556986457	0.08032526086171203
7.515	-2.1524170389554538	0.07806746974559904
7.525	-2.1571054858309853	0.08023842274186153
7.535	-2.1611827492463456	0.07841482222500104
7.545	-2.1646409956255344	0.07910952718380504
7.555	-2.167472710680557	0.07876217470440304
7.565	-2.169670705016239	0.07841482222500104
7.575	-2.1712281195509355	0.07146777263696108
7.585	-2.172138430749513	0.08484084309393801
7.595	-2.172395455665007	0.07459394495157906
7.605	-2.171993356785541	0.07876217470440304
7.615	-2.1709266466831614	0.07563600238978506
7.625	-2.1691901924613997	0.07294402067441957
7.635	-2.1667792199984524	0.08258305197782502
7.645	-2.163689317983035	0.08084628958081502
7.655	-2.1599164417400645	0.07155461075681158
7.665	-2.155456916843436	0.07502813555083156
7.675	-2.150307442513349	0.07659122170814055
7.685	-2.144465094795686	0.07685173606769205
7.695	-2.1379273295211476	0.07876217470440304
7.705	-2.13069198504194	0.08101996582051603
7.715	-2.122757284743961	0.08023842274186153
7.725	-2.114121839332577	0.0840593000152835
7.735	-2.1047846488901745	0.07884901282425354
7.745	-2.094745104703892	0.08301724257707752
7.755	-2.084002990861979	0.08631709113139649
7.765	-2.0725584856174555	0.0861434148916955
7.775	-2.0604121625178244	0.08154099453961902
7.785	-2.0475649912997818	0.08779333916885498
7.795	-2.034018338547962	0.085014519333639
7.805	-2.019773968116954	0.08788017728870548
7.815	-2.0048340413159313	0.09256943576063245
7.825	-1.9892011168553796	0.085709224292443
7.835	-1.9728781505555957	0.09065899712392146
7.845	-1.955868494816726	0.08353827129618051
7.855	-1.9381758978503014	0.08753282480930348
7.865	-1.9198045026723307	0.09222208328123047
7.875	-1.9007588458581952	0.08935642532616397
7.885	-1.8810438560597362	0.09578244619510094
7.895	-1.860664852285027	0.09647715115390493
7.905	-1.8396275419415336	0.09482722687674544
7.915	-1.8179380186434604	0.10055854278687841
7.925	-1.7956027597842477	0.09691134175315744
7.935	-1.7726286238753235	0.09734553235240993
7.945	-1.7490228476523928	0.1022953051838884
7.955	-1.724793042950612	0.1031636863823934
7.965	-1.6999471933502184	0.10307684826254289
7.975	-1.6744936505943027	0.10594250621760938
7.985	-1.648441130780533	0.10793978297417087
7.995	-1.6217987103288043	0.11323690828505134
8.005	-1.5945758217268902	0.10950286913147986
8.015	-1.5667822490564007	0.11601572812026732
8.025	-1.5384281233013606	0.11332374640490184
8.035	-1.5095239174419515	0.1195760910341378
8.045	-1.480080441336088	0.11679727119892182
8.055	-1.4501088363915535	0.1194024147944368
8.065	-1.4196205700316713	0.12852041737873923
8.075	-1.3886274299575254	0.12817306489933725
8.085	-1.3571415182098752	0.12582843566337376
8.095	-1.3251752450341292	0.1356411432064802
8.105	-1.2927413225517053	0.12999666541619773
8.115	-1.2598527582414207	0.1372042293637892
8.125	-1.226522848234484	0.13928834424020117
8.135	-1.1927651704269224	0.14449863143123115
8.145	-1.1585935774133422	0.14788531810540062
8.155	-1.1240221892459679	0.14753796562599863
8.165	-1.089065386023157	0.16004265488447056
8.175	-1.053737800311593	0.16473191335639753
8.185	-1.0180543094064443	0.16195309352118156
8.195	-0.9820300274339728	0.1671633807122115
8.205	-0.9456802973011245	0.16664235199310853
8.215	-0.9090206824967401	0.16186625540133104
8.225	-0.8720669587490513	0.17758395509427147
8.235	-0.8348351055444057	0.17923387937143095
8.245	-0.7973412975119911	0.18001542245008545
8.255	-0.7596018956796616	0.17984174621038446
8.265	-0.7216334386059426	0.1876571769969294
8.275	-0.6834526333932511	0.18305475664485293
8.285	-0.6450763465877392	0.19286746418795936
8.295	-0.6065215949709605	0.20111708557375682
8.305	-0.5678055362488039	0.2040695816486738
8.315	-0.5289454596430592	0.2051116390868798
8.325	-0.48995877639122903	0.21535853722923873
8.335	-0.45086301016013114	0.21449015603073374
8.345	-0.4116757873788851	0.21301390799327524
8.355	-0.37241482749696764	0.2227397774165312
8.365	-0.33309793317316877	0.22742903588845817
8.375	-0.2937429804011338	0.2393258583079766
8.385	-0.2543679085773445	0.24288622122184708
8.395	-0.21499071051742902	0.2502674614091395
8.405	-0.1756294224267173	0.2544356911619635
8.415	-0.13630211383088187	0.2592986258735915
8.425	-0.09702687747280203	0.2686771428174454
8.435	-0.05782181918149509	0.2721506676114654
8.445	-0.018705047719150603	0.27701360232309336
8.455	0.02030533538759649	0.28552373806844233
8.465	0.059191246026212174	0.30210981895988775
8.475	0.09793462768054406	0.29542328373139926
8.485	0.13651746161074696	0.3034992288774957
8.495	0.1749217770247754	0.31956428104983814
8.505	0.2131296612354714	0.31939060481013715
8.515	0.25112326979697686	0.3238193489225126
8.525	0.28888483661470366	0.340405429813958
8.535	0.3263966840224861	0.33945021049560253
8.545	0.36364123282118366	0.36263598849568585
8.555	0.40060101227250633	0.3750538396343073
8.565	0.4372586700421741	0.3784405263084768
8.575	0.4735969820864363	0.3767037639114668
8.585	0.5095988624759946	0.3871243382935267
8.595	0.5452473731514016	0.4000632181512512
8.605	0.5805257336041749	0.41882025203895906
8.615	0.6154173304776933	0.40353674294527114
8.625	0.649905727082094	0.4298486932599725
8.635	0.6839746728175682	0.4384456671251719
8.645	0.7176081125002094	0.4400087532824809
8.655	0.7507901955848943	0.46996790463090327
8.665	0.783505285279601	0.4668417323162853
8.675	0.8157379675456502	0.4757860586608867
8.685	0.8474730599784057	0.47014158087060426
8.695	0.8786956205631458	0.4936747113500896
8.705	0.9093909563007121	0.5016638183763356
8.715	0.9395446316977376	0.503487418893196
8.725	0.96914247711632	0.5145158601142095
8.735	0.9981705969780981	0.5334465702416183
8.745	1.0266153778176768	0.5357043613577314
8.755	1.0544634961805788	0.5616689591930307
8.765	1.0817019263608523	0.5614952829533297
8.775	1.1083179479737313	0.5774734970058216
8.785	1.1342991533585987	0.5766919539271671
8.795	1.1596334548078295	0.5909334055826491
8.805	1.184309091617099	0.606564267155739
8.815	1.2083146369527906	0.6241924054853903
8.825	1.23163900453239	0.6280132827588123
8.835	1.2542714551136942	0.6340919511483473
8.845	1.2762016027888992	0.6515464132382977
8.855	1.297419421079724	0.6573645672682812
8.865	1.3179152488297925	0.6545857474330652
8.875	1.3376797958906597	0.6927945201672849
8.885	1.3567041485979847	0.6881920998152085
8.895	1.3749797750344932	0.7064281049838134
8.905	1.3924985300764443	0.7096411154182818
8.915	1.4092526602204907	0.7055597237853084
8.925	1.425234808187985	0.7116383921748434
8.935	1.4404380173037872	0.7323927028191127
8.945	1.4548557356469485	0.7317848359801592
8.955	1.4684818199705956	0.7354320370138802
8.965	1.4813105393886299	0.7695594181151265
8.975	1.493336578826892	0.7593125199727675
8.985	1.504555042236631	0.7861454990065719
8.995	1.5149614555682644	0.7841482222500104
9.005	1.524551769503507	0.7994317313436983
9.015	1.5333223619441796	0.8098523057257583
9.025	1.5412700402560402	0.8079418670890472
9.035	1.5483920432662486	0.8417218957108915
9.045	1.5546860430131089	0.8537055562502605
9.055	1.5601501462469805	0.8215754519055757
9.065	1.564782895681324	0.8514477651341475
9.075	1.5685832709930363	0.856397537965626
9.085	1.5715506895713776	0.839377266474928
9.095	1.5736850070149164	0.8343406555235992
9.105	1.5749865173761228	0.8410271907520875
9.115	1.5754559531533205	0.853445041890709
9.125	1.5750944850299247	0.8382483709168715
9.135	1.5739037213610088	0.8389430758756756
9.145	1.5718857074074077	0.848755783418782
9.155	1.5690429243176998	0.8437191724674531
9.165	1.5653782878585942	0.8252226529392966
9.175	1.5608951468943717	0.8418087338307421
9.185	1.5555972816161807	0.8349485223625526
9.195	1.5494889015221607	0.8293908826921207
9.205	1.5425746431494995	0.8281751490142136
9.215	1.5348595675596735	0.8133258305197782
9.225	1.5263491575782901	0.8161914884748447
9.235	1.517049314791083	0.8049025328942798
9.245	1.506966356297748	0.8026447417781668
9.255	1.4961070112254902	0.7870138802050769
9.265	1.484478417004265	0.767562141358565
9.275	1.4720881154058323	0.762872882886638
9.285	1.4589440483489198	0.7648701596431995
9.295	1.4450545534729131	0.7636544259652925
9.305	1.4304283594826228	0.7478498881525016
9.315	1.4150745812668202	0.7340426270962722
9.325	1.3990027147933906	0.7340426270962722
9.335	1.3822226317840451	0.7126804496130493
9.345	1.3647445741717266	0.7030414183096438
9.355	1.3465791483438827	0.6955733400025009
9.365	1.3277373191750335	0.6931418726466869
9.375	1.3082304038520722	0.6789004209912051
9.385	1.2880700654959156	0.6661352173731816
9.395	1.267268306583256	0.6597091965042446
9.405	1.245837462172255	0.6530226612757561
9.415	1.2237901929361505	0.6318341600322342
9.425	1.2011394780088671	0.6182005752157059
9.435	1.1778986076468478	0.6132508023842274
9.445	1.1540811757113605	0.5784287163241771
9.455	1.129701071975785	0.5841600322343101
9.465	1.1047724742623464	0.5685291706612202
9.475	1.0793098404129209	0.5604532255151237
9.485	1.0533279000986744	0.5699185805788282
9.495	1.0268416464733423	0.5452565545412863
9.505	0.9998663276750519	0.5420435441068179
9.515	0.9724174381817405	0.5225918052603059
9.525	0.9445107100252026	0.512692259597349
9.535	0.916162103869022	0.5018374946160366
9.545	0.8873877999555919	0.4906353771553221
9.555	0.8582041889276066	0.4802148027732622
9.565	0.8286278625294279	0.46918636155224874
9.575	0.7986756041938032	0.46988106651105277
9.585	0.7683643795195065	0.45511858613646783
9.595	0.7377113266455864	0.4584184346907868
9.605	0.7067337465277492	0.43505898045100244
9.615	0.6754490931228037	0.4451322023536604
9.625	0.6438749634868659	0.41760451836105206
9.635	0.6120290877931804	0.4039709335445236
9.645	0.5799293192754964	0.40492615286287914
9.655	0.5475936241029198	0.39658969335723115
9.665	0.5150400711922063	0.39919483695274616
9.675	0.48228682196354544	0.38321662290025427
9.685	0.4493521200459385	0.3803509649451878
9.695	0.41625428093809336	0.3713198004807358
9.705	0.38301168163115007	0.36402539841329384
9.715	0.3496427501992251	0.34961027051811094
9.725	0.3161659553640124	0.347178803162297
9.735	0.2825997960395332	0.3345872757839745
9.745	0.2489627908632831	0.32234310088505413
9.755	0.21527346771992073	0.3230378058438581
9.765	0.18155035326371982	0.31409347949925664
9.775	0.14781196244589168	0.3092305447876287
9.785	0.11407678805309307	0.2960311505703528
9.795	0.08036329026321265	0.29247078765648227
9.805	0.046689886224572374	0.28257124199352535
9.815	0.01307493966480966	0.28092131771636586
9.825	-0.020463249464555577	0.2832659469523293
9.835	-0.05390645530166549	0.27701360232309336
9.845	-0.08723653633993156	0.2705875814541564
9.855	-0.12043544563966435	0.2558251010795715
9.865	-0.15348524097970456	0.260601197671349
9.875	-0.18636809494302975	0.25243841440540205
9.885	-0.2190663049304274	0.24688077473497005
9.895	-0.25156230309637884	0.23498395231545163
9.905	-0.2838386662012168	0.24167048754394008
9.915	-0.31587812537381504	0.23437608547649813
9.925	-0.3476635757790868	0.23741541967126562
9.935	-0.37917808618452964	0.22977366512442166
9.945	-0.4104049084203088	0.23020785572367414
9.955	-Inf	0.0
9.965	-Inf	0.0
9.975	-Inf	0.0
9.985	-Inf	0.0
9.995	-Inf	0.0
