0.005	-Inf	0.0
0.015	-Inf	0.0
0.025	-Inf	0.0
0.035	-Inf	0.0
0.045	-Inf	0.0
0.055	-Inf	0.0
0.065	-Inf	0.0
0.075	-Inf	0.0
0.085	-Inf	0.0
0.095	-Inf	0.0
0.105	-Inf	0.0
0.115	-6.206010163625924	0.0019462218824602192
0.125	-6.207956770110711	0.0017315650571888715
0.135	-6.209542349665017	0.0018460486973335903
0.145	-6.2107656720836575	0.002261051892858196
0.155	-6.211625622212848	0.001974842792496399
0.165	-6.212121200915579	0.0021751891627496567
0.175	-6.212251525994814	0.0020034637025325786
0.185	-6.21201583307387	0.0021179473426772974
0.195	-6.211413476433329	0.0018174277872974106
0.205	-6.210443929803857	0.0018889800623878598
0.215	-6.209106787114331	0.0022896728028943755
0.225	-6.207401763194694	0.0021179473426772974
0.235	-6.205328694432937	0.0020750159776230276
0.245	-6.2028875393857135	0.0022753623478762855
0.255	-6.200078379342003	0.0018317382423155004
0.265	-6.196901418839353	0.0018317382423155004
0.275	-6.193356986132195	0.0019891532475144885
0.285	-6.189445533611769	0.0022753623478762855
0.295	-6.185167638177213	0.002261051892858196
0.305	-6.180524001557388	0.0020320846125687583
0.315	-6.175515450583045	0.0019462218824602192
0.325	-6.1701429374089445	0.002060705522604938
0.335	-6.164407539685572	0.0024470878080933636
0.345	-6.158310460680119	0.0022753623478762855
0.355	-6.151853029346409	0.0020320846125687583
0.365	-6.145036700343491	0.002261051892858196
0.375	-6.1378630540026204	0.0022896728028943755
0.385	-6.130333796242401	0.0021179473426772974
0.395	-6.12245075843186	0.002590192358274262
0.405	-6.114215897201261	0.002261051892858196
0.415	-6.105631294200498	0.002346914622966735
0.425	-6.096699155804922	0.0023612250779848245
0.435	-6.087421812768463	0.0025472609932199928
0.445	-6.077801719823989	0.002146568252713477
0.455	-6.067841455230793	0.002218120527803926
0.465	-6.0575437202692	0.0025615714482380824
0.475	-6.046911338682252	0.002432777353075274
0.485	-6.035947256064483	0.0024613982631114537
0.495	-6.024654539197831	0.0022753623478762855
0.505	-6.013036375334726	0.0023182937129305552
0.515	-6.001096071428451	0.002418466898057184
0.525	-5.988837053310893	0.00279053872852752
0.535	-5.97626286481779	0.0025615714482380824
0.545	-5.96337716686169	0.0023898459880210042
0.555	-5.950183736452755	0.0025758819032561725
0.565	-5.936686465667658	0.0022038100727858364
0.575	-5.922889360566812	0.0023612250779848245
0.585	-5.908796540060184	0.002332604167948645
0.595	-5.894412234722003	0.002633123723328532
0.605	-5.879740785554665	0.0028477805485998793
0.615	-5.864786642702196	0.002990885098780778
0.625	-5.849554364113639	0.002962264188744598
0.635	-5.834048614156746	0.002990885098780778
0.645	-5.8182741621824245	0.002590192358274262
0.655	-5.802235881040369	0.0029479537337265085
0.665	-5.7859387455463445	0.002990885098780778
0.675	-5.769387830901644	0.0029336432787084184
0.685	-5.752588311065223	0.0031483001039797663
0.695	-5.735545457079055	0.0032055419240521257
0.705	-5.718264635347314	0.0036062346645586415
0.715	-5.70075130586994	0.002919332823690329
0.725	-5.683011020431238	0.003463130114377743
0.735	-5.665049420744139	0.003076747828889317
0.745	-5.646872236550813	0.003548992844486282
0.755	-5.628485283680304	0.003663476484631001
0.765	-5.609894462063913	0.003362956929251114
0.775	-5.591105753709084	0.0038495123998661686
0.785	-5.572125220632524	0.004264515595390774
0.795	-5.552959002753367	0.0037922705797938092
0.805	-5.533613315747181	0.0043360678704812234
0.815	-5.514094448861644	0.004235894685354595
0.825	-5.494408762694734	0.004078479680155607
0.835	-5.474562686936319	0.004221584230336505
0.845	-5.454562718074028	0.004579345605788751
0.855	-5.434415417064305	0.004479172420662122
0.865	-5.414127406969603	0.0043503783254993135
0.875	-5.393705370562637	0.0038638228548842587
0.885	-5.3731560478987035	0.004464861965644032
0.895	-5.35248623385701	0.004536414240734482
0.905	-5.331702775652065	0.004894175616186727
0.915	-5.310812570316118	0.005037280166367626
0.925	-5.289822562153714	0.004736760610987739
0.935	-5.268739740169404	0.005280557901675154
0.945	-5.2475711354697046	0.005309178811711333
0.955	-5.226323818640369	0.00558107745705504
0.965	-5.205004897100109	0.005652629732145489
0.975	-5.183621512431854	0.005738492462254029
0.985	-5.162180837692706	0.006081943382688185
0.995	-5.140690074703727	0.005566767002036951
1.005	-5.11915645132072	0.006139185202760545
1.015	-5.097587218687176	0.006153495657778634
1.025	-5.075989648470585	0.006296600207959533
1.035	-5.054371030083282	0.006167806112796724
1.045	-5.032738667889067	0.006482636123194701
1.055	-5.011099878396782	0.007055054323918295
1.065	-4.98946198744211	0.006439704758140431
1.075	-5.392535230109546	0.004565035150770661
1.085	-5.370117189713552	0.004250205140372685
1.095	-5.347722052990202	0.00470813970095156
1.105	-5.325357154707923	0.004407620145571673
1.115	-5.303029824737533	0.004980038346295267
1.125	-5.280747385189474	0.004965727891277177
1.135	-5.258517147548077	0.005194695171566614
1.145	-5.236346409804114	0.005953149287525376
1.155	-5.214242453586938	0.005166074261530435
1.165	-5.192212541297485	0.005695561097199759
1.175	-5.170263913243456	0.005910217922471107
1.185	-5.148403784777952	0.005867286557416837
1.195	-5.126639343442858	0.005423662451856052
1.205	-5.1049777461182995	0.005895907467453017
1.215	-5.083426116179432	0.006654361583411779
1.225	-5.061991540661889	0.005967459742543466
1.235	-5.040681067437175	0.005881597012434927
1.245	-5.019501702399289	0.006869018408683127
1.255	-4.998460406663885	0.006754534768538408
1.265	-4.977564093781245	0.006039012017633915
1.275	-4.956819626964363	0.0064110838481042515
1.285	-4.936233816333403	0.00649694657821279
1.295	-4.9158134161778175	0.0072983320592258216
1.305	-4.895565122237398	0.008214201180383572
1.315	-4.875495569003512	0.008128338450275033
1.325	-4.8556113270417836	0.008028165265148404
1.335	-4.835918900337474	0.00837161618558256
1.345	-4.816424723664797	0.008557652100817728
1.355	-4.797135159981391	0.008271443000455932
1.365	-4.778056497849184	0.00840023709561874
1.375	-4.759194948882862	0.00832868482052829
1.385	-4.740556645227116	0.009015586661396603
1.395	-4.722147637063893	0.008700756650998627
1.405	-4.703973890150804	0.00941627940190312
1.415	-4.686041283391849	0.009015586661396603
1.425	-4.66835560644163	0.010160423062843791
1.435	-4.650922557344171	0.009187312121613682
1.445	-4.6337477402074665	0.010146112607825702
1.455	-4.6168366629148805	0.009774040777355365
1.465	-4.600194734874465	0.009473521221975478
1.475	-4.583827264807298	0.009902834872518173
1.485	-4.567739458575864	0.009673867592228736
1.495	-4.551936417053557	0.010446632163205589
1.505	-4.536423134036294	0.01034645897807896
1.515	-4.52120449419727	0.010804393538657834
1.525	-4.506285271085803	0.011577158109634686
1.535	-4.4916701251712805	0.01116215491411008
1.545	-4.477363601933113	0.011076292184001541
1.555	-4.4633701299976325	0.011977850850141202
1.565	-4.4496940193228465	0.011276638554254799
1.575	-4.436339459431913	0.01227837040552109
1.585	-4.423310517696205	0.011076292184001541
1.595	-4.410611137668804	0.011763194024869854
1.605	-4.398245137469225	0.01220681813043064
1.615	-4.3862162082201674	0.012378543590647717
1.625	-4.374527912537072	0.012664752691009515
1.635	-4.363183683071192	0.012049403125231652
1.645	-4.352186821106933	0.01223543904046682
1.655	-4.341540495214132	0.011891988120032664
1.665	-4.3312477399559395	0.01307975588653412
1.675	-4.321311454652958	0.013394585896932097
1.685	-4.311734402204247	0.01299389315642558
1.695	-4.302519207965775	0.013809589092456703
1.705	-4.293668358686882	0.012736304966099964
1.715	-4.285184201505298	0.013480448627040635
1.725	-4.277068943001203	0.014181660922927039
1.735	-4.2693246483108265	0.013509069537076816
1.745	-4.261953240300018	0.013337344076859737
1.755	-4.254956498798232	0.014310455018089847
1.765	-4.248336059893296	0.013838210002492883
1.775	-4.24209341528735	0.014396317748198386
1.785	-4.2362299117142745	0.014181660922927039
1.795	-4.230746750418925	0.013537690447112996
1.805	-4.225644986698442	0.014639595483505914
1.815	-4.220925529505893	0.013866830912529061
1.825	-4.216589141116448	0.014482180478306924
1.835	-4.212636436856305	0.015498222784591304
1.845	-4.209067884894485	0.014324765473107936
1.855	-4.205883806097662	0.014138729557872768
1.865	-4.203084373948098	0.014324765473107936
1.875	-4.200669614524765	0.014296144563071758
1.885	-4.198639406547687	0.01405286682776423
1.895	-4.196993481485514	0.014839941853759172
1.905	-4.195731423726287	0.014153040012890859
1.915	-4.194852670811369	0.013866830912529061
1.925	-4.194356513732432	0.014267523653035578
1.935	-4.194242097291394	0.014582353663433554
1.945	-4.194508420523173	0.015269255504301867
1.955	-4.195154337181061	0.015383739144446585
1.965	-4.196178556284536	0.014467870023288835
1.975	-4.197579642729256	0.014525111843361195
1.985	-4.199356017958978	0.014525111843361195
1.995	-4.201505960699124	0.014095798192818499
2.005	-4.204027607751636	0.014797010488704902
2.015	-4.206918954850788	0.014210281832963217
2.025	-4.210177857579573	0.015355118234410405
2.035	-4.213802032346239	0.014510801388343104
2.045	-4.217789057420537	0.014496490933325015
2.055	-4.222136374029217	0.015040288224012429
2.065	-4.22684128751027	0.015054598679030518
2.075	-4.23190096852537	0.014253213198017487
2.085	-4.23731245432999	0.013823899547474792
2.095	-4.243072650100594	0.01393838318761951
2.105	-4.249178330318284	0.013394585896932097
2.115	-4.255626140208279	0.014124419102854679
2.125	-4.262412597234556	0.014610974573469734
2.135	-4.269534092648953	0.012936651336353222
2.145	-4.276986893094033	0.012779236331154234
2.155	-4.2847671422589455	0.013566311357149174
2.165	-4.2928708625875265	0.013251481346751198
2.175	-4.301293957037842	0.013437517261986366
2.185	-4.310032210892351	0.01406717728278232
2.195	-4.319081293617855	0.013108376796570299
2.205	-4.328436760774344	0.012836478151226592
2.215	-4.3380940559718715	0.012335612225593448
2.225	-4.348048512874538	0.013008203611443671
2.235	-4.3582953572506264	0.013036824521479851
2.245	-4.368829709067969	0.012435785410720077
2.255	-4.379646584633521	0.012507337685810527
2.265	-4.390740898776178	0.01223543904046682
2.275	-4.402107467071783	0.012435785410720077
2.285	-4.413741008109314	0.012736304966099964
2.295	-4.425636145797155	0.011634399929707046
2.305	-4.43778741170839	0.011434053559453788
2.315	-4.45018924746403	0.012092334490285921
2.325	-4.462836007153021	0.011076292184001541
2.335	-4.475721959787939	0.010761462173603565
2.345	-4.4888412917951905	0.011562847654616596
2.355	-4.502188109538566	0.010675599443495026
2.365	-4.5157564418749585	0.010418011253169409
2.375	-4.5295402427410485	0.010217664882916151
2.385	-4.543533393769744	0.009673867592228736
2.395	-4.557729706935151	0.00941627940190312
2.405	-4.572122927224827	0.010561115803350308
2.415	-4.586706735338087	0.010189043972879971
2.425	-4.601474750409053	0.009759730322337276
2.435	-4.616420532753237	0.009616625772156377
2.445	-4.63153758663631	0.010575426258368397
2.455	-4.6468193630638	0.009831282597427726
2.465	-4.662259262590396	0.009029897116414694
2.475	-4.677850638147556	0.00941627940190312
2.485	-4.693586797888085	0.008843861201179526
2.495	-4.709461008046371	0.008486099825727279
2.505	-4.725466495812922	0.008271443000455932
2.515	-4.741596452221884	0.008486099825727279
2.525	-4.7578440350501845	0.008729377561034807
2.535	-4.7742023717269415	0.008486099825727279
2.545	-4.790664562251805	0.00830006391049211
2.555	-4.807223682120847	0.008672135740962447
2.565	-4.823872785258673	0.007541609794533349
2.575	-4.840604906955343	0.007913681625003685
2.585	-4.857413066806798	0.007813508439877057
2.595	-4.8742902716573875	0.00749867842947908
2.605	-4.891229518543135	0.008529031190781548
2.615	-4.908223797634411	0.007055054323918295
2.625	-4.925266095176615	0.007842129349913235
2.635	-4.9423493964275345	0.007527299339515259
2.645	-4.959466688590015	0.007069364778936384
2.655	-4.976610963738585	0.0064110838481042515
2.665	-4.993775221738697	0.006182116567814814
2.675	-5.010952473157249	0.006668672038429868
2.685	-5.028135742163028	0.005895907467453017
2.695	-5.045318069415761	0.006682982493447958
2.705	-5.062492514942458	0.006039012017633915
2.715	-5.07965216099971	0.005881597012434927
2.725	-5.096790114920659	0.006139185202760545
2.735	-5.113899511945317	0.00559538791207313
2.745	-5.130973518032978	0.005895907467453017
2.755	-5.148005332655411	0.005867286557416837
2.765	-5.1649881915695985	0.005051590621385716
2.775	-5.181915369568744	0.005724182007235939
2.785	-5.198780183210314	0.0055238356369826805
2.795	-5.215575993519886	0.005409351996837962
2.805	-5.232296208669595	0.004593656060806841
2.815	-5.248934286629944	0.004879865161168638
2.825	-5.265483737793838	0.0047796919760420085
2.835	-5.2819381275716335	0.0050945219864399855
2.845	-5.298291078956057	0.0047796919760420085
2.855	-5.314536275055864	0.00462227697084302
2.865	-5.330667461597104	0.004865554706150548
2.875	-5.3466784493908746	0.004407620145571673
2.885	-5.362563116766524	0.00466520833589729
2.895	-5.378315411969169	0.004407620145571673
2.905	-5.3939293555205285	0.004107100590191786
2.915	-5.409399042542024	0.004378999235535493
2.925	-5.424718645039134	0.004407620145571673
2.935	-5.4398824141460285	0.004378999235535493
2.945	-5.4548846823294905	0.004150031955246055
2.955	-5.4697198655512125	0.004035548315101336
2.965	-5.484382465387505	0.004164342410264145
2.975	-5.4988670711055425	0.004479172420662122
2.985	-5.513168361695273	0.004150031955246055
2.995	-5.527281107856095	0.003663476484631001
3.005	-5.541200173937516	0.004107100590191786
3.015	-5.554920519832965	0.003963996040010888
3.025	-5.5684372028259626	0.003377267384269204
3.035	-5.5817453793879155	0.0037636496697576296
3.045	-5.594840306926787	0.003534682389468192
3.055	-5.607717345485927	0.003448819659359653
3.065	-5.620371959392402	0.0036491660296129108
3.075	-5.632799718854153	0.003949685584992798
3.085	-5.644996301505344	0.0033915778392872935
3.095	-5.656957493899326	0.0034345092043415633
3.105	-5.668679192948606	0.0032341628340883054
3.115	-5.680157407311296	0.0032341628340883054
3.125	-5.691388258723517	0.0032055419240521257
3.135	-5.702367983277251	0.003463130114377743
3.145	-5.713092932643187	0.0034058882943053836
3.155	-5.723559575238111	0.0029336432787084184
3.165	-5.733764497336459	0.0031339896489616763
3.175	-5.743704404125607	0.002919332823690329
3.185	-5.7533761207045755	0.0030338164638350476
3.195	-5.762776593025826	0.0035776137545224618
3.205	-5.77190288877983	0.0030195060088169575
3.215	-5.78075219822216	0.0031912314690340357
3.225	-5.789321834942873	0.0031483001039797663
3.235	-5.79760923657795	0.0030195060088169575
3.245	-5.805611965462634	0.002604502813292352
3.255	-5.813327709226518	0.0025615714482380824
3.265	-5.82075428133023	0.00280484918354561
3.275	-5.827889621543663	0.0031912314690340357
3.285	-5.834731796365656	0.002676055088382801
3.295	-5.841278999385101	0.0028620910036179694
3.305	-5.847529551583481	0.002618813268310442
3.315	-5.853481901578836	0.00280484918354561
3.325	-5.859134625811231	0.0028620910036179694
3.335	-5.864486428669806	0.0027332969084551606
3.345	-5.869536142561494	0.003048126918853137
3.355	-5.874282727921582	0.002590192358274262
3.365	-5.878725273166237	0.002976574643762688
3.375	-5.882862994587239	0.002962264188744598
3.385	-5.886695236189095	0.0030338164638350476
3.395	-5.890221469468829	0.002890711913654149
3.405	-5.893441293138687	0.00279053872852752
3.415	-5.896354432792093	0.0025329505382019027
3.425	-5.89896074051317	0.0025758819032561725
3.435	-5.901260194430192	0.002919332823690329
3.445	-5.903252898213357	0.0027619178184913403
3.455	-5.904939080517284	0.0028191596385636996
3.465	-5.906319094368682	0.0025615714482380824
3.475	-5.907393416499656	0.0027476073634732506
3.485	-5.908162646627133	0.0024613982631114537
3.495	-5.908627506678936	0.0028477805485998793
3.505	-5.908788839967029	0.0027332969084551606
3.515	-5.908647610308521	0.0026903655434008912
3.525	-5.908204901095004	0.0030195060088169575
3.535	-5.907461914310843	0.0026617446333647115
3.545	-5.906419969501046	0.002704675998418981
3.555	-5.905080502689403	0.0027762282735094303
3.565	-5.903445065247537	0.002604502813292352
3.575	-5.90151532271561	0.0025472609932199928
3.585	-5.899293053575379	0.0024900191731476334
3.595	-5.896780147976384	0.0024757087181295433
3.605	-5.893978606416004	0.0024613982631114537
3.615	-5.890890538374198	0.0024470878080933636
3.625	-5.887518160903735	0.0025472609932199928
3.635	-5.883863797176717	0.002618813268310442
3.645	-5.879929874988306	0.003005195553798868
3.655	-5.875718925218441	0.002633123723328532
3.665	-5.871233580252505	0.0027476073634732506
3.675	-5.8664765723617975	0.0029336432787084184
3.685	-5.861450732044759	0.002718986453437071
3.695	-5.856158986329866	0.002990885098780778
3.705	-5.850604357041174	0.002676055088382801
3.715	-5.844789959027443	0.0024757087181295433
3.725	-5.83871899835586	0.002962264188744598
3.735	-5.8323947704713515	0.0028620910036179694
3.745	-5.825820658322474	0.0026474341783466215
3.755	-5.819000130454933	0.002676055088382801
3.765	-5.811936739073766	0.002990885098780778
3.775	-5.804634118075222	0.002718986453437071
3.785	-5.797095981049414	0.0027476073634732506
3.795	-5.789326119254811	0.0028620910036179694
3.805	-5.781328399565657	0.00280484918354561
3.815	-5.773106762393395	0.0029050223686722387
3.825	-5.764665219583219	0.0030624373738712273
3.835	-5.7560078522868405	0.003248473289106395
3.845	-5.747138808812605	0.0032770941991425748
3.855	-5.738062302454074	0.0034774405693958326
3.865	-5.728782609298207	0.0030624373738712273
3.875	-5.7193040660142795	0.0032198523790702154
3.885	-5.7096310676246755	0.003291404654160665
3.895	-5.69976806525872	0.0032341628340883054
3.905	-5.68971956389068	0.0035060614794320123
3.915	-5.679490120063102	0.003334336019214934
3.925	-5.6690843395966475	0.0036062346645586415
3.935	-5.658506875287575	0.0036062346645586415
3.945	-5.647762424594045	0.0037779601247757196
3.955	-5.636855727312408	0.0032770941991425748
3.965	-5.625791563244622	0.0032198523790702154
3.975	-5.614574749857996	0.0034345092043415633
3.985	-5.603210139938394	0.003291404654160665
3.995	-5.591702619238079	0.0037922705797938092
4.005	-5.580057104119346	0.003377267384269204
4.015	-5.568278539195106	0.0035203719344501024
4.025	-5.5563718949675795	0.0038638228548842587
4.035	-5.5443421654662455	0.003334336019214934
4.045	-5.532194365886186	0.0040498587701194265
4.055	-5.51993353022798	0.003835201944848079
4.065	-5.507564708940277	0.004035548315101336
4.075	-5.495092966566177	0.0037922705797938092
4.085	-5.482523379394541	0.004235894685354595
4.095	-5.469861033117355	0.00370640784968527
4.105	-5.4571110204942395	0.0040641692251375166
4.115	-5.444278439025228	0.0043360678704812234
4.125	-5.431368388632881	0.003835201944848079
4.135	-5.418385969354832	0.004178652865282235
4.145	-5.4053362790478205	0.00462227697084302
4.155	-5.392224411104316	0.0043503783254993135
4.165	-5.379055452182713	0.0047796919760420085
4.175	-5.3658344799522	0.004951417436259087
4.185	-5.352566560853294	0.004736760610987739
4.195	-5.16538536458852	0.005480904271928411
4.205	-5.152842642241246	0.005423662451856052
4.215	-5.140268082836739	0.005996080652579646
4.225	-5.127666685854853	0.005022969711349536
4.235	-5.11504342861957	0.0061248747477424545
4.245	-5.102403264174401	0.006167806112796724
4.255	-5.089751119180251	0.0061248747477424545
4.265	-5.077091891836699	0.006296600207959533
4.275	-5.064430449827552	0.006096253837706274
4.285	-5.051771628291585	0.006010391107597736
4.295	-5.039120227819298	0.005981770197561556
4.305	-5.026481012476557	0.0065541883982851495
4.315	-5.01385870785596	0.006396773393086161
4.325	-5.001257999156698	0.006153495657778634
4.335	-4.988683529293731	0.006697292948466048
4.345	-4.976139897037059	0.006940570683773576
4.355	-4.9636316551818185	0.007183848419081103
4.365	-4.951163308749946	0.006768845223556498
4.375	-4.9387393132241355	0.00653987794326706
4.385	-4.92636407281477	0.007312642514243912
4.395	-4.914041938760507	0.007312642514243912
4.405	-4.9017772076631765	0.007198158874099193
4.415	-4.889574119857612	0.008028165265148404
4.425	-4.877436857817034	0.008056786175184584
4.435	-4.865369544594579	0.007541609794533349
4.445	-4.8533762423015405	0.007870750259949415
4.455	-4.841460950622863	0.008185580270347392
4.465	-4.829627605370424	0.007899371169985596
4.475	-4.817880077074601	0.007284021604207732
4.485	-4.806222169614595	0.008171269815329302
4.495	-4.794657618888012	0.008042475720166494
4.505	-4.7831900915200585	0.008028165265148404
4.515	-4.7718231836128515	0.008700756650998627
4.525	-4.760560419535179	0.008643514830926267
4.535	-4.749405250753089	0.008171269815329302
4.545	-4.738361054701657	0.00835730573056447
4.555	-4.727431133698262	0.008986965751360423
4.565	-4.716618713897648	0.008571962555835819
4.575	-4.705926944289056	0.009115759846523233
4.585	-4.695358895735695	0.00838592664060065
4.595	-4.684917560056744	0.009573694407102108
4.605	-4.674605849152132	0.008958344841324245
4.615	-4.664426594170251	0.009230243486667952
4.625	-4.654382544718762	0.009144380756559413
4.635	-4.6444763681186405	0.009502142132011658
4.645	-4.634710648701585	0.009588004862120197
4.655	-4.625087887150837	0.008986965751360423
4.665	-4.615610499885528	0.009588004862120197
4.675	-4.606280818488567	0.01037507988811514
4.685	-4.597101089178097	0.009874213962481995
4.695	-4.5880734723225265	0.009545073497065928
4.705	-4.579200041999096	0.00941627940190312
4.715	-4.570482785595953	0.010045939422699072
4.725	-4.5619236034576485	0.009502142132011658
4.735	-4.5535243085739765	0.009559383952084017
4.745	-4.545286626312038	0.01114784445909199
4.755	-4.537212194191391	0.010661288988476935
4.765	-4.529302561702145	0.010174733517861882
4.775	-4.521559190165801	0.010890256268766373
4.785	-4.5139834526386595	0.010933187633820642
4.795	-4.506576633857562	0.011691641749779404
4.805	-4.499339930227729	0.010933187633820642
4.815	-4.492274449852441	0.010933187633820642
4.825	-4.4853812126042705	0.010604047168404577
4.835	-4.478661150237574	0.01123370718920053
4.845	-4.472115106541914	0.01123370718920053
4.855	-4.465743837536076	0.01131956991930907
4.865	-4.459548011702333	0.01131956991930907
4.875	-4.45352821026055	0.010904566723784464
4.885	-4.447684927481764	0.011648710384725135
4.895	-4.44201857104081	0.011376811739381428
4.905	-4.4365294624075595	0.011605779019670866
4.915	-4.431217837276329	0.011462674469489967
4.925	-4.426083846032992	0.011720262659815585
4.935	-4.421127554259299	0.011906298575050753
4.945	-4.4163489432739285	0.011949229940105022
4.955	-4.411747910709732	0.012049403125231652
4.965	-4.4073242711266545	0.012493027230792436
4.975	-4.40307775665978	0.012850788606244683
4.985	-4.399008017701945	0.011863367209996483
4.995	-4.3951146236203416	0.012450095865738166
5.005	-4.391397063506517	0.011834746299960303
5.015	-4.387854746959178	0.012264059950502998
5.025	-4.384487004899176	0.012578889960900976
5.035	-4.381293090416045	0.012407164500683897
5.045	-4.378272179645454	0.012607510870937155
5.055	-4.3754233726769245	0.012779236331154234
5.065	-4.372745694491135	0.01214957631035828
5.075	-4.370238095926163	0.012621821325955246
5.085	-4.3678994546719485	0.012807857241190414
5.095	-4.3657285762923115	0.012822167696208503
5.105	-4.363724195273797	0.012564579505882885
5.115	-4.361884976100653	0.012392854045665808
5.125	-4.360209514355198	0.012707684056063784
5.135	-4.358696337842867	0.012507337685810527
5.145	-4.35734390774118	0.012364233135629628
5.155	-4.356150619771905	0.01313699770660648
5.165	-4.355114805395646	0.01214957631035828
5.175	-4.354234733028104	0.012922340881335133
5.185	-4.353508609277253	0.012621821325955246
5.195	-4.352934580200654	0.01220681813043064
5.205	-4.352510732582124	0.013365964986895917
5.215	-4.352235095227003	0.01220681813043064
5.225	-4.352105640275207	0.012607510870937155
5.235	-4.352120284531314	0.013222860436715018
5.245	-4.352276890810857	0.01319423952667884
5.255	-4.3525732693020585	0.012607510870937155
5.265	-4.353007178942206	0.01220681813043064
5.275	-4.3535763288078595	0.013351654531877827
5.285	-4.35427837951812	0.012564579505882885
5.295	-4.355110944650127	0.012893719971298952
5.305	-4.356071592166024	0.011977850850141202
5.315	-4.3571578458505655	0.012407164500683897
5.325	-4.358367186758586	0.01299389315642558
5.335	-4.359697054671521	0.01315130816162457
5.345	-4.361144849562211	0.012793546786172323
5.355	-4.362707933067158	0.012707684056063784
5.365	-4.364383629965489	0.012450095865738166
5.375	-4.366169229663802	0.012493027230792436
5.385	-4.368061987686138	0.013179929071660748
5.395	-4.37005912716829	0.012521648140828616
5.405	-4.372157840355666	0.012707684056063784
5.415	-4.374355290103951	0.012221128585448729
5.425	-4.376648611381801	0.012392854045665808
5.435	-4.37903491277479	0.011791814934906034
5.445	-4.381511277989883	0.013222860436715018
5.455	-4.384074767359675	0.01214957631035828
5.465	-4.386722419345644	0.012764925876136143
5.475	-4.389451252039711	0.012664752691009515
5.485	-4.392258264663361	0.012392854045665808
5.495	-4.3951404390635975	0.012364233135629628
5.505	-4.398094741205059	0.012636131780973335
5.515	-4.401118122657551	0.01111922354905581
5.525	-4.404207522078327	0.011663020839743226
5.535	-4.407359866688431	0.01216388676537637
5.545	-4.410572073742411	0.011849056754978392
5.555	-4.413841051990778	0.012006471760177382
5.565	-4.417163703134499	0.011476984924508058
5.575	-4.420536923270936	0.011634399929707046
5.585	-4.4239576043305675	0.011734573114833674
5.595	-4.427422635503864	0.012006471760177382
5.605	-4.430928904657737	0.01124801764421862
5.615	-4.434473299740939	0.011476984924508058
5.625	-4.438052710177828	0.011505605834544236
5.635	-4.441664028249927	0.010675599443495026
5.645	-4.445304150464728	0.010875945813748284
5.655	-4.448969978911156	0.011634399929707046
5.665	-4.45265842260119	0.011705952204797495
5.675	-4.456366398797112	0.011004739908911092
5.685	-4.460090834323836	0.011033360818947272
5.695	-4.463828666865875	0.011348190829345248
5.705	-4.4675768462484164	0.011992161305159291
5.715	-4.471332335702059	0.011963540395123111
5.725	-4.475092113110748	0.010890256268766373
5.735	-4.478853172242465	0.011505605834544236
5.745	-4.482612523962238	0.011677331294761315
5.755	-4.486367197427072	0.011333880374327159
5.765	-4.4901142412624	0.011777504479887945
5.775	-4.493850724719636	0.010818703993675923
5.785	-4.497573738814517	0.010976118998874913
5.795	-4.50128039744582	0.010775772628621654
5.805	-4.504967838494153	0.01027490670298851
5.815	-4.5086332249004855	0.010532494893314127
5.825	-4.512273745724086	0.010561115803350308
5.835	-4.515886617179598	0.010818703993675923
5.845	-4.519469083652968	0.01037507988811514
5.855	-4.523018418695935	0.010317838068042779
5.865	-4.526531925998865	0.01040370079815132
5.875	-4.530006940341676	0.01023197533793424
5.885	-4.5334408285226395	0.010418011253169409
5.895	-4.536830990264829	0.01040370079815132
5.905	-4.540174859100084	0.009988697602626714
5.915	-4.543469903230229	0.01026059624797042
5.925	-4.546713626365472	0.01030352761302469
5.935	-4.549903568539779	0.009874213962481995
5.945	-4.553037306903113	0.010704220353531205
5.955	-4.556112456490428	0.009917145327536264
5.965	-4.559126670967308	0.010661288988476935
5.975	-4.562077643352169	0.010618357623422666
5.985	-4.564963106714939	0.009831282597427726
5.995	-4.567780834852181	0.010103181242771432
6.005	-4.57052864293861	0.009845593052445815
6.015	-4.573204388154938	0.010718530808549296
6.025	-4.575805970292105	0.009645246682192557
6.035	-4.578331332331814	0.010103181242771432
6.045	-4.580778461003446	0.010618357623422666
6.055	-4.583145387317347	0.010475253073241767
6.065	-4.58543018707454	0.009731109412301096
6.075	-4.587630981352899	0.010117491697789522
6.085	-4.589745936969881	0.009917145327536264
6.095	-4.591773266921863	0.010861635358730195
6.105	-4.593711230800193	0.009702488502264916
6.115	-4.595558135184052	0.010103181242771432
6.125	-4.597312334010258	0.009187312121613682
6.135	-4.598972228920109	0.009831282597427726
6.145	-4.600536269583444	0.010503873983277947
6.155	-4.602002954000042	0.009788351232373455
6.165	-4.603370828778534	0.009802661687391545
6.175	-4.604638489393011	0.009874213962481995
6.185	-4.6058045804175025	0.010031628967680983
6.195	-4.606867795738508	0.010217664882916151
6.205	-4.607826878745827	0.009630936227174466
6.215	-4.608680622501854	0.009759730322337276
6.225	-4.609427869889604	0.00934472712681267
6.235	-4.610067513739688	0.009301795761758401
6.245	-4.610598496936478	0.008929723931288065
6.255	-4.611019812503713	0.010160423062843791
6.265	-4.6113305036698415	0.009902834872518173
6.275	-4.611529663913311	0.00948783167699357
6.285	-4.61161643698814	0.009673867592228736
6.295	-4.6115900169300295	0.010704220353531205
6.305	-4.611449648043308	0.009530763042047839
6.315	-4.61119462486902	0.0102892171580066
6.325	-4.610824292134465	0.009659557137210647
6.335	-4.610338044684494	0.009702488502264916
6.345	-4.609735327394881	0.009602315317138288
6.355	-4.609015635068121	0.01040370079815132
6.365	-4.608178512311948	0.009874213962481995
6.375	-4.607223553400941	0.01013180215280761
6.385	-4.606150402121544	0.010017318512662892
6.395	-4.604958751600852	0.010174733517861882
6.405	-4.603648344119518	0.009888524417500084
6.415	-4.602218970909128	0.009702488502264916
6.425	-4.600670471934394	0.010532494893314127
6.435	-4.599002735660559	0.009945766237572444
6.445	-4.597215698806345	0.009187312121613682
6.455	-4.595309346082827	0.009902834872518173
6.465	-4.593283709918593	0.009616625772156377
6.475	-4.591138870171589	0.01034645897807896
6.485	-4.588874953827977	0.010117491697789522
6.495	-4.586492134688427	0.009917145327536264
6.505	-4.583990633042189	0.010017318512662892
6.515	-4.581370715329325	0.010990429453893003
6.525	-4.5786326937915	0.009802661687391545
6.535	-4.57577692611168	0.010060249877717163
6.545	-4.5728038150431365	0.010045939422699072
6.555	-4.569713808028114	0.01020335442789806
6.565	-4.566507396806557	0.009101449391505142
6.575	-4.563185117015267	0.009902834872518173
6.585	-4.5597475477778335	0.009931455782554353
6.595	-4.5561953112857685	0.010360769433097048
6.605	-4.55252907237115	0.0102892171580066
6.615	-4.548749538071188	0.010317838068042779
6.625	-4.544857457185067	0.01114784445909199
6.635	-4.540853619823405	0.011019050363929183
6.645	-4.536738856950723	0.01116215491411008
6.655	-4.532514039921251	0.010418011253169409
6.665	-4.528180080008444	0.01026059624797042
6.675	-4.5237379279285435	0.010532494893314127
6.685	-4.519188573358527	0.010632668078440757
6.695	-4.514533044448804	0.010990429453893003
6.705	-4.509772407330967	0.010432321708187498
6.715	-4.504907765620948	0.011076292184001541
6.725	-4.4999402599179	0.010074560332735252
6.735	-4.494871067299118	0.010804393538657834
6.745	-4.489701400811322	0.011061981728983452
6.755	-4.484432508958613	0.011476984924508058
6.765	-4.479065675187387	0.01129094900927289
6.775	-4.473602217368529	0.011577158109634686
6.785	-4.468043487277157	0.011734573114833674
6.795	-4.4623908700702195	0.010732841263567385
6.805	-4.456645783762193	0.010632668078440757
6.815	-4.450809678699194	0.011391122194399517
6.825	-4.44488403703173	0.011620089474688955
6.835	-4.438870372186362	0.011434053559453788
6.845	-4.4327702283365396	0.011734573114833674
6.855	-4.426585179872823	0.012535958595846705
6.865	-4.420316830872753	0.011763194024869854
6.875	-4.41396681457058	0.012364233135629628
6.885	-4.407536792827079	0.01217819722039446
6.895	-4.4010284555996515	0.01223543904046682
6.905	-4.394443520412933	0.01217819722039446
6.915	-4.387783731830092	0.01223543904046682
6.925	-4.3810508609250025	0.012349922680611539
6.935	-4.374246704755476	0.011491295379526147
6.945	-4.367373085837729	0.012550269050864796
6.955	-4.360431851622235	0.011648710384725135
6.965	-4.353424873971121	0.012636131780973335
6.975	-4.346354048637256	0.01313699770660648
6.985	-4.339221294745171	0.01315130816162457
6.995	-4.332028554273924	0.012521648140828616
7.005	-4.324777791542048	0.013552000902131085
7.015	-4.317470992694684	0.012564579505882885
7.025	-4.310110165193004	0.012850788606244683
7.035	-4.302697337306015	0.013323033621841647
7.045	-4.295234557604841	0.013365964986895917
7.055	-4.287723894459536	0.013537690447112996
7.065	-4.280167435538534	0.013323033621841647
7.075	-4.272567287310758	0.013008203611443671
7.085	-4.264925574550474	0.013738036817366253
7.095	-4.2572444398449	0.01405286682776423
7.105	-4.249526043104642	0.01402424591772805
7.115	-4.241772561076953	0.013623553177221534
7.125	-4.233986186861853	0.014539422298379285
7.135	-4.226169129431117	0.014696837303578273
7.145	-4.218323613150136	0.013509069537076816
7.155	-4.210451877302633	0.014281834108053667
7.165	-4.20255617561825	0.015483912329573215
7.175	-4.194638775802962	0.015283565959319956
7.185	-4.18670195907229	0.014882873218813441
7.195	-4.178748019687309	0.01572719006488074
7.205	-4.170779264493374	0.014754079123650633
7.215	-4.507280675662881	0.010217664882916151
7.225	-4.497004067613034	0.01117646536912817
7.235	-4.486719635223163	0.01126232809923671
7.245	-4.476429731115831	0.01114784445909199
7.255	-4.466136718230565	0.011333880374327159
7.265	-4.455842969377735	0.01119077582414626
7.275	-4.445550866794672	0.011949229940105022
7.285	-4.435262801703953	0.011419743104435697
7.295	-4.4249811738737375	0.01227837040552109
7.305	-4.414708391180067	0.01214957631035828
7.315	-4.404446869171017	0.011004739908911092
7.325	-4.394199030632567	0.011963540395123111
7.335	-4.3839673051561	0.012636131780973335
7.345	-4.37375412870736	0.012879409516280861
7.355	-4.363561943196808	0.012306991315557268
7.365	-4.35339319605117	0.012392854045665808
7.375	-4.343250339786093	0.013480448627040635
7.385	-4.333135831579738	0.013609242722203445
7.395	-4.323052132847177	0.012364233135629628
7.405	-4.313001708815458	0.012020782215195472
7.415	-4.302987028099157	0.012822167696208503
7.425	-4.293010562276293	0.013408896351950186
7.435	-4.28307478546444	0.013766657727402433
7.445	-4.273182173896868	0.013766657727402433
7.455	-4.263335205498565	0.013680794997293893
7.465	-4.2535363594619815	0.013323033621841647
7.475	-4.243788115822315	0.014596664118451643
7.485	-4.2340929550321835	0.014568043208415465
7.495	-4.22445335753553	0.01398131455267378
7.505	-4.214871803340569	0.014281834108053667
7.515	-4.205350771591627	0.01402424591772805
7.525	-4.195892740139706	0.014610974573469734
7.535	-4.186500185111587	0.014610974573469734
7.545	-4.177175580477338	0.015297876414338047
7.555	-4.167921397616025	0.014610974573469734
7.565	-4.158740104879499	0.015340807779392316
7.575	-4.149634167154035	0.014754079123650633
7.585	-4.140606045419753	0.014553732753397374
7.595	-4.131658196307554	0.015054598679030518
7.605	-4.122793071653494	0.01602770962026063
7.615	-4.1140131180504	0.016399781450730965
7.625	-4.1053207763965744	0.01595615734517018
7.635	-4.096718481441454	0.015841673705025462
7.645	-4.088208661328055	0.015627016879754114
7.655	-4.0797937371320785	0.015641327334772203
7.665	-4.071476122397494	0.016700301006110852
7.675	-4.063258222668534	0.017143925111671638
7.685	-4.0551424350178795	0.01688633692134602
7.695	-4.047131147570979	0.01698651010647265
7.705	-4.039226739026323	0.017673411947340963
7.715	-4.031431578171588	0.017816516497521858
7.725	-4.023748023395517	0.01687202646632793
7.735	-4.016178422195416	0.018202898783010284
7.745	-4.0087251106802	0.0179023792276304
7.755	-4.001390413068821	0.017086683291599278
7.765	-3.9941766411840645	0.018346003333191183
7.775	-3.9870860939415644	0.01751599694214197
7.785	-3.980121056833967	0.0177592746774495
7.795	-3.9732838014102043	0.017973931502720846
7.805	-3.9665765847497543	0.018145656962937927
7.815	-3.9600016489318604	0.0179023792276304
7.825	-3.9535612204996626	0.018403245153263543
7.835	-3.9472575099191474	0.018145656962937927
7.845	-3.941092711032927	0.019018594719041406
7.855	-3.935069000508794	0.01949083973463837
7.865	-3.9291885372830073	0.019061526084095677
7.875	-3.923453461998333	0.01964825473983736
7.885	-3.917865896436799	0.0205784343160132
7.895	-3.9124279429471684	0.019218941089294665
7.905	-3.9071416838671524	0.02033515658070567
7.915	-3.9020091809403565	0.020077568390380055
7.925	-3.897032474728024	0.01983429065507253
7.935	-3.892213584015543	0.020048947480343877
7.945	-3.8875545052138416	0.019791359290018257
7.955	-3.883057211755646	0.020292225215651404
7.965	-3.8787236534867198	0.020192052030524776
7.975	-3.8745557560521178	0.019862911565108707
7.985	-3.8705554202775496	0.019276182909367025
7.995	-3.866724521545925	0.020821712051320728
8.005	-3.8630649091692053	0.020163431120488594
8.015	-3.859578405755645	0.021293957066917692
8.025	-3.8562668065725227	0.019075836539113766
8.035	-3.853131878904556	0.020020326570307695
8.045	-3.850175361408031	0.020635676136085558
8.055	-3.8473989634608974	0.020277914760633314
8.065	-3.844804364508902	0.021751891627496567
8.075	-3.84239321340797	0.021694649807424207
8.085	-3.8401671277629843	0.02052119249594084
8.095	-3.838127693263162	0.020893264326411178
8.105	-3.8362764630142046	0.020034637025325784
8.115	-3.834614956867428	0.021279646611899603
8.125	-3.8331446607461075	0.021022058421573984
8.135	-3.8318670259692036	0.02054981340597702
8.145	-3.8307834685727573	0.021064989786628255
8.155	-3.8298953686291606	0.020306535670669493
8.165	-3.8292040695645584	0.020292225215651404
8.175	-3.8287108774746406	0.02160878707731567
8.185	-3.8284170604390884	0.02080740159630264
8.195	-3.828323847834955	0.021122231606700615
8.205	-3.828432429649263	0.020249293850597132
8.215	-3.8287439557911105	0.02160878707731567
8.225	-3.829259535403589	0.02137981979702623
8.235	-3.8299802361758215	0.020764470231248368
8.245	-3.8309070836554526	0.019977395205253427
8.255	-3.8320410605618944	0.021107921151682526
8.265	-3.8333831061006807	0.02137981979702623
8.275	-3.834934115279278	0.02062136568106747
8.285	-3.8366949382246784	0.021150852516736793
8.295	-3.8386663795031635	0.02049257158590466
8.305	-3.8408491974425836	0.02067860750113983
8.315	-3.8432441034575406	0.02046395067586848
8.325	-3.845851761377837	0.020077568390380055
8.335	-3.8486727867806003	0.02125102570186342
8.345	-3.8517077463264537	0.01964825473983736
8.355	-3.8549571571001566	0.020106189300416234
8.365	-3.8584214859560957	0.019877222020126796
8.375	-3.862101148869063	0.020192052030524776
8.385	-3.8659965102907194	0.020506882040922752
8.395	-3.870107882512178	0.020120499755434326
8.405	-3.874435525033131	0.0205784343160132
8.415	-3.87897964393796	0.020177741575506683
8.425	-3.883740391279254	0.0205784343160132
8.435	-3.8887178644691858	0.01967687564987354
8.445	-3.8939121056792074	0.018875490168860507
8.455	-3.899323101248478	0.019176009724240394
8.465	-3.9049507811015145	0.019462218824602192
8.475	-3.9107950181755013	0.01793100013766658
8.485	-3.9168556278577253	0.020006016115289606
8.495	-3.9231323674335927	0.01868945425362534
8.505	-3.9296249355457116	0.01877531698373388
8.515	-3.936332971664461	0.01934773518445747
8.525	-3.9432560555705876	0.019447908369584103
8.535	-3.950393706850211	0.019433597914566014
8.545	-3.9577453844027914	0.01793100013766658
8.555	-3.9653104859624695	0.019376356094493653
8.565	-3.9730883476332806	0.019118767904168034
8.575	-3.9810782434387075	0.018932731988932867
8.585	-3.989279384886044	0.018360313788209275
8.595	-3.997690920546024	0.018417555608281632
8.605	-4.0063119356482115	0.018274451058100733
8.615	-4.015141451692616	0.01757323876221433
8.625	-4.024178426077949	0.016957889196436468
8.635	-4.033421751747072	0.017473065577087703
8.645	-4.04287025685002	0.017501686487123882
8.655	-4.052522704425096	0.017501686487123882
8.665	-4.062377792098491	0.017272719206834444
8.675	-4.072434151802872	0.017372892391961076
8.685	-4.082690349515372	0.017172546021707816
8.695	-4.093144885015467	0.016199435080477706
8.705	-4.103796191663148	0.015297876414338047
8.715	-4.114642636197798	0.015254945049283777
8.725	-4.125682518558274	0.01575581097491692
8.735	-4.1369140717245365	0.014782700033686811
8.745	-4.148335461581305	0.014568043208415465
8.755	-4.159944786804109	0.015412360054482765
8.765	-4.171740078768152	0.015455291419537035
8.775	-4.183719301480406	0.01400993546270996
8.785	-4.195880351535278	0.01489718367383153
8.795	-4.208221058094268	0.014696837303578273
8.805	-4.220739182889973	0.014138729557872768
8.815	-4.233432420254816	0.013838210002492883
8.825	-4.246298397174835	0.013723726362348164
8.835	-4.2593346733688895	0.013623553177221534
8.845	-4.27253874139361	0.013337344076859737
8.855	-4.285908026774446	0.013036824521479851
8.865	-4.299439888163092	0.012950961791371311
8.875	-4.31313161752161	0.012922340881335133
8.885	-4.326980440333552	0.013637863632239624
8.895	-4.34098351584235	0.013251481346751198
8.905	-4.355137937317272	0.011849056754978392
8.915	-4.3694407323471625	0.012564579505882885
8.925	-4.383888863162257	0.012092334490285921
8.935	-4.398479226984257	0.01206371358024974
8.945	-4.413208656404982	0.011705952204797495
8.955	-4.428073919793654	0.012593200415919065
8.965	-4.443071721733183	0.011734573114833674
8.975	-4.458198703485509	0.011305259464290979
8.985	-4.473451443486213	0.01121939673418244
8.995	-4.488826457868591	0.010732841263567385
9.005	-4.504320201017247	0.010990429453893003
9.015	-4.519929066151416	0.010489563528259858
9.025	-4.535649385938059	0.010418011253169409
9.035	-4.551477433134897	0.009917145327536264
9.045	-4.567409421263375	0.01013180215280761
9.055	-4.583441505311722	0.009845593052445815
9.065	-4.59956978246808	0.009029897116414694
9.075	-4.615790292883757	0.010146112607825702
9.085	-4.632099020466659	0.00937334803684885
9.095	-4.648491893704838	0.008858171656197615
9.105	-4.664964786520211	0.009401968946885029
9.115	-4.6815135191523405	0.008901103021251884
9.125	-4.69813385907233	0.008543341645799639
9.135	-4.71482152192666	0.008772308926089076
9.145	-4.731572172510954	0.008128338450275033
9.155	-4.748381425773581	0.008557652100817728
9.165	-4.765244847848929	0.008514720735763459
9.175	-4.782157957120242	0.008285753455474021
9.185	-4.799116225311898	0.007641782979659978
9.195	-4.816115078610917	0.007813508439877057
9.205	-4.8331498988175365	0.007799197984858967
9.215	-4.8502160245246415	0.0075845411595876185
9.225	-4.867308752325853	0.00748436797446099
9.235	-4.88442333805199	0.007813508439877057
9.245	-4.901554998035718	0.006997812503845935
9.255	-4.918698910404045	0.007226779784135373
9.265	-4.935850216398395	0.006954881138791665
9.275	-4.953004021721987	0.0068403974986469464
9.285	-4.9701553979141515	0.007284021604207732
9.295	-4.987299383751237	0.007355573879298181
9.305	-5.0044309866737855	0.006682982493447958
9.315	-5.021545184239565	0.00656849885330324
9.325	-5.038636925602064	0.006024701562615826
9.335	-5.1956787118352965	0.0058100447373444775
9.345	-5.214995471997933	0.005767113372290208
9.355	-5.234274468150455	0.005352110176765602
9.365	-5.253510551108913	0.005151763806512345
9.375	-5.272698551044595	0.005166074261530435
9.385	-5.291833279106101	0.005323489266729423
9.395	-5.310909529063597	0.004822623341096279
9.405	-5.329922078974773	0.00466520833589729
9.415	-5.348865692871938	0.0046365874258611104
9.425	-5.3677351224696945	0.004980038346295267
9.435	-5.386525108892593	0.0047940024310600985
9.445	-5.405230384422209	0.003835201944848079
9.455	-5.42384567426298	0.004221584230336505
9.465	-5.442365698326207	0.00466520833589729
9.475	-5.460785173031598	0.004107100590191786
9.485	-5.479098813125637	0.004135721500227966
9.495	-5.497301333516159	0.003620545119576731
9.505	-5.515387451122427	0.003921064674956618
9.515	-5.533351886740009	0.004078479680155607
9.525	-5.551189366919736	0.003820891489829989
9.535	-5.568894625860035	0.004035548315101336
9.545	-5.586462407311866	0.0036920973946671805
9.555	-5.603887466495534	0.0034917510244139227
9.565	-5.62116457202859	0.003620545119576731
9.575	-5.638288507864072	0.0038065810348118993
9.585	-5.655254075238266	0.003463130114377743
9.595	-5.672056094627163	0.003463130114377743
9.605	-5.68868940771091	0.003334336019214934
9.615	-5.705148879345262	0.0032198523790702154
9.625	-5.721429399539358	0.0028334700935817897
9.635	-5.737525885438872	0.0029050223686722387
9.645	-5.753433283313739	0.0028620910036179694
9.655	-5.769146570549555	0.0027332969084551606
9.665	-5.784660757641829	0.0032055419240521257
9.675	-5.79997089019216	0.0028191596385636996
9.685	-5.815072050905438	0.003334336019214934
9.695	-5.829959361587265	0.0029336432787084184
9.705	-5.844627985140563	0.0026903655434008912
9.715	-5.859073127560569	0.0028334700935817897
9.725	-5.873290039927225	0.0029336432787084184
9.735	-5.887274020394091	0.0028191596385636996
9.745	-5.901020416172823	0.0027762282735094303
9.755	-5.914524625512295	0.0027619178184913403
9.765	-5.927782099671424	0.002704675998418981
9.775	-5.940788344884777	0.0024613982631114537
9.785	-5.953538924319977	0.002704675998418981
9.795	-5.966029460025988	0.002718986453437071
9.805	-5.978255634871341	0.0024900191731476334
9.815	-5.990213194471311	0.002704675998418981
9.825	-6.001897949103127	0.002604502813292352
9.835	-6.013305775608251	0.002303983257912465
9.845	-6.024432619280756	0.0025615714482380824
9.855	-6.035274495740876	0.0022896728028943755
9.865	-6.045827492792763	0.0025758819032561725
9.875	-6.056087772265487	0.0023182937129305552
9.885	-6.066051571836338	0.0024900191731476334
9.895	-Inf	0.0
9.905	-Inf	0.0
9.915	-Inf	0.0
9.925	-Inf	0.0
9.935	-Inf	0.0
9.945	-Inf	0.0
9.955	-Inf	0.0
9.965	-Inf	0.0
9.975	-Inf	0.0
9.985	-Inf	0.0
9.995	-Inf	0.0
