0.005	-Inf	0.0
0.015	-Inf	0.0
0.025	-Inf	0.0
0.035	-Inf	0.0
0.045	-Inf	0.0
0.055	-Inf	0.0
0.065	-Inf	0.0
0.075	-Inf	0.0
0.085	-Inf	0.0
0.095	-Inf	0.0
0.105	-Inf	0.0
0.115	-Inf	0.0
0.125	-Inf	0.0
0.135	-Inf	0.0
0.145	-Inf	0.0
0.155	-Inf	0.0
0.165	-Inf	0.0
0.175	-Inf	0.0
0.185	-Inf	0.0
0.195	-Inf	0.0
0.205	-Inf	0.0
0.215	-Inf	0.0
0.225	-Inf	0.0
0.235	-Inf	0.0
0.245	-Inf	0.0
0.255	-Inf	0.0
0.265	-Inf	0.0
0.275	-Inf	0.0
0.285	-Inf	0.0
0.295	-Inf	0.0
0.305	-Inf	0.0
0.315	-Inf	0.0
0.325	-Inf	0.0
0.335	-Inf	0.0
0.345	-Inf	0.0
0.355	-Inf	0.0
0.365	-Inf	0.0
0.375	-Inf	0.0
0.385	-Inf	0.0
0.395	-Inf	0.0
0.405	-Inf	0.0
0.415	-Inf	0.0
0.425	-Inf	0.0
0.435	-Inf	0.0
0.445	-Inf	0.0
0.455	-Inf	0.0
0.465	-Inf	0.0
0.475	-Inf	0.0
0.485	-Inf	0.0
0.495	-Inf	0.0
0.505	-Inf	0.0
0.515	-Inf	0.0
0.525	-Inf	0.0
0.535	-Inf	0.0
0.545	-Inf	0.0
0.555	-Inf	0.0
0.565	-Inf	0.0
0.575	-Inf	0.0
0.585	-Inf	0.0
0.595	-Inf	0.0
0.605	-Inf	0.0
0.615	-Inf	0.0
0.625	-Inf	0.0
0.635	-Inf	0.0
0.645	-Inf	0.0
0.655	-Inf	0.0
0.665	-Inf	0.0
0.675	-Inf	0.0
0.685	-Inf	0.0
0.695	-Inf	0.0
0.705	-Inf	0.0
0.715	-Inf	0.0
0.725	-Inf	0.0
0.735	-Inf	0.0
0.745	-Inf	0.0
0.755	-Inf	0.0
0.765	-Inf	0.0
0.775	-Inf	0.0
0.785	-Inf	0.0
0.795	-Inf	0.0
0.805	-Inf	0.0
0.815	-Inf	0.0
0.825	-Inf	0.0
0.835	-Inf	0.0
0.845	-Inf	0.0
0.855	-Inf	0.0
0.865	-Inf	0.0
0.875	2.669915722952399	2.082160616299658
0.885	2.6663928530704455	2.0343503135449366
0.895	2.662417240889035	2.0201680524831387
0.905	2.657985681462787	2.0118341464983707
0.915	2.653095209966812	1.9062713373579765
0.925	2.647743104701568	1.8970601781116538
0.935	2.641926889962791	1.9137279900811899
0.945	2.635644338774494	1.8602155411263641
0.955	2.628893475483025	1.8429628936491251
0.965	2.621672578210334	1.8138673271409
0.975	2.613980181164621	1.774244721494021
0.985	2.605815076806657	1.732575191570181
0.995	2.5971763178701344	1.729066178523963
1.005	2.5880632192344986	1.688127692984752
1.015	2.5784753596487984	1.6727757609075478
1.025	2.5684125833051725	1.6539148157841255
1.035	2.5578750012606877	1.6069817662909587
1.045	2.5468629927063278	1.5792020796750654
1.055	2.535377206082024	1.5563934948746478
1.065	2.5234185600367125	1.506974894473743
1.075	2.51098824423248	1.504050716935228
1.085	2.4980877199919873	1.4680833332114926
1.095	2.484718720788395	1.444251286272595
1.105	2.4708832525771864	1.4081376936719336
1.115	2.456583593969285	1.3528707381939988
1.125	2.441822296245056	1.3211434119011103
1.135	2.4266021832087947	1.3220206651626647
1.145	2.410926350883436	1.2813745973773052
1.155	2.3947981670453364	1.2585660125768876
1.165	2.3782212705990124	1.2449685870227925
1.175	2.3611995707918902	1.2180661536684538
1.185	2.3437372462691486	1.1613371094212614
1.195	2.3258387439688972	1.1494941903902753
1.205	2.307508777857959	1.1029997675278858
1.215	2.288752327508693	1.1199599972512733
1.225	2.2695746365173415	1.0972976213277814
1.235	2.2499812107644774	1.030480164572712
1.245	2.229977816518274	1.0187834544186516
1.255	2.209570478381358	0.9940741542181992
1.265	2.1887654770821134	0.981207773048733
1.275	2.167569347111453	0.9453865982019233
1.285	2.145988874206066	0.9072260813243016
1.295	2.124031092679342	0.8965528333087215
1.305	2.1017032826012105	0.88558716753929
1.315	2.0790129668282336	0.8690655644466798
1.325	2.0559679078853876	0.8572226454156938
1.335	2.0325761047010813	0.8047336585993482
1.345	2.0088457891969806	0.7943528283376197
1.355	1.9847854227343893	0.7497591208752649
1.365	1.9604036924189476	0.7316292201364714
1.375	1.9357095072655381	0.7341147710442092
1.385	1.9107119942253603	0.7064812933052418
1.395	1.8854204940772235	0.6757774291508335
1.405	1.8598445571851874	0.6804561132124576
1.415	1.8339939391247575	0.645804609381054
1.425	1.807878596179962	0.6349851524885483
1.435	1.7815086807136313	0.594777711333966
1.445	1.754894536413387	0.5902452361492676
1.455	1.7280466934158365	0.5479908707177248
1.465	1.700975863311589	0.5437508132868779
1.475	1.6736929340337854	0.5398031736098826
1.485	1.6462089646328615	0.5206498107326089
1.495	1.618535179940413	0.4946246306398247
1.505	1.590682965125005	0.4779568186702888
1.515	1.5231582861338806	0.4389190485311125
1.525	1.494147205669912	0.43073135142327035
1.535	1.4649927566109495	0.4090924376382588
1.545	1.4357069089760661	0.406606886730521
1.555	1.406301764385847	0.3865762705916927
1.565	1.376789550034434	0.3538254821603239
1.575	1.347182612575584	0.3830672575454746
1.585	1.3174934119261241	0.3415439364985606
1.595	1.2877345149902333	0.34300602526781815
1.605	1.2579185893080456	0.3194663960827718
1.615	1.2280583966320915	0.32019744046740056
1.625	1.1981667864351964	0.3004592420824238
1.635	1.1682566893534192	0.2940260514976906
1.645	1.1383411105677284	0.2726795554665306
1.655	1.1084331231281164	0.2726795554665306
1.665	1.0785458612238976	0.2668312003895005
1.675	1.0486925134039788	0.24884750852763277
1.685	1.0188863157509092	0.23393420308120588
1.695	0.9891405450125733	0.23027898115806203
1.705	0.959468511695375	0.2130263336808231
1.715	0.9298835531228639	0.21712018223474422
1.725	0.90039902646368	0.20556968095760966
1.735	0.8710283017328038	0.19489643294202966
1.745	0.8417847547700632	0.1862701092034102
1.755	0.8126817601998967	0.18860945123422224
1.765	0.7837326843763708	0.18363834941874663
1.775	0.7549508783174598	0.17998312749560277
1.785	0.7263496706326273	0.16755537295691372
1.795	0.6979423604477326	0.16287668889528958
1.805	0.6697422103313089	0.16550844867995315
1.815	0.641762439226246	0.15542003617207617
1.825	0.6140162153909285	0.15425036515667012
1.835	0.5865166493538738	0.14284607275646133
1.845	0.559276786885891	0.14211502837183257
1.855	0.5323096019938109	0.1454778325411249
1.865	0.505627989939794	0.12632446966385116
1.875	0.47924476029023677	0.1413839839872038
1.885	0.4531726299982646	0.1498640988488975
1.895	0.42742421652379914	0.16550844867995315
1.905	0.40201203099515537	0.17384235466472112
1.915	0.37694847141611265	0.1912412110188858
1.925	0.35224581592238335	0.20030616138828253
1.935	0.32791621609135646	0.2231147461887001
1.945	0.3039716903089955	0.23744321612742397
1.955	0.28042411719771687	0.22852447463495298
1.965	0.2572852291090528	0.23744321612742397
1.975	0.2345666056848632	0.23115623441961655
1.985	0.21227966749083071	0.258204876650881
1.995	0.19043566972592263	0.2622987252048021
2.005	0.16904569601147434	0.25586553462006895
2.015	0.14812065226350146	0.25586553462006895
2.025	0.1276712606517878	0.25586553462006895
2.035	0.1077080536492736	0.27311818209730787
2.045	0.0882413681752039	0.28232934134363036
2.055	0.06928133983543439	0.27662719514352596
2.065	0.05083789726326393	0.2832065946051849
2.075	0.03292075656408233	0.27077884006649583
2.085	0.015539415867082074	0.2824755502205561
2.095	-0.00129685001279789	0.29080945620532406
2.105	-0.017578994799561487	0.2833528034821106
2.115	-0.03329820586444643	0.2776506572820062
2.125	-0.048445909214799965	0.2849611011282939
2.135	-0.06301377436064515	0.30089786871320107
2.145	-0.07699371905607633	0.29563434914387393
2.155	-0.09037791391269234	0.28773906978988323
2.165	-0.10315878688238578	0.288470114174512
2.175	-0.11532902760682351	0.289054949682215
2.185	-0.12688159163109414	0.2988509444362405
2.195	-0.13780970447901364	0.2780892839127835
2.205	-0.14810686558771136	0.2862769810206257
2.215	-0.15776685209915975	0.28232934134363036
2.225	-0.16678372250642237	0.289639785189918
2.235	-0.1751518201524518	0.2944646781284679
2.245	-0.18286577657938885	0.2969502290362057
2.255	-0.1899205147263432	0.2903708295745468
2.265	-0.19631125197380017	0.2810134614512986
2.275	-0.20203350303280576	0.2887625319283635
2.285	-0.2070830826772354	0.30864693919026603
2.295	-0.2114561083175066	0.29490330475924514
2.305	-0.21514900241419044	0.29621918465157693
2.315	-0.2181584947300852	0.30060545095934954
2.325	-0.22048162441940056	0.31200974335955833
2.335	-0.2221157419527744	0.3019213308516813
2.345	-0.22305851087697626	0.3090855658210433
2.355	-0.22330790940822176	0.3032372107440131
2.365	-0.2228622318581146	0.2938798426207649
2.375	-0.22172008989135294	0.30075165983627533
2.385	-0.21988041361440835	0.3121559522364841
2.395	-0.2173424524945009	0.3017751219747556
2.405	-0.2141057761082854	0.299143362190092
2.415	-0.2101702747197547	0.3048455083901964
2.425	-0.20553615968698535	0.3118635344826326
2.435	-0.20020396369741977	0.3067462237902312
2.445	-0.19417454083151497	0.31478771202114764
2.455	-0.18744906645464687	0.28423005674366514
2.465	-0.18002903693729078	0.29870473555931476
2.475	-0.17191626920359004	0.3017751219747556
2.485	-0.1631129001085001	0.30382204625171616
2.495	-0.15362138564383443	0.30850073031334024
2.505	-0.1434444999736071	0.30879314806719177
2.515	-0.13258533429918007	0.29841231780546323
2.525	-0.12104729555480631	0.30031303320549807
2.535	-0.10883410493428736	0.3159573830365537
2.545	-0.09594979624952149	0.30850073031334024
2.555	-0.0823987141218514	0.2941722603746164
2.565	-0.06818551200720302	0.3133256232518901
2.575	-0.053315150056085336	0.31171732560570686
2.585	-0.03779289280966136	0.31171732560570686
2.595	-0.021624306733129872	0.3070386415440827
2.605	-0.0048152575878397386	0.30937798357489477
2.615	0.01262809235646234	0.3166884274211825
2.625	0.030699287267630382	0.3127407877441871
2.635	0.0493915808537726	0.31785809843658847
2.645	0.06869793962078496	0.31581117415962795
2.655	0.08861104628294258	0.31698084517503394
2.665	0.1091233033246668	0.318735351698143
2.675	0.13022683671141477	0.33408728377534713
2.685	0.15191349974765478	0.32356024463669286
2.695	0.1741748770797118	0.3275078843136882
2.705	0.19700228884125526	0.31566496528270216
2.715	0.22038679493908653	0.3225367824982126
2.725	0.2443191994768119	0.3297010174675745
2.735	0.26879005531387934	0.3298472263445003
2.745	0.2937896687574404	0.3468074560678877
2.755	0.31930810438437107	0.3346721192830502
2.765	0.34533518999071156	0.34300602526781815
2.775	0.37186052166576733	0.3317479417445351
2.785	0.3988734689879554	0.34359086077552115
2.795	0.42636318033948184	0.3431522341447439
2.805	0.4543185883368741	0.31566496528270216
2.815	0.48272841537422173	0.3446143229140014
2.825	0.5115811792760727	0.3554337798065072
2.835	0.5408651990567273	0.3687387876067508
2.845	0.5705686007827084	0.35046267799103153
2.855	0.6006793235350638	0.3639138946682009
2.865	0.63118512546817	0.3718091740221916
2.875	0.6620735899615386	0.3794120356223308
2.885	0.6933321318612459	0.3922784167917971
2.895	0.7249480038073624	0.39067011914561384
2.905	0.7569083026438554	0.38774594160709874
2.915	0.7891999759073512	0.39213220791487136
2.925	0.8218098283910306	0.41201661517677385
2.935	0.8547245287800466	0.41143177966907085
2.945	0.8879306163545923	0.42268986319235385
2.955	0.9214145077569725	0.4123090329306254
2.965	0.9551625038187361	0.4286844271463098
2.975	0.9891607964440841	0.4396500929157413
2.985	1.023395475545683	0.4058758423458922
2.995	1.0578525360289095	0.43424036446948844
3.005	1.0925178848206523	0.4301465159155673
3.015	1.1273773479386935	0.4402349284234443
3.025	1.1624166775976514	0.43848042190033526
3.035	1.197621559347556	0.4767871476548827
3.045	1.2329776192409967	0.48555968027042795
3.055	1.268470431024804	0.4636283487315649
3.065	1.30408552335225	0.4696229126855208
3.075	1.3398083870117408	0.47634852102410546
3.085	1.3756244821678663	0.49287012411671566
3.095	1.411519245610852	0.5149476645325044
3.105	1.4474780980102409	0.5190415130864255
3.115	1.483486451168855	0.5129007402555439
3.125	1.519529715272879	0.5256209125480845
3.135	1.5555933061340967	0.5079296384400682
3.145	1.5916626524201734	0.5291299255943025
3.155	1.6277232028689606	0.5205036018556831
3.165	1.663760433482871	0.5332237741482236
3.175	1.6997598546991963	0.5428735600253234
3.185	1.735707018532488	0.5642200560564834
3.195	1.7715875256849631	0.5503302127485369
3.205	1.8073870326210209	0.587613476364604
3.215	1.8430912586019277	0.5805954502721679
3.225	1.878685992676811	0.568606322364256
3.235	1.9141571006260287	0.5930232048108569
3.245	1.9494905318531353	0.5908300716569707
3.255	1.9846723262216321	0.5915611160415993
3.265	2.01968862083272	0.6222649801960076
3.275	2.0545256567403145	0.6341078992269937
3.285	2.089169785599684	0.6289905885345923
3.295	2.123607476245989	0.6346927347346967
3.305	2.1578253211992315	0.6327920193346619
3.315	2.1918100430919125	0.6344003169808452
3.325	2.225548501016038	0.6494598313041978
3.335	2.259027696785897	0.6813333664740121
3.345	2.2922347811133097	0.6735842959969471
3.355	2.325157059691919	0.676654682412388
3.365	2.3577819991872673	0.6829416641201954
3.375	2.3900972331294232	0.6596944526890006
3.385	2.4220905677050037	0.6863044682894878
3.395	2.4537499874454283	0.7064812933052418
3.405	2.4850636608084127	0.6940535387665527
3.415	2.516019945649708	0.7073585465667963
3.425	2.5466073945821255	0.7414252148904968
3.435	2.576814760219111	0.7133531105207522
3.445	2.606631000299945	0.7044343690282812
3.455	2.6360452826940244	0.7481508232290816
3.465	2.6650469902814704	0.7427410947828287
3.475	2.6936257257075975	0.7602861600139191
3.485	2.721771316008728	0.7428873036597544
3.495	2.749473817106963	0.7303133402441396
3.505	2.776723518171598	0.7393782906135363
3.515	2.8035109458449616	0.7637951730601372
3.525	2.8298268683304624	0.7667193505986523
3.535	2.8556622993408904	0.7930369484452879
3.545	2.8810085019048643	0.8009322277992786
3.555	2.9058569920295927	0.7694973192602416
3.565	2.9301995422181357	0.8107282225533041
3.575	2.954028184839422	0.7895279353990698
3.585	2.9773352153493873	0.7961073348607287
3.595	3.000113195361713	0.8073654183840118
3.605	3.0223549555666533	0.7934755750760651
3.615	3.0440535984966655	0.833390598476796
3.625	3.065202501137495	0.8162841598764827
3.635	3.0857953173835786	0.8092661337840465
3.645	3.10582598033666	0.8211090528150327
3.655	3.1252887044466306	0.8197931729227008
3.665	3.1441779874937015	0.8156993243687798
3.675	3.162488612411084	0.8041488230916453
3.685	3.18021564894749	0.7915748596760304
3.695	3.19735445516882	0.8064881651224572
3.705	3.213900678798521	0.8108744314302299
3.715	3.2298502583962074	0.8272498256459143
3.725	3.2451994243742077	0.8231559770919932
3.735	3.259944699851786	0.8418707133384896
3.745	3.2740829013469375	0.7931831573222137
3.755	3.287611139305696	0.7978618413838378
3.765	3.3005268184690095	0.7864575489836291
3.775	3.312827638077352	0.8041488230916453
3.785	3.3245115919133013	0.8203780084304039
3.795	3.335576968182419	0.8000549745377241
3.805	3.346022349232921	0.7813402382912277
3.815	3.3558466111145924	0.7735911678141627
3.825	3.3650489229776364	0.8067805828763088
3.835	3.3736287463121513	0.8278346611536173
3.845	3.381585834029047	0.8145296533533737
3.855	3.3889202293833147	0.7905513975375501
3.865	3.3956322647406463	0.7626255020447311
3.875	3.4017225601884755	0.8002011834146499
3.885	3.4071920219926533	0.7953762904761
3.895	3.4120418409009785	0.8080964627686406
3.905	3.41627349029499	0.7949376638453227
3.915	3.4198887241914218	0.7983004680146151
3.925	3.422889575094881	0.7811940294143019
3.935	3.425278351703348	0.764526217444766
3.945	3.427057636468201	0.7943528283376197
3.955	3.428230283010569	0.766865559475578
3.965	3.428799413395845	0.7586778623677358
3.975	3.4287684152683293	0.7586778623677358
3.985	3.428140938848033	0.782948535937411
3.995	3.4269208937917286	0.752098462906077
4.005	3.4251124459204454	0.7481508232290816
4.015	3.422720013815654	0.7493204942444875
4.025	3.419748265286481	0.7415714237674227
4.035	3.416202113710355	0.7689124837525386
4.045	3.412086714249557	0.746688734459824
4.055	3.4074074599462127	0.7539991783061117
4.065	3.4021699776983523	0.7554612670753692
4.075	3.3963801241197022	0.7431797214136059
4.085	3.3900439812859577	0.7430335125366802
4.095	3.383167852370332	0.7257808650594413
4.105	3.3757582571712605	0.7257808650594413
4.115	3.367821927535169	0.7314830112595456
4.125	3.3593658026772872	0.7303133402441396
4.135	3.3503970244035655	0.7044343690282812
4.145	3.340922932236741	0.7111599773668659
4.155	3.3309510584497426	0.7298747136133623
4.165	3.320489123009577	0.7218332253824459
4.175	3.309545028434964	0.7156924525515642
4.185	3.298126854570995	0.7237339407824807
4.195	3.286242853284123	0.7092592619668311
4.205	3.27390144308087	0.6972701340589192
4.215	3.2611112036536425	0.7338223532903577
4.225	3.2478808703570996	0.7189090478439308
4.235	3.2342193286185514	0.7019488181205434
4.245	3.220135608285893	0.7066275021821675
4.255	3.2056388779165994	0.7037033246436525
4.265	3.1907384390113673	0.718178003459302
4.275	3.1754437201959878	0.6852810061510075
4.285	3.159764271355053	0.6822106197355666
4.295	3.143709757721142	0.6870355126741166
4.305	3.127289953923139	0.6912755701049634
4.315	3.1105147379973594	0.6706601184584321
4.325	3.0933940853651647	0.6906907345972604
4.335	3.075938062780746	0.7140841549053809
4.345	3.0581568222528306	0.6800174865816804
4.355	3.040060594943961	0.6930300766280725
4.365	3.0216596850511444	0.6626186302275157
4.375	3.0029644636715047	0.6797250688278288
4.385	2.983985362656746	0.6719759983507639
4.395	2.9647328684600938	0.6604254970736294
4.405	2.945217515979455	0.6882051836895225
4.415	2.925449882400504	0.6687594030583973
4.425	2.9054405810433828	0.6944921653973299
4.435	2.8852002552167413	0.6646655545044762
4.445	2.8647395720827586	0.6556006041350795
4.455	2.8440692165368353	0.6494598313041978
4.465	2.823199885105593	0.6637883012429217
4.475	2.802142279866798	0.6563316485197083
4.485	2.7809071023948384	0.6841113351356014
4.495	2.759505047735309	0.6447811472425737
4.505	2.7379467984122687	0.6501908756888266
4.515	2.716243018471694	0.6468280715195343
4.525	2.6944043475646335	0.6735842959969471
4.535	2.672441395073501	0.6620337947198126
4.545	2.6503647342849526	0.6823568286124924
4.555	2.6281848966127423	0.6713911628430609
4.565	2.6059123658738796	0.6453659827502767
4.575	2.583557572621438	0.6751925936431304
4.585	2.5611308885372406	0.6648117633814019
4.595	2.538642620887673	0.6715373717199866
4.605	2.5161030070457944	0.6531150532273416
4.615	2.493522209082869	0.6441963117348707
4.625	2.4709103084323703	0.666566269904511
4.635	2.448277300629538	0.6822106197355666
4.645	2.4256330901294025	0.6522377999657871
4.655	2.402987485206208	0.657062692904337
4.665	2.380350192937111	0.627382290888409
4.675	2.3577308142729083	0.6498984579349751
4.685	2.3351388391985655	0.6560392307658568
4.695	2.3125836419861985	0.6610103325813323
4.705	2.2900744765431438	0.6020881551802536
4.715	2.2676204718575947	0.6251891577345228
4.725	2.245230627544367	0.6246043222268197
4.735	2.2229138094931398	0.6354237791193255
4.745	2.2006787456215187	0.6452197738733509
4.755	2.1785340217352007	0.6028191995648824
4.765	2.15648807749743	0.6307450950577014
4.775	2.134549202509848	0.6386403744116921
4.785	2.1127255325068006	0.5972632622417038
4.795	2.0910250456650727	0.6203642647959728
4.805	2.0694555590309034	0.6171476695036062
4.815	2.0480247250661434	0.637470703396286
4.825	2.0267400283152703	0.6028191995648824
4.835	2.0056087821948796	0.6044274972110657
4.845	1.9846381259072796	0.6007722752879219
4.855	1.963835021479642	0.6294292151653695
4.865	1.9432062509301153	0.6371782856424345
4.875	1.9227584135622475	0.5921459515493024
4.885	1.902497923388934	0.5928769959339312
4.895	1.882431006687049	0.594777711333966
4.905	1.8625636996838315	0.5917073249185252
4.915	1.8429018463760252	0.6013571107956248
4.925	1.8234510964826227	0.596532217857075
4.935	1.8042169035320712	0.59360804031856
4.945	1.7852045230846394	0.5767940194720983
4.955	1.7664190110905813	0.5800106147644648
4.965	1.74786522238463	0.5750395129489893
4.975	1.7295478093173275	0.5621731317795229
4.985	1.7114712205234905	0.5795719881336876
4.995	1.6936396998281542	0.5569096122101957
5.005	1.6760572852901716	0.5626117584103001
5.015	1.6587278083835462	0.5545702701793837
5.025	1.6416548933165624	0.556178567825567
5.035	1.6248419564886178	0.5528157636562746
5.045	1.6082922060845828	0.5440432310407294
5.055	1.592008641806487	0.5292761344712283
5.065	1.575994054742179	0.5370252049482932
5.075	1.560251027370514	0.5221118995018664
5.085	1.5447819337026072	0.5279602545788965
5.095	1.529588939558555	0.5326389386405206
5.105	1.5146740029789054	0.5481370795946505
5.115	1.500038874770191	0.5080758473169941
5.125	1.4856850991835966	0.5156787089171332
5.135	1.4716140147258974	0.5148014556555787
5.145	1.457826755101645	0.525913330301936
5.155	1.4443242502854667	0.5038357898861472
5.165	1.4311072277233734	0.5130469491324696
5.175	1.4181762136617402	0.4813196228395811
5.185	1.4055315346027235	0.4903845732089778
5.195	1.393173318884597	0.48336654711654164
5.205	1.3811014983856285	0.4933087507474929
5.215	1.3693158103498415	0.49403979513212165
5.225	1.357815799333054	0.48365896487039317
5.235	1.3466008192675223	0.4886300666858688
5.245	1.335670035643349	0.4722546724701844
5.255	1.3250224278048046	0.4952094661475277
5.265	1.3146567913596765	0.48629072465505674
5.275	1.3045717406996196	0.48965352882434904
5.285	1.2947657116294389	0.46655252627008
5.295	1.285236964103205	0.4794189074395463
5.305	1.2759835850649992	0.48278171160883865
5.315	1.267003491392002	0.47956511631647203
5.325	1.2582944329376762	0.4881914400550915
5.335	1.2498539956726173	0.47196225471633285
5.345	1.2416796049206344	0.48746039567046273
5.355	1.2337685286876188	0.46275109547001037
5.365	1.2261178810806181	0.4801499518241751
5.375	1.2187246258145255	0.4857058891473537
5.385	1.2115855798037536	0.4500309231774698
5.395	1.2046974168361757	0.4601193356853468
5.405	1.1980566713266114	0.4637745576084907
5.415	1.1916597421470425	0.4608503800699756
5.425	1.185502896530752	0.45397856285446514
5.435	1.1795822740475068	0.4598269179314953
5.445	1.1738938906468372	0.45339372734676214
5.455	1.1684336427665183	0.44769158114665775
5.465	1.1631973115032146	0.4586572469160893
5.475	1.1581805668422978	0.4702077481932238
5.485	1.1533789719437668	0.45968070905456954
5.495	1.1487879874811986	0.46567527300852546
5.505	1.1444029760306047	0.4532475184698364
5.515	1.140219206506075	0.4652366463777482
5.525	1.1362318586390445	0.4595345001776438
5.535	1.132436027497969	0.4636283487315649
5.545	1.1288267280452762	0.46567527300852546
5.555	1.1253988997282973	0.4737167612394419
5.565	1.1221474111010108	0.48424380037809617
5.575	1.1190670644733112	0.4694767038085951
5.585	1.1161526005845523	0.4598269179314953
5.595	1.1133987032981207	0.46976912156244655
5.605	1.1108000043137438	0.47196225471633285
5.615	1.108351087894272	0.46757598840856024
5.625	1.1060464956036256	0.4819044583472841
5.635	1.1038807310526826	0.47634852102410546
5.645	1.1018482646497683	0.47269329910096164
5.655	1.0999435383525245	0.5033971632553699
5.665	1.0981609704178594	0.4857058891473537
5.675	1.0964949601467273	0.4903845732089778
5.685	1.09493989262051	0.45558686050064845
5.695	1.0934901434257251	0.4802961607011008
5.705	1.0921400833638997	0.5019350744861124
5.715	1.0908840831433344	0.504566834270776
5.725	1.089716518049632	0.48278171160883865
5.735	1.0886317725918073	0.4995957324553003
5.745	1.0876242451208262	0.5139242023940241
5.755	1.086688352417483	0.497987434809117
5.765	1.085818534246493	0.496817763793711
5.775	1.0850092578737873	0.49842606143989426
5.785	1.0842550225439336	0.515240082286356
5.795	1.0835503639147397	0.5067599674246622
5.805	1.0828898584460205	0.5127545313786182
5.815	1.0822681277396502	0.5171407976863908
5.825	1.0816798428280108	0.5262057480557875
5.835	1.0811197284079646	0.5029585366245927
5.845	1.080582567017576	0.5219656906249406
5.855	1.0800632031528232	0.5042744165169244
5.865	1.0795565473215576	0.5071985940554395
5.875	1.0790575800320985	0.5111462337324348
5.885	1.0785613557138065	0.526498165809639
5.895	1.0780630065670769	0.5237201971480496
5.905	1.0775577463402648	0.5392183381021796
5.915	1.077040874031058	0.5335161919020751
5.925	1.0765077775099186	0.5342472362867039
5.935	1.0759539370632285	0.5320541031328176
5.945	1.0753749288538743	0.5434583955330264
5.955	1.0747664282970133	0.527083001317342
5.965	1.0741242133489086	0.533662400779001
5.975	1.0734441677066768	0.5360017428098129
5.985	1.0727222839169581	0.5253284947942329
5.995	1.0719546663914836	0.5355631161790357
6.005	1.0711375343277112	0.5536930169178291
6.015	1.0702672245326115	0.536586578317516
6.025	1.0693401941478913	0.5509150482562398
6.035	1.0683530232749447	0.5345396540405555
6.045	1.0673024174978747	0.5393645469791053
6.055	1.066185210303086	0.5188953042094998
6.065	1.0649983653939152	0.5544240613024579
6.075	1.063738978898927	0.5493067506100565
6.085	1.062404281472503	0.5317616853789661
6.095	1.06099164028653	0.5449204843022839
6.105	1.0594985609119312	0.53541690730211
6.115	1.0579226890889917	0.5463825730715415
6.125	1.0562618123854346	0.5585179098563791
6.135	1.0545138617412775	0.556178567825567
6.145	1.0526769128996463	0.5493067506100565
6.155	1.0507491877227104	0.5389259203483281
6.165	1.0487290553920596	0.547259826333096
6.175	1.046615033492861	0.5509150482562398
6.185	1.044405788981297	0.5468211997023188
6.195	1.0421001390347484	0.53541690730211
6.205	1.0396970517843915	0.5497453772408338
6.215	1.0371956469298742	0.5520847192716459
6.225	1.034595196235832	0.55676340333327
6.235	1.0318951239101446	0.5419963067637689
6.245	1.0290950068638216	0.5528157636562746
6.255	1.0261945748525503	0.5630503850410774
6.265	1.0231937105000173	0.5405342179945113
6.275	1.0200924492031724	0.5305920143635601
6.285	1.0168909789196863	0.533662400779001
6.295	1.0135896398379594	0.5409728446252886
6.305	1.0101889239300976	0.53541690730211
6.315	1.0066894743883332	0.5624655495333744
6.325	1.003092084945521	0.5343934451636296
6.335	0.9993976990803141	0.5387797114714022
6.345	0.9956074091077863	0.5324927297635949
6.355	0.9917224551563126	0.5425811422714719
6.365	0.9877442240316008	0.537171413825219
6.375	0.9836742479688321	0.5409728446252886
6.385	0.9795142032739628	0.5316154765020403
6.395	0.975265908855323	0.5576406565948245
6.405	0.9709313246466742	0.5010578212245579
6.415	0.9665125499230145	0.5392183381021796
6.425	0.9620118215104649	0.5323465208866691
6.435	0.9574315118916585	0.5161173355479105
6.445	0.952774127208091	0.5095379360862515
6.455	0.9480423051610145	0.5267905835634905
6.465	0.9432388128124547	0.5088068917016227
6.475	0.9383665442880912	0.5093917272093258
6.485	0.9334285183836974	0.5319078942558919
6.495	0.9284278760769996	0.5066137585477365
6.505	0.9233678779468124	0.5168483799325393
6.515	0.9182519015014	0.5139242023940241
6.525	0.9130834384180815	0.5010578212245579
6.535	0.9078660916961072	0.4960867194090822
6.545	0.9026035727249857	0.5000343590860775
6.555	0.8972996982703658	0.5167021710556134
6.565	0.8919583873797645	0.49213907973208687
6.575	0.8865836582104283	0.4990108969475973
6.585	0.8811796247815908	0.5007654034707063
6.595	0.8757504936536346	0.4718160458394071
6.605	0.8703005605364771	0.47707956540873425
6.615	0.8648342068297519	0.48716797791661126
6.625	0.8593558960972556	0.4609965889469013
6.635	0.8538701704782864	0.47298571685481317
6.645	0.8483816470384277	0.45690274039298023
6.655	0.8428950140624806	0.448130207777435
6.665	0.8374150272922447	0.4623124688392331
6.675	0.8319465061117961	0.4631897221007876
6.685	0.8264943296831432	0.4645056019931194
6.695	0.8210634330349658	0.4468143278851032
6.705	0.8156588031072973	0.42970788928479003
6.715	0.8102854747550083	0.437456959761855
6.725	0.804948526712977	0.44301289708503366
6.735	0.7996530775258333	0.43424036446948844
6.745	0.794404281445218	0.42152019217694786
6.755	0.7892073242975454	0.45046954980824705
6.765	0.7840674193251437	0.43160860468482487
6.775	0.778989803003879	0.42268986319235385
6.785	0.7739797308401779	0.40704551336129824
6.795	0.7690424731504909	0.4292692626540128
6.805	0.7641833108262315	0.4202043122846161
6.815	0.7594075310872245	0.4152332104691404
6.825	0.7547204232266684	0.40982348202288754
6.835	0.7501272743507263	0.4159642548537692
6.845	0.7456333651157199	0.40836139325363
6.855	0.7412439654660342	0.41201661517677385
6.865	0.7369643303757211	0.42780717388475525
6.875	0.7327996955969277	0.41640288148454646
6.885	0.7287552734180929	0.4304389336694188
6.895	0.7248362484350144	0.4266375028693492
6.905	0.721047773337774	0.4030978736843029
6.915	0.7173949647165446	0.41333249506910563
6.925	0.7138828988892428	0.40426754469970894
6.935	0.7105166077540639	0.4124552418075511
6.945	0.7073010746698087	0.4068993044843725
6.955	0.7042412303669473	0.3946177588226092
6.965	0.7013419488923957	0.38569901733013817
6.975	0.6986080435908151	0.406022051222818
6.985	0.6960442631253799	0.40192820266889684
6.995	0.6936552875408205	0.3947639676995349
7.005	0.6914457243715498	0.4188884323922843
7.015	0.6894201047976758	0.41070073528444206
7.025	0.6875828798516432	0.39651847422264397
7.035	0.6859384166782092	0.3900852836379108
7.045	0.6844909948504204	0.4045599624535604
7.055	0.6832448027442755	0.41143177966907085
7.065	0.6822039339746025	0.4074841399920755
7.075	0.6813723838947627	0.41844980576150703
7.085	0.6807540461626678	0.40733793111514977
7.095	0.6803527093755695	0.41347870394603137
7.105	0.6801720537760507	0.40280545593045136
7.115	0.6802156480315966	0.4026592470535256
7.125	0.6804869460900334	0.4010509494073423
7.135	0.6809892841131235	0.4039751269458574
7.145	0.6817258774905428	0.4067530956074467
7.155	0.6826998179363507	0.4102621086536648
7.165	0.6839140706700999	0.40996969089981333
7.175	0.6853714716846147	0.419619476776913
7.185	0.6870747251024021	0.4102621086536648
7.195	0.6890264006226463	0.419619476776913
7.205	0.6912289310606241	0.4336555289617854
7.215	0.6936846099813616	0.4159642548537692
7.225	0.6963955894292337	0.43350932008485965
7.235	0.699363877755214	0.4188884323922843
7.245	0.7025913375433239	0.4310237691771218
7.255	0.7060796836378689	0.43160860468482487
7.265	0.7098304812728824	0.4415508083157761
7.275	0.7138451443051929	0.44520603023891997
7.285	0.7181249335524224	0.45719515814683176
7.295	0.7226709552371892	0.4544171894852424
7.305	0.7274841595386627	0.47108500145477833
7.315	0.7325653392526034	0.45631790488527724
7.325	0.7379151285609059	0.47985753407032355
7.335	0.743534001911587	0.4668449440239315
7.345	0.7494222730101364	0.4801499518241751
7.355	0.7555800939229925	0.4813196228395811
7.365	0.7620074542938974	0.4892149021935718
7.375	0.7687041806737707	0.49754880817833974
7.385	0.7756699359646803	0.4909694087166808
7.395	0.7829042189784002	0.4876066045473885
7.405	0.7904063641099636	0.49754880817833974
7.415	0.7981755411265794	0.4779568186702888
7.425	0.8062107550721296	0.4909694087166808
7.435	0.8145108462874463	0.49696397267063674
7.445	0.8230744905464885	0.5093917272093258
7.455	0.8319001993083954	0.5254747036711587
7.465	0.8409863200853976	0.5272292101942677
7.475	0.850331036926425	0.5052978786554047
7.485	0.8599323710162049	0.49535567502445343
7.495	0.8697881813895392	0.5052978786554047
7.505	0.8798961657604193	0.5400955913637341
7.515	0.8902538614654798	0.5199187663479801
7.525	0.9008586465212797	0.5238664060249755
7.535	0.911707740794818	0.5305920143635601
7.545	0.9227982072865605	0.5364403694405903
7.555	0.9341269535252327	0.5197725574710543
7.565	0.9456907330735359	0.5554475234409382
7.575	0.9574861471438432	0.5500377949946853
7.585	0.9695096463229376	0.5390721292252538
7.595	0.9817575324046415	0.576940228349024
7.605	0.9942259603292687	0.5681676957334788
7.615	1.0069109402286194	0.533662400779001
7.625	1.019808339575282	0.5360017428098129
7.635	1.0329138854348376	0.5697759933796621
7.645	1.0462231668195452	0.5691911578719591
7.655	1.059731637142018	0.5617345051487456
7.665	1.0734346167672737	0.5697759933796621
7.675	1.0873272956615991	0.559687580871785
7.685	1.101404736136417	0.5794257792567619
7.695	1.1156618756854568	0.5782561082413558
7.705	1.130093529913353	0.5729925886720286
7.715	1.1446943955537958	0.5833734189337572
7.725	1.1594590535752203	0.5822037479183512
7.735	1.1743819723720637	0.5652435181949637
7.745	1.1894575110394654	0.5542778524255322
7.755	1.2046799227292495	0.5664131892103698
7.765	1.220043358085074	0.5361479516867387
7.775	1.2355418687543618	0.5833734189337572
7.785	1.2511694109747997	0.5732850064258802
7.795	1.2669198492329947	0.5744546774412862
7.805	1.282786959992902	0.5491605417331308
7.815	1.2987644354915069	0.5497453772408338
7.825	1.314845887599319	0.5465287819484672
7.835	1.3310248517430454	0.5434583955330264
7.845	1.3472947908879018	0.5421425156406946
7.855	1.3636490995768593	0.557933074348676
7.865	1.3800811080241986	0.5329313563943722
7.875	1.3965840862605932	0.5615882962718198
7.885	1.4131512483269624	0.5506226305023884
7.895	1.4297757565143443	0.5468211997023188
7.905	1.446450725646885	0.5267905835634905
7.915	1.463169227405115	0.5474060352100217
7.925	1.4799242946866364	0.5200649752249058
7.935	1.4967089260012416	0.5349782806713327
7.945	1.5135160898975504	0.5162635444248362
7.955	1.5303387294182036	0.5004729857168548
7.965	1.5471697665805801	0.4957943016552307
7.975	1.5640021068800378	0.5047130431477017
7.985	1.5808286438126355	0.48775281342431426
7.995	1.5976422634143086	0.46757598840856024
8.005	1.6144358488134023	0.46757598840856024
8.015	1.631202284793505	0.45704894926990597
8.025	1.6479344623634435	0.43921146628496405
8.035	1.664625283331468	0.416695299238398
8.045	1.6812676648803466	0.42692992062320073
8.055	1.697854544140426	0.38716110609939575
8.065	1.7143788827574489	0.3941791321918319
8.075	1.7308336714520445	0.38920803037635626
8.085	1.7472119345678288	0.3797044533761823
8.095	1.7635067346049382	0.3425673986370409
8.105	1.779711176735967	0.33920459446774853
8.115	1.7958184133011559	0.3318941506214608
8.125	1.8118216482798652	0.2894935763129923
8.135	1.827714141735117	0.2837914301128879
8.145	1.8434892142282784	0.2976812734208345
8.155	1.8591402512008142	0.3004592420824238
8.165	1.8746607073200772	0.3139104587595931
8.175	1.8900441107861516	0.3222443647443611
8.185	1.9052840675968132	0.3320403594983866
8.195	1.9203742657676008	0.34169014537548636
8.205	1.9353084795041284	0.3380349234523425
8.215	1.9500805733237083	0.35280202002184363
8.225	1.9646845061234823	0.3598200461142798
8.235	1.979114335192153	0.3788272001146278
8.245	1.9933642201625978	0.3710781296375628
8.255	2.0074284269025635	0.38423692856088065
8.265	2.021301331340713	0.3900852836379108
8.275	2.0349774232254276	0.4124552418075511
8.285	2.048451309813597	0.40865381100748155
8.295	2.0617177194869196	0.42839200939245825
8.305	2.07477150529309	0.43862663077726105
8.315	2.0876076484094392	0.44769158114665775
8.325	2.100221261526489	0.4416970171927019
8.335	2.112607592149118	0.468891868300892
8.345	2.124762025812883	0.48702176903968547
8.355	2.136680089213315	0.5036895810092215
8.365	2.1483574532458425	0.505736505286182
8.375	2.159789935954235	0.5099765627170288
8.385	2.170973505385384	0.5225505261326436
8.395	2.1819042823484143	0.5316154765020403
8.405	2.192578543076059	0.5491605417331308
8.415	2.2029927217864094	0.5459439464407643
8.425	2.213143413143141	0.5728463797951029
8.435	2.2230273746123648	0.5832272100568314
8.445	2.2326415287144483	0.5919997426723766
8.455	2.2419829651690257	0.6319147660731074
8.465	2.2510489429316696	0.6061820037341747
8.475	2.259836892120619	0.6206566825498243
8.485	2.2683444158321544	0.6617413769659611
8.495	2.2765692918431744	0.6466818626426085
8.505	2.2845094741996865	0.6513605467042326
8.515	2.292163094689945	0.6769471001662395
8.525	2.2995284642010567	0.706919919936019
8.535	2.306604073957982	0.7177393768285248
8.545	2.3133885966438794	0.7173007501977475
8.555	2.319880887400866	0.7437645569213089
8.565	2.3260799847103404	0.7273891627056245
8.575	2.3319851111520444	0.736600321951947
8.585	2.337595674041199	0.755022640444592
8.595	2.342911265943052	0.7738835855680142
8.605	2.347931665064319	0.7933293661991394
8.615	2.352656835521027	0.8018094810608332
8.625	2.357086927482402	0.8276884522766915
8.635	2.3612222771904583	0.8323671363383157
8.645	2.365063406855119	0.8408472512000094
8.655	2.368611024424693	0.8715511153544176
8.665	2.3718660232316537	0.8978687132010533
8.675	2.37482948151377	0.8842712876469583
8.685	2.3775026618106696	0.8896810160932112
8.695	2.3798870102360503	0.8966990421856473
8.705	2.3819841556257892	0.9490418201250671
8.715	2.3837959085623406	0.913513063032109
8.725	2.3853242602758087	0.9493342378789186
8.735	2.3865713814222773	0.9553288018328745
8.745	2.3875396207399526	0.9493342378789186
8.755	2.3882315035838344	1.009718504049255
8.765	2.3886497303396483	0.9769677156178861
8.775	2.3887971747179337	0.9971445406336401
8.785	2.388676881929166	1.0249242272495334
8.795	2.388292066740943	1.0258014805110878
8.805	2.387646111418344	1.0474403942960993
8.815	2.3867425635485735	1.0465631410345448
8.825	2.385585133751182	1.082676733635206
8.835	2.384177693275163	1.089694759727642
8.845	2.3825242714843258	1.0989059189739647
8.855	2.380629053232422	1.1363353914669576
8.865	2.378496376129565	1.1237614280513428
8.875	2.3761307277015793	1.1642612869597766
8.885	2.3735367424439517	1.1611909005443357
8.895	2.370719198772191	1.1712793130522128
8.905	2.3676830158703788	1.1873622895140457
8.915	2.3644332504398777	1.2062232346374677
8.925	2.3609750933501266	1.2090012032990571
8.935	2.3573138661935995	1.2187971980530827
8.945	2.3534550177470144	1.2407285295919457
8.955	2.349404120341001	1.2721634381309828
8.965	2.3451668661404117	1.2711399759925024
8.975	2.340749063337638	1.2851760281773748
8.985	2.3361566322612557	1.312955714793268
8.995	2.331395601402427	1.3054990620700546
9.005	2.326472103361553	1.340296774778384
9.015	2.321392370717694	1.3386884771322007
9.025	2.316162731823357	1.3417588635476414
9.035	2.310789606527294	1.3562335423632912
9.045	2.305279501828016	1.3762641585021194
9.055	2.2996390074607334	1.3905926284408432
9.065	2.293874791420559	1.3695385501635347
9.075	2.2879935954247865	1.4321159494877573
9.085	2.282002230317131	1.3993651610563884
9.095	2.2759075714168713	1.4142784665028154
9.105	2.269716553815837	1.4970326908427918
9.115	2.263436167626275	1.5062438500891144
9.125	2.257073453182619	1.5163322625969913
9.135	-Inf	0.0
9.145	-Inf	0.0
9.155	-Inf	0.0
9.165	-Inf	0.0
9.175	-Inf	0.0
9.185	-Inf	0.0
9.195	-Inf	0.0
9.205	-Inf	0.0
9.215	-Inf	0.0
9.225	-Inf	0.0
9.235	-Inf	0.0
9.245	-Inf	0.0
9.255	-Inf	0.0
9.265	-Inf	0.0
9.275	-Inf	0.0
9.285	-Inf	0.0
9.295	-Inf	0.0
9.305	-Inf	0.0
9.315	-Inf	0.0
9.325	-Inf	0.0
9.335	-Inf	0.0
9.345	-Inf	0.0
9.355	-Inf	0.0
9.365	-Inf	0.0
9.375	-Inf	0.0
9.385	-Inf	0.0
9.395	-Inf	0.0
9.405	-Inf	0.0
9.415	-Inf	0.0
9.425	-Inf	0.0
9.435	-Inf	0.0
9.445	-Inf	0.0
9.455	-Inf	0.0
9.465	-Inf	0.0
9.475	-Inf	0.0
9.485	-Inf	0.0
9.495	-Inf	0.0
9.505	-Inf	0.0
9.515	-Inf	0.0
9.525	-Inf	0.0
9.535	-Inf	0.0
9.545	-Inf	0.0
9.555	-Inf	0.0
9.565	-Inf	0.0
9.575	-Inf	0.0
9.585	-Inf	0.0
9.595	-Inf	0.0
9.605	-Inf	0.0
9.615	-Inf	0.0
9.625	-Inf	0.0
9.635	-Inf	0.0
9.645	-Inf	0.0
9.655	-Inf	0.0
9.665	-Inf	0.0
9.675	-Inf	0.0
9.685	-Inf	0.0
9.695	-Inf	0.0
9.705	-Inf	0.0
9.715	-Inf	0.0
9.725	-Inf	0.0
9.735	-Inf	0.0
9.745	-Inf	0.0
9.755	-Inf	0.0
9.765	-Inf	0.0
9.775	-Inf	0.0
9.785	-Inf	0.0
9.795	-Inf	0.0
9.805	-Inf	0.0
9.815	-Inf	0.0
9.825	-Inf	0.0
9.835	-Inf	0.0
9.845	-Inf	0.0
9.855	-Inf	0.0
9.865	-Inf	0.0
9.875	-Inf	0.0
9.885	-Inf	0.0
9.895	-Inf	0.0
9.905	-Inf	0.0
9.915	-Inf	0.0
9.925	-Inf	0.0
9.935	-Inf	0.0
9.945	-Inf	0.0
9.955	-Inf	0.0
9.965	-Inf	0.0
9.975	-Inf	0.0
9.985	-Inf	0.0
9.995	-Inf	0.0
