0.005	-Inf	0.0
0.015	-Inf	0.0
0.025	-Inf	0.0
0.035	-Inf	0.0
0.045	-Inf	0.0
0.055	-Inf	0.0
0.065	-Inf	0.0
0.075	-Inf	0.0
0.085	-Inf	0.0
0.095	-Inf	0.0
0.105	-Inf	0.0
0.115	-Inf	0.0
0.125	-Inf	0.0
0.135	-Inf	0.0
0.145	-Inf	0.0
0.155	-Inf	0.0
0.165	-Inf	0.0
0.175	-Inf	0.0
0.185	-Inf	0.0
0.195	-Inf	0.0
0.205	-Inf	0.0
0.215	-Inf	0.0
0.225	-Inf	0.0
0.235	-Inf	0.0
0.245	-Inf	0.0
0.255	-Inf	0.0
0.265	-Inf	0.0
0.275	-Inf	0.0
0.285	-Inf	0.0
0.295	-Inf	0.0
0.305	-Inf	0.0
0.315	-Inf	0.0
0.325	-Inf	0.0
0.335	-Inf	0.0
0.345	-Inf	0.0
0.355	-Inf	0.0
0.365	-Inf	0.0
0.375	-Inf	0.0
0.385	-Inf	0.0
0.395	-Inf	0.0
0.405	-Inf	0.0
0.415	-Inf	0.0
0.425	-Inf	0.0
0.435	-Inf	0.0
0.445	-Inf	0.0
0.455	-Inf	0.0
0.465	-Inf	0.0
0.475	-Inf	0.0
0.485	-Inf	0.0
0.495	-Inf	0.0
0.505	-Inf	0.0
0.515	-Inf	0.0
0.525	-Inf	0.0
0.535	-Inf	0.0
0.545	-Inf	0.0
0.555	-Inf	0.0
0.565	-Inf	0.0
0.575	-Inf	0.0
0.585	-Inf	0.0
0.595	-Inf	0.0
0.605	-Inf	0.0
0.615	-Inf	0.0
0.625	-Inf	0.0
0.635	-Inf	0.0
0.645	-Inf	0.0
0.655	-Inf	0.0
0.665	-Inf	0.0
0.675	0.21917395342751367	0.6050188503350322
0.685	0.22584109721497014	0.612063509954691
0.695	0.23240500487176796	0.594569271899205
0.705	0.23886859947220096	0.6019661644998467
0.715	0.2452348683752168	0.6165251277138083
0.725	0.25150686034646275	0.6134724418786228
0.735	0.2576876826449014	0.5923384630196463
0.745	0.26378049807603243	0.6097152900814715
0.755	0.26978852201377224	0.600204999594932
0.765	0.27571501939306753	0.5877594342668682
0.775	0.2815633016753263	0.5894031881781219
0.785	0.28733672378877784	0.5987960676710002
0.795	0.29303868104586983	0.5997353556202881
0.805	0.2986726060398428	0.5802451306725653
0.815	0.30424196552262084	0.5864679133365973
0.825	0.30975025726616834	0.582710761539446
0.835	0.31520100690947583	0.5808321856408702
0.845	0.32059776479334245	0.5742571699958554
0.855	0.3259441027851281	0.5599330287692158
0.865	0.3312436110956527	0.5784839657676507
0.875	0.336499895090422	0.5513620262319642
0.885	0.34171657209736395	0.558406685851623
0.895	0.3468972682132554	0.5507749712636593
0.905	0.35204561511102317	0.5621638376487744
0.915	0.3571652468500919	0.5471352304601689
0.925	0.36225979669195585	0.5559410549847424
0.935	0.3673328939231425	0.5360985970560367
0.945	0.3723881606877275	0.5451392435679322
0.955	0.3774292088315545	0.5429084346883736
0.965	0.38245963676030237	0.5555888220037595
0.975	0.3874830263135287	0.5331633222145122
0.985	0.39250293965681526	0.528349471474412
0.995	0.39752291619411384	0.5203655239054653
1.005	0.40254646950238204	0.5301106363793268
1.015	0.4075770842905906	0.5303454583666487
1.025	0.4126182133851458	0.5321066232715634
1.035	0.4176732747437717	0.522478921791363
1.045	0.42274564849986596	0.5493660393397275
1.055	0.4278386740393163	0.5204829348991263
1.065	0.4329556471117585	0.5277624165061071
1.075	0.4380998169782133	0.5281146494870901
1.085	0.4432743835970253	0.5365682410306807
1.095	0.44848249484999747	0.5095637124886552
1.105	0.4537272438105878	0.5147297962097382
1.115	0.45901166605600174	0.5100333564632991
1.125	0.46433873702498396	0.5000534220021158
1.135	0.4697113694230901	0.5094463014949941
1.145	0.4751324106771716	0.5231833877533288
1.155	0.4806046404407871	0.5086244245393673
1.165	0.4861307681522089	0.5112074663999089
1.175	0.49171343064665884	0.49641368119862533
1.185	0.4973551898243789	0.48854714462333965
1.195	0.5030585303760918	0.49594403722398145
1.205	0.5088258575673759	0.48972125455994947
1.215	0.5146594950834339	0.4846725818325273
1.225	0.5205616829357	0.48619892475012005
1.235	0.5265345754316796	0.4967659141796083
1.245	0.5325802392093806	0.47880203214947825
1.255	0.5387006513376482	0.49019089853459336
1.265	0.544897697483671	0.4842029378578834
1.275	0.5511731701488762	0.4958266262303204
1.285	0.5575287669743989	0.4965310921922863
1.295	0.5639660891172485	0.4844377598452053
1.305	0.5704866396982559	0.48032837506707105
1.315	0.577091822322835	0.47163996153615845
1.325	0.583782939675545	0.49042572052191535
1.335	0.5905611921893854	0.4737533594220561
1.345	0.5974276767907135	0.46929174166293885
1.355	0.6043833857206136	0.4809154300353759
1.365	0.6114292054335083	0.48385070487690046
1.375	0.618565915573735	0.45719840931585787
1.385	0.625794188030776	0.47809756618751237
1.395	0.6331145860737635	0.4546153674553163
1.405	0.6405275635658358	0.4738707704157171
1.415	0.6480334642588655	0.4694091526565998
1.425	0.6556325211690276	0.4606033281320263
1.435	0.66332485603362	0.4630689589989069
1.445	0.6711104788494959	0.46025109515104334
1.455	0.6789892874934174	0.44944928373423315
1.465	0.6869610674245687	0.4456921319370818
1.475	0.6950254914694438	0.4284327158689177
1.485	0.7031821196892302	0.4438135560385061
1.495	0.7114303993297898	0.4485099957849453
1.505	0.7197696648542595	0.462481904030602
1.515	0.7281991380582524	0.4607207391256873
1.525	0.7367179282675794	0.4482751737976234
1.535	0.7453250326183594	0.4678828097390071
1.545	0.754019336419328	0.45015374969619903
1.555	0.7627996135961079	0.44123051417796455
1.565	0.771664527217135	0.44299167908287923
1.575	0.780612630100902	0.438412650330101
1.585	0.7896423655040972	0.4240885091034614
1.595	0.7987520678902064	0.4431090900765402
1.605	0.8079399637780322	0.4411131031843036
1.615	0.8172041726696013	0.4397041712603718
1.625	0.8265427080568137	0.4229143991668516
1.635	0.8359534785061827	0.426554139970342
1.645	0.845434288820937	0.4251452080464102
1.655	0.8549828412797118	0.4168090274964806
1.665	0.8645967369510156	0.41410857464227807
1.675	0.8742734770825773	0.420566179293632
1.685	0.8840104645646842	0.41363893066763413
1.695	0.8938050054665029	0.4267889619576639
1.705	0.903654310644393	0.43935193827938884
1.715	0.913555497421126	0.4154000955725488
1.725	0.9235055913349035	0.4433439120638622
1.735	0.9335015279570151	0.44099569219064255
1.745	0.9435401547769191	0.43759077337447416
1.755	0.9536182331535131	0.4368863074125083
1.765	0.9637324403312761	0.44193498013993043
1.775	0.973879371519969	0.4611903831003312
1.785	0.9840555420364913	0.45602429937924804
1.795	0.9942573895074867	0.4664738778150753
1.805	1.0044812761312363	0.4583725192524677
1.815	1.0147234909973217	0.46013368415738237
1.825	1.0249802524625498	0.47187478352348045
1.835	1.0352477105815243	0.4695265636502608
1.845	1.0455219495902874	0.47527970233964884
1.855	1.0557989904413572	0.4652997678784655
1.865	1.066074793388494	0.4655345898657875
1.875	1.0763452606194752	0.48666856872476394
1.885	1.0866062389351234	0.48690339071208594
1.895	1.0968535224728333	0.4642430689355167
1.905	1.1070828554727563	0.4824417729529687
1.915	1.1172899350848398	0.4613077940939922
1.925	1.1274704142148324	0.4941828723190667
1.935	1.1376199044073816	0.4662390558277534
1.945	1.1477339787643004	0.4757493463142928
1.955	1.1578081748960733	0.4776279222128685
1.965	1.1678379979046336	0.4822069509656467
1.975	1.177818923395431	0.4886645556170006
1.985	1.187746400516804	0.4851422258071712
1.995	1.1976158550246079	0.47551452432697083
2.005	1.207422692370102	0.4842029378578834
2.015	1.2171623008089996	0.5008752989577426
2.025	1.226830054529652	0.5004056549830986
2.035	1.2364213167982676	0.4736359484283951
2.045	1.2459314431190704	0.49887931206550595
2.055	1.2553557844073189	0.49500474927469357
2.065	1.2646896901730427	0.5000534220021158
2.075	1.2739285117134123	0.4974703801415742
2.085	1.283067605311582	0.516960605089297
2.095	1.2921023354399117	0.5135556862731285
2.105	1.301028077965403	0.4997011890211328
2.115	1.3098402233552413	0.5115596993808919
2.125	1.3185341798802792	0.516490961114653
2.135	1.3271053768143584	0.5231833877533288
2.145	1.3355492676273084	0.5357463640750538
2.155	1.343861333169505	0.5236530317279728
2.165	1.3520370848458705	0.528584293461734
2.175	1.360072067777176	0.5171954270766189
2.185	1.3679618639465565	0.528701704455395
2.195	1.3757020953291235	0.5190740029751946
2.205	1.383288427002585	0.5271753615378022
2.215	1.3907165702367992	0.5122641653428577
2.225	1.3979822855601804	0.5217744558293971
2.235	1.4050813858009263	0.5481919294031177
2.245	1.412009739101004	0.5331633222145122
2.255	1.418763271900893	0.5301106363793268
2.265	1.4253379718930796	0.5208351678801093
2.275	1.431729890942314	0.5194262359561775
2.285	1.4379351479706761	0.5322240342652244
2.295	1.4439499318055051	0.5385642279229174
2.305	1.4497705039882887	0.5173128380702798
2.315	1.4553932015425997	0.5178998930385847
2.325	1.4608144396992437	0.5343374321511221
2.335	1.4660307145767526	0.5193088249625165
2.345	1.471038605815437	0.5174302490639409
2.355	1.4758347791631983	0.5423213797200687
2.365	1.4804159890113717	0.5362160080496977
2.375	1.4847790808788646	0.5377423509672905
2.385	1.4889209938429149	0.5281146494870901
2.395	1.4928387629148245	0.5326936782398684
2.405	1.4965295213590393	0.5274101835251241
2.415	1.499990502954007	0.5242400866962778
2.425	1.5032190441932713	0.5281146494870901
2.435	1.5062125864252918	0.534807076125766
2.445	1.5089686779305325	0.5341026101638001
2.455	1.5114849759343916	0.522713743778685
2.465	1.5137592485545925	0.5312847463159366
2.475	1.5157893766816888	0.5323414452588854
2.485	1.5175733557913937	0.5315195683032585
2.495	1.5191092976874736	0.5140253302477724
2.505	1.5203954321739959	0.5235356207343118
2.515	1.5214301086557747	0.5377423509672905
2.525	1.52221179766588	0.5252967856392265
2.535	1.5227390923191606	0.5274101835251241
2.545	1.5230107096907335	0.5141427412414334
2.555	1.9561066623444454	0.8148322960072043
2.565	1.9539632848346609	0.7996862778249378
2.575	1.9515611376696096	0.7974554689453792
2.585	1.9488994460168731	0.7853621365982982
2.595	1.9459775647390138	0.7907630423067034
2.605	1.9427949793031778	0.7834835606997226
2.615	1.9393513066098875	0.7766737230673857
2.625	1.9356462957404101	0.7778478330039955
2.635	1.9316798286221224	0.7789045319469443
2.645	1.9274519206113643	0.762936636809051
2.655	1.9229627209933136	0.7719772833209465
2.665	1.9182125133984655	0.7671634325808463
2.675	1.9132017161353791	0.7675156655618292
2.685	1.9079308824393577	0.7692768304667439
2.695	1.90240070063685	0.7697464744413879
2.705	1.8966119942253499	0.7379280951592622
2.715	1.8905657218686729	0.7366365742289913
2.725	1.8842629773075108	0.7543656342717994
2.735	1.8777049891852498	0.7340535323684497
2.745	1.8708931207890647	0.7457946317345479
2.755	1.8638288697063699	0.75084330446197
2.765	1.8565138673967723	0.7461468647155307
2.775	1.8489498786796963	0.7091624017123219
2.785	1.8411388011379408	0.7312356685205862
2.795	1.8330826644374596	0.7118628545665244
2.805	1.8247836295637094	0.7284178046727228
2.815	1.816243987974991	0.7098668676742877
2.825	1.8074661606732143	0.7173811712685906
2.835	1.798452697192633	0.726186995793164
2.845	1.7892062745070816	0.6980083573145288
2.855	1.7797296958563682	0.6854453809928038
2.865	1.7700258894924563	0.6614935382859639
2.875	1.7600979073461998	0.6818056401893134
2.885	1.7499489236153638	0.6768743784555523
2.895	1.7395822332747939	0.6704167738041984
2.905	1.7290012505095915	0.6915507526631749
2.915	1.7182095070722139	0.6688904308866056
2.925	1.7072106505645026	0.6643114021338273
2.935	1.6960084426456274	0.6559752215838978
2.945	1.684606757167057	0.648578328983256
2.955	1.6730095782356431	0.6490479729579
2.965	1.6612209982060069	0.6262702401876697
2.975	1.649245215603433	0.6442341222177997
2.985	1.6370865329785202	0.6258005962130258
2.995	1.6247493546949163	0.624156842301772
3.005	1.6122381846514495	0.6101849340561154
3.015	1.5995576239400715	0.6104197560434373
3.025	1.5867123684410371	0.6214563894475695
3.035	1.5737072063567847	0.6158206617518425
3.045	1.560547015686029	0.6056059053033371
3.055	1.547236761639632	0.6033750964237785
3.065	1.5337814939998275	0.5862330913492754
3.075	1.5201863444244197	0.5861156803556145
3.085	1.5064565236976462	0.5789536097422946
3.095	1.4925973189293562	0.5794232537169385
3.105	1.4786140907042946	0.5798928976915825
3.115	1.4645122701831867	0.5876420232732071
3.125	1.450297356157491	0.5635727695727062
3.135	1.4359749120595835	0.5409124477961369
3.145	1.421550562930267	0.5608723167185036
3.155	1.4070299923454865	0.5350418981130879
3.165	1.3924189393041302	0.5596982067818939
3.175	1.3777231950789033	0.5501879162953544
3.185	1.362948600032181	0.5384468169292563
3.195	1.34810104039887	0.5384468169292563
3.205	1.3331864450382633	0.5258838406075315
3.215	1.318210782156906	0.5498356833143715
3.225	1.3031800560045446	0.5346896651321049
3.235	1.2881003035452125	0.5377423509672905
3.245	1.272977591105515	0.5402079818341711
3.255	1.2578180110022412	0.5264708955758364
3.265	1.2426276781513939	0.5306976913476317
3.275	1.227412726660775	0.5173128380702798
3.285	1.2121793064082378	0.5298758143920048
3.295	1.1969335796077907	0.4965310921922863
3.305	1.1816817173656562	0.5021668198880134
3.315	1.1664298962285005	0.5249445526582436
3.325	1.1511842947259538	0.5101507674569601
3.335	1.135951089909629	0.48021096407341
3.345	1.1207364538907856	0.5019319979006914
3.355	1.1055465503788364	0.4954743932493375
3.365	1.0903875312228692	0.48913419959164456
3.375	1.0752655329583514	0.48197212897832475
3.385	1.0601866733611907	0.48255918394662967
3.395	1.045157048011345	0.4769234562509026
3.405	1.0301827268681105	0.46283413701158493
3.415	1.0152697508592836	0.474692647371344
3.425	1.0004241284863122	0.4675305767580242
3.435	0.9856518324475947	0.45238455857575766
3.445	0.9709587962820626	0.44487025498145494
3.455	0.9563509110351581	0.46224708204328
3.465	0.9418340219492914	0.4559068883855871
3.475	0.9274139251809139	0.4495666947278941
3.485	0.9130963645462272	0.4294894148118665
3.495	0.8988870282976198	0.4426394461018963
3.505	0.8847915459328707	0.4498015167152161
3.515	0.8708154850390954	0.4244407420844443
3.525	0.8569643481734914	0.432659511640713
3.535	0.8432435697827927	0.4366514854251863
3.545	0.8296585131634441	0.40694650402895827
3.555	0.8162144674643568	0.41129071079441454
3.565	0.8029166447342035	0.4143433966296
3.575	0.7897701770150668	0.40741614800360215
3.585	0.7767801134843264	0.41833537041407337
3.595	0.7639514176465616	0.4210358232682759
3.605	0.7512889645772798	0.41046883383878763
3.615	0.7387975382201835	0.41645679451549766
3.625	0.7264818287397156	0.4143433966296
3.635	0.7143464299305609	0.40577239409234844
3.645	0.7023958366857148	0.4238536871161394
3.655	0.6906344425247806	0.4244407420844443
3.665	0.6790665371840027	0.44346132305752317
3.675	0.6676963042696082	0.4065942710479753
3.685	0.6565278189759418	0.41833537041407337
3.695	0.6455650458698107	0.4088250799275339
3.705	0.6348118367424912	0.4146956296105829
3.715	0.6242719285307246	0.39602728161848705
3.725	0.613948941308045	0.4033067632254678
3.735	0.6038463763477124	0.4007237213649263
3.745	0.5939676142584688	0.40236747527618
3.755	0.5843159131943176	0.40671168204163627
3.765	0.5748944071394554	0.4131692866929902
3.775	0.5657061042694616	0.40025407739028235
3.785	0.5567538853897598	0.39825809049804567
3.795	0.5480405024523787	0.4075335589972631
3.805	0.5395685771519239	0.39039155392276
3.815	0.5313405996016882	0.390274142929099
3.825	0.5233589270907055	0.39050896491642095
3.835	0.5156257829225788	0.39837550149170664
3.845	0.5081432553367876	0.40213265328885806
3.855	0.5009132965131826	0.40577239409234844
3.865	0.49393772166030303	0.39602728161848705
3.875	0.48721820818808226	0.4043634621684167
3.885	0.48075629496548067	0.39954961142831646
3.895	0.4745533816635221	0.4011933653395702
3.905	0.4686107281841424	0.3948531716818773
3.915	0.46292945417522513	0.3968491585741139
3.925	0.45751053863212954	0.38170314039184744
3.935	0.45235481958595947	0.38334689430310115
3.945	0.4474629938787871	0.4064768600543143
3.955	0.4428356170259664	0.39438352770723334
3.965	0.43847310316562105	0.38416877125872806
3.975	0.4343757250953493	0.3853428811953378
3.985	0.4305436143961183	0.3889826219988282
3.995	0.4269767616432696	0.3899219099481161
4.005	0.4236750167045038	0.3935616507516065
4.015	0.42063808912465206	0.4003714883839433
4.025	0.41786554859699576	0.40577239409234844
4.035	0.4153568255208242	0.37219284990530804
4.045	0.41311121164488895	0.38710404610025256
4.055	0.4111278607963318	0.3932094177706235
4.065	0.40940578969462826	0.3710187399686982
4.075	0.4079438788500296	0.38710404610025256
4.085	0.40674087354592525	0.3824076063538133
4.095	0.4057953849044994	0.39180048584669175
4.105	0.4051058910350087	0.38851297802418433
4.115	0.40467073826393896	0.3908611978974039
4.125	0.4044881424462574	0.3867518131192696
4.135	0.4045561903569319	0.3873388680875745
4.145	0.40487284116181455	0.3788852765439839
4.155	0.4054359279669628	0.39673174758045293
4.165	0.4062431594453959	0.3873388680875745
4.175	0.40729212154025984	0.3873388680875745
4.185	0.4085802792432982	0.3813509074108645
4.195	0.41010497844750793	0.3893348549798112
4.205	0.4118634478727772	0.37865045455666196
4.215	0.41385280106328803	0.3916830748530308
4.225	0.41607003845539947	0.3862821691446257
4.235	0.4185120495146879	0.39637951459947
4.245	0.42117561494077815	0.38651699113194765
4.255	0.4240574089385567	0.396496925593131
4.265	0.4271540015543065	0.3853428811953378
4.275	0.43046186107526896	0.38287725032845726
4.285	0.433977356491104	0.3909786088910649
4.295	0.4376967600156624	0.3922701298213357
4.305	0.4416162496674556	0.3980232685107237
4.315	0.44573191190717343	0.3814683184045255
4.325	0.45003974433055605	0.4065942710479753
4.335	0.4545356584148934	0.39990184440929943
4.345	0.4592154823173964	0.39767103552974076
4.355	0.46407496372363577	0.4075335589972631
4.365	0.46910977274422605	0.39555763764384316
4.375	0.4743155048578991	0.39954961142831646
4.385	0.47968768389907646	0.40988177887048277
4.395	0.48522176508801884	0.4053027501177045
4.405	0.49091313810161097	0.40189783130153606
4.415	0.4967571301828093	0.4064768600543143
4.425	0.5027490092867565	0.4159871505408537
4.435	0.5088839872615418	0.4013107763332312
4.445	0.5151572230615599	0.41903983637603925
4.455	0.5215638259914004	0.43571219747589846
4.465	0.5280988589782013	0.4117603547690584
4.475	0.53475734187033	0.4049505171367216
4.485	0.5415342547603073	0.4186876033950563
4.495	0.5484245413298005	0.41716126047746355
4.505	0.5554231122145664	0.42361886512881747
4.515	0.5625248483871531	0.4281978938815957
4.525	0.5697246045551926	0.4404086372223377
4.535	0.5770172125731066	0.4368863074125083
4.545	0.5843974848650011	0.43312915561535686
4.555	0.5918602178565807	0.43277692263437395
4.565	0.5994001954138299	0.42467556407176626
4.575	0.6070121922862886	0.43876488331108393
4.585	0.6146909775526566	0.44874481777226727
4.595	0.6224313180665499	0.4379430063554571
4.605	0.6302279819001468	0.44475284398779397
4.615	0.638075741783523	0.4498015167152161
4.625	0.6459693785374585	0.45625912136657004
4.635	0.6539036844974755	0.45027116068986
4.645	0.6618734669269324	0.4469836528673526
4.655	0.6698735514169313	0.44299167908287923
4.665	0.677898785270862	0.4611903831003312
4.675	0.6859440408714027	0.4547327784489773
4.685	0.6940042190277662	0.4606033281320263
4.695	0.7020742523010691	0.45978145117639946
4.705	0.71014910830563	0.46764798775168515
4.715	0.7182237929840958	0.46811763172632903
4.725	0.7262933538542458	0.4707006735868706
4.735	0.7343528832253823	0.46706093278338023
4.745	0.7423975213822261	0.4658868228467704
4.755	0.750422459734248	0.47481005836500495
4.765	0.7584229439283869	0.4857292807754761
4.775	0.7663942769231366	0.48103284102903693
4.785	0.774331822022015	0.4847899928261883
4.795	0.7822310058644366	0.48432034885154435
4.805	0.790087321372035	0.4759841683016147
4.815	0.7978963306485343	0.4809154300353759
4.825	0.8056536678312726	0.5021668198880134
4.835	0.8133550418925244	0.48925161058530553
4.845	0.8209962393887997	0.4870208017057469
4.855	0.8285731271563166	0.5081547805647234
4.865	0.8360816549508899	0.5038105737992671
4.875	0.8435178580305325	0.5214222228484142
4.885	0.850877859679057	0.5021668198880134
4.895	0.8581578736690341	0.4844377598452053
4.905	0.8653542066625038	0.504045395786589
4.915	0.8724632605478583	0.5090940685140112
4.925	0.8794815347113709	0.5128512203111626
4.935	0.8864056282418769	0.5060413826788257
4.945	0.8932322420671559	0.4989967230591669
4.955	0.8999581810206105	0.5180173040322458
4.965	0.9065803558368906	0.5339851991701391
4.975	0.9130957850751333	0.4955918042429985
4.985	0.9195015969685609	0.5215396338420751
4.995	0.9257950311991966	0.5105030004379429
5.005	0.9319734405965541	0.516490961114653
5.015	0.9380342927591375	0.5248271416645827
5.025	0.9439751715976954	0.5135556862731285
5.035	0.9497937787992066	0.5366856520243416
5.045	0.9554879352105901	0.5317543902905805
5.055	0.9610555821412541	0.5368030630180026
5.065	0.9664947825835786	0.5275275945187852
5.075	0.9718037223505196	0.540325392827832
5.085	0.9769807111295623	0.5237704427216338
5.095	0.9820241834523274	0.5196610579434995
5.105	0.9869326995791265	0.5299932253856657
5.115	0.9917049462979133	0.5318718012842414
5.125	0.9963397376370255	0.5493660393397275
5.135	1.0008360154912601	0.5341026101638001
5.145	1.0051928501608132	0.534454843144783
5.155	1.009409440802722	0.5501879162953544
5.165	1.0134851157944567	0.5363334190433587
5.175	1.017419333009392	0.5267057175631583
5.185	1.021211680003968	0.5366856520243416
5.195	1.024861874116335	0.5439651336313224
5.205	1.0283697624764188	0.5607549057248427
5.215	1.0317353219273415	0.540325392827832
5.225	1.0349586588582	0.5478396964221348
5.235	1.0380400089482889	0.5555888220037595
5.245	1.0409797368228872	0.5479571074157957
5.255	1.0437783356207726	0.5453740655552541
5.265	1.0464364264737234	0.5474874634411518
5.275	1.0489547578982945	0.5391512828912223
5.285	1.051334205100213	0.5423213797200687
5.295	1.0535757691918146	0.5450218325742713
5.305	1.0556805763229737	0.5519490812002691
5.315	1.0576498767260458	0.5506575602699983
5.325	1.0594850436754082	0.5332807332081732
5.335	1.0611875723622315	0.5412646807771199
5.345	1.0627590786851433	0.5456088875425762
5.355	1.0642012979575546	0.5371552959989856
5.365	1.065516083532427	0.5364508300370197
5.375	1.0667054053453298	0.5240052647089557
5.385	1.0677713483766933	0.5365682410306807
5.395	1.0687161110342058	0.534807076125766
5.405	1.0695420034563656	0.5321066232715634
5.415	1.0702514457382333	0.5261186625948534
5.425	1.0708469660805124	0.5363334190433587
5.435	1.0713311988631002	0.5270579505441413
5.445	1.0717068826443068	0.5360985970560367
5.455	1.0719768580870292	0.5308151023412926
5.465	1.072144065813149	0.5180173040322458
5.475	1.072211544187531	0.5146123852160773
5.485	1.0721824270330012	0.5083896025520453
5.495	1.0720599412777543	0.5260012516011924
5.505	1.0718474045366722	0.5132034532921456
5.515	1.0715482226280928	0.5257664296138704
5.525	1.0711658870275957	0.5113248773935699
5.535	1.0707039722604008	0.5335155551954952
5.545	1.0701661332340766	0.5233007987469899
5.555	1.0695561025132052	0.50416280678025
5.565	1.0688776875377741	0.5341026101638001
5.575	1.0681347677870412	0.5097985344759771
5.585	1.0673312918906868	0.5178998930385847
5.595	1.0664712746890972	0.5105030004379429
5.605	1.0655587942446554	0.5095637124886552
5.615	1.0645979888059474	0.516490961114653
5.625	1.0635930537268063	0.5011101209450646
5.635	1.062548238342205	0.5201307019181434
5.645	1.0614678428029525	0.5068632596344526
5.655	1.0603562148712598	0.5078025475837404
5.665	1.059217746679204	0.4958266262303204
5.675	1.0580568714521799	0.5079199585774015
5.685	1.056878060199454	0.5056891496978428
5.695	1.0556858183739215	0.4987619010718449
5.705	1.05448468250326	0.510268178450621
5.715	1.0532792167945886	0.5059239716851648
5.725	1.052074009714877	0.5054543277105208
5.735	1.050873670549276	0.48549445878815417
5.745	1.0496828259396038	0.4876078566740518
5.755	1.0485061164052205	0.49664850318594733
5.765	1.0473481928485373	0.49664850318594733
5.775	1.0462137130474336	0.48796008965503473
5.785	1.0451073381368272	0.4880775006486957
5.795	1.0440337290817263	0.49993601100845475
5.805	1.042997543143984	0.48385070487690046
5.815	1.0420034303451124	0.5072154926154355
5.825	1.041056029927419	0.49535698225567654
5.835	1.0401599668157775	0.4846725818325273
5.845	1.0393198480823382	0.47844979916849534
5.855	1.03854025941648	0.4824417729529687
5.865	1.0378257616023008	0.47281407147276827
5.875	1.0371808870059647	0.46377342496087276
5.885	1.0366101360751838	0.48796008965503473
5.895	1.036117973853124	0.4757493463142928
5.905	1.0357088265090395	0.48749044568039085
5.915	1.0353870778878882	0.4860815137564591
5.925	1.0351570660812077	0.48103284102903693
5.935	1.0350230800214983	0.474457825384022
5.945	1.034989356102359	0.47880203214947825
5.955	1.0350600748265952	0.46811763172632903
5.965	1.0352393574845278	0.4702310296122267
5.975	1.035531262864674	0.4776279222128685
5.985	1.0359397839989999	0.46048591713836534
5.995	1.0364688449448742	0.4737533594220561
6.005	1.0371222976058898	0.4525019695694187
6.015	1.0379039185936398	0.47715827823822454
6.025	1.0388174061325501	0.4876078566740518
6.035	1.0398663770098309	0.4833810609022565
6.045	1.0410543635725718	0.4730488934600902
6.055	1.0423848107740188	0.4749274693586659
6.065	1.0438610732709768	0.46447789092283864
6.075	1.0454864125743197	0.48068060804805396
6.085	1.047263994254498	0.47187478352348045
6.095	1.0491968852039568	0.47422300339670004
6.105	1.0512880509582958	0.48373329388323943
6.115	1.0535403530779954	0.47833238817483437
6.125	1.055956546592487	0.4840855268642224
6.135	1.0585392775083104	0.48502481481351023
6.145	1.0612910803830569	0.4757493463142928
6.155	1.0642143759667757	0.48197212897832475
6.165	1.067311468912451	0.4900734875409324
6.175	1.0705845455571297	0.486433746737442
6.185	1.074035671775259	0.4701136186185657
6.195	1.0776667909057032	0.48267659494029064
6.205	1.0814797217538992	0.4887819666106616
6.215	1.0854761566705633	0.47809756618751237
6.225	1.0896576597082857	0.4880775006486957
6.235	1.0940256648573325	0.4842029378578834
6.245	1.098581474361932	0.4912475974775422
6.255	1.1033262571182172	0.49817484610354007
6.265	1.1082610471550236	0.5054543277105208
6.275	1.1133867421986305	0.4978226131225571
6.285	1.1187041023225128	0.49594403722398145
6.295	1.1242137486831096	0.48596410276279806
6.305	1.1299161623425564	0.5001708329957767
6.315	1.1358116831792873	0.49406546132540574
6.325	1.141900508887343	0.5052195057231988
6.335	1.1481826940651985	0.49758779113523516
6.345	1.1546581493948098	0.5025190528689963
6.355	1.1613266409115903	0.4932435843697789
6.365	1.1681877893659203	0.49735296914791316
6.375	1.1752410696767683	0.4847899928261883
6.385	1.1824858104779283	0.49864449007818396
6.395	1.1899211937573209	0.5306976913476317
6.405	1.1975462545897597	0.5016971759133695
6.415	1.2053598809635047	0.5112074663999089
6.425	1.2133608137009095	0.4955918042429985
6.435	1.2215476464733424	0.52212668881038
6.445	1.2299188259105722	0.5113248773935699
6.455	1.2384726518046967	0.498409668090862
6.465	1.2472072774086846	0.5033409298246232
6.475	1.2561207098294833	0.5026364638626573
6.485	1.265210810515633	0.5197784689371604
6.495	1.2744752958392513	0.5233007987469899
6.505	1.2839117377721856	0.5220092778167191
6.515	1.2935175646560997	0.5061587936724867
6.525	1.3032900620661543	0.528701704455395
6.535	1.3132263737679244	0.529053937436378
6.545	1.3233235027671482	0.5137905082604505
6.555	1.3335783124517648	0.5160213171400091
6.565	1.3439875278257485	0.5222440998040411
6.575	1.354547736834107	0.5304628693603096
6.585	1.3652553917783927	0.5473700524474908
6.595	1.3761068108219998	0.5308151023412926
6.605	1.3870981795844948	0.5250619636519046
6.615	1.398225552824119	0.522361510797702
6.625	1.409484856207591	0.528466882468073
6.635	1.420871888166292	0.5182521260195677
6.645	1.4323823218377847	0.5369204740116637
6.655	1.4440117070916578	0.5338677881764781
6.665	1.4557554726385842	0.5323414452588854
6.675	1.4676089282214206	0.5343374321511221
6.685	1.4795672668871598	0.5353941310940709
6.695	1.491625567338453	0.5249445526582436
6.705	1.5037787963634197	0.5328110892335293
6.715	1.516021811342361	0.5417343247517638
6.725	1.5283493628299625	0.5402079818341711
6.735	1.5407560972115666	0.540442803821493
6.745	1.553236559431954	0.5429084346883736
6.755	1.565785195795128	0.5100333564632991
6.765	1.5783963568334785	0.5337503771828171
6.775	1.5910643002446985	0.5304628693603096
6.785	1.6037831938947456	0.5496008613270494
6.795	1.6165471188851503	0.5387990499102393
6.805	1.6293500726828822	0.5530057801432179
6.815	1.6421859723109524	0.559111151813589
6.825	1.6550486575979375	0.552653547162235
6.835	1.6679318944845023	0.5679169763381624
6.845	1.6808293783850148	0.5481919294031177
6.855	1.6937347376022855	0.5424387907137297
6.865	1.706641536793431	0.552536136168574
6.875	1.7195432804848632	0.5491312173524056
6.885	1.732433416634278	0.5609897277121646
6.895	1.7453053402376266	0.5734352930402286
6.905	1.7581523969788877	0.5724960050909407
6.915	1.7709678869205137	0.5494834503333885
6.925	1.7837450682323837	0.5723785940972796
6.935	1.796477160957033	0.5849415704190046
6.945	1.8091573508089451	0.5483093403967787
6.955	1.821778793005648	0.5815366516028362
6.965	1.8343346161283656	0.5682692093191454
6.975	1.84681792600988	0.5716741281353138
6.985	1.859221809647336	0.5776620888120239
6.995	1.871539339137644	0.5922210520259854
7.005	1.883763575633128	0.5938648059372391
7.015	1.8958875733150573	0.5894031881781219
7.025	1.9079043833826996	0.5911643530830366
7.035	1.9198070580554893	0.5982090127026954
7.045	1.9315886545859269	0.5864679133365973
7.055	1.9432422392808157	0.5734352930402286
7.065	1.9547608915283838	0.5935125729562561
7.075	1.966137707828905	0.5996179446266272
7.085	1.9773658058263934	0.5905772981147317
7.095	1.9884383283389284	0.594804093886527
7.105	1.9993484473851886	0.606427782258964
7.115	2.010089368204771	0.6038447403984225
7.125	2.0206543332698694	0.6319059678833968
7.135	2.031036626285875	0.6101849340561154
7.145	2.041229576178495	0.6103023450497764
7.155	2.0512265610649747	0.6212215674602476
7.165	2.0610210122069987	0.6227479103778403
7.175	2.070606417942904	0.612063509954691
7.185	2.079976327596795	0.6281488160862454
7.195	2.089124355362193	0.6209867454729256
7.205	2.0980441841578634	0.6263876511813307
7.215	2.1067295694534662	0.6417684913509192
7.225	2.1151743430627112	0.6331974888136676
7.235	2.123372416901695	0.6168773606947913
7.245	2.131317786710121	0.6456430541417315
7.255	2.1390045357331604	0.6502220828945098
7.265	2.146426838361661	0.6799270642907378
7.275	2.1535789637285077	0.6335497217946505
7.285	2.160455279258918	0.6469345750720022
7.295	2.167050254172506	0.6579712084761344
7.305	2.173358462934947	0.6593801404000662
7.315	2.17937458865715	0.6589104964254223
7.325	2.1850934264398214	0.6638417581591834
7.335	2.1905098866613724	0.6633721141845396
7.345	2.1956189982071534	0.6717082947344691
7.355	2.200415911638002	0.6845060930435161
7.365	2.204895902296162	0.6640765801465054
7.375	2.2090543733466492	0.6764047344809083
7.385	2.2128868587521824	0.6762873234872474
7.395	2.2163890261798276	0.696129781415953
7.405	2.2195566798375572	0.6928422735934456
7.415	2.222385763238965	0.7106887446299147
7.425	2.2248723618943984	0.696364603403275
7.435	2.227012705926843	0.6944860275046993
7.445	2.2288031726109274	0.6941337945237164
7.455	2.230240288833449	0.7105713336362537
7.465	2.231320733473873	0.6935467395554116
7.475	2.2320413397033345	0.708223113763034
7.485	2.2323990972006627	0.7081057027693731
7.495	2.232391154284051	0.7064619488581194
7.505	2.232014819957021	0.727008872748791
7.515	2.2312675658673653	0.7112757995982195
7.525	2.230147028177844	0.732762011438179
7.535	2.2286510093474345	0.7097494566806268
7.545	2.2267774798219735	0.7068141818391023
7.555	2.2245245796331363	0.7353450532987206
7.565	2.2218906199046904	0.7329968334255009
7.575	2.2188740842650643	0.7160896503383197
7.585	2.215473630165297	0.7240735979072664
7.595	2.2116880901015152	0.7301789695776374
7.605	2.207516472741103	0.7305312025586204
7.615	2.2029579639518415	0.7408633700007866
7.625	2.1980119277333157	0.7394544380768548
7.635	2.192677907049928	0.7179682262368955
7.645	2.186955624564977	0.7432115898740063
7.655	2.180844983275259	0.738280328140245
7.665	2.174346067045743	0.7388673831085499
7.675	2.1674591410439112	0.7520174143985798
7.685	2.160184652073433	0.7251302968502152
7.695	2.1525232288068987	0.7277133387107568
7.705	2.1444756819173643	0.72689146175513
7.715	2.136043004108587	0.7272436947361129
7.725	2.1272263700438385	0.7304137915649593
7.735	2.118027136173229	0.7392196160895329
7.745	2.1084468404596217	0.7255999408248592
7.755	2.09848720200317	0.7254825298311982
7.765	2.088150120564654	0.7385151501275671
7.775	2.0774376759877957	0.7098668676742877
7.785	2.0663521275208545	0.7153851843763539
7.795	2.0548959130377753	0.6954253154539872
7.805	2.0430716481593274	0.7001217552004264
7.815	2.03088212527466	0.6854453809928038
7.825	2.0183303124637533	0.6852105590054819
7.835	2.0054193523213746	0.7014132761306973
7.845	1.992152560683137	0.6872065458977186
7.855	1.97853342525434	0.6832145721132452
7.865	1.9645656041423543	0.6921378076314798
7.875	1.9502529242933067	0.6677163209499958
7.885	1.935599379833981	0.6766395564682304
7.895	1.9206091303197876	0.6718257057281302
7.905	1.9052864988898062	0.6603194283493541
7.915	1.8896359703299273	0.660554250336676
7.925	1.8736621890451277	0.6633721141845396
7.935	1.8573699569420765	0.6678337319436568
7.945	1.8407642312232124	0.636719818623497
7.955	1.8238501220935577	0.6216912114348915
7.965	1.8066328903815274	0.6371894625981409
7.975	1.7891179450751273	0.6263876511813307
7.985	1.7713108407748945	0.6443515332114607
7.995	1.7532172750650497	0.6299099809911601
8.005	1.7348430858043162	0.6030228634427955
8.015	1.716194248338006	0.6026706304618127
8.025	1.6972768726329113	0.6000875886012711
8.035	1.6780972003366492	0.5977393687280514
8.045	1.6586616017631637	0.5901076541400877
8.055	1.6389765728060512	0.5936299839499172
8.065	1.6190487317815445	0.5840022824697167
8.075	1.5988848162029208	0.5959782038231368
8.085	1.5784916794881783	0.5859982693619534
8.095	1.5578762876029195	0.5886987222161559
8.105	1.5370457156402857	0.5567629319403693
8.115	1.5160071443400036	0.5747268139704993
8.125	1.4947678565484686	0.5581718638643011
8.135	1.473335233621937	0.546430764498203
8.145	1.4517167517749123	0.5372727069926465
8.155	1.4299199783757608	0.5409124477961369
8.165	1.4079525681917795	0.5391512828912223
8.175	1.3858222595858165	0.5545321230608107
8.185	1.3635368706666706	0.5292887594236999
8.195	1.3411042953954422	0.522478921791363
8.205	1.3185324996501537	0.516256139127331
8.215	1.2958295172508572	0.4998186000147938
8.225	1.2730034459475164	0.492656529401474
8.235	1.2500624433730394	0.4918346524458471
8.245	1.2270147229637036	0.4931261733761179
8.255	1.2038685498494164	0.4769234562509026
8.265	1.180632236716159	0.4756319353206318
8.275	1.157314139642932	0.4776279222128685
8.285	1.1339226539157203	0.45132785963280886
8.295	1.1104662098208091	0.46741316576436315
8.305	1.0869532684199184	0.4645953019164996
8.315	1.0633923173095616	0.4535586685123675
8.325	1.039791866367109	0.4284327158689177
8.335	1.0161604434860056	0.43477290952661063
8.345	0.9925065903025752	0.44710106386101356
8.355	0.9688388579168775	0.4407608702033206
8.365	0.9451658026101407	0.43254210064705195
8.375	0.9214959815611703	0.41352151967397316
8.385	0.8978379485642288	0.4209184122746149
8.395	0.8742002497508575	0.4166916165028196
8.405	0.850591419318103	0.4276108389132908
8.415	0.8270199752655746	0.42068359028729296
8.425	0.8034944151438557	0.4235014541351565
8.435	0.7800232118166343	0.4192746583633612
8.445	0.7566148092390137	0.43324656660901784
8.455	0.7332776182544738	0.41716126047746355
8.465	0.7100200124128329	0.41481304060424395
8.475	0.6868503238116357	0.40800320297190706
8.485	0.6637768389633514	0.40518533912404353
8.495	0.6408077946907554	0.42361886512881747
8.505	0.6179513740528063	0.40389381819377274
8.515	0.5952157023034366	0.39767103552974076
8.525	0.5726088428854159	0.40765096999092415
8.535	0.5501387934617687	0.3834643052967622
8.545	0.5278134819868152	0.3977884465234018
8.555	0.5056407628192245	0.3915656638593698
8.565	0.48362841287921166	0.41363893066763413
8.575	0.4617841278520807	0.4042460511747557
8.585	0.44011551844027785	0.38487323722069394
8.595	0.41863010666609846	0.3759500017024594
8.605	0.3973353222270737	0.39050896491642095
8.615	0.3762384989061762	0.39121343087838684
8.625	0.355346871038861	0.38416877125872806
8.635	0.33466757003885717	0.3856951141763208
8.645	0.31420762098477584	0.3922701298213357
8.655	0.29397393926937765	0.38816074504320136
8.665	0.27397332731340385	0.38099867442988156
8.675	0.2542124713458064	0.3899219099481161
8.685	0.23469793825220542	0.37195802791798604
8.695	0.21543617249325775	0.37935492051862785
8.705	0.19643349309473224	0.3819379623791694
8.715	0.1776960907109213	0.3836991272840841
8.725	0.1592300247630234	0.36080398352019294
8.735	0.141041220654043	0.3736017818292398
8.745	0.12313546706180234	0.37254508288629096
8.755	0.10551841331149281	0.37090132897503725
8.765	0.08819556682924312	0.3889826219988282
8.775	0.07117229067802977	0.3854602921889988
8.785	0.05445380117734455	0.36068657252653197
8.795	0.03804516560784332	0.3691401640701225
8.805	0.021951300002224228	0.37219284990530804
8.815	0.0061769670235329865	0.37090132897503725
8.825	-0.009273226068024387	0.3699620410257494
8.835	-0.024394829358632464	0.36373925836171744
8.845	-0.039183552133802646	0.3753629467341545
8.855	-0.053635264639721125	0.36702676618422486
8.865	-0.06774599975211748	0.36056916153287094
8.875	-0.08151195455176774	0.3554030778117878
8.885	-0.0949294918058774	0.35786870867866843
8.895	-0.10799514135458921	0.36009951755822706
8.905	-0.12070560140194875	0.35035440508436566
8.915	-0.13305773971068424	0.3597472845772441
8.925	-0.1450485947002842	0.360334339545549
8.935	-0.15667537644781437	0.36068657252653197
8.945	-0.16793546759108313	0.3512936930336535
8.955	-0.1788264241337183	0.35364191290687313
8.965	-0.18934597615189142	0.36244773743144665
8.975	-0.19949202840236357	0.3707839179813763
8.985	-0.20926266083168366	0.36843569810815663
8.995	-0.21865612898638798	0.35563789979910976
9.005	-0.22767086432409478	0.36432631333002236
9.015	-0.2363054744255022	0.3619780934568027
9.025	-0.24455874310728776	0.3713709729496812
9.035	-0.2524296304360245	0.3581035306659904
9.045	-0.2599172726432475	0.3515285150209755
9.055	-0.2670209819419189	0.3658526562476151
9.065	-0.2737402462445113	0.37442365878486666
9.075	-0.2800747287830838	0.378533043563001
9.085	-0.28602426763171906	0.3760674126961204
9.095	-0.2915888751317657	0.36597006724127606
9.105	-0.2967687372204171	0.36315220339341253
9.115	-0.301564212663157	0.3597472845772441
9.125	-0.3059758321907171	0.38827815603686233
9.135	-0.3100042975412176	0.3802942084679157
9.145	-0.3136504804082214	0.37242767189263
9.155	-0.3169154212955081	0.3775937556137131
9.165	-0.3198003282793953	0.38522547020167686
9.175	-0.32230657567952425	0.3883955670305233
9.185	-0.3244357026390523	0.3880433340495404
9.195	-0.3261894116152839	0.39673174758045293
9.205	-0.32756956678177795	0.38886521100516724
9.215	-0.32857819234306684	0.4043634621684167
9.225	-0.32921747076314034	0.41410857464227807
9.235	-0.32948974090892347	0.408238024959229
9.245	-0.3293974961100159	0.4137563416612951
9.255	-0.3289433821359984	0.4239710981098004
9.265	-0.32813019509269026	0.4240885091034614
9.275	-0.3269608792387566	0.41516527358522687
9.285	-0.3254385247241369	0.41234740973736334
9.295	-0.3235663652517913	0.43031129176749333
9.305	-0.32134777566432793	0.4215054672429198
9.315	-0.3187862694570891	0.4319550456787471
9.325	-0.3158854962193509	0.45755064229684084
9.335	-Inf	0.0
9.345	-Inf	0.0
9.355	-Inf	0.0
9.365	-Inf	0.0
9.375	-Inf	0.0
9.385	-Inf	0.0
9.395	-Inf	0.0
9.405	-Inf	0.0
9.415	-Inf	0.0
9.425	-Inf	0.0
9.435	-Inf	0.0
9.445	-Inf	0.0
9.455	-Inf	0.0
9.465	-Inf	0.0
9.475	-Inf	0.0
9.485	-Inf	0.0
9.495	-Inf	0.0
9.505	-Inf	0.0
9.515	-Inf	0.0
9.525	-Inf	0.0
9.535	-Inf	0.0
9.545	-Inf	0.0
9.555	-Inf	0.0
9.565	-Inf	0.0
9.575	-Inf	0.0
9.585	-Inf	0.0
9.595	-Inf	0.0
9.605	-Inf	0.0
9.615	-Inf	0.0
9.625	-Inf	0.0
9.635	-Inf	0.0
9.645	-Inf	0.0
9.655	-Inf	0.0
9.665	-Inf	0.0
9.675	-Inf	0.0
9.685	-Inf	0.0
9.695	-Inf	0.0
9.705	-Inf	0.0
9.715	-Inf	0.0
9.725	-Inf	0.0
9.735	-Inf	0.0
9.745	-Inf	0.0
9.755	-Inf	0.0
9.765	-Inf	0.0
9.775	-Inf	0.0
9.785	-Inf	0.0
9.795	-Inf	0.0
9.805	-Inf	0.0
9.815	-Inf	0.0
9.825	-Inf	0.0
9.835	-Inf	0.0
9.845	-Inf	0.0
9.855	-Inf	0.0
9.865	-Inf	0.0
9.875	-Inf	0.0
9.885	-Inf	0.0
9.895	-Inf	0.0
9.905	-Inf	0.0
9.915	-Inf	0.0
9.925	-Inf	0.0
9.935	-Inf	0.0
9.945	-Inf	0.0
9.955	-Inf	0.0
9.965	-Inf	0.0
9.975	-Inf	0.0
9.985	-Inf	0.0
9.995	-Inf	0.0
