0.005	-Inf	0.0
0.015	-Inf	0.0
0.025	-Inf	0.0
0.035	-7.385929567794085	0.0006069901924392367
0.045	-7.359435220891183	0.0005447347880864946
0.055	-7.333076314542631	0.0005525167136305873
0.065	-7.3068656014672015	0.0007626287033210923
0.075	-7.280815732618449	0.0005914263413510512
0.085	-7.254939250214414	0.0006925913734242573
0.095	-7.229248580831127	0.0007470648522329067
0.105	-7.203756028563949	0.0006536817457037935
0.115	-7.17847376826071	0.0007626287033210923
0.125	-7.153413838830614	0.0006225540435274223
0.135	-7.128588136632787	0.0006147721179833296
0.145	-7.104008408948313	0.0008482298843061129
0.155	-7.07968624753958	0.0008715756609383912
0.165	-7.055633082300651	0.0008482298843061129
0.175	-7.031860175002385	0.0008248841076738346
0.185	-7.0083786131359105	0.0008637937353942985
0.195	-6.985199303858058	0.0008871395120265767
0.205	-6.962332968042256	0.0009727406930115974
0.215	-6.939790134438329	0.000879357586482484
0.225	-6.917581133944621	0.0009805226185556901
0.235	-6.895716093995726	0.000949394916379319
0.245	-6.874204933069112	0.000988304544099783
0.255	-6.853057355313801	0.0010349960973643395
0.265	-6.832282845304209	0.0009960864696438756
0.275	-6.811890662922203	0.0011361611294375456
0.285	-6.791889838370309	0.0011517249805257312
0.295	-6.772289167318953	0.0013618369702162363
0.305	-6.753097206190561	0.0012528900125989373
0.315	-6.734322267583185	0.0012295442359666591
0.325	-6.7159724158363385	0.001338491193583958
0.335	-6.698055462741559	0.0010661237995407107
0.345	-6.680578963400173	0.001330709268039865
0.355	-6.663550212230628	0.0013696188957603292
0.365	-6.64697623912769	0.001338491193583958
0.375	-6.630863805775692	0.0013618369702162363
0.385	-6.615219402117929	0.001198416533790288
0.395	-6.600049242984225	0.001338491193583958
0.405	-6.58535926487857	0.0014007465979367002
0.415	-6.57115512292866	0.0013618369702162363
0.425	-6.557442187999045	0.0016964597686122257
0.435	-6.544225543969529	0.0012451080870548446
0.445	-6.531509985180332	0.0014630020022894424
0.455	-6.5193000140454425	0.001447438151201257
0.465	-6.507599838835497	0.0014863477789217208
0.475	-6.496413371631395	0.0015641670343626486
0.485	-6.4857442264497855	0.0014863477789217208
0.495	-6.475595717541429	0.001587512810994927
0.505	-6.465970857863378	0.0015719489599067412
0.515	-6.456872357725753	0.0013540550446721434
0.525	-6.44830262361386	0.001587512810994927
0.535	-6.440263757186222	0.0016030766620831124
0.545	-6.432757554449046	0.0016497682153476692
0.555	-6.425785505107508	0.0017742790240531535
0.565	-6.4193487920941505	0.0015719489599067412
0.575	-6.413448291274571	0.0017664970985090608
0.585	-6.408084571330481	0.001447438151201257
0.595	-6.403257893820113	0.001719805545244504
0.605	-6.398968213415831	0.0017120236197004112
0.615	-6.395215178318715	0.0015096935555539992
0.625	-6.391998130849774	0.001688677843068133
0.635	-6.389316108217326	0.0017042416941563186
0.645	-6.387167843460014	0.0016497682153476692
0.655	-6.385551766564778	0.0016419862898035763
0.665	-6.3844660057590294	0.001828752502861803
0.675	-6.383908388976164	0.0016808959175240402
0.685	-6.3838764454934385	0.0016419862898035763
0.695	-6.3843674077411485	0.001758715172964968
0.705	-6.3853782132819275	0.001727587470788597
0.715	-6.386905506958893	0.0017353693963326896
0.725	-6.388945643211274	0.0015252574066421847
0.735	-6.391494688556037	0.001470783927833535
0.745	-6.394548424233954	0.0018832259816704525
0.755	-6.3981023490184254	0.0017353693963326896
0.765	-6.402151682185307	0.0016731139919799473
0.775	-6.4066913666418825	0.0017431513218767825
0.785	-6.411716072213017	0.0019221356093909164
0.795	-6.417220199082455	0.001618640513171298
0.805	-6.4231978813871216	0.0017042416941563186
0.815	-6.429642990962201	0.0015252574066421847
0.825	-6.4365491412346705	0.0015330393321862773
0.835	-6.4439096912628955	0.001618640513171298
0.845	-6.45171774991979	0.001579730885450834
0.855	-6.45996618021696	0.0013929646723926073
0.865	-6.4686476037672	0.0015174754810980918
0.875	-6.477754405382568	0.001408528523480793
0.885	-6.487278737805263	0.0015174754810980918
0.895	-6.497212526568365	0.0016342043642594835
0.905	-6.5075474749835145	0.0015952947365390196
0.915	-6.518275069252449	0.001618640513171298
0.925	-6.529386583699301	0.0015019116300099063
0.935	-6.540873086120465	0.0014863477789217208
0.945	-6.552725443248779	0.0013774008213044218
0.955	-6.564934326328697	0.001299581565863494
0.965	-6.577490216799073	0.0013929646723926073
0.975	-6.590383412080108	0.0014163104490248857
0.985	-6.603604031460939	0.0014552200767453496
0.995	-6.6171420220843356	0.001470783927833535
1.005	-6.630987165024847	0.001330709268039865
1.015	-6.645129081456757	0.001470783927833535
1.025	-6.659557238908093	0.0011050334272611746
1.035	-6.674260957596951	0.0012451080870548446
1.045	-6.689229416846274	0.0011828526827021024
1.055	-6.704451661573249	0.0011750707571580095
1.065	-6.71991660884941	0.0012917996403194012
1.075	-6.735613054527491	0.0012451080870548446
1.085	-6.751529679931055	0.0011750707571580095
1.095	-6.767655058602887	0.001128379203893453
1.105	-6.7839776631080735	0.0010972515017170818
1.115	-6.800485871887729	0.0011672888316139169
1.125	-6.817167976159231	0.001050559948452525
1.135	-6.834012186858843	0.0008871395120265767
1.145	-6.85100664162258	0.0011672888316139169
1.155	-6.868139411801123	0.0011517249805257312
1.165	-6.8853985095046175	0.000988304544099783
1.175	-6.902771894673129	0.0009805226185556901
1.185	-6.920247482168554	0.001050559948452525
1.195	-6.9378131488837465	0.0009805226185556901
1.205	-6.955456740864648	0.0009571768419234118
1.215	-6.973166080441157	0.0009727406930115974
1.225	-6.99092897336252	0.0008482298843061129
1.235	-7.008733215932999	0.0009649587674675045
1.245	-7.026566602143577	0.0009338310652911335
1.255	-7.044416930795477	0.0007470648522329067
1.265	-7.062272012611282	0.0008871395120265767
1.275	-7.080119677329427	0.0007237190756006285
1.285	-7.09794778077789	0.0007859744799533706
1.295	-7.115744211922891	0.0006925913734242573
1.305	-7.133496899888438	0.000879357586482484
1.315	-7.151193820942592	0.0007003732989683501
1.325	-7.168823005446327	0.0008715756609383912
1.335	-7.18637254476089	0.0008560118098502056
1.345	-7.203830598109623	0.0007859744799533706
1.355	-7.2211853993901975	0.0006614636712478862
1.365	-7.238425263933272	0.0007237190756006285
1.375	-7.255538595203624	0.0007237190756006285
1.385	-7.272513891439816	0.0008404479587620201
1.395	-7.2893397522285355	0.0007704106288651851
1.405	-7.306004885009762	0.0005447347880864946
1.415	-7.322498111508971	0.0006536817457037935
1.425	-7.338808374092626	0.0007081552245124428
1.435	-7.354924742043283	0.0006458998201597006
1.445	-7.3708364177506445	0.0005836444158069584
1.455	-7.386532742814982	0.0005213890114542162
1.465	-7.402003204059413	0.00048247938373375225
1.475	-7.417237439447524	0.0005369528625424017
1.485	-7.432225243902979	0.0005525167136305873
1.495	-7.446956575027705	0.0006458998201597006
1.505	-7.461421558715426	0.0005291709369983089
1.515	-7.475610494657283	0.0005447347880864946
1.525	-7.4895138617364285	0.0006614636712478862
1.535	-7.503122323308484	0.0005914263413510512
1.545	-7.516426732364876	0.0005447347880864946
1.555	-7.529418136576107	0.0005602986391746801
1.565	-7.542087783212111	0.0005914263413510512
1.575	-7.5544271239369065	0.0005213890114542162
1.585	-7.566427819474861	0.0005136070859101234
1.595	-7.578081744145921	0.0004980432348219378
1.605	-7.589380990267296	0.0004746974581896595
1.615	-7.6003178724191365	0.0003579685750282678
1.625	-7.610884931571816	0.0005369528625424017
1.635	-7.621074939072562	0.0005058251603660306
1.645	-7.6308809004892355	0.00044356975601328837
1.655	-7.640296059309128	0.0004280059049251028
1.665	-7.6493139004907915	0.0005291709369983089
1.675	-7.657928153866967	0.0005213890114542162
1.685	-7.666132797396765	0.00045913360710147393
1.695	-7.6739220602653795	0.00045913360710147393
1.705	-7.681290425829685	0.0004046601282928245
1.715	-7.688232634408156	0.00048247938373375225
1.725	-7.694743685913677	0.00046691553264556674
1.735	-7.7008188423278625	0.00045913360710147393
1.745	-7.706453630015669	0.00046691553264556674
1.755	-7.71164384187908	0.0004046601282928245
1.765	-7.7163855393488685	0.0004280059049251028
1.775	-7.7206750542134275	0.00045913360710147393
1.785	-7.724508990283835	0.00048247938373375225
1.795	-7.727884224894383	0.00048247938373375225
1.805	-7.730797910237913	0.00046691553264556674
1.815	-7.73324747453541	0.00044356975601328837
1.825	-7.735230623039369	0.0004746974581896595
1.835	-7.736745338870628	0.00046691553264556674
1.845	-7.7377898836883725	0.0004902613092778451
1.855	-7.738362798193168	0.0004280059049251028
1.865	-7.738462902462999	0.00037353242611645336
1.875	-7.738089296122335	0.00046691553264556674
1.885	-7.7372413583443915	0.0003657505005723606
1.895	-7.7359187476868385	0.00042022397938101005
1.905	-7.734121401761325	0.0004902613092778451
1.915	-7.731849536737256	0.0004513516815573812
1.925	-7.729103646680404	0.0004746974581896595
1.935	-7.725884502726987	0.0002957131706755256
1.945	-7.722193152094003	0.0003424047239400823
1.955	-7.718030916926643	0.00038131435166054617
1.965	-7.713399392983767	0.00039687820274873173
1.975	-7.70830044816248	0.0004746974581896595
1.985	-7.702736220862958	0.0004513516815573812
1.995	-7.696709118194775	0.00039687820274873173
2.005	-7.690221814026074	0.0004280059049251028
2.015	-7.683277246877006	0.00044356975601328837
2.025	-7.675878617658977	0.0004124420538369173
2.035	-7.668029387261319	0.00044356975601328837
2.045	-7.659733273987093	0.0005213890114542162
2.055	-7.650994250839841	0.0004357878304691956
2.065	-7.641816542663152	0.0004280059049251028
2.075	-7.632204623135048	0.0005136070859101234
2.085	-7.622163211619235	0.0006458998201597006
2.095	-7.611697269875375	0.0005136070859101234
2.105	-7.6008119986306175	0.0005680805647187728
2.115	-7.589512834014692	0.0005291709369983089
2.125	-7.577805443860974	0.0005680805647187728
2.135	-7.565695723875978	0.0006147721179833296
2.145	-7.553189793679847	0.0004046601282928245
2.155	-8.395987744142081	0.00023345776632278337
2.165	-8.378390532971807	0.0002879312451314328
2.175	-8.360416772458013	0.0002256758407786906
2.185	-8.342073435793509	0.00028014931958734004
2.195	-8.32336769844652	0.00028014931958734004
2.205	-8.304306933484785	0.00019454813860231946
2.215	-8.284898706790557	0.0003190589473078039
2.225	-8.265150772169541	0.0001789842875141339
2.235	-8.245071066357012	0.0002568035429550617
2.245	-8.224667703924258	0.0002490216174109689
2.255	-8.203948972088714	0.0002568035429550617
2.265	-8.182923325431034	0.00028014931958734004
2.275	-8.161599380522578	0.0002723673940432473
2.285	-8.139985910466692	0.0002568035429550617
2.295	-8.118091839357284	0.0003268408728518967
2.305	-8.095926236658263	0.00031127702176371116
2.315	-8.073498311507343	0.0002723673940432473
2.325	-8.050817406947926	0.00038131435166054617
2.335	-8.027892994092639	0.00030349509621961835
2.345	-8.004734666222264	0.0003190589473078039
2.355	-7.981352132823784	0.0002568035429550617
2.365	-7.957755213571283	0.00038131435166054617
2.375	-7.933953832253532	0.0003579685750282678
2.385	-7.909958010652023	0.0003190589473078039
2.395	-7.885777862373354	0.0003346227983959895
2.405	-7.8614235866397815	0.00038131435166054617
2.415	-7.836905462041843	0.00044356975601328837
2.425	-7.812233840256975	0.0003346227983959895
2.435	-7.787419139737985	0.0004513516815573812
2.445	-7.762471839375388	0.0004280059049251028
2.455	-7.737402472137464	0.0003890962772046389
2.465	-7.712221618692059	0.00039687820274873173
2.475	-7.686939901014022	0.00045913360710147393
2.485	-7.661567975982293	0.00048247938373375225
2.495	-7.636116528970528	0.0005525167136305873
2.505	-7.610596267435296	0.0004513516815573812
2.515	-7.585017914505728	0.0005680805647187728
2.525	-7.5593922025786	0.0005291709369983089
2.535	-7.533729866922776	0.0004980432348219378
2.545	-7.508041639296923	0.0005447347880864946
2.555	-7.482338241584419	0.0005447347880864946
2.565	-7.456630379449322	0.0005680805647187728
2.575	-7.430928736017306	0.0005602986391746801
2.585	-7.40524396558538	0.0005914263413510512
2.595	-7.379586687364215	0.0006381178946156078
2.605	-7.353967479256931	0.0005136070859101234
2.615	-7.32839687167802	0.0006069901924392367
2.625	-7.302885341416249	0.000599208266895144
2.635	-7.277443305545157	0.0006925913734242573
2.645	-7.252081115384882	0.0007937564054974635
2.655	-7.22680905051892	0.0007315010011447212
2.665	-7.201637312869406	0.0007237190756006285
2.675	-7.176576020834477	0.0009416129908352262
2.685	-7.151635203491223	0.0009649587674675045
2.695	-7.126824794867686	0.0008326660332179274
2.705	-7.102154628287291	0.0008637937353942985
2.715	-7.077634430789121	0.000879357586482484
2.725	-7.053273817627272	0.0009727406930115974
2.735	-7.029082286852627	0.0007626287033210923
2.745	-7.0050692139801445	0.0009727406930115974
2.755	-6.981243846744886	0.0010816876506288963
2.765	-6.957615299949796	0.0011205972783493601
2.775	-6.934192550408282	0.0009960864696438756
2.785	-6.910984431984536	0.0010894695761729891
2.795	-6.887999630734461	0.0010661237995407107
2.805	-6.865246680150033	0.0012217623104225663
2.815	-6.842733956509865	0.0012528900125989373
2.825	-6.8204696743385895	0.0011361611294375456
2.835	-6.7984618819777145	0.0011750707571580095
2.845	-6.776718457270461	0.0010583418739966179
2.855	-6.755247103363017	0.001408528523480793
2.865	-6.734055344624603	0.0012217623104225663
2.875	-6.713150522688654	0.001190634608246195
2.885	-6.692539792617274	0.0012528900125989373
2.895	-6.672230119191185	0.0012762357892312157
2.905	-6.652228273327142	0.0012606719381430302
2.915	-6.63254082862483	0.001268453863687123
2.925	-6.613174158045107	0.0013929646723926073
2.935	-6.594134430721383	0.001338491193583958
2.945	-6.575427608905881	0.0014552200767453496
2.955	-6.55705944505233	0.0013462731191280508
2.965	-6.539035479036725	0.001579730885450834
2.975	-6.521361035517484	0.0015174754810980918
2.985	-6.5040412214364505	0.001727587470788597
2.995	-6.487080923661949	0.0015252574066421847
3.005	-6.470484806775074	0.0017042416941563186
3.015	-6.454257311000299	0.001688677843068133
3.025	-6.438402650281389	0.0017742790240531535
3.035	-6.4229248105034795	0.001867662130582267
3.045	-6.407827547862172	0.0014552200767453496
3.055	-6.393114387380293	0.0016497682153476692
3.065	-6.378788621572953	0.0017431513218767825
3.075	-6.3648533092614175	0.0018209705773177102
3.085	-6.3513112745361955	0.0018832259816704525
3.095	-6.338165105869671	0.0019921729392877513
3.105	-6.32541715537852	0.0019454813860231947
3.115	-6.313069538236007	0.0017509332474208751
3.125	-6.301124132234243	0.0018131886517736174
3.135	-6.289582577496298	0.0017509332474208751
3.145	-6.278446276338061	0.0018054067262295247
3.155	-6.2677163932795485	0.0015719489599067412
3.165	-6.257393855205358	0.001898789832758638
3.175	-6.247479351673802	0.001898789832758638
3.185	-6.23797333537421	0.0019376994604791019
3.195	-6.228876022731736	0.00210111989690505
3.205	-6.220187394659014	0.0020544283436404937
3.215	-6.211907197453774	0.0021633753012577925
3.225	-6.204034943841591	0.0018365344284058957
3.235	-6.196569914162707	0.0021633753012577925
3.245	-6.189511157701889	0.0019221356093909164
3.255	-6.182857494160128	0.0021789391523459782
3.265	-6.176607515266918	0.002350141514316019
3.275	-6.170759586531769	0.001898789832758638
3.285	-6.165311849133511	0.00210111989690505
3.295	-6.160262221945881	0.0022100668545223493
3.305	-6.155608403697767	0.001999954864831844
3.315	-6.151347875266437	0.002077774120272772
3.325	-6.147477902101961	0.002319013812139648
3.335	-6.143995536780998	0.002326795737683741
3.345	-6.140897621687979	0.0022723222588750913
3.355	-6.1381807918217275	0.0018910079072145451
3.365	-6.1358414777253625	0.0021867210778900707
3.375	-6.133875908537376	0.0021789391523459782
3.385	-6.132280115161624	0.002248976482242813
3.395	-6.131049933553915	0.001968827162655473
3.405	-6.130181008122826	0.0021555933757136997
3.415	-6.1296687952422975	0.002046646418096401
3.425	-6.12950856687346	0.0021633753012577925
3.435	-6.129695414293163	0.002326795737683741
3.445	-6.130224251926495	0.0022256307056105346
3.455	-6.131089821280634	0.002280104184419184
3.465	-6.13228669497722	0.002077774120272772
3.475	-6.1338092808804525	0.001999954864831844
3.485	-6.135651826317989	0.002287886109963277
3.495	-6.137808422391743	0.0021166837479932358
3.505	-6.140273008375544	0.001968827162655473
3.515	-6.143039376196658	0.0021244656735373286
3.525	-6.146101174998016	0.0023034499610514623
3.535	-6.149451915778091	0.0018209705773177102
3.545	-6.153084976105143	0.002038864492552308
3.555	-6.156993604902668	0.002046646418096401
3.565	-6.161170927302771	0.002062210269184586
3.575	-6.165609949564119	0.0021555933757136997
3.585	-6.170303564051181	0.002069992194728679
3.595	-6.175244554271342	0.002077774120272772
3.605	-6.180425599966474	0.002140029524625514
3.615	-6.185839282255563	0.0019921729392877513
3.625	-6.191478088824895	0.00210111989690505
3.635	-6.197334419162307	0.0018754440561263596
3.645	-6.203400589832002	0.002108901822449143
3.655	-6.209668839786385	0.0017120236197004112
3.665	-6.216131335711376	0.0019143536838468235
3.675	-6.22278017740162	0.002108901822449143
3.685	-6.229607403162008	0.0019376994604791019
3.695	-6.236604995231932	0.0018443163539499886
3.705	-6.2437648852286625	0.0020544283436404937
3.715	-6.251078959606223	0.0018598802050381741
3.725	-6.258539065126197	0.002046646418096401
3.735	-6.266137014336776	0.002062210269184586
3.745	-6.27386459105653	0.0015252574066421847
3.755	-6.281713555859184	0.0019454813860231947
3.765	-6.2896756515559	0.0019376994604791019
3.775	-6.297742608671378	0.0020544283436404937
3.785	-6.305906150910237	0.0015019116300099063
3.795	-6.314158000610097	0.0017120236197004112
3.805	-6.322489884177777	0.0018365344284058957
3.815	-6.330893537505094	0.002031082567008215
3.825	-6.3393607113606985	0.0015408212577303702
3.835	-6.347883176754499	0.001579730885450834
3.845	-6.356452730271133	0.0018754440561263596
3.855	-6.3650611993690855	0.0016419862898035763
3.865	-6.373700447641983	0.001618640513171298
3.875	-6.382362380038696	0.0018209705773177102
3.885	-6.391038948038891	0.0015252574066421847
3.895	-6.399722154780661	0.001610858587627205
3.905	-6.408404060137013	0.0015641670343626486
3.915	-6.417076785737884	0.001688677843068133
3.925	-6.425732519934525	0.0014552200767453496
3.935	-6.434363522703074	0.001618640513171298
3.945	-6.442962130484176	0.001587512810994927
3.955	-6.451520760955598	0.0014240923745689785
3.965	-6.460031917734788	0.001447438151201257
3.975	-6.46848819500843	0.0015096935555539992
3.985	-6.47688228208603	0.0015174754810980918
3.995	-6.485206967874719	0.0016342043642594835
4.005	-6.493455145272392	0.0016419862898035763
4.015	-6.501619815476507	0.0014941297044658134
4.025	-6.509694092205773	0.0015641670343626486
4.035	-6.51767120583215	0.0014552200767453496
4.045	-6.525544507420572	0.0014552200767453496
4.055	-6.5333074726738705	0.0013151454169516795
4.065	-6.5409537057805025	0.0014163104490248857
4.075	-6.5484769431626715	0.0013774008213044218
4.085	-6.555871057122569	0.0013851827468485147
4.095	-6.563130059384491	0.001307363491407587
4.105	-6.5702481045306875	0.0014552200767453496
4.115	-6.577219493328839	0.0013462731191280508
4.125	-6.584038675949191	0.0014163104490248857
4.135	-6.590700255069364	0.0013229273424957724
4.145	-6.597198988865035	0.0016575501408917618
4.155	-6.603529793884666	0.0011128153528052673
4.165	-6.60968774780664	0.0012139803848784734
4.175	-6.615668092077124	0.001299581565863494
4.185	-6.621466234427191	0.0013774008213044218
4.195	-6.6270777512676915	0.0012451080870548446
4.205	-6.632498389960549	0.001330709268039865
4.215	-6.637724070965184	0.0012295442359666591
4.225	-6.642750889858848	0.0013151454169516795
4.235	-6.647575119229794	0.0012840177147753085
4.245	-6.652193210442214	0.001307363491407587
4.255	-6.656601795272051	0.001159506906069824
4.265	-6.6607976874127885	0.0011672888316139169
4.275	-6.664777883850486	0.001470783927833535
4.285	-6.668539566107376	0.001299581565863494
4.295	-6.672080101353433	0.0013151454169516795
4.305	-6.67539704338542	0.0013229273424957724
4.315	-6.678488133473003	0.0012840177147753085
4.325	-6.681351301071625	0.0009104852886588551
4.335	-6.683984664401899	0.001190634608246195
4.345	-6.686386530895389	0.0012762357892312157
4.355	-6.688555397506716	0.0013696188957603292
4.365	-6.6904899508920685	0.0010739057250848034
4.375	-6.69218906745419	0.0011517249805257312
4.385	-6.693651813254116	0.0013540550446721434
4.395	-6.694877443789941	0.0011517249805257312
4.405	-6.6958654036430225	0.0011205972783493601
4.415	-6.696615325992104	0.001330709268039865
4.425	-6.697127031995943	0.001338491193583958
4.435	-6.6974005300450905	0.0012061984593343808
4.445	-6.697436014883593	0.0011361611294375456
4.455	-6.6972338666014215	0.0013229273424957724
4.465	-6.696794649498601	0.0012295442359666591
4.475	-6.6961191108219795	0.0011439430549816385
4.485	-6.695208179375807	0.0011205972783493601
4.495	-6.694062964007228	0.0012373261615107518
4.505	-6.69268475196801	0.0013229273424957724
4.515	-6.6910750071538	0.0012451080870548446
4.525	-6.689235368222359	0.0011361611294375456
4.535	-6.687167646592275	0.0013151454169516795
4.545	-6.684873824323731	0.0014630020022894424
4.555	-6.68235605188299	0.0010816876506288963
4.565	-6.679616645792326	0.001338491193583958
4.575	-6.676658086167241	0.001307363491407587
4.585	-6.67348301414281	0.0012451080870548446
4.595	-6.670094229191165	0.001408528523480793
4.605	-6.666494686332099	0.001478565853377628
4.615	-6.662687493238942	0.0011672888316139169
4.625	-6.658675907241827	0.0013851827468485147
4.635	-6.65446333223064	0.0011828526827021024
4.645	-6.650053315459907	0.0012917996403194012
4.655	-6.645449544258026	0.0013696188957603292
4.665	-6.640655842643243	0.0012217623104225663
4.675	-6.635676167848886	0.0012840177147753085
4.685	-6.630514606760404	0.001439656225657164
4.695	-6.625175372266807	0.0013618369702162363
4.705	-6.619662799529197	0.0015952947365390196
4.715	-6.613981342169059	0.0012917996403194012
4.725	-6.60813556837916	0.0013851827468485147
4.735	-6.602130156959795	0.0015952947365390196
4.745	-6.595969893283306	0.0014552200767453496
4.755	-6.589659665189767	0.0013462731191280508
4.765	-6.583204458816786	0.0013929646723926073
4.775	-6.576609354366449	0.0012451080870548446
4.785	-6.569879521812435	0.0014007465979367002
4.795	-6.563020216550395	0.0014552200767453496
4.805	-6.556036774994674	0.0015719489599067412
4.815	-6.548934610124581	0.0014007465979367002
4.825	-6.541719206983373	0.0014240923745689785
4.835	-6.534396118133121	0.0013851827468485147
4.845	-6.526970959068785	0.001447438151201257
4.855	-6.519449403594676	0.0015252574066421847
4.865	-6.511837179166662	0.0016030766620831124
4.875	-6.504140062203391	0.0013540550446721434
4.885	-6.49636387336988	0.0013462731191280508
4.895	-6.488514472836809	0.0014552200767453496
4.905	-6.480597755518869	0.001587512810994927
4.915	-6.472619646295589	0.001587512810994927
4.925	-6.464586095217934	0.001307363491407587
4.935	-6.456503072704169	0.0016497682153476692
4.945	-6.448376564728313	0.001439656225657164
4.955	-6.4402125680046	0.0015330393321862773
4.965	-6.432017085171372	0.0017664970985090608
4.975	-6.4237961199777684	0.0016575501408917618
4.985	-6.415555672476641	0.001587512810994927
4.995	-6.407301734227039	0.0013774008213044218
5.005	-6.399040283509718	0.0017820609495972463
5.015	-6.390777280558954	0.0016964597686122257
5.025	-6.3825186628140855	0.0016030766620831124
5.035	-6.374270340194131	0.0017664970985090608
5.045	-6.366038190398737	0.0018520982794940812
5.055	-6.357828054238855	0.0017898428751413392
5.065	-6.349645731000359	0.0020544283436404937
5.075	-6.341496973843914	0.0018520982794940812
5.085	-6.333387485244298	0.0016419862898035763
5.095	-6.325322912472404	0.0016575501408917618
5.105	-6.317308843123087	0.0017898428751413392
5.115	-6.309350800692016	0.0016575501408917618
5.125	-6.301454240204611	0.0018209705773177102
5.135	-6.293624543900179	0.0017042416941563186
5.145	-6.28586701697424	0.0017353693963326896
5.155	-6.278186883382077	0.0019610452371113802
5.165	-6.270589281706433	0.0018131886517736174
5.175	-6.26307926109226	0.001727587470788597
5.185	-6.255661777251414	0.0018520982794940812
5.195	-6.248341688540062	0.0019610452371113802
5.205	-6.241123752111593	0.0020544283436404937
5.215	-6.234012620147731	0.0021633753012577925
5.225	-6.227012836170493	0.0020933379713609576
5.235	-6.220128831437623	0.002108901822449143
5.245	-6.213364921424008	0.0019376994604791019
5.255	-6.2067253023915745	0.0021711572268018854
5.265	-6.20021404805008	0.001976609088199566
5.275	-6.193835106311177	0.0021555933757136997
5.285	-6.187592296138007	0.002077774120272772
5.295	-6.181489304492592	0.0019843910137436584
5.305	-6.175529683383159	0.0021244656735373286
5.315	-6.169716847013489	0.0019921729392877513
5.325	-6.164054069036342	0.002062210269184586
5.335	-6.158544479912875	0.0022411945566987203
5.345	-6.153191064379946	0.001976609088199566
5.355	-6.147996659027108	0.002108901822449143
5.365	-6.142963949985035	0.0021633753012577925
5.375	-6.138095470726997	0.002342359588771926
5.385	-6.133393599985008	0.002319013812139648
5.395	-6.128860559782099	0.0021166837479932358
5.405	-6.124498413582158	0.0021555933757136997
5.415	-6.1203090645586755	0.0020855560458168648
5.425	-6.116294253983641	0.0019376994604791019
5.435	-6.112455559737764	0.0021945030034341635
5.445	-6.108794394943109	0.002248976482242813
5.455	-6.10531200671917	0.0022411945566987203
5.465	-6.102009475063275	0.002420178844212854
5.475	-6.098887711856178	0.002357923439860112
5.485	-6.095947459993594	0.0021711572268018854
5.495	-6.093189292644309	0.00229566803550737
5.505	-6.0906136126354955	0.00201551871592003
5.515	-6.088220651965669	0.002038864492552308
5.525	-6.086010471445736	0.002287886109963277
5.535	-6.083982960468411	0.002069992194728679
5.545	-6.082137836906264	0.002108901822449143
5.555	-6.080474647138503	0.0019610452371113802
5.565	-6.078992766206581	0.0021633753012577925
5.575	-6.077691398098555	0.0021711572268018854
5.585	-6.076569576162093	0.0022411945566987203
5.595	-6.075626163645916	0.0020933379713609576
5.605	-6.074859854369353	0.0024435246208451326
5.615	-6.074269173519647	0.0025446896529183385
5.625	-6.073852478576506	0.0022411945566987203
5.635	-6.073607960363362	0.0021945030034341635
5.645	-6.073533644224661	0.0021789391523459782
5.655	-6.073627391328459	0.002427960769756947
5.665	-6.073886900093491	0.002560253504006524
5.675	-6.07430970773982	0.002365705365404205
5.685	-6.074893191962033	0.002396833067580576
5.695	-6.075634572723944	0.002007736790375937
5.705	-6.0765309141736115	0.0022022849289782564
5.715	-6.077579126677439	0.0024590884719333183
5.725	-6.078775968972013	0.0024046149931246687
5.735	-6.0801180504322785	0.002365705365404205
5.745	-6.08160183345456	0.0021789391523459782
5.755	-6.08322363595284	0.0023345776632278338
5.765	-6.084979633966677	0.0022411945566987203
5.775	-6.086865864378994	0.0024513065463892254
5.785	-6.088878227741963	0.002326795737683741
5.795	-6.091012491209097	0.002350141514316019
5.805	-6.093264291571591	0.002147811450169607
5.815	-6.095629138396895	0.0019454813860231947
5.825	-6.827149352359631	0.0010349960973643395
5.835	-6.834044422723007	0.0008949214375706696
5.845	-6.841038337783575	0.0009960864696438756
5.855	-6.848126131569102	0.0009805226185556901
5.865	-6.855302728033983	0.001019432246276154
5.875	-6.862562944764707	0.0010739057250848034
5.885	-6.8699014967714245	0.0010816876506288963
5.895	-6.8773130003631	0.001159506906069824
5.905	-6.884791977103578	0.0010894695761729891
5.915	-6.892332857845946	0.0010427780229084324
5.925	-6.89992998684241	0.0011050334272611746
5.935	-6.907577625926936	0.0009416129908352262
5.945	-6.915269958767806	0.0012606719381430302
5.955	-6.923001095187197	0.0010038683951879685
5.965	-6.9307650755448575	0.0008871395120265767
5.975	-6.938555875182888	0.0009182672142029479
5.985	-6.946367408928606	0.0008326660332179274
5.995	-6.954193535652426	0.000988304544099783
6.005	-6.962028062877631	0.0009260491397470406
6.015	-6.969864751438914	0.0009260491397470406
6.025	-6.977697320186464	0.0010816876506288963
6.035	-6.985519450732415	0.0009649587674675045
6.045	-6.9933247922363835	0.0008637937353942985
6.055	-7.001106966226814	0.0009727406930115974
6.065	-7.0088595714548285	0.0008326660332179274
6.075	-7.016576188777232	0.0008560118098502056
6.085	-7.024250386065333	0.0008560118098502056
6.095	-7.031875723136174	0.0011205972783493601
6.105	-7.039445756702789	0.0008949214375706696
6.115	-7.046954045340048	0.0008871395120265767
6.125	-7.0543941544627	0.0008560118098502056
6.135	-7.061759661312111	0.0009027033631147624
6.145	-7.069044159948282	0.0008171021821297417
6.155	-7.076241266243674	0.0008871395120265767
6.165	-7.083344622875362	0.0008248841076738346
6.175	-7.090347904312064	0.0007470648522329067
6.185	-7.097244821792546	0.0007859744799533706
6.195	-7.1040291282919625	0.0008248841076738346
6.205	-7.110694623472625	0.0006925913734242573
6.215	-7.117235158615785	0.0009727406930115974
6.225	-7.123644641530931	0.0008482298843061129
6.235	-7.129917041439179	0.0007937564054974635
6.245	-7.136046393827323	0.0009260491397470406
6.255	-7.1420268052691425	0.0008248841076738346
6.265	-7.147852458210518	0.000739282926688814
6.275	-7.153517615715056	0.0007704106288651851
6.285	-7.159016626166789	0.0006225540435274223
6.295	-7.164343927926661	0.0007781925544092779
6.305	-7.1694940539394905	0.0007937564054974635
6.315	-7.174461636288111	0.0007548467777769996
6.325	-7.17924141069146	0.0008949214375706696
6.335	-7.183828220943389	0.0007237190756006285
6.345	-7.188217023289049	0.000809320256585649
6.355	-7.192402890735635	0.0007937564054974635
6.365	-7.196381017294488	0.0008482298843061129
6.375	-7.2001467221514	0.0008248841076738346
6.385	-7.203695453762152	0.0006770275223360717
6.395	-7.207022793870332	0.0006925913734242573
6.405	-7.210124461444428	0.0007470648522329067
6.415	-7.212996316531427	0.0006069901924392367
6.425	-7.215634364024002	0.0007003732989683501
6.435	-7.218034757338579	0.0007237190756006285
6.445	-7.220193802001526	0.0008715756609383912
6.455	-7.222107959140849	0.000809320256585649
6.465	-7.223773848880758	0.0006225540435274223
6.475	-7.225188253636564	0.0008171021821297417
6.485	-7.226348121307484	0.0008248841076738346
6.495	-7.227250568364855	0.000669245596791979
6.505	-7.227892882833501	0.0006925913734242573
6.515	-7.2282725271639015	0.0007626287033210923
6.525	-7.228387140993	0.0007003732989683501
6.535	-7.2282345437914755	0.000669245596791979
6.545	-7.22781273739545	0.0007781925544092779
6.555	-7.2271199084206	0.0008248841076738346
6.565	-7.226154430556775	0.0007937564054974635
6.575	-7.2249148667412735	0.0007781925544092779
6.585	-7.223399971209005	0.0006614636712478862
6.595	-7.22160869141787	0.0006848094478801646
6.605	-7.219540169847725	0.0006614636712478862
6.615	-7.217193745671425	0.0006848094478801646
6.625	-7.214568956296495	0.0007081552245124428
6.635	-7.211665538776069	0.0006225540435274223
6.645	-7.208483431087818	0.0007315010011447212
6.655	-7.205022773279679	0.0006381178946156078
6.665	-7.201283908481285	0.0007937564054974635
6.675	-7.197267383780058	0.0006848094478801646
6.685	-7.192973950961058	0.0007937564054974635
6.695	-7.188404567109738	0.000739282926688814
6.705	-7.183560395076841	0.0009182672142029479
6.715	-7.178442803804776	0.0007315010011447212
6.725	-7.1730533685149345	0.0008248841076738346
6.735	-7.167393870755403	0.0007704106288651851
6.745	-7.161466298308734	0.0007315010011447212
6.755	-7.15527284495945	0.0007548467777769996
6.765	-7.148815910121067	0.0007315010011447212
6.775	-7.14209809832254	0.0007470648522329067
6.785	-7.135122218554092	0.0007548467777769996
6.795	-7.127891283472497	0.0007237190756006285
6.805	-7.120408508465966	0.0007704106288651851
6.815	-7.1126773105789285	0.0007781925544092779
6.825	-7.104701307297006	0.0007548467777769996
6.835	-7.0964843151926225	0.0007859744799533706
6.845	-7.0880303484318326	0.0008326660332179274
6.855	-7.079343617142911	0.0008637937353942985
6.865	-7.0704285256474835	0.0007937564054974635
6.875	-7.061289670554952	0.0008871395120265767
6.885	-7.05193183872116	0.000809320256585649
6.895	-7.042360005072215	0.0009727406930115974
6.905	-7.032579330294633	0.0009960864696438756
6.915	-7.022595158392885	0.0008482298843061129
6.925	-7.012413014115648	0.0008715756609383912
6.935	-7.002038600252088	0.0009649587674675045
6.945	-6.991477794799601	0.0010427780229084324
6.955	-6.980736648004541	0.000879357586482484
6.965	-6.969821379277504	0.0007781925544092779
6.975	-6.958738373984896	0.0010427780229084324
6.985	-6.947494180118517	0.0009260491397470406
6.995	-6.936095504845045	0.0011128153528052673
7.005	-6.9245492109373075	0.001159506906069824
7.015	-6.91286231308941	0.0008871395120265767
7.025	-6.901041974117777	0.0010661237995407107
7.035	-6.889095501050276	0.0009727406930115974
7.045	-6.877030341105707	0.0010116503207320611
7.055	-6.864854077565918	0.000988304544099783
7.065	-6.852574425543024	0.0010583418739966179
7.075	-6.840199227644119	0.0009649587674675045
7.085	-6.827736449536086	0.0009260491397470406
7.095	-6.815194175413066	0.001159506906069824
7.105	-6.8025806033692975	0.0010583418739966179
7.115	-6.78990404068006	0.0010739057250848034
7.125	-6.777172898993517	0.0011361611294375456
7.135	-6.76439568943635	0.001050559948452525
7.145	-6.751581017636116	0.001050559948452525
7.155	-6.738737578663293	0.0012217623104225663
7.165	-6.725874151896103	0.001408528523480793
7.175	-6.712999595811188	0.0012061984593343808
7.185	-6.700122842703308	0.0012840177147753085
7.195	-6.68725289333728	0.0012139803848784734
7.205	-6.674398811535398	0.001447438151201257
7.215	-6.661569718703678	0.001190634608246195
7.225	-6.6487747883002255	0.0013151454169516795
7.235	-6.636023240249197	0.0012217623104225663
7.245	-6.623324335303725	0.0014630020022894424
7.255	-6.610687369361326	0.001330709268039865
7.265	-6.5981216677353	0.0014007465979367002
7.275	-6.585636579385672	0.0015174754810980918
7.285	-6.573241471113246	0.0015330393321862773
7.295	-6.560945721720402	0.0015019116300099063
7.305	-6.548758716142288	0.001478565853377628
7.315	-6.536689839552029	0.0014863477789217208
7.325	-6.524748471443713	0.0014941297044658134
7.335	-6.51294397969681	0.001579730885450834
7.345	-6.501285714625779	0.0016030766620831124
7.355	-6.489783003018629	0.0018832259816704525
7.365	-6.478445142168168	0.0016264224387153908
7.375	-6.46728139389973	0.0015408212577303702
7.385	-6.4563009785991685	0.001470783927833535
7.395	-6.445513069244908	0.0016575501408917618
7.405	-6.434926785447841	0.0015019116300099063
7.415	-6.424551187502882	0.001688677843068133
7.425	-6.414395270455968	0.0016653320664358547
7.435	-6.4044679581903186	0.0015719489599067412
7.445	-6.394778097535724	0.0017042416941563186
7.455	-6.385334452404674	0.0016419862898035763
7.465	-6.376145697959073	0.0018365344284058957
7.475	-6.367220414811332	0.0017742790240531535
7.485	-6.3585670832635675	0.0018209705773177102
7.495	-6.350194077588653	0.0016575501408917618
7.505	-6.3421096603568206	0.0017120236197004112
7.515	-6.334321976811507	0.0017120236197004112
7.525	-6.326839049298137	0.0018910079072145451
7.535	-6.3196687717494315	0.0016731139919799473
7.545	-6.312818904230907	0.0018131886517736174
7.555	-6.3062970675501155	0.0016808959175240402
7.565	-6.300110737933168	0.0019843910137436584
7.575	-6.294267241772092	0.0016497682153476692
7.585	-6.288773750446433	0.001867662130582267
7.595	-6.283637275222601	0.0020544283436404937
7.605	-6.278864662234298	0.0018365344284058957
7.615	-6.274462587547417	0.0019221356093909164
7.625	-6.27043755231267	0.001828752502861803
7.635	-6.266795878009233	0.0017976248006854319
7.645	-6.263543701782585	0.0018054067262295247
7.655	-6.26068697187969	0.0017976248006854319
7.665	-6.258231443184632	0.0017353693963326896
7.675	-6.256182672857703	0.0018598802050381741
7.685	-6.254546016080951	0.002147811450169607
7.695	-6.253326621913086	0.002007736790375937
7.705	-6.2525294292566	0.0016653320664358547
7.715	-6.252159162939879	0.0019454813860231947
7.725	-6.252220329917033	0.0019610452371113802
7.735	-6.2527172155881	0.0020933379713609576
7.745	-6.253653880242184	0.002031082567008215
7.755	-6.255034155626064	0.002046646418096401
7.765	-6.256861641640676	0.001758715172964968
7.775	-6.259139703167854	0.002007736790375937
7.785	-6.261871467029587	0.0019843910137436584
7.795	-6.265059819082035	0.002108901822449143
7.805	-6.268707401446372	0.0019921729392877513
7.815	-6.272816609878545	0.002069992194728679
7.825	-6.277389591279884	0.001929917534935009
7.835	-6.282428241350452	0.0018832259816704525
7.845	-6.287934202386906	0.0019532633115672874
7.855	-6.293908861226599	0.0018209705773177102
7.865	-6.300353347339503	0.0016497682153476692
7.875	-6.307268531069514	0.001828752502861803
7.885	-6.314655022026557	0.0018910079072145451
7.895	-6.3225131676308335	0.0017353693963326896
7.905	-6.3308430518104695	0.0019376994604791019
7.915	-6.339644493853738	0.0018365344284058957
7.925	-6.348917047416886	0.001758715172964968
7.935	-6.358659999688578	0.001727587470788597
7.945	-6.368872370711819	0.0017742790240531535
7.955	-6.379552912864098	0.0016342043642594835
7.965	-6.390700110496526	0.0018443163539499886
7.975	-6.4023121797324505	0.001610858587627205
7.985	-6.414387068426116	0.0016030766620831124
7.995	-6.4269224562817096	0.0015408212577303702
8.005	-6.439915755133132	0.0015563851088185557
8.015	-6.453364109384628	0.0015174754810980918
8.025	-6.467264396612437	0.0015330393321862773
8.035	-6.481613228327406	0.0016342043642594835
8.045	-6.496406950898479	0.001548603183274463
8.055	-6.511641646636892	0.0014630020022894424
8.065	-6.527313135040702	0.0015563851088185557
8.075	-6.543416974199324	0.0015174754810980918
8.085	-6.559948462357512	0.001548603183274463
8.095	-6.5769026396382335	0.0013851827468485147
8.105	-6.5942742899237015	0.001408528523480793
8.115	-6.612057942893791	0.001050559948452525
8.125	-6.6302478762209365	0.0013929646723926073
8.135	-6.648838117920516	0.0010972515017170818
8.145	-6.667822448855616	0.0012762357892312157
8.155	-6.687194405395049	0.0013540550446721434
8.165	-6.706947282223269	0.0010661237995407107
8.175	-6.727074135300821	0.001190634608246195
8.185	-6.747567784973927	0.0012295442359666591
8.195	-6.768420819231528	0.0010427780229084324
8.205	-6.78962559710822	0.0012139803848784734
8.215	-6.811174252231256	0.0010427780229084324
8.225	-6.833058696509848	0.0009805226185556901
8.235	-6.855270623964757	0.0010816876506288963
8.245	-6.877801514696229	0.001019432246276154
8.255	-6.9006426389881135	0.0009104852886588551
8.265	-6.923785061545947	0.0010739057250848034
8.275	-6.947219645866849	0.001019432246276154
8.285	-6.970937058738684	0.0012295442359666591
8.295	-6.994927774866192	0.0008326660332179274
8.305	-7.019182081621466	0.000739282926688814
8.315	-7.043690083916234	0.0009338310652911335
8.325	-7.068441709193206	0.0008171021821297417
8.335	-7.0934267125337485	0.0008871395120265767
8.345	-7.118634681879038	0.0008871395120265767
8.355	-7.144055043361823	0.0008248841076738346
8.365	-7.169677066745732	0.0008560118098502056
8.375	-7.195489870969125	0.0007159371500565356
8.385	-7.221482429790391	0.0008015383310415562
8.395	-7.247643577531438	0.0006614636712478862
8.405	-7.2739620149161635	0.0007548467777769996
8.415	-7.3004263150006095	0.0008171021821297417
8.425	-7.327024929191362	0.0006303359690715151
8.435	-7.353746193348817	0.0006848094478801646
8.445	-7.3805783339718385	0.0007081552245124428
8.455	-7.407509474460173	0.0006536817457037935
8.465	-7.434527641451114	0.0006147721179833296
8.475	-7.461620771226738	0.0006225540435274223
8.485	-7.488776716188012	0.0006458998201597006
8.495	-7.515983251392013	0.000599208266895144
8.505	-7.543228081148552	0.0005447347880864946
8.515	-7.570498845672227	0.0005602986391746801
8.525	-7.597783127786271	0.00039687820274873173
8.535	-7.625068459674017	0.00046691553264556674
8.545	-7.65234232967429	0.0004746974581896595
8.555	-7.6795921891166	0.00042022397938101005
8.565	-7.706805459192217	0.0004746974581896595
8.575	-7.7339695378570745	0.0004046601282928245
8.585	-7.761071806762471	0.00044356975601328837
8.595	-7.788099638209462	0.0003890962772046389
8.605	-7.815040402122913	0.00039687820274873173
8.615	-7.841881473041076	0.00038131435166054617
8.625	-7.86861023711651	0.00038131435166054617
8.635	-7.89521409912434	0.00038131435166054617
8.645	-7.9216804894735855	0.00039687820274873173
8.655	-7.947996871217476	0.00038131435166054617
8.665	-7.974150747058592	0.00035018664948417504
8.675	-8.000129666344654	0.0004513516815573812
8.685	-8.025921232050791	0.0003424047239400823
8.695	-8.051513107744208	0.0002879312451314328
8.705	-8.07689302452701	0.00030349509621961835
8.715	-8.102048787953096	0.0002490216174109689
8.725	-8.12696828491498	0.0003657505005723606
8.735	-8.151639490496434	0.00023345776632278337
8.745	-8.17605047478683	0.0002879312451314328
8.755	-8.200189409653124	0.0002957131706755256
8.765	-8.224044575465372	0.0002256758407786906
8.775	-8.247604367771848	0.00028014931958734004
8.785	-8.270857303919595	0.00023345776632278337
8.795	-8.293792029616547	0.0002490216174109689
8.805	-8.316397325431238	0.00018676621305822668
8.815	-8.33866211322613	0.0002723673940432473
8.825	-8.360575462520746	0.00018676621305822668
8.835	-8.382126596780706	0.00028014931958734004
8.845	-8.403304899628871	0.0003346227983959895
8.855	-8.424099920974852	0.0002723673940432473
8.865	-8.444501383059142	0.00023345776632278337
8.875	-8.4644991864082	0.00023345776632278337
8.885	-8.484083415696867	0.00019454813860231946
8.895	-8.503244345514547	0.00019454813860231946
8.905	-8.521972446031638	0.00024123969186687613
8.915	-8.540258388562721	0.00017120236197004114
8.925	-8.558093051023164	0.00016342043642594836
8.935	-8.575467523275721	0.0001478565853377628
8.945	-8.592373112363932	0.00016342043642594836
8.955	-8.608801347629012	0.00021011198969050503
8.965	-8.62474398570718	0.00013229273424957724
8.975	-8.640193015404277	0.00016342043642594836
8.985	-8.65514066244466	0.00017120236197004114
8.995	-8.669579394091517	0.00024123969186687613
9.005	-8.683501923635616	0.0001478565853377628
9.015	-8.696901214749822	0.00015563851088185558
9.025	-8.709770485706573	0.00017120236197004114
9.035	-8.722103213455755	8.560118098502057e-5
9.045	-8.73389313756038	0.0002178939152345978
9.055	-8.74513426398763	0.0001478565853377628
9.065	-8.755820868752878	8.560118098502057e-5
9.075	-8.765947501414356	0.00020233006414641224
9.085	-8.775508988416341	0.00015563851088185558
9.095	-8.784500436278623	0.00017120236197004114
9.105	-8.79291723463035	0.00010116503207320612
9.115	-8.800755059086192	0.0001478565853377628
9.125	-8.80800987396308	0.0001789842875141339
9.135	-8.814677934835688	0.00013229273424957724
9.145	-8.820755790929038	0.00012451080870548445
9.155	-8.826240287346668	0.0001789842875141339
9.165	-8.831128567132877	0.00010116503207320612
9.175	-8.835418073167686	0.00014007465979367002
9.185	-8.839106549893257	0.00011672888316139169
9.195	-8.842192044870593	0.00021011198969050503
9.205	-8.84467291016544	0.00014007465979367002
9.215	-8.846547803562432	0.00013229273424957724
9.225	-8.847815689606618	0.0001789842875141339
9.235	-8.848475840471597	0.00015563851088185558
9.245	-8.8485278366536	0.00017120236197004114
9.255	-8.847971567490973	0.00012451080870548445
9.265	-8.846807231508572	0.00014007465979367002
9.275	-8.845035336586786	0.00018676621305822668
9.285	-8.842656699954855	0.00016342043642594836
9.295	-8.839672448008418	0.00013229273424957724
9.305	-8.83608401595121	0.0001789842875141339
9.315	-8.831893147260988	0.00016342043642594836
9.325	-8.827101892979867	7.781925544092779e-5
9.335	-8.821712610829316	0.00012451080870548445
9.345	-8.81572796415024	0.0001478565853377628
9.355	-8.80915092066858	0.0001478565853377628
9.365	-8.801984751087083	0.00013229273424957724
9.375	-8.79423302750387	0.0002178939152345978
9.385	-8.785899621658658	0.00012451080870548445
9.395	-8.776988703007493	0.00017120236197004114
9.405	-8.767504736627037	0.00016342043642594836
9.415	-8.757452480949476	0.00010116503207320612
9.425	-8.746836985329281	0.00014007465979367002
9.435	-8.735663587443126	0.0001089469576172989
9.445	-8.72393791052436	0.00024123969186687613
9.455	-8.711665860433548	0.00019454813860231946
9.465	-8.698853622566705	0.00012451080870548445
9.475	-8.685507658602877	0.00023345776632278337
9.485	-8.671634703092911	0.00018676621305822668
9.495	-8.657241759891305	0.00015563851088185558
9.505	-8.642336098433105	0.00023345776632278337
9.515	-8.626925249857951	0.00015563851088185558
9.525	-8.611017002983425	0.00018676621305822668
9.535	-8.594619400130002	0.0002256758407786906
9.545	-8.577740732799908	0.0001789842875141339
9.555	-8.56038953721238	0.00017120236197004114
9.565	-8.542574589697821	0.00017120236197004114
9.575	-8.524304901953458	0.00012451080870548445
9.585	-8.505589716163232	0.0001789842875141339
9.595	-8.4864384999847	0.00019454813860231946
9.605	-8.466860941405734	0.0001789842875141339
9.615	-8.446866943474069	0.00021011198969050503
9.625	-8.426466618902623	0.00023345776632278337
9.635	-8.405670284553722	0.00019454813860231946
9.645	-8.38448845580538	0.00023345776632278337
9.655	-8.362931840802881	0.0002490216174109689
9.665	-8.341011334598928	0.0002178939152345978
9.675	-8.318738013185781	0.0002879312451314328
9.685	-8.296123127422812	0.00021011198969050503
9.695	-8.273178096862901	0.0002723673940432473
9.705	-8.249914503481362	0.00023345776632278337
9.715	-8.226344085310899	0.0003346227983959895
9.725	-8.202478729986359	0.0003579685750282678
9.735	-8.178330468202937	0.0002490216174109689
9.745	-8.153911467091689	0.00026458546849915447
9.755	-8.129234023516133	0.0003346227983959895
9.765	-8.104310557293857	0.0003346227983959895
9.775	-8.079153604347008	0.00026458546849915447
9.785	-8.053775809785712	0.0003190589473078039
9.795	-8.028189920928401	0.0004046601282928245
9.805	-8.002408780263032	0.0002957131706755256
9.815	-7.976445318353422	0.00037353242611645336
9.825	-7.950312546694688	0.00035018664948417504
9.835	-7.92402355052202	0.0003890962772046389
9.845	-7.897591481576955	0.00037353242611645336
9.855	-7.871029550835328	0.00046691553264556674
9.865	-7.844351021201154	0.00031127702176371116
9.875	-7.817569200170706	0.0004046601282928245
9.885	-7.790697432471035	0.0004046601282928245
9.895	-7.763749092677205	0.0003657505005723606
9.905	-7.736737577812588	0.00042022397938101005
9.915	-7.70967629993649	0.0004357878304691956
9.925	-7.682578678723425	0.0003890962772046389
9.935	-7.655458134038414	0.0004280059049251028
9.945	-7.628328078512524	0.00042022397938101005
9.955	-7.601201910123131	0.0006303359690715151
9.965	-7.574093004783067	0.0005136070859101234
9.975	-Inf	0.0
9.985	-Inf	0.0
9.995	-Inf	0.0
