0.005	-Inf	0.0
0.015	-Inf	0.0
0.025	-Inf	0.0
0.035	-Inf	0.0
0.045	-Inf	0.0
0.055	-Inf	0.0
0.065	-Inf	0.0
0.075	-Inf	0.0
0.085	-Inf	0.0
0.095	-Inf	0.0
0.105	-Inf	0.0
0.115	-Inf	0.0
0.125	-Inf	0.0
0.135	-Inf	0.0
0.145	-Inf	0.0
0.155	-Inf	0.0
0.165	-Inf	0.0
0.175	0.7027592887796915	0.44226338805382404
0.185	0.69999550806471	0.4657253626011992
0.195	0.697696059227331	0.4524957029445295
0.205	0.6958625017693145	0.47120326855278893
0.215	0.6944961115518614	0.4736838297384145
0.225	0.6935978808951109	0.4520822760802586
0.235	0.6931685188515133	0.45745682531578064
0.245	0.6932084516525506	0.45911053277286434
0.255	0.6937178233281796	0.44546744625192375
0.265	0.6946964964982558	0.45952395963713527
0.275	0.6961440533350849	0.4594206029210675
0.285	0.6980597966961624	0.46830928050289244
0.295	0.7004427514260386	0.4577668954639838
0.305	0.7032916658261459	0.46438172529231864
0.315	0.7066050132913284	0.4748207536151596
0.325	0.710380994111711	0.47109991183672123
0.335	0.7146175374384267	0.47285697600987264
0.345	0.7193123034116521	0.4577668954639838
0.355	0.7244626854492667	0.4635548715637768
0.365	0.7300658126943846	0.459627316353203
0.375	0.7361185526198817	0.4615910939584899
0.385	0.7426175137879756	0.4720301222813308
0.395	0.7495590487627927	0.46014409993354166
0.405	0.7569392571737836	0.48484635507372953
0.415	0.7647539889277535	0.48060872971495255
0.425	0.7729988475671689	0.4764744610722433
0.435	0.7816691937723417	0.4791617356900043
0.445	0.7907601490049752	0.4804020162828171
0.455	0.8002665992904965	0.4921846819145385
0.465	0.8101831991364961	0.48877391028430334
0.475	0.820504375584532	0.4893940505807097
0.485	0.8312243323924636	0.4970424475697219
0.495	0.8423370543444038	0.4814355834434944
0.505	0.8538363116853114	0.49797265801433144
0.515	0.865715664677166	0.5031404938177181
0.525	0.8779684682735831	0.4934249625073513
0.535	0.890587876909688	0.511615744535272
0.545	0.9035668494039677	0.49828272816253466
0.555	0.9168981539687746	0.5225715564384517
0.565	0.9305743733260843	0.5117191012513398
0.575	0.944587909925047	0.5395220578735597
0.585	0.9589309912578253	0.5095486102139174
0.595	0.9735956752701376	0.505104271423005
0.605	0.9885738558628836	0.510478820658527
0.615	1.003857268481176	0.5420026190591852
0.625	1.019437495787046	0.5404522683181692
0.635	1.0353059734120547	0.5122358848316785
0.645	1.0514539957859832	0.5352844325147826
0.655	1.067872722037748	0.5468603847143686
0.665	1.084553181964632	0.5323904444648861
0.675	1.1014862820659048	0.5430361862198625
0.685	1.1186628116368533	0.5478939518750459
0.695	1.1360734489192121	0.5549222085676516
0.705	1.1537087673039792	0.5627773189887992
0.715	1.171559241582533	0.5654645936065603
0.725	1.189615254241991	0.558229623481819
0.735	1.2078671018006812	0.5960581815626089
0.745	1.2263050011796197	0.5633974592852057
0.755	1.2449190961058452	0.6017428009463341
0.765	1.2636994635434593	0.5622605354084605
0.775	1.2826361201482015	0.5741465577562498
0.785	1.3017190287413976	0.5731129905955724
0.795	1.3209381047990911	0.587893000993258
0.805	1.340283222952181	0.5917171994877641
0.815	1.3597442234933852	0.6056703561569079
0.825	1.3793109188868535	0.6132153964298523
0.835	1.398973100276238	0.6259282725061833
0.845	1.4187205439870867	0.6155926008994101
0.855	1.43854301801937	0.6101146949478203
0.865	1.4584302885260272	0.6178664486529003
0.875	1.4783721262733804	0.5995723099089117
0.885	1.4983583130793285	0.6284088336918089
0.895	1.518378648225221	0.6155926008994101
0.905	1.5384229548373505	0.6174530217886294
0.915	1.5584810862340301	0.6192100859617807
0.925	1.5785429322342375	0.6168328814922229
0.935	1.598598425423863	0.6315095351738409
0.945	1.6186375473755952	0.6171429516404261
0.955	1.638650334818564	0.6111482621084977
0.965	1.6586268857538404	0.6209671501349322
0.975	1.678557365511996	0.6140422501583942
0.985	1.6984320127489114	0.613732180010191
0.995	1.7182411453761122	0.6021562278106051
1.005	1.737975166421934	0.5941977606733897
1.015	1.757624569819881	0.6123885427013105
1.025	1.77717994612058	0.6064972098854498
1.035	1.796631988123817	0.6056703561569079
1.045	1.8159714964271645	0.5980219591678958
1.055	1.8351893848877912	0.6054636427247725
1.065	1.854276685994099	0.606807280033653
1.075	1.8732245561439025	0.5818983114613296
1.085	1.892024280825913	0.6171429516404261
1.095	1.9106672797013897	0.5927507666484415
1.105	1.929145111582852	0.5858258666719034
1.115	1.9474494793068529	0.5841721592148197
1.125	1.9655722344978575	0.5921306263520351
1.135	1.9835053822203745	0.5803479607203137
1.145	2.0012410855165377	0.5947145442537284
1.155	2.018771669826432	0.5672216577797117
1.165	2.036089627288543	0.5829318786220069
1.175	2.053187620917752	0.5763170487936721
1.185	2.0700584886584528	0.6042233621319597
1.195	2.0866952473103724	0.5885131412896645
1.205	2.103091096324824	0.6024662979588082
1.215	2.119239421469179	0.6120784725531073
1.225	2.1351337983574394	0.6182798755171712
1.235	2.1507679958448915	0.6140422501583942
1.245	2.1661359792848964	0.6216906471474063
1.255	2.1812319136459832	0.6268584829507929
1.265	2.196050166487499	0.6115616889727686
1.275	2.21058531079214	0.6111482621084977
1.285	2.2248321276538503	0.638021008286108
1.295	2.2387856088195806	0.639157932162853
1.305	2.252440959083571	0.6413284232002754
1.315	2.265793598532893	0.626445056086522
1.325	2.2788391646430775	0.6414317799163431
1.335	2.291573514222751	0.6472197560161361
1.345	2.3039927252063572	0.6509405977945745
1.355	2.3160930982940444	0.6444291246823073
1.365	2.327871158437995	0.6623098365620249
1.375	2.3393236561745274	0.6679944559457501
1.385	2.3504475688013935	0.667684385797547
1.395	2.361240101399832	0.6792603379971329
1.405	2.3716986877010315	0.6685112395260888
1.415	2.3818209907967183	0.6748159992062205
1.425	2.391604903693743	0.6627232634262958
1.435	2.401048549712631	0.6768831335275751
1.445	2.410150282730112	0.6679944559457501
1.455	2.4189086872658283	0.6829811797755713
1.465	2.4273225784134596	0.6829811797755713
1.475	2.4353910016166216	0.6903195066163802
1.485	2.4431132322900266	0.6935235648144799
1.495	2.4504887752864457	0.7053062304462013
1.505	2.457517364210152	0.6795704081453361
1.515	2.464198960577595	0.6968309797286473
1.525	2.4705337528262064	0.6922832842216671
1.535	2.476522155172254	0.6800871917256748
1.545	2.482164806318837	0.720809737856361
1.555	2.4874625680151823	0.7151251184726358
1.565	2.4924165234684796	0.7253574333633412
1.575	2.497027975609623	0.7021021722481017
1.585	2.501298445214295	0.6918698573573961
1.595	2.5052296688809506	0.7070632946193528
1.605	2.5088235968672996	0.6992081841982052
1.615	2.5120823907870546	0.7115076334102652
1.625	2.5150084211687225	0.7348662512415726
1.635	2.5176042648783525	0.7206030244242256
1.645	2.5198727024082537	0.7286648482775087
1.655	2.5218167150337156	0.7102673528174525
1.665	2.5234394818399295	0.7256675035115444
1.675	2.524744376621337	0.7180191065225323
1.685	2.5257349646557437	0.6994148976303406
1.695	2.526414999355577	0.7122311304227393
1.705	2.5267884187988177	0.712747914003078
1.715	2.52685934214212	0.7147116916083649
1.725	2.5266320659187813	0.7155385453369068
1.735	2.526111060224274	0.6964175528643763
1.745	2.5253009647921028	0.7165721124975841
1.755	2.5242065849628457	0.7034458095569821
1.765	2.5228328875493036	0.7249440064990703
1.775	2.5211849966007325	0.7201895975599547
1.785	2.519268189069204	0.7025155991123726
1.795	2.5170878903812026	0.7123344871388071
1.805	2.514649669917643	0.7007585349392211
1.815	2.5119592364054997	0.7126445572870103
1.825	2.50902243322436	0.6997249677785438
1.835	2.5058452336312182	0.7033424528409145
1.845	2.502433735906894	0.7164687557815164
1.855	2.498794158427506	0.7024122423963048
1.865	2.494932834664489	0.7120244169906039
1.875	2.4908562081166576	0.6970376931607828
1.885	2.4865708271778972	0.6940403483948185
1.895	2.4820833399440754	0.692696711085938
1.905	2.4774004889628047	0.7017921020998984
1.915	2.4725291059297465	0.7035491662730499
1.925	2.4674761063351496	0.6864953081218741
1.935	2.4622484840643537	0.6882523722950256
1.945	2.4568533059560282	0.6853583842451291
1.955	2.451297706321922	0.6925933543698704
1.965	2.445588881431939	0.6929034245180735
1.975	2.4397340839683554	0.6792603379971329
1.985	2.433740617453032	0.6901127931842448
1.995	2.427615830651468	0.6808106887381489
2.005	2.4213671119575686	0.6760562797990333
2.015	2.415001883763013	0.6762629932311687
2.025	2.4085275968150857	0.671922011156324
2.035	2.4019517245668767	0.6710951574277821
2.045	2.39528175752374	0.6789502678489298
2.055	2.3885251975898805	0.6588990649317897
2.065	2.3816895524189734	0.6465996157197297
2.075	2.3747823297726844	0.6430854873734269
2.085	2.3678110318909606	0.6524909485355904
2.095	2.3607831498779452	0.6670642455011405
2.105	2.3537061581073786	0.6570386440425706
2.115	2.346587508651274	0.6462895455715265
2.125	2.3394346257357292	0.6638601873030409
2.135	2.332254900227608	0.6660306783404633
2.145	2.3250556841558874	0.6501137440660326
2.155	2.317844285271396	0.6302692545810281
2.165	2.310627961648647	0.6185899456653744
2.175	2.3034139163334526	0.634920306804076
2.185	2.296209292039939	0.6386411485825143
2.195	2.2890211659006017	0.6288222605560798
2.205	2.281856544272929	0.6169362382082907
2.215	2.274722357606148	0.6168328814922229
2.225	2.2676254553715736	0.6334733127791278
2.235	2.2605726010599745	0.6027763681070114
2.245	2.2535704672493724	0.5948179009697961
2.255	2.2466256307466037	0.607220706897924
2.265	2.2397445678059236	0.621070506851
2.275	2.232933649427898	0.598332029316099
2.285	2.2261991367417497	0.5855157965237002
2.295	2.2195471764742845	0.5784875398310945
2.305	2.2129837965084453	0.5952313278340671
2.315	2.2065149015345047	0.5803479607203137
2.325	2.200146268796802	0.5693921488171341
2.335	2.193883543938913	0.584068802498752
2.345	2.187732236950036	0.5945078308215929
2.355	2.181697718215318	0.5952313278340671
2.365	2.175785214672776	0.5829318786220069
2.375	2.169999806079402	0.5842755159308874
2.385	2.1643464213889425	0.5724928502991661
2.395	2.158829835243784	0.5705290726938791
2.405	2.1534546645833057	0.5892366383021386
2.415	2.1482253653709478	0.575180124916927
2.425	2.143146229442197	0.5448966071090817
2.435	2.138221381475593	0.587893000993258
2.445	2.1334547760887683	0.5715626398545565
2.455	2.1288501950614607	0.5504778697767392
2.465	2.1244112446873453	0.5703223592617437
2.475	2.1201413532564506	0.5587464070621577
2.485	2.116043768669814	0.5500644429124683
2.495	2.112121556187973	0.5595732607906996
2.505	2.1083775963147735	0.5578161966175481
2.515	2.1048145828178852	0.5509946533570779
2.525	2.1014350208873402	0.555955775728329
2.535	2.098241225433291	0.5531651443945002
2.545	2.0952353195241122	0.5525450040980938
2.555	2.0924192329658524	0.5685652950885922
2.565	2.089794701023973	0.5810714577327878
2.575	2.0873632632881867	0.5486174488875201
2.585	2.0851262626811295	0.557092699605074
2.595	2.083084844611497	0.5468603847143686
2.605	2.081239956272176	0.5771439025222139
2.615	2.0795923460838024	0.5449999638251494
2.625	2.078142563284083	0.5469637414304364
2.635	2.076890957663121	0.5468603847143686
2.645	2.075837679444869	0.5699089323974728
2.655	2.0749826793147625	0.5578161966175481
2.665	2.074325708593463	0.5619504652602574
2.675	2.0738663195565463	0.5508912966410101
2.685	2.0736038658998894	0.5760069786454689
2.695	2.0735375033503836	0.5522349339498906
2.705	2.0736661904215223	0.5747666980526561
2.715	2.0739886893133086	0.5894433517342741
2.725	2.0745035669558254	0.5667048741993731
2.735	2.07520919619572	0.5763170487936721
2.745	2.0761037571247556	0.5811748144488555
2.755	2.0771852385494816	0.5815882413131265
2.765	2.078451439600981	0.5923373397841706
2.775	2.079899971483572	0.5843788726469552
2.785	2.0815282593612148	0.5795211069917718
2.795	2.083333544380319	0.5783841831150267
2.805	2.0853128858275256	0.5920272696359673
2.815	2.087463163420953	0.5882030711414613
2.825	2.08978107973332	0.5837587323505488
2.835	2.0922631627452524	0.5959548248465412
2.845	2.0949057685270005	0.5869627905486485
2.855	2.0977050840466878	0.575593551781198
2.865	2.100657130103168	0.6077374904782625
2.875	2.1037577643814416	0.6032931516873501
2.885	2.107002684628511	0.6001924502053182
2.895	2.1103874319474816	0.601432730798131
2.905	2.113907394207627	0.5953346845501347
2.915	2.117557809568064	0.6044300755640951
2.925	2.1213337701125816	0.591407129339561
2.935	2.1252302255931474	0.6071173501818562
2.945	2.129241987279468	0.5913037726234932
2.955	2.1333637319119596	0.5869627905486485
2.965	2.1375900057554107	0.6153858874672747
2.975	2.1419152287505185	0.6088744143550076
2.985	2.1463336987604444	0.6027763681070114
2.995	2.150839595909451	0.621070506851
3.005	2.1554269870106415	0.6203470098385259
3.015	2.1600898300797224	0.6289256172721476
3.025	2.1648219789317045	0.6128019695655814
3.035	2.1696171878573334	0.6089777710710753
3.045	2.174469116376061	0.6138355367262587
3.055	2.179371334062259	0.6166261680600875
3.065	2.1843173254413384	0.6330598859148568
3.075	2.1893004949524117	0.6099079815156849
3.085	2.194314171974062	0.6384344351503789
3.095	2.199351615909756	0.6218973605795418
3.105	2.2044060213293744	0.6432922008055623
3.115	2.209470523163353	0.6301658978649604
3.125	2.2145382019457767	0.6265484128025898
3.135	2.2196020891028674	0.6440156978180364
3.145	2.2246551722831907	0.6254114889258446
3.155	2.229690400725878	0.6455660485590524
3.165	2.234700690663184	0.6262383426543865
3.175	2.2396789307536142	0.632233032186315
3.185	2.244617987541892	0.6381243650021757
3.195	2.249510710941954	0.6295457575685539
3.205	2.2543499397392073	0.6335766694951955
3.215	2.2591285071082208	0.629132330704283
3.225	2.263839246142024	0.6328531724827213
3.235	2.268474995389184	0.6330598859148568
3.245	2.273028604394834	0.6520775216713195
3.255	2.277492939241772	0.6370907978414984
3.265	2.2818608880878224	0.6269618396668607
3.275	2.2861253666955808	0.6505271709303035
3.285	2.2902793239507004	0.6431888440894945
3.295	2.294315747364913	0.6471163993000684
3.305	2.2982276685598984	0.6542480127087419
3.315	2.3020081687282286	0.6366773709772274
3.325	2.3056503840675493	0.6535245156962677
3.335	2.309147511184224	0.6580722112032479
3.345	2.312492812462642	0.6563151470300965
3.355	2.315679621396469	0.6615863395495508
3.365	2.3187013478780854	0.6623098365620249
3.375	2.3215514834424944	0.6850483140969259
3.385	2.3242236064620734	0.660346058956738
3.395	2.326711387288463	0.6660306783404633
3.405	2.329008593338015	0.6671676022172083
3.415	2.3311090941172026	0.6852550275290613
3.425	2.3330068661844736	0.6720253678723916
3.435	2.3346959980450204	0.6832912499237744
3.445	2.3361706949750185	0.6644803275994473
3.455	2.3374252837719327	0.6865986648379419
3.465	2.338454217427498	0.6658239649083277
3.475	2.3392520797200804	0.6737824320455431
3.485	2.3398135897231427	0.6832912499237744
3.495	2.3401336062266056	0.6680978126618179
3.505	2.3402071320679347	0.6646870410315827
3.515	2.3400293183698797	0.6787435544167942
3.525	2.3395954686818117	0.6818442558988262
3.535	2.3389010430216794	0.6692347365385629
3.545	2.337941661815682	0.69579741256797
3.555	2.336713109732809	0.6832912499237744
3.565	2.3352113394114653	0.6787435544167942
3.575	2.333432475075485	0.6896993663199739
3.585	2.331372816036881	0.687322161850416
3.595	2.3290288400827834	0.6723354380205949
3.605	2.326397206744071	0.6933168513823444
3.615	2.323474760443283	0.6805006185899457
3.625	2.3202585335194925	0.6758495663668977
3.635	2.316745749127872	0.6879423021468224
3.645	2.3129338240117985	0.6755394962186946
3.655	2.308820371145392	0.6697515201189016
3.665	2.304403202244513	0.6702683036992403
3.675	2.2996803301442723	0.6783301275525233
3.685	2.2946499710412454	0.6813274723184876
3.695	2.2893105465986463	0.6878389454307546
3.705	2.2836606859128135	0.6708884439956466
3.715	2.277699227339434	0.6938336349626831
3.725	2.2714252201780667	0.6919732140734639
3.735	2.264837926213561	0.7011719618034921
3.745	2.257936821113113	0.6822576827630972
3.755	2.2507215956777693	0.6792603379971329
3.765	2.243192156947282	0.6824643961952326
3.775	2.235348629157329	0.6726455081687981
3.785	2.2271913545482107	0.6947638454072926
3.795	2.218720894024223	0.7010686050874243
3.805	2.2099380276629903	0.7076834349157591
3.815	2.2008437550741995	0.6683045260939533
3.825	2.191439295607198	0.6910430036288543
3.835	2.181726088407082	0.6967276230125796
3.845	2.17170579231896	0.6997249677785438
3.855	2.1613802856402096	0.6748159992062205
3.865	2.1507516657206156	0.6852550275290613
3.875	2.1398222484104163	0.6702683036992403
3.885	2.1285945673563287	0.674195858909814
3.895	2.1170713731457997	0.6857718111094
3.905	2.105255632299765	0.6742992156258818
3.915	2.0931505261143295	0.6601393455246025
3.925	2.080759449351892	0.659209135079993
3.935	2.068086008782304	0.671922011156324
3.945	2.0551340215747973	0.6767797768115074
3.955	2.04190751354147	0.6670642455011405
3.965	2.028410717233256	0.6621031231298895
3.975	2.0146480698893834	0.656108433597961
3.985	2.0006242112414268	0.6579688544871802
3.995	1.98634398117316	0.6505271709303035
4.005	1.9718124172375227	0.6305793247292313
4.015	1.9570347520320743	0.6483566798928811
4.025	1.9420164104344693	0.654971509721216
4.035	1.9267630066995012	0.6540412992766064
4.045	1.911280341419425	0.6450492649787137
4.055	1.8955743983493305	0.649183533621423
4.065	1.8796513410994244	0.629132330704283
4.075	1.8635175096961862	0.6289256172721476
4.085	1.8471794170144415	0.6336800262112632
4.095	1.8306437450824897	0.6194167993939163
4.105	1.8139173412625078	0.6180731620850357
4.115	1.7970072143085436	0.6122851859852427
4.125	1.7799205303044592	0.6181765188011035
4.135	1.7626646084843507	0.601432730798131
4.145	1.7452469169379459	0.6090811277871431
4.155	1.7276750682036481	0.5996756666249795
4.165	1.7099568147519315	0.6241712083330319
4.175	1.692100044361841	0.59099370247529
4.185	1.6741127753935228	0.5932675502287801
4.195	1.656003151959657	0.6098046247996172
4.205	1.6377794389988445	0.5931641935127124
4.215	1.6194500172539714	0.6111482621084977
4.225	1.6010233781587475	0.5754901950651302
4.235	1.5825081186355847	0.5864460069683098
4.245	1.5639129358080974	0.5785908965471622
4.255	1.5452466216315437	0.5954380412662025
4.265	1.5265180574446076	0.5656713070386957
4.275	1.5077362084459618	0.571355926422421
4.285	1.4889101180991102	0.5670149443475763
4.295	1.4700489024690448	0.5579195533336159
4.305	1.4511617444943408	0.5510980100731456
4.315	1.4322578881983232	0.5399354847378306
4.325	1.413346632843012	0.5281528191061091
4.335	1.3944373270295527	0.53859184742895
4.345	1.3755393627489445	0.543242899651998
4.355	1.3566621693868481	0.5181272176475391
4.365	1.3378152076863634	0.5211245624135034
4.375	1.3190079636726129	0.5056210550033436
4.385	1.300249942543075	0.5096519669299852
4.395	1.2815506625276218	0.5200909952528261
4.405	1.2629196487221805	0.5086183997693078
4.415	1.2443664269000774	0.5097553236460529
4.425	1.2259005173050133	0.5047942012748018
4.435	1.2075314284297356	0.5085150430532401
4.445	1.1892686507844636	0.480815443147088
4.455	1.1711216506590822	0.4798852327024784
4.465	1.1530998638832177	0.4971458042857896
4.475	1.1352126895882484	0.4934249625073513
4.485	1.1174694839753414	0.4684126372189602
4.495	1.099879554093584	0.46241794768703176
4.505	1.0824521516323273	0.4600407432174739
4.515	1.0651964667317797	0.4833993610487813
4.525	1.0481216218159677	0.4700663446760439
4.535	1.0312366654520984	0.4370955522504375
4.545	1.0145505662404013	0.45973067306927073
4.555	0.9980722067384831	0.43533848807728603
4.565	0.9818103774242295	0.43234114331132184
4.575	0.965773770701256	0.4416432477574177
4.585	0.9499709749508979	0.4430902417823659
4.595	0.9344104686347074	0.4335814239041346
4.605	0.9191006144513867	0.4163208523208234
4.615	0.9040496535520853	0.4382324761271825
4.625	0.8892656998178909	0.42944715526142535
4.635	0.8747567342034319	0.4169409926172298
4.645	0.8605305991503175	0.41135972994957226
4.655	0.8465949930742485	0.4122899403941819
4.665	0.8329574649294872	0.4224188985688196
4.675	0.8196254088543586	0.3951327255269384
4.685	0.8066060589014753	0.41291008069058827
4.695	0.7939064838561989	0.40174755535527323
4.705	0.7815335821469408	0.4235558224455646
4.715	0.7694940768507172	0.408775812047879
4.725	0.7577945107974563	0.4077422448872017
4.735	0.7464412417763673	0.4155973553083493
4.745	0.7354404378477162	0.419938337383194
4.755	0.7247980727632307	0.4010240583427991
4.765	0.7145199214983212	0.39213538076097415
4.775	0.7046115558992561	0.38190306587026873
4.785	0.6950783404482992	0.3990602807375122
4.795	0.6859254281498051	0.4167342791850943
4.805	0.6771577565401756	0.4013341284910023
4.815	0.6687800438244956	0.40278112251595055
4.825	0.6607967851426149	0.3820064225863365
4.835	0.6532122489673207	0.38851789569860357
4.845	0.6460304736372264	0.3917219538967032
4.855	0.6392552640268501	0.3924454509091774
4.865	0.6328901883563502	0.39110181360029683
4.875	0.6269385751432265	0.4019542687874087
4.885	0.6214035102982398	0.38924139271107766
4.895	0.6162878343677562	0.38758768525399395
4.905	0.6115941399245283	0.37962921811677863
4.915	0.6073247691089588	0.3961662926876157
4.925	0.6034818113226937	0.37735537036328853
4.935	0.6000671010763605	0.3850037673523007
4.945	0.597082215993159	0.3893447494271454
4.955	0.5945284749698867	0.3831433464630815
4.965	0.5924069364969309	0.38355677332735244
4.975	0.5907183971386246	0.3820064225863365
4.985	0.5894633901752739	0.38190306587026873
4.995	0.5886421844080594	0.3978200001446994
5.005	0.5882547831279352	0.3866574748093844
5.015	0.5883009232495147	0.3786990076721691
5.025	0.5887800746108447	0.3859339777969103
5.035	0.5896914394398689	0.37735537036328853
5.045	0.5910339519882719	0.3784922942400336
5.055	0.5928062783332833	0.3758050196222726
5.065	0.5950068163479381	0.3850037673523007
5.075	0.5976336958401494	0.3900682464396195
5.085	0.6006847788608799	0.37952586140071093
5.095	0.6041576601815544	0.37735537036328853
5.105	0.6080496679407934	0.38810446883433264
5.115	0.6123578644603888	0.39668307626795435
5.125	0.6170790472303804	0.38583062108084254
5.135	0.6222097500629646	0.3883111822664681
5.145	0.6277462444148385	0.39999049118212177
5.155	0.6336845408775446	0.39151524046456776
5.165	0.6400203908351794	0.40288447923201826
5.175	0.6467492882887949	0.38169635243813327
5.185	0.6538664718466942	0.39037831658782274
5.195	0.6613669268797114	0.3935823747859224
5.205	0.6692453878404412	0.3922387374770419
5.215	0.6774963407453426	0.39606293597154796
5.225	0.6861140258184599	0.4075355314550662
5.235	0.6950924402954342	0.4037113329605601
5.245	0.7044253413864181	0.4076388881711339
5.255	0.7141062493963006	0.38913803599500996
5.265	0.7241284510006509	0.3955461523912093
5.275	0.7344850026756482	0.4070187478747275
5.285	0.7451687342801382	0.40805231503540484
5.295	0.7561722527878978	0.4013341284910023
5.305	0.7674879461680978	0.4048482568373052
5.315	0.7791079874118022	0.4267598806436643
5.325	0.7910243387022983	0.4025744090838151
5.335	0.8032287557269732	0.41642420903689115
5.345	0.8157127921282732	0.4133235075548592
5.355	0.8284678040912867	0.4093959523442854
5.365	0.8414849550653649	0.4296538686935608
5.375	0.8547552206170799	0.42489945975444515
5.385	0.868269393411774	0.42200547170454866
5.395	0.8820180883208683	0.424175962741971
5.405	0.8959917476519524	0.43079079257030584
5.415	0.9101806464986953	0.42427931945803876
5.425	0.9245748982074802	0.4325478567434573
5.435	0.9391644599575375	0.419938337383194
5.445	0.9539391384514123	0.43347806718806686
5.455	0.9688885957123943	0.44722451042507516
5.465	0.9840023549855319	0.42665652392759656
5.475	0.9992698067387733	0.4254162433347838
5.485	1.0146802147607208	0.44619094326439784
5.495	1.0302227223513583	0.4528057730927327
5.505	1.0458863586021452	0.44443387909124643
5.515	1.0616600447617555	0.44836143430182024
5.525	1.0775326006836197	0.4456741596840592
5.535	1.093492751351522	0.45797360889611927
5.545	1.109529133479315	0.46272801783523493
5.555	1.125630302180812	0.44939500146249756
5.565	1.141784737705872	0.4679992103546893
5.575	1.1579808522386632	0.4785415953935979
5.585	1.1742069967539839	0.4702730581081794
5.595	1.1904514679275264	0.48743027297542285
5.605	1.2067025150959663	0.493528319223419
5.615	1.2229483472625873	0.5011767162124311
5.625	1.2391771401442901	0.4984894415946701
5.635	1.2553770432556792	0.4986961550268056
5.645	1.271536187025924	0.49724916100185734
5.655	1.2876426899440816	0.5095486102139174
5.665	1.3036846657285504	0.5117191012513398
5.675	1.3196502305162527	0.5094452534978496
5.685	1.335527510067183	0.5179205042154037
5.695	1.3513046469798995	0.5270158952293641
5.705	1.3669698079135715	0.5386952041450178
5.715	1.3825111908121277	0.5349743623665795
5.725	1.3979170321260774	0.5286696026864478
5.735	1.4131756140275813	0.5431395429359303
5.745	1.428275271614298	0.5584363369139546
5.755	1.4432044000976099	0.5463436011340299
5.765	1.4579514619707474	0.5502711563446038
5.775	1.4725049941524084	0.5547154951355162
5.785	1.4868536151014284	0.5510980100731456
5.795	1.500986031898121	0.5739398443241143
5.805	1.5148910472878632	0.5866527204004452
5.815	1.5285575666825544	0.5975051755875571
5.825	1.5419746051155965	0.5935776203769834
5.835	1.5551312941460593	0.6034998651194856
5.845	1.5680168887077057	0.6026730113909438
5.855	1.5806207738986056	0.6223107874438127
5.865	1.5929324717070776	0.6163160979118842
5.875	1.604941647669766	0.6040166486998242
5.885	1.616638117457612	0.6246879919133705
5.895	1.6280118533856442	0.630682681445299
5.905	1.6390529908424352	0.6100113382317527
5.915	1.6497518346351785	0.6353337336683469
5.925	1.660098865246391	0.64339555752163
5.935	1.6700847449982532	0.6448425515465782
5.945	1.6797003241206871	0.6394680023110562
5.955	1.6889366467192988	0.6528010186837936
5.965	1.697784956639419	0.6583822813514512
5.975	1.7062367032224572	0.6556950067336901
5.985	1.7142835469509112	0.6400881426074626
5.995	1.7219173649784023	0.6715085842920531
6.005	1.7291302565412061	0.6935235648144799
6.015	1.7359145482477576	0.6709918007117144
6.025	1.7422627992427495	0.6691313798224952
6.035	1.7481678062424726	0.6805006185899457
6.045	1.7536226084381097	0.7034458095569821
6.055	1.7586204922638362	0.7008618916552889
6.065	1.7631549960265782	0.7008618916552889
6.075	1.767219914394413	0.7061330841747432
6.085	1.7708093027406584	0.6793636947132007
6.095	1.7739174813408063	0.7122311304227393
6.105	1.7765390394194915	0.7137814811637553
6.115	1.77866883904484	0.6871154484182805
6.125	1.7803020188675722	0.7260809303758153
6.135	1.7814339977023759	0.7033424528409145
6.145	1.782060477949115	0.7220500184491738
6.155	1.7821774488515834	0.7321789766238116
6.165	1.781781189591551	0.7299051288703214
6.175	1.780868272215991	0.7267010706722218
6.185	1.779435564395483	0.7113009199781297
6.195	1.7774802320118277	0.7213265214366997
6.205	1.7749997415730938	0.7103707095335202
6.215	1.7719918624543483	0.7374501691432659
6.225	1.7684546689624603	0.7573980153443381
6.235	1.7643865422234821	0.7325924034880825
6.245	1.7597861718912042	0.7465455601572263
6.255	1.7546525576755663	0.7170888960779227
6.265	1.7489850106897527	0.7347628945255048
6.275	1.7427831546149133	0.7251507199312058
6.285	1.7360469266815057	0.7203963109920901
6.295	1.72877657846641	0.7473724138857681
6.305	1.720972676505109	0.7227735154616479
6.315	1.7126361027182306	0.7125412005709425
6.325	1.703768054651988	0.7191560303992773
6.335	1.6943700455320883	0.7162620423493808
6.345	1.6844439041308006	0.7107841363977911
6.355	1.6739917744470043	0.719672813979616
6.365	1.6630161151991796	0.7115076334102652
6.375	1.6515196991313372	0.7001383946428147
6.385	1.6395056121320513	0.6892859394557029
6.395	1.6269772521669217	0.6817408991827585
6.405	1.613938328024768	0.704272663285524
6.415	1.6003928578781086	0.6894926528878383
6.425	1.5863451676585254	0.677296560391846
6.435	1.571799889247632	0.6578654977711125
6.445	1.5567619584844594	0.6800871917256748
6.455	1.5412366129902815	0.6639635440191086
6.465	1.5252293898118476	0.6698548768349694
6.475	1.5087461228842485	0.6493902470535584
6.485	1.4917929403147112	0.6383310784343111
6.495	1.4743762614886655	0.6523875918195227
6.505	1.4565027939996165	0.6344035232237374
6.515	1.4381795304044338	0.6313028217417054
6.525	1.4194137448057655	0.6212772202831354
6.535	1.400212989263386	0.6263416993704543
6.545	1.3805850900364418	0.5945078308215929
6.555	1.36053814365859	0.5988488128964377
6.565	1.3400805128482054	0.5959548248465412
6.575	1.3192208222558564	0.5976085323036249
6.585	1.2979679540513904	0.5977118890196926
6.595	1.2763310433531112	0.5927507666484415
6.605	1.2543194735015286	0.5818983114613296
6.615	1.2319428711803493	0.5604001145192414
6.625	1.2092111013874012	0.5784875398310945
6.635	1.1861342622583535	0.5670149443475763
6.645	1.1627226797461	0.5578161966175481
6.655	1.1389869021588548	0.5351810757987149
6.665	1.1149376945600007	0.5297031698471251
6.675	1.0905860330328783	0.5250521176240772
6.685	1.0659430988138074	0.5284628892543123
6.695	1.041020272296656	0.511615744535272
6.705	1.0158291269123718	0.5077915460407659
6.715	0.990381422886969	0.5166802236225909
6.725	0.9646891008816301	0.49652566398938325
6.735	0.9387642755184236	0.485053068505865
6.745	0.9126192287955233	0.49270146549487714
6.755	0.8862664033956096	0.4764744610722433
6.765	0.8597183958913355	0.4763711043561755
6.775	0.8329879498518313	0.4724435491456017
6.785	0.806087948854193	0.47099655512065347
6.795	0.779031409404006	0.4543561238337487
6.805	0.7518314737689966	0.44184996118955316
6.815	0.7245014027300635	0.43471834778087964
6.825	0.6970545682537661	0.42655316721152886
6.835	0.6695044460906343	0.4338914940523378
6.845	0.6418646083036136	0.4091892389121499
6.855	0.6141487157309311	0.4305840791381704
6.865	0.586370510387887	0.42613974034725793
6.875	0.5585438078118924	0.391825310612771
6.885	0.5306824893553843	0.40123077177493455
6.895	0.5028004944309636	0.39337566135378693
6.905	0.4749118127134617	0.3877943986861294
6.915	0.4470304763034012	0.3755983061901371
6.925	0.4191705518564942	0.386037334512978
6.935	0.39134613268381047	0.38117956885779464
6.945	0.36357133082724014	0.3809728554256592
6.955	0.3358602691149635	0.3530665420873716
6.965	0.30822707320151577	0.35503031969265847
6.975	0.2806858635972438	0.3404570227271083
6.985	0.2532507476918193	0.342110730184192
6.995	0.22593581177647315	0.34655506897510446
7.005	0.1987551130697074	0.3321884854416898
7.015	0.17172267175122835	0.3342556197630444
7.025	0.1448524630087411	0.3205091765260361
7.035	0.11815840910235464	0.3074862303015019
7.045	0.09165437145132271	0.31058693178353386
7.055	0.06535414274772267	0.29983783331248975
7.065	0.039271439101850936	0.30541909598014727
7.075	0.013419892223953234	0.2978740557072028
7.085	-0.012186958353106236	0.29529013780550956
7.095	-0.03753567300557803	0.2950834243733741
7.105	-0.06261291970034177	0.28516117963087184
7.115	-0.08740548162169004	0.27906313338287564
7.125	-0.11190026473884496	0.28433432590233
7.135	-0.13608430530962767	0.27151809310993125
7.145	-0.15994477731589352	0.293946500496629
7.155	-0.1834689998262964	0.26955431550464437
7.165	-0.20664444428190953	0.2644898364173255
7.175	-0.22945874170047165	0.2677972513314929
7.185	-0.2518996897948975	0.25560115883550055
7.195	-0.27395526000178316	0.2530172409338073
7.205	-0.29561360441576556	0.25663472599617787
7.215	-0.3168630626255544	0.2529138842177395
7.225	-0.3376921684475609	0.2481594752786239
7.235	-0.35808965655308533	0.24340506633950823
7.245	-0.37804446898511457	0.2496064693035721
7.255	-0.3975457615608293	0.23110561712744815
7.265	-0.41658291015594906	0.22728141863294207
7.275	-0.43514551686718983	0.2390640842646635
7.285	-0.4532234160491322	0.2348264589058865
7.295	-0.47080668022185646	0.23296603801666732
7.305	-0.48788562584582085	0.2293485529542967
7.315	-0.5044508189605064	0.22045987537247178
7.325	-0.5204930806834334	0.23658352307903793
7.335	-0.5360034925662571	0.2231471499902328
7.345	-0.550973401804725	0.2182893843350494
7.355	-0.565394426299324	0.20826378287647943
7.365	-0.579258459563609	0.22397400371877466
7.375	-0.5925576754772455	0.2260411380401293
7.385	-0.6052845328808831	0.20144223961600913
7.395	-0.617431780010111	0.20681678885153118
7.405	-0.6289924587657865	0.20888392317288582
7.415	-0.6399599088181929	0.20640336198726025
7.425	-0.650327771542524	0.20175230976421232
7.435	-0.6600899937832949	0.19720461425723212
7.445	-0.6692408314454426	0.21415511569234014
7.455	-0.6777748529098919	0.20971077690142767
7.465	-0.6856869422715448	0.20836713959254716
7.475	-0.6929723023977052	0.20412951423377015
7.485	-0.699626457805087	0.1993751052946545
7.495	-0.7056452573536434	0.19978853215892542
7.505	-0.7110248767555771	0.20206237991241552
7.515	-0.7157618208979999	0.19565426351621615
7.525	-0.7198529259777966	0.2023724500606187
7.535	-0.7232953614474069	0.20082209931960274
7.545	-0.7260866317703059	0.19131328144137144
7.555	-0.7282245779850989	0.1945173396394711
7.565	-0.7297073790772637	0.19276027546631969
7.575	-0.7305335531576715	0.2033026605052283
7.585	-0.7307019584471517	0.19503412321980976
7.595	-0.730211794066467	0.20578322169085386
7.605	-0.7290626006311847	0.19286363218238742
7.615	-0.727254260651053	0.2016489530481446
7.625	-0.7247869987336029	0.1951374799358775
7.635	-0.7216613815918027	0.1987549649982481
7.645	-0.7178783178557362	0.19596433366441934
7.655	-0.7134390576883582	0.20661007541939572
7.665	-0.7083451922055257	0.20909063660502128
7.675	-0.702598652700611	0.2075402858640053
7.685	-0.696201709674102	0.20630000527119252
7.695	-0.6891569716687509	0.2137416888280692
7.705	-0.6814673839109071	0.20030531573926408
7.715	-0.6731362267588006	0.20712685899973438
7.725	-0.6641671139586838	0.20857385302468262
7.735	-0.6545639907098018	0.2205632320885395
7.745	-0.6443311315393248	0.223457220138436
7.755	-0.6334731379884564	0.2152920395690852
7.765	-0.6219949361110695	0.22139008581708136
7.775	-0.6099017737863024	0.2169457470261689
7.785	-0.5971992178467007	0.21394840226020467
7.795	-0.583893151023559	0.22841834250968712
7.805	-0.5699897687112401	0.22728141863294207
7.815	-0.5554955755523878	0.22686799176867115
7.825	-0.540417381845995	0.23048547683104176
7.835	-0.5247622997804555	0.23472310218981876
7.845	-0.5085377394937787	0.2433017096234405
7.855	-0.4917514049633205	0.24257821261096638
7.865	-0.4744112897273862	0.244645346932321
7.875	-0.45652567244123743	0.23461974547375103
7.885	-0.43810311227015797	0.2484695454268271
7.895	-0.4191524441221923	0.2574615797247197
7.905	-0.3996827737234443	0.25436087824268777
7.915	-0.37970347253879644	0.25549780211943285
7.925	-0.3592241725410201	0.25322395436594275
7.935	-0.33825476083137973	0.2651099767137319
7.945	-0.3168053741149164	0.2768926423454533
7.955	-0.29488639303359965	0.27544564832050505
7.965	-0.27250843636073263	0.2749288647401664
7.975	-0.24968235506004222	0.295496851237645
7.985	-0.22641922621290544	0.2791664900989434
7.995	-0.20273034681732427	0.27999334382748525
8.005	-0.17862722746229243	0.27782285279006286
8.015	-0.15412158588128744	0.29425657064483224
8.025	-0.12922534038867695	0.2938431437805613
8.035	-0.1039506032029176	0.29435992736089994
8.045	-0.07830967366048669	0.30572916612835044
8.055	-0.05231503132450355	0.31410106012983674
8.065	-0.02597932899218769	0.3194756093653588
8.075	0.0006846143948100458	0.30996679148712747
8.085	0.027663820932994465	0.3273307197865064
8.095	0.05494516102825564	0.32092260339030704
8.105	0.08251536075154164	0.3406637361592438
8.115	0.11036100927455816	0.33580597050406036
8.125	0.13846856638115423	0.32485015860088085
8.135	0.1668243700499754	0.32371323472413577
8.145	0.19541464410387577	0.3604048689281805
8.155	0.2242255059216336	0.3377697481093473
8.165	0.25324297420740915	0.3489322734446623
8.175	0.2824529768133235	0.3515161913463556
8.185	0.31184135861064544	0.3631955002620093
8.195	0.34139388940487647	0.3785956509561013
8.205	0.37109627189011596	0.3734278151527147
8.215	0.4009341496379676	0.38117956885779464
8.225	0.43089311511640604	0.3651592778672962
8.235	0.46095871773374175	0.3932723046377192
8.245	0.49111647190306684	0.3867608315254521
8.255	0.5213518651224059	0.3928588777734483
8.265	0.5516503660657596	0.39957706431785084
8.275	0.581997432680439	0.394512585230532
8.285	0.6123785202857666	0.41973162395105856
8.295	0.64277908966852	0.4030911926641537
8.305	0.6731846151702564	0.42169540155634544
8.315	0.7035805927619081	0.4182846299261103
8.325	0.7339525481007836	0.4264498104954611
8.335	0.7642860445653195	0.4343049209166087
8.345	0.7945666912628668	0.4290337283971544
8.355	0.8247801510058616	0.44836143430182024
8.365	0.8549121482515935	0.44184996118955316
8.375	0.884948477001063	0.4446405925233819
8.385	0.9148750086522519	0.4348217044969474
8.395	0.9446776998031786	0.46252130440309946
8.405	0.974342600000258	0.4633481581316413
8.415	1.0038558594274105	0.46138438052635444
8.425	1.0332037365313977	0.4515654924999199
8.435	1.0623726055789977	0.47730131480078514
8.445	1.0913489641416323	0.48422621477732314
8.455	1.1201194405029784	0.4809187998631557
8.465	1.148670800985391	0.48060872971495255
8.475	1.1769899571908171	0.49952300875534744
8.485	1.2050639731519681	0.5045874878426663
8.495	1.2328800723896705	0.511615744535272
8.505	1.2604256448722733	0.5129593818441526
8.515	1.2876882538730312	0.5244319773276708
8.525	1.3146556427216418	0.5218480594259775
8.535	1.341315741445836	0.5236051235991289
8.545	1.3676566732993767	0.5473771682947073
8.555	1.3936667611725988	0.5302199534274638
8.565	1.4193345338818042	0.5591598339264287
8.575	1.4446487323339487	0.5458268175536912
8.585	1.4695983155630565	0.5553356354319225
8.595	1.4941724666348488	0.5588497637782255
8.605	1.5183605984163189	0.5486174488875201
8.615	1.542152359206885	0.5835520189184134
8.625	1.565537638227878	0.5625706055566638
8.635	1.5885065709673403	0.5706324294099469
8.645	1.6110495443770307	0.604120005415892
8.655	1.6331572019186826	0.5882030711414613
8.665	1.6548204484567144	0.5646377398780185
8.675	1.6760304549946141	0.5889265681539354
8.685	1.6967786632522777	0.5768338323740108
8.695	1.717056790081844	0.6108381919602945
8.705	1.7368568317194863	0.5960581815626089
8.715	1.7561710678707723	0.5997790233410473
8.725	1.774992065627399	0.599468953192844
8.735	1.7933126832131083	0.6064972098854498
8.745	1.8111260735566816	0.6039132919837565
8.755	1.8284256876901357	0.597195105439354
8.765	1.8452052779702048	0.591407129339561
8.775	1.8614589011214382	0.5908903457592223
8.785	1.8771809210991908	0.6074274203300594
8.795	1.8923660117710785	0.6244812784812351
8.805	1.9070091594154213	0.5948179009697961
8.815	1.9211056650354	0.6056703561569079
8.825	1.934651146487748	0.6136288232941233
8.835	1.947641540424856	0.6366773709772274
8.845	1.9600731040493777	0.6318196053220441
8.855	1.9719424166804596	0.6401914993235304
8.865	1.9832463811308674	0.647633182880407
8.875	1.9939822248943562	0.6638601873030409
8.885	2.0041475011428367	0.6537312291284032
8.895	2.013740089532881	0.671922011156324
8.905	2.022758196821333	0.694660488691225
8.915	2.0312003572898485	0.6767797768115074
8.925	2.0390654329782967	0.7092337856567751
8.935	2.046352613727121	0.7341427542290985
8.945	2.053061417028836	0.7459254198608198
8.955	2.059191687688928	0.7203963109920901
8.965	2.064743597296605	0.7485093377625132
8.975	2.069717643505917	0.7388971631682141
8.985	2.074114649127851	0.7575013720604058
8.995	2.077935761034206	0.7477858407500391
9.005	2.081182448874084	0.7632893481601988
9.015	2.083856503603956	0.7641162018887406
9.025	2.085960035832432	0.7850976152504902
9.035	2.0874954739809244	0.7729015227544979
9.045	2.088465562261481	0.7892318838931994
9.055	2.0888733584732475	0.7954332868572633
9.065	2.0887222316190748	0.813313998736981
9.075	2.0880158593438827	0.8004977659445822
9.085	2.086758225196554	0.829127576295344
9.095	2.084953615717182	0.8076293793532557
9.105	2.0826066173516216	0.8169314837993515
9.115	2.0797221131953982	0.8338819852344596
9.125	2.0763052795691337	0.8123837882923713
9.135	2.072361582427722	0.831401424048834
9.145	2.067896773605631	0.8153811330583356
9.155	2.0629168869007417	0.8264403016775829
9.165	2.0574282339993037	0.8547600418801414
9.175	2.0514374002446125	0.828714149431073
9.185	2.0449512402521606	0.8210657524420608
9.195	2.037976873374049	0.8415303822234718
9.205	2.030521679015596	0.8332618449380532
9.215	2.022593291807115	0.8209623957259932
9.225	2.01419959663394	0.8057689584640365
9.235	2.0053487235278755	0.8123837882923713
9.245	1.9960490424232689	0.8070092390568493
9.255	1.986309157781075	0.8002910525124468
9.265	1.9761379030842776	0.8114535778477618
9.275	1.9655443352081232	0.7808599898917132
9.285	1.9545377286687464	0.7829271242130679
9.295	1.9431275697537689	0.7746585869276493
9.305	1.9313235505385575	0.7446851392680071
9.315	1.9191355627918867	0.7628759212959279
9.325	1.906573691774809	0.7587416526532186
9.335	1.8936482099366083	0.7579147989246767
9.345	1.8803695705117542	0.759775219813896
9.355	1.866748401021825	0.7465455601572263
9.365	1.8527954966864661	0.7307319825988633
9.375	1.8385218137474473	0.7119210602745362
9.385	1.8239384627099469	0.7322823333398792
9.395	1.8090567015052494	0.7441683556876685
9.405	1.7938879285790912	0.7084069319282332
9.415	1.7784436759098794	0.7188459602510742
9.425	1.762735601961126	0.6948672021233604
9.435	1.7467754845724073	0.6763663499472364
9.445	1.730575213793202	0.6868053782700774
9.455	1.7141467846640388	0.6727488648848658
9.465	1.6975022899493597	0.6771932036757783
9.475	1.6806539128265334	0.6704750171313757
9.485	1.663613919535498	0.6649971111797859
9.495	1.6463946519935362	0.6533178022641323
9.505	1.629008520379647	0.6598292753763993
9.515	1.611467995693071	0.637607581421837
9.525	1.5937856022904582	0.6260316292222511
9.535	1.575973910406253	0.6204503665545935
9.545	1.558045528660772	0.6246879919133705
9.555	1.5400130965605976	0.6483566798928811
9.565	1.52188927699575	0.632233032186315
9.575	1.5036867487382057	0.6051535725765693
9.585	1.4854181989462927	0.6329565291987891
9.595	1.4670963156795074	0.6017428009463341
9.605	1.448733780428149	0.6282021202596735
9.615	1.4303432606624278	0.6120784725531073
9.625	1.4119374024054	0.5848956562272939
9.635	1.3935288228341989	0.5764204055097398
9.645	1.3751301029140612	0.5864460069683098
9.655	1.3567537800694716	0.5977118890196926
9.665	1.3384123408968374	0.5805546741524491
9.675	1.320118213923045	0.5768338323740108
9.685	1.3018837624142312	0.5685652950885922
9.695	1.2837212772389297	0.5616403951120542
9.705	1.265642969790005	0.5780741129668235
9.715	1.24766096496942	0.5532685011105679
9.725	1.2297872942400574	0.5492375891839264
9.735	1.2120338887486883	0.5372482101200695
9.745	1.1944125725241128	0.5380750638486114
9.755	1.1769350557545297	0.5576094831854127
9.765	1.1596129281480327	0.5505812264928069
9.775	1.142457652380133	0.5615370383959865
9.785	1.1254805576321583	0.5375582802682727
9.795	1.108692833224311	0.5223648430063161
9.805	1.092105522347044	0.5169902937707941
9.815	1.0757295158944356	0.518954071376081
9.825	1.059575546403143	0.5045874878426663
9.835	-Inf	0.0
9.845	-Inf	0.0
9.855	-Inf	0.0
9.865	-Inf	0.0
9.875	-Inf	0.0
9.885	-Inf	0.0
9.895	-Inf	0.0
9.905	-Inf	0.0
9.915	-Inf	0.0
9.925	-Inf	0.0
9.935	-Inf	0.0
9.945	-Inf	0.0
9.955	-Inf	0.0
9.965	-Inf	0.0
9.975	-Inf	0.0
9.985	-Inf	0.0
9.995	-Inf	0.0
