0.005	-Inf	0.0
0.015	-Inf	0.0
0.025	-Inf	0.0
0.035	-Inf	0.0
0.045	-Inf	0.0
0.055	-0.7085256025139606	0.2221233975010247
0.065	-0.6954041493585044	0.22142672192078103
0.075	-0.6818285919887745	0.21852390700309904
0.085	-0.6678051336430519	0.22363286125821932
0.095	-0.6533402436818394	0.2209622715339519
0.105	-0.638440653808173	0.23059961706065607
0.115	-0.6231133541306489	0.21329884015127148
0.125	-0.6073655890715697	0.23292186899480163
0.135	-0.5912048531227124	0.22839347772321775
0.145	-0.5746388864513116	0.22885792811004688
0.155	-0.5576756703589429	0.22688401396602315
0.165	-0.5403234225960842	0.2441847908754077
0.175	-0.5225905925352143	0.23385076976845987
0.185	-0.5044858562054011	0.24499757905235867
0.195	-0.48601811119141647	0.2441847908754077
0.205	-0.4671964714004884	0.23988862479723838
0.215	-0.44803026169989585	0.24836484435686976
0.225	-0.42852901242867536	0.24731983098650423
0.235	-0.4087024537868017	0.2491776325338207
0.245	-0.3885605101052604	0.24673926800296783
0.255	-0.36811329400052295	0.24720371838979696
0.265	-0.3473711004169856	0.26496894568601065
0.275	-0.3263444005610214	0.2685684361839363
0.285	-0.3050438357303399	0.2665945220399126
0.295	-0.28348021104243204	0.27089068811808187
0.305	-0.26166448906592193	0.2724001518752765
0.315	-0.2396077833587231	0.28528865010978444
0.325	-0.21732135191693416	0.2736773904390566
0.335	-0.19481659053848263	0.26938122436088724
0.345	-0.17210502610556067	0.2823858351921025
0.355	-0.14919830978995505	0.2878431272373446
0.365	-0.12610821018541818	0.2978288105541706
0.375	-0.1028466063712695	0.2912103925418557
0.385	-0.07942548091145687	0.29376486966941584
0.395	-0.05585691279335073	0.30340221519612
0.405	-0.03215307031057696	0.30793060646770387
0.415	-0.008326203894223949	0.31118175917550767
0.425	0.01561136110319869	0.31338789851294596
0.435	0.03964723166666051	0.31698738901087165
0.445	0.063768954415938	0.3244185952001375
0.455	0.08796402293692882	0.3302242250355014
0.465	0.11221988514248515	0.3370748682412309
0.475	0.13652395065828438	0.3402099083523274
0.485	0.160863598229241	0.33730709343464543
0.495	0.1852261831419426	0.3551884333275664
0.505	0.2095990446586105	0.35007947907244613
0.515	0.233969513458043	0.3601812749859794
0.525	0.2583249190790302	0.3673802559818307
0.535	0.2826525973617019	0.35948459940573574
0.545	0.3069398978822971	0.38247489355377695
0.555	0.3311741913768236	0.3857260462615808
0.565	0.35534287714911195	0.3902544375331647
0.575	0.37943339045875	0.38595827145499534
0.585	0.40343320988442044	0.41138693013388944
0.595	0.42732986465817435	0.40906467819974385
0.605	0.4511109419661824	0.3968728555454796
0.615	0.47476409421154264	0.4211403882573009
0.625	0.4982770462347379	0.4259010047222993
0.635	0.5216376024873702	0.42555266693217747
0.645	0.5448336541548224	0.44064730450412376
0.655	0.5678531862235352	0.4376283769897345
0.665	0.5906842844886253	0.44889129887034057
0.675	0.6133151424975992	0.4591092073805811
0.685	0.6357340684259722	0.4582964192036301
0.695	0.6579294918806258	0.4722299308085036
0.705	0.6798899706268062	0.4732749441788691
0.715	0.7016041972346916	0.49127239666849737
0.725	0.7230610056415292	0.48651178020349894
0.735	0.7442493776253721	0.5029997689359326
0.745	0.7651584491865261	0.5103148625284911
0.755	0.785777516832858	0.5065992594338582
0.765	0.8060960437651843	0.5096181869482475
0.775	0.8261036659590173	0.5180944065078789
0.785	0.8457901981390226	0.524828937116901
0.795	0.8651456396425894	0.5234355859564137
0.805	0.884160180169008	0.5408524754625055
0.815	0.902824205410798	0.547703118668235
0.825	0.9211283025638264	0.5438714029768947
0.835	0.9390632657129063	0.5629138688368885
0.845	0.9566201010896735	0.5537409736970135
0.855	0.9737900321995907	0.5595466035323774
0.865	0.9905645048150298	0.5812596591166386
0.875	1.0069351918314553	0.5859041629849298
0.885	1.0228939979838296	0.5790535197792003
0.895	1.0384330644204307	0.5965865218819995
0.905	1.0535447731313763	0.593103143980781
0.915	1.0682217512292393	0.5882264149190753
0.925	1.0824568750792156	0.6170223389024805
0.935	1.0962432742764223	0.6170223389024805
0.945	1.1095743354679763	0.6417543220011309
0.955	1.122443706017623	0.6390837322768635
0.965	1.134845297510757	0.6410576464208873
0.975	1.1467732890978048	0.6267757970258919
0.985	1.1582221306740133	0.632581426861256
0.995	1.1691865458938075	0.6379226063097907
1.005	1.179661535017978	0.6511594423344206
1.015	1.189642377592059	0.6546428202356389
1.025	1.1991246349543678	0.6635834901820994
1.035	1.208104152572281	0.6633512649886848
1.045	1.2165770622054266	0.6394320700669853
1.055	1.2245397838945853	0.653017243881737
1.065	1.2319890277751888	0.661725688634783
1.075	1.2389217957144316	0.6437282361451547
1.085	1.2453353827711016	0.6655574043261231
1.095	1.251227378477361	0.6653251791327086
1.105	1.2565956679418073	0.6733369483055108
1.115	1.2614384327732608	0.6662540799063668
1.125	1.2657541518248392	0.6688085570339269
1.135	1.2695416017579793	0.6602162248775884
1.145	1.2727998574261918	0.6537139194619807
1.155	1.2755282920784334	0.6666024176964886
1.165	1.277726577382103	0.6667185302931959
1.175	1.2793946832657679	0.681348717478313
1.185	1.2805328775818545	0.6631190397952703
1.195	1.2811417255896278	0.6796070285277039
1.205	1.2812220892589117	0.6669507554866105
1.215	1.280775126395107	0.6639318279722213
1.225	1.2798022895861711	0.6743819616758764
1.235	1.2783053249723362	0.6691568948240488
1.245	1.2762862708394527	0.6755430876429491
1.255	1.273747456036951	0.6884315858774571
1.265	1.270691498221523	0.6590550989105155
1.275	1.2671213019277303	0.6702019081944143
1.285	1.2630400564668602	0.6655574043261231
1.295	1.2584512336554416	0.6563845091862481
1.305	1.2533585853749556	0.6397804078571072
1.315	1.2477661409643555	0.6391998448735708
1.325	1.2416782044471457	0.6450054747089348
1.335	1.2350993515948359	0.6475599518364948
1.345	1.228034426828708	0.6587067611203937
1.355	1.2204885399619352	0.6364131425525961
1.365	1.2124670627841647	0.6443087991286911
1.375	1.2039756254908123	0.6515077801245424
1.385	1.1950201129593627	0.6431476731616182
1.395	1.1856066608751177	0.6257307836555265
1.405	1.1757416517088655	0.6012310257502905
1.415	1.1654317105490972	0.6150484247584568
1.425	1.1546837007914328	0.5987926612194377
1.435	1.1435047196880337	0.6075011059724836
1.445	1.1319020937598618	0.5809113213265168
1.455	1.1198833740747154	0.5951931707215121
1.465	1.1074563313940695	0.57394456552408
1.475	1.0946289511918157	0.5732478899438364
1.485	1.0814094285480786	0.5831174606639551
1.495	1.0678061629213604	0.5725512143635927
1.505	1.053827752802345	0.5474708934748204
1.515	1.0394829902527498	0.5538570862937208
1.525	1.0247808553326951	0.5590821531455483
1.535	1.0097305104201282	0.5321440307094596
1.545	0.9943412944258874	0.5249450497136083
1.555	0.978622716908085	0.534814620433727
1.565	0.962584452089503	0.5313312425325086
1.575	0.9462363327818069	0.5150754789934896
1.585	0.9295883442203885	0.5107793129153202
1.595	0.9126506178137368	0.5164688301539769
1.605	0.8954334248112654	0.48999515810471733
1.615	0.8779471698935817	0.5065992594338582
1.625	0.8602023846892386	0.4779194480471603
1.635	0.8422097212220181	0.48999515810471733
1.645	0.8239799452928848	0.4732749441788691
1.655	0.8055239298007418	0.4833767400924024
1.665	0.7868526480061822	0.45643861765631366
1.675	0.7679771667424576	0.47826778583728213
1.685	0.7489086395779019	0.4442467950020494
1.695	0.7296582999340949	0.45156188859460794
1.705	0.7102374541640586	0.4582964192036301
1.715	0.6906574745948161	0.4306616211872977
1.725	0.6709297925386436	0.4328677605247361
1.735	0.6510658912773801	0.4242754283683974
1.745	0.6310772990241621	0.429500495220225
1.755	0.6109755818669627	0.4225337394177882
1.765	0.5907723366983362	0.4111547049404749
1.775	0.5704791841357425	0.42404320317498284
1.785	0.5501077614368713	0.39849843189938144
1.795	0.5296697154143478	0.4094130159898657
1.805	0.5091766953542216	0.40198180980059983
1.815	0.4886403459426274	0.3842165825043862
1.825	0.4680723002049936	0.39211223908048115
1.835	0.44748417246217875	0.391647788693652
1.845	0.42688755130787825	0.38932553675950643
1.855	0.40629399261165156	0.37562425034804753
1.865	0.3857150125518809	0.3832876817307279
1.875	0.36516208068297085	0.36041350017939394
1.885	0.3446466130410495	0.38375213211755704
1.895	0.3241799652924263	0.3576267978584193
1.905	0.30377342592901846	0.3551884333275664
1.915	0.28343820951492976	0.3612262883563449
1.925	0.26318544998833515	0.3601812749859794
1.935	0.24302619402277376	0.35391119476378635
1.945	0.22297139445192604	0.3237219196198938
1.955	0.2030319037618999	0.3519372806197626
1.965	0.1832184676550137	0.34438996183378945
1.975	0.16354171868900053	0.3403260209490347
1.985	0.14401216999552763	0.3385843319984255
1.995	0.12464020908185613	0.3222124558626992
2.005	0.10543609171941887	0.33498484150049984
2.015	0.08640993592304103	0.3253474959737957
2.025	0.06757171602445261	0.31466513707672605
2.035	0.04893125684369615	0.3001510624883162
2.045	0.030498227961968438	0.3194257535417245
2.055	0.01228213809935097	0.3071178182907529
2.065	-0.005707670399164533	0.3117623221590441
2.075	-0.02346202696602806	0.305492241936851
2.085	-0.04097193809860222	0.301312188455389
2.095	-0.058228592528588696	0.2979449231508779
2.105	-0.0752233662702736	0.2908620547517339
2.115	-0.09194782754460806	0.3000349498916089
2.125	-0.1083937415761339	0.28807535243075916
2.135	-0.12455307525993109	0.2899331539780756
2.145	-0.14041800169578322	0.2894687035912465
2.155	-0.1559809045868683	0.28819146502746645
2.165	-0.1712343825003919	0.28819146502746645
2.175	-0.18617125298760506	0.2735612778423493
2.185	-0.20078455656082428	0.2697295621510091
2.195	-0.21506756052507836	0.27437406601930026
2.205	-0.22901376266217188	0.2807602588382006
2.215	-0.2426168947649927	0.27274848966539833
2.225	-0.25587092602003025	0.2771607683402749
2.235	-0.26877006623613786	0.27878634469417685
2.245	-0.28130876891769274	0.2696134495543018
2.255	-0.29348173418038626	0.2674073102168635
2.265	-0.30528391150799483	0.27158736369832553
2.275	-0.31671050234857867	0.2722840392785692
2.285	-0.32775696254864894	0.264272270105767
2.295	-0.3384190046239574	0.2718195888917401
2.305	-0.3486925998656643	0.2669428598300344
2.315	-0.35857398028074067	0.25684106391650113
2.325	-0.36805964036557653	0.2607888922045486
2.335	-0.37714633871185166	0.2574216269000375
2.345	-0.38583109944386657	0.2541704741922337
2.355	-0.39411121348659617	0.2619500181716214
2.365	-0.40198423966387575	0.2606727796078413
2.375	-0.40944800562620437	0.25660883872308654
2.385	-0.41650060860778354	0.2459264798260169
2.395	-0.42314041601249786	0.2528932356284536
2.405	-0.4293660658286661	0.24731983098650423
2.415	-0.4351764668724947	0.25776996469015934
2.425	-0.4405707988602639	0.26009221662430493
2.435	-0.44554851230941206	0.2550993749658919
2.445	-0.45010932826875466	0.25567993794942834
2.455	-0.4542532378782171	0.23919194921699471
2.465	-0.45798050175853783	0.2480165065667479
2.475	-0.4612916492315383	0.2481326191634552
2.485	-0.4641874773716231	0.2518482222580881
2.495	-0.46666904988931907	0.2550993749658919
2.505	-0.4687376958477399	0.2525448978383318
2.515	-0.4703950082129793	0.24116586336101845
2.525	-0.47164284223954334	0.24790039397004063
2.535	-0.4724833136920213	0.25010653330747895
2.545	-0.47291879690431826	0.2458103672293096
2.555	-0.47295192267785424	0.2487131821469916
2.565	-0.4725855760202496	0.2446492412622368
2.575	-0.47182289372610553	0.2524287852416245
2.585	-0.470667261801599	0.23930806181370198
2.595	-0.46912231273469873	0.24882929474369886
2.605	-0.46719192261290876	0.24673926800296783
2.615	-0.4648802080905433	0.24023696258736021
2.625	-0.46219152320762685	0.2481326191634552
2.635	-0.45913045606260894	0.2540543615955264
2.645	-0.4557018253411727	0.24406867827870043
2.655	-0.4519106767035066	0.2562605009329647
2.665	-0.4477622790324894	0.2447653538589441
2.675	-0.44326212054533964	0.25788607728686663
2.685	-0.4384159047713523	0.24824873176016246
2.695	-0.43322954639843236	0.25660883872308654
2.705	-0.4277091669912195	0.2635755945255233
2.715	-0.421861090583672	0.2516159970646736
2.725	-0.4156918391490543	0.26044055441442676
2.735	-0.4092081279503601	0.24685538059967513
2.745	-0.4024168607742658	0.2528932356284536
2.755	-0.3953251250517734	0.2602083292210122
2.765	-0.3879401868687943	0.26160168038149956
2.775	-0.380269485869969	0.24940985772723526
2.785	-0.3723206300591012	0.27205181408515466
2.795	-0.36410139049963897	0.26102111739796313
2.805	-0.3556196959186829	0.2677556480069853
2.815	-0.3468836272181012	0.27170347629503283
2.825	-0.33790141189633893	0.28679811386697907
2.835	-0.3286814183845951	0.2762318675666167
2.845	-0.3192321503010773	0.2697295621510091
2.855	-0.30956224062710413	0.2758835297764949
2.865	-0.29968044580885944	0.28482419972295536
2.875	-0.28959563978866654	0.28714645165710095
2.885	-0.2793168079696549	0.295506558620025
2.895	-0.26885304111779057	0.2801796958546642
2.905	-0.25821352920521	0.29469377044307404
2.915	-0.2474075551988839	0.30293776480929085
2.925	-0.23644448879865726	0.2987577113278288
2.935	-0.22533378012870178	0.3081628316611184
2.945	-0.21408495338652256	0.3021249766323399
2.955	-0.202707600453589	0.3117623221590441
2.965	-0.19121137447177172	0.3021249766323399
2.975	-0.17960598338971853	0.3205868795087973
2.985	-0.16790118348335256	0.3161746008339207
2.995	-0.15610677285467983	0.32244468105611374
3.005	-0.144232584913107	0.3209352172989191
3.015	-0.13228848184346909	0.3151295874635552
3.025	-0.12028434806499544	0.3210513298956264
3.035	-0.10823008368539848	0.332546476969647
3.045	-0.09613559795432872	0.34833779012183697
3.055	-0.08401080272039615	0.32825031089147766
3.065	-0.07186560589595845	0.33521706669391443
3.075	-0.05970990493388026	0.35216950581317713
3.085	-0.047553580320446986	0.33568151708074356
3.095	-0.035406489088606385	0.3551884333275664
3.105	-0.023278458355704607	0.34717666415476417
3.115	-0.011179278889830918	0.35367896957037176
3.125	0.0008813012910863227	0.36273575211353953
3.135	0.012893583283355742	0.36331631509707596
3.145	0.024847923620700457	0.36494189145097783
3.155	0.036734740552494455	0.36494189145097783
3.165	0.04854452027307238	0.3811976549899969
3.175	0.060267823098118956	0.3762048133315839
3.185	0.0718952895842225	0.3868871722286536
3.195	0.08341764658768425	0.3822426683603624
3.205	0.09482571325874489	0.378759290459144
3.215	0.10611040696741253	0.40105290902694163
3.225	0.11726274915713647	0.40105290902694163
3.235	0.1282738711226017	0.3957117295784068
3.245	0.1391350197080043	0.4060457506853546
3.255	0.14983756292218325	0.41289639389108407
3.265	0.16037299546706962	0.41846979853303345
3.275	0.17073294417594875	0.41963092450010625
3.285	0.1809091733581185	0.41846979853303345
3.295	0.19089359004655576	0.42741046847949393
3.305	0.20067824914531351	0.42311430240132464
3.315	0.2102553584733764	0.45109743820777887
3.325	0.2196172837018353	0.43809282737656363
3.335	0.22875655318126775	0.4298488330103468
3.345	0.23766586265630307	0.446569046936195
3.355	0.24633807986442552	0.46479872461923777
3.365	0.254766249016132	0.43693170140949084
3.375	0.26294359515365734	0.42532044173876293
3.385	0.2708635283855553	0.47385550716240554
3.395	0.27851964799448525	0.43809282737656363
3.405	0.28590574641567623	0.44598848395265855
3.415	0.29301581308358593	0.461547571911434
3.425	0.29984403814438393	0.4601542207509466
3.435	0.3063848160319761	0.47373939456569825
3.445	0.3126327489053489	0.4548130413024118
3.455	0.3185826499451503	0.46328926086204314
3.465	0.3242295465074675	0.45318746494850987
3.475	0.32956868313288923	0.46236036008838494
3.485	0.3345955244090229	0.4709526922447236
3.495	0.3393057576847273	0.4839573030759388
3.505	0.3436952956344279	0.49150462186191196
3.515	0.3477602786709796	0.492781860425692
3.525	0.3514970772056224	0.4779194480471603
3.535	0.35490229375371274	0.4711849174381381
3.545	0.3579727648849682	0.47362328196899095
3.555	0.3607055630170989	0.4933624234092284
3.565	0.36309799805178433	0.4859312172199625
3.575	0.36514761885206626	0.4904596084915464
3.585	0.3668522145603209	0.4773388850636239
3.595	0.36820981575608314	0.49452354937630116
3.605	0.3692186954531047	0.4780355606438676
3.615	0.36987736993512077	0.502767543742518
3.625	0.37018459942991155	0.48778901876727904
3.635	0.3701393886213562	0.5025353185491035
3.645	0.3697409869992584	0.49568467534337396
3.655	0.36898888904686533	0.4894145951211809
3.665	0.3678828342660645	0.49359464860264296
3.675	0.36642280704038344	0.490691833684961
3.685	0.3646090363360024	0.47617775909655113
3.695	0.36244199524110066	0.48535065423642615
3.705	0.35992240034395784	0.48651178020349894
3.715	0.3570512109503473	0.48662789280020624
3.725	0.3538296281408466	0.4740877323558201
3.735	0.3502590936688089	0.49034349589483917
3.745	0.3463412886998205	0.4933624234092284
3.755	0.34207813239360574	0.4901112707014246
3.765	0.33747178032940184	0.47850001103069667
3.775	0.3325246227759666	0.4791966866109404
3.785	0.32723928280744735	0.4846539786561825
3.795	0.32161861426646104	0.47373939456569825
3.805	0.3156656995758269	0.4592253199772884
3.815	0.30938384740049557	0.4584125318003374
3.825	0.3027765901612987	0.46607596318301786
3.835	0.2958476814022589	0.4717654804216745
3.845	0.2886010930132865	0.47594553390313654
3.855	0.2810410123101683	0.47640998428996567
3.865	0.27317183897387803	0.4373961517963199
3.875	0.26499818185129176	0.445756258759244
3.885	0.2565248556194972	0.453651915335339
3.895	0.24775687731599316	0.4585286443970447
3.905	0.2386994627371113	0.445756258759244
3.915	0.22935802270713873	0.4249721039486411
3.925	0.21973815922064877	0.4433178942283912
3.935	0.20984566146065187	0.42555266693217747
3.945	0.19968650169527746	0.4373961517963199
3.955	0.18926683105573272	0.4132447316812059
3.965	0.1785929751983929	0.4212565008540082
3.975	0.1676714298539373	0.4119674931174258
3.985	0.1565088562665306	0.4198631496935208
3.995	0.1451120765260902	0.41080636715035307
4.005	0.13348806879680547	0.4086002278129147
4.015	0.1216439624450476	0.38816441079243363
4.025	0.10958703306998979	0.4039557239446236
4.035	0.0973246974402161	0.38828052338914093
4.045	0.08486450833971887	0.40024012084999067
4.055	0.07221414932671949	0.3936217028376758
4.065	0.05938142940880048	0.39188001388706656
4.075	0.046374277637906636	0.37933985344268045
4.085	0.03320073762880982	0.3784109526690222
4.095	0.01986896200466559	0.3719086472534146
4.105	0.006387206773392995	0.37550813775134023
4.115	-0.007236174361427511	0.3670319181917089
4.125	-0.020992735751345637	0.3685413819489035
4.135	-0.034873945611685025	0.35042781686256796
4.145	-0.048871191884227505	0.3681930441587817
4.155	-0.06297578815001659	0.35054392945927526
4.165	-0.07717897958837815	0.3556528837143955
4.175	-0.09147194897822325	0.33184980138940334
4.185	-0.1058458227376246	0.35170505542634806
4.195	-0.12029167699771258	0.34566720039756954
4.205	-0.13480054370684436	0.3270891849244049
4.215	-0.14936341676103249	0.3357976296774508
4.225	-0.16397125815655456	0.330456450228916
4.235	-0.17861500416070109	0.32743752271452675
4.245	-0.19328557149658293	0.318380740171359
4.255	-0.20797386353790914	0.3176840645911153
4.265	-0.22267077650965356	0.315477925253677
4.275	-0.23736720569050038	0.3268569597309903
4.285	-0.2520540516130086	0.3036344403895345
4.295	-0.2667222262573825	0.3056083545335583
4.305	-0.28136265923477377	0.29492599563648864
4.315	-0.29596630395603885	0.3003832876817307
4.325	-0.31052414378187365	0.295506558620025
4.335	-0.3250271981503108	0.2943454326529522
4.345	-0.33946652867749827	0.29864159873112156
4.355	-0.35383324522777515	0.2890042532044174
4.365	-0.36811851194901624	0.27750910613039675
4.375	-0.3823135532693193	0.29271985629905034
4.385	-0.39640965985104015	0.2744901786160075
4.395	-0.4103981944982783	0.28250194778880977
4.405	-0.42427059801394074	0.27379350303576383
4.415	-0.43801839500248807	0.2766963179534458
4.425	-0.45163319961460313	0.27089068811808187
4.435	-0.46510672122995717	0.25823441507698847
4.445	-0.47843077007434864	0.2569571765132084
4.455	-0.4915972627675357	0.2552154875625992
4.465	-0.504598227798098	0.2662461842497907
4.475	-0.5174258109217372	0.2619500181716214
4.485	-0.5300722804794579	0.26009221662430493
4.495	-0.5425300326321458	0.2652011708794252
4.505	-0.554791596508088	0.2538221364021119
4.515	-0.5668496392600686	0.2622983559617432
4.525	-0.5786969710286933	0.24430090347211497
4.535	-0.5903265498087042	0.2465070428095533
4.545	-0.6017314862150657	0.24615870501943143
4.555	-0.6129050481457052	0.2557960505461356
4.565	-0.623840665337833	0.2446492412622368
4.575	-0.6345319338148494	0.2381469358466292
4.585	-0.6449726202209143	0.24267532711821307
4.595	-0.6551566660403363	0.2319929682211434
4.605	-0.6650781916989973	0.23907583662028742
4.615	-0.6747315005451188	0.24023696258736021
4.625	-0.6841110827067644	0.23025127927053424
4.635	-0.6932116188235129	0.22804513993309591
4.645	-0.7020279836498855	0.23292186899480163
4.655	-0.7105552495281159	0.2354763461223618
4.665	-0.7187886897280112	0.22340063606480476
4.675	-0.726723781651691	0.22769680214297408
4.685	-0.7343562099010851	0.22595511319236491
4.695	-0.7416818692061913	0.22293618567797566
4.705	-0.7486968672121463	0.21562109208541708
4.715	-0.7553975271232831	0.21445996611834428
4.725	-0.7617803902024218	0.21898835738992817
4.735	-0.7678422181237539	0.21341495274797878
4.745	-0.7735799951777609	0.22549066280553579
4.755	-0.7789909303267173	0.214343853521637
4.765	-0.7840724591094107	0.21341495274797878
4.775	-0.7888222453938191	0.20366149462456734
4.785	-0.793238182976594	0.21144103860395502
4.795	-0.7973183970282784	0.21260216457102782
4.805	-0.8010612453833006	0.21074436302371136
4.815	-0.804465319673888	0.21643388026236804
4.825	-0.8075294463071389	0.20958323705663856
4.835	-0.8102526872846061	0.2215428345174883
4.845	-0.8126343408638299	0.2055192961718838
4.855	-0.8146739420613774	0.21155715120066232
4.865	-0.8163712629970407	0.20133924269042175
4.875	-0.817726313078958	0.21178937639407686
4.885	-0.8187393390295099	0.21039602523358952
4.895	-0.8194108247519659	0.20702875992907843
4.905	-0.8197414910379467	0.20296481904432367
4.915	-0.8197322951158761	0.20865433628298033
4.925	-0.8193844300407076	0.21225382678090599
4.935	-0.8186993239252949	0.20412594501139644
4.945	-0.8176786390139034	0.21225382678090599
4.955	-0.8163242705984424	0.21039602523358952
4.965	-0.8146383457781148	0.21469219131175885
4.975	-0.8126232220632743	0.20133924269042175
4.985	-0.8102814858243861	0.20099090490029992
4.995	-0.8076159505870845	0.21248605197432055
5.005	-0.8046296551744319	0.21689833064919714
5.015	-0.8013258616975661	0.2077254355093221
5.025	-0.7977080533960401	0.21132492600724775
5.035	-0.7937799323292434	0.2094671244599313
5.045	-0.7895454169203966	0.21318272755456422
5.055	-0.7850086393547109	0.21306661495785695
5.065	-0.7801739428333936	0.2077254355093221
5.075	-0.7750458786852761	0.21016380004017496
5.085	-0.7696292033379362	0.2216589471141956
5.095	-0.7639288751502782	0.21027991263688223
5.105	-0.7579500511086298	0.21678221805248987
5.115	-0.7516980833884843	0.22618733838577945
5.125	-0.7451785157841339	0.2181755692129772
5.135	-0.7383970800085073	0.2210783841306592
5.145	-0.7313596918656133	0.22607122578907218
5.155	-0.7240724472980726	0.22769680214297408
5.165	-0.7165416183123225	0.22723235175614498
5.175	-0.7087736487841183	0.21469219131175885
5.185	-0.7007751501470816	0.22734846435285225
5.195	-0.6925528969670908	0.22943849109358327
5.205	-0.6841138224053926	0.2354763461223618
5.215	-0.6754650135733865	0.23106406744748517
5.225	-0.6666137067821082	0.23628913429931273
5.235	-0.6575672826895107	0.22885792811004688
5.245	-0.6483332613486966	0.24662315540626056
5.255	-0.638919297160323	0.2359407965091909
5.265	-0.6293331737324863	0.24058530037748205
5.275	-0.619582798651423	0.23628913429931273
5.285	-0.609676198166444	0.2447653538589441
5.295	-0.5996215117925545	0.2487131821469916
5.305	-0.589426986834309	0.2506870962910153
5.315	-0.5791009728344435	0.25208044745150265
5.325	-0.5686519159509331	0.24557814203589506
5.335	-0.5580883532661358	0.2446492412622368
5.345	-0.54741890703173	0.2573055143033302
5.355	-0.5366522788532282	0.26473672049259606
5.365	-0.5257972438178506	0.2750707415995439
5.375	-0.5148626445696036	0.2640400449123524
5.385	-0.5038573853354236	0.27483851640612933
5.395	-0.49279042590631916	0.2677556480069853
5.405	-0.4816707755774279	0.278438006904055
5.415	-0.47050748705096085	0.27530296679295846
5.425	-0.45930965030602156	0.27867023209746955
5.435	-0.4480863864393343	0.28761090204393003
5.445	-0.4368468414808729	0.30340221519612
5.455	-0.4256001801884968	0.2783218943073477
5.465	-0.41435557982562415	0.29155873033197754
5.475	-0.4031222239260235	0.2928359688957576
5.485	-0.39190929604983993	0.29271985629905034
5.495	-0.380725973534928	0.300499400278438
5.505	-0.3695814212476033	0.31362012370636055
5.515	-0.35848478533690975	0.3050277915500219
5.525	-0.3474451869965277	0.32453470779684473
5.535	-0.33647171623838396	0.32116744249233364
5.545	-0.3255734256820943	0.3197740913318463
5.555	-0.31475932436430876	0.3369587556445236
5.565	-0.30403837157203106	0.3248830455869666
5.575	-0.293419470703973	0.3405582461424493
5.585	-0.2829114631639939	0.34787333973500784
5.595	-0.2725231222906471	0.3416032595128148
5.605	-0.2622631473268251	0.34125492172269295
5.615	-0.25214015743350826	0.3524017310065917
5.625	-0.2421626857515354	0.3397454579654983
5.635	-0.23233917351533592	0.3557689963111028
5.645	-0.222677964222526	0.35007947907244613
5.655	-0.21318729786319845	0.3636646528871978
5.665	-0.20387530521273434	0.35727846006829744
5.675	-0.19475000219193128	0.3614585135497595
5.685	-0.18581928429815547	0.36203907653329587
5.695	-0.17709092111124425	0.3573945726650047
5.705	-0.16857255087777584	0.3723730976402437
5.715	-0.16027167517731067	0.3692380575291472
5.725	-0.1521956536741748	0.38804829819572634
5.735	-0.14435169895823308	0.37690148891182756
5.745	-0.13674687147812808	0.3843326951010934
5.755	-0.1293880745703319	0.38932553675950643
5.765	-0.12228204958735545	0.3841004699076789
5.775	-0.11543537112833913	0.3778303896854858
5.785	-0.10885444237524688	0.37167642206
5.795	-0.10254549053775874	0.394550603611334
5.805	-0.09651456240992412	0.40360738615450176
5.815	-0.09076752004157879	0.40093679643023433
5.825	-0.08531003652740166	0.4072068766524274
5.835	-0.0801475919164697	0.3979178689158451
5.845	-0.07528546924507051	0.40024012084999067
5.855	-0.07072875069543705	0.3971050807388941
5.865	-0.06648231388302639	0.4048846247182818
5.875	-0.0625508282748396	0.4070907640557201
5.885	-0.05893875174124097	0.40360738615450176
5.895	-0.055650327243599085	0.41254805610096223
5.905	-0.05268957966004595	0.4051168499116964
5.915	-0.050060312751502245	0.40813577742608564
5.925	-0.04776610627006639	0.4144058576482787
5.935	-0.04581031321176765	0.41150304273059674
5.945	-0.04419605721557074	0.41521864582522966
5.955	-0.04292623011046037	0.4202114874836426
5.965	-0.042003489612305045	0.42903604483339586
5.975	-0.041430257172125784	0.4226498520144955
5.985	-0.04120871597729148	0.41684422217913153
5.995	-0.041340809107063836	0.4148703080351078
6.005	-0.04182823784381773	0.41498642063181507
6.015	-0.04267246014115922	0.4223015142243737
6.025	-0.043874689250075316	0.42775880626961577
6.035	-0.04543589250412261	0.4327516479280288
6.045	-0.04735679026459361	0.4121997183108404
6.055	-0.04963785502646889	0.4214887260474227
6.065	-0.05227931068587044	0.42903604483339586
6.075	-0.05528113196963169	0.41568309621205873
6.085	-0.05864304402748921	0.41626365919559516
6.095	-0.06236452218730171	0.40476851212157455
6.105	-0.06644479187358354	0.4176570103560825
6.115	-0.07088282868956153	0.41080636715035307
6.125	-0.07567735866283132	0.40035623344669796
6.135	-0.08082685865459283	0.4005884586401125
6.145	-0.08632955693234967	0.40790355223267105
6.155	-0.09218343390584272	0.40592963808864735
6.165	-0.09838622302586975	0.39640840515865045
6.175	-0.10493541184557065	0.40801966482937835
6.185	-0.11182824324362473	0.3946667162080413
6.195	-0.11906171680870326	0.38746773521218997
6.205	-0.12663259038443475	0.3879321855990191
6.215	-0.1345373817740272	0.38375213211755704
6.225	-0.1427723706035745	0.3784109526690222
6.235	-0.1513336003429907	0.38607438405170263
6.245	-0.1602168804834101	0.38154599278011875
6.255	-0.16941778886978054	0.3667996929982943
6.265	-0.17893167418728406	0.38050097940975325
6.275	-0.18875365860011095	0.3692380575291472
6.285	-0.19887864054103355	0.38607438405170263
6.295	-0.20930129765011096	0.3683091567554889
6.305	-0.22001608986074794	0.35391119476378635
6.315	-0.23101726263127553	0.3717925346567073
6.325	-0.24229885032007625	0.35286618139342085
6.335	-0.2538546797022304	0.3507761546526898
6.345	-0.2656783736255318	0.3555367711176882
6.355	-0.27776335480364533	0.334636503710378
6.365	-0.2901028497440843	0.3428804980765948
6.375	-0.3026898928086109	0.3470605515580569
6.385	-0.315517330403572	0.3247669329902593
6.395	-0.328577825297553	0.33080478801903784
6.405	-0.34186386106373334	0.3277858605046486
6.415	-0.355367746644178	0.33498484150049984
6.425	-0.3690816210332469	0.3244185952001375
6.435	-0.38299745807719876	0.3248830455869666
6.445	-0.39710707138705476	0.3269730723276976
6.455	-0.4114021193616097	0.3115300969656295
6.465	-0.4258741103175226	0.2994543869080725
6.475	-0.44051440772324435	0.2989899365212434
6.485	-0.45531423553353956	0.3057244671302656
6.495	-0.47026468362125595	0.29469377044307404
6.505	-0.485356713302959	0.30642114271050924
6.515	-0.5005811629549661	0.2920231807188066
6.525	-0.5159287537162354	0.29713213497392693
6.535	-0.5313900952745723	0.2966676845870978
6.545	-0.546955691732493	0.2856369878999063
6.555	-0.5626159475490519	0.27158736369832553
6.565	-0.5783611735539111	0.26729119762015624
6.575	-0.5941815930298444	0.27042623773125274
6.585	-0.6100673478598707	0.2657817338629616
6.595	-0.626008504735087	0.2597438788341831
6.605	-0.6419950614193456	0.2548671497724774
6.615	-0.6580169530667437	0.2562605009329647
6.625	-0.6740640585879907	0.26508505828271794
6.635	-0.6901262070615901	0.2575377394967448
6.645	-0.7061931841857719	0.25335768601528275
6.655	-0.7222547387670983	0.2502226459041862
6.665	-0.7383005892416066	0.23686969728284912
6.675	-0.75432043022438	0.241398088554433
6.685	-0.7703039390833393	0.2453459168424805
6.695	-0.7862407825330997	0.23187685562443613
6.705	-0.8021206232446988	0.23118018004419247
6.715	-0.8179331264669782	0.2325735312046798
6.725	-0.8336679666553755	0.22014948335700096
6.735	-0.8493148341039459	0.21329884015127148
6.745	-0.8648634415763315	0.22665178877260858
6.755	-0.880303530931456	0.21887224479322087
6.765	-0.8956248797397346	0.22282007308126836
6.775	-0.9108173078855214	0.21956892037346457
6.785	-0.9258706841515882	0.214343853521637
6.795	-0.9407749327814224	0.20691264733237114
6.805	-0.9555200400151258	0.21736278103602627
6.815	-0.9700960605946967	0.20017811672334898
6.825	-0.984493124234569	0.2049387331883474
6.835	-0.998701442053187	0.1939080365011559
6.845	-1.0127113129615262	0.19878476556286162
6.855	-1.0265131300044055	0.19472082467810686
6.865	-1.0400973866505454	0.19820420257932522
6.875	-1.0534546830272795	0.1978558647892034
6.885	-1.0665757320958986	0.19135355937359577
6.895	-1.0794513657636609	0.19263079793737584
6.905	-1.0920725409284828	0.19123744677688848
6.915	-1.1044303454524067	0.1818323264435989
6.925	-1.1165160040599955	0.18740573108554828
6.935	-1.1283208841577894	0.18090342566994067
6.945	-1.1398365015710628	0.17858117373579507
6.955	-1.1510545261941676	0.1811356508633552
6.965	-1.1619667875507556	0.17033717936957826
6.975	-1.1725652802602722	0.16673768887165263
6.985	-1.1828421694071456	0.16662157627494534
6.995	-1.192789795809178	0.167318251855189
7.005	-1.2024006811816783	0.1719627557234802
7.015	-1.2116675331939553	0.1685954904189691
7.025	-1.2205832504148577	0.16209318500336145
7.035	-1.2291409271441012	0.1651121125177507
7.045	-1.2373338581262272	0.1597709330692159
7.055	-1.2451555431440526	0.16487988732433614
7.065	-1.2525996914886015	0.16302208577701968
7.075	-1.2596602263025434	0.16093205903628868
7.085	-1.266331288794276	0.15384919063714464
7.095	-1.2726072423198393	0.15570699218446113
7.105	-1.2784826763299442	0.16499599992104344
7.115	-1.2839524101794755	0.15617144257129023
7.125	-1.2890114967969417	0.16580878809799438
7.135	-1.2936552262113747	0.15768090632848486
7.145	-1.2978791289343272	0.1629059731803124
7.155	-1.3016789791946795	0.15373307804043737
7.165	-1.3050507980240482	0.15036581273592628
7.175	-1.3079908561907172	0.15930648268238676
7.185	-1.310495676980064	0.15013358754251172
7.195	-1.3125620388195784	0.15512642920092473
7.205	-1.314186977746668	0.15268806467007187
7.215	-1.3153677897175036	0.14862412378531709
7.225	-1.3161020327553345	0.14630187185117152
7.235	-1.3163875289367089	0.15547476699104656
7.245	-1.3162223662142132	0.15535865439433927
7.255	-1.315604900074404	0.15199138908982818
7.265	-1.314533755029728	0.1396834538388566
7.275	-1.3130078259433182	0.15849369450543582
7.285	-1.3110262791856668	0.15094637571946268
7.295	-1.3085885536222759	0.13887066566190567
7.305	-1.3056943614314946	0.15338474025031554
7.315	-1.302343688751869	0.15326862765360827
7.325	-1.2985367961584062	0.1541975284272665
7.335	-1.2942742189673064	0.15373307804043737
7.345	-1.289556767368779	0.15930648268238676
7.355	-1.284385526387708	0.1514108261062918
7.365	-1.2787618556720122	0.14514074588409873
7.375	-1.2726873891086576	0.14978524975238988
7.385	-1.2661640342674052	0.16000315826263045
7.395	-1.2591939716724645	0.16232541019677602
7.405	-1.2517796539023505	0.16093205903628868
7.415	-1.243923804518335	0.15605532997458296
7.425	-1.2356294168219915	0.150249700139219
7.435	-1.2268997524424683	0.16313819837372698
7.445	-1.217738339754182	0.16476377472762888
7.455	-1.2081489721257899	0.1530364024601937
7.465	-1.1981357060013438	0.15280417726677914
7.475	-1.1877028588146994	0.15942259527909405
7.485	-1.1768550067383003	0.16429932434079977
7.495	-1.165596982267612	0.1668538014683599
7.505	-1.1539338716425434	0.15953870787580132
7.515	-1.1418710121073192	0.1690599408057982
7.525	-1.1294139890103838	0.1569842307482412
7.535	-1.1165686327459774	0.16766658964531087
7.545	-1.1033410155391512	0.17335610688396752
7.555	-1.0897374480761095	0.17683948478518588
7.565	-1.0757644759818161	0.16975661638604186
7.575	-1.0614288761469362	0.1701049541761637
7.585	-1.0467376529062626	0.17695559738189318
7.595	-1.031698034070907	0.17997452489628243
7.605	-1.0163174668165418	0.1812517634600625
7.615	-1.000603613430199	0.17544613362469855
7.625	-0.9845643469181091	0.17695559738189318
7.635	-0.968207746477193	0.1927469105340831
7.645	-0.9515420928329476	0.19193412235713217
7.655	-0.9345758634464819	0.19715918920895972
7.665	-0.917317727593591	0.18601237992506092
7.675	-0.899776541318812	0.19123744677688848
7.685	-0.8819613422675177	0.19123744677688848
7.695	-0.8638813443991576	0.19158578456701034
7.705	-0.8455459325848143	0.20807377329944393
7.715	-0.8269646570923698	0.20168758048054358
7.725	-0.8081472279626304	0.21225382678090599
7.735	-0.7891035092797651	0.20470650799493284
7.745	-0.7698435133396064	0.20877044887968763
7.755	-0.7503773947193118	0.2182916818096845
7.765	-0.7307154442520019	0.22131060932407373
7.775	-0.7108680829100641	0.22827736512651048
7.785	-0.690845855600848	0.22363286125821932
7.795	-0.6706594248785142	0.23965639960382382
7.805	-0.6503195645759117	0.2354763461223618
7.815	-0.6298371533603897	0.2446492412622368
7.825	-0.6092231682174293	0.2347796705421181
7.835	-0.5884886778661711	0.2446492412622368
7.845	-0.567644836110812	0.2530093482251609
7.855	-0.5467028751319984	0.2485970695502843
7.865	-0.5256740987223137	0.25893109065723213
7.875	-0.5045698754700134	0.2724001518752765
7.885	-0.4834016318952543	0.2620661307683287
7.895	-0.46218084554297334	0.27658020535673855
7.905	-0.4409190380367374	0.25939554104406126
7.915	-0.4196277680978233	0.2668267472333271
7.925	-0.39831862453382083	0.27309682745552016
7.935	-0.37700321920112995	0.28354696115917527
7.945	-0.35569317994568384	0.27971524546783505
7.955	-0.33440014352626146	0.2912103925418557
7.965	-0.31313574852476567	0.29922216171465793
7.975	-0.2919116282478922	0.28807535243075916
7.985	-0.2707394036245631	0.3037505529862418
7.995	-0.24963067610353606	0.3024733144224617
8.005	-0.22859702055558964	0.3219802306692846
8.015	-0.20764997818472908	0.3197740913318463
8.025	-0.18680104945278989	0.30398277817965635
8.035	-0.1660616870218283	0.3182646275746517
8.045	-0.14544328871875	0.33347537774330527
8.055	-0.12495719052647643	0.33510095409720714
8.065	-0.10461465960609503	0.3418354847062293
8.075	-0.08442688735430867	0.33301092735647614
8.085	-0.06440498250049859	0.3360298548708654
8.095	-0.044559964247770895	0.34915057829878793
8.105	-0.02490275546219714	0.3547239829407373
8.115	-0.0054441759145879565	0.3555367711176882
8.125	0.013805064421045427	0.3580912482452484
8.135	0.03283437200808864	0.38131376758670416
8.145	0.051633276322837596	0.38038486681304595
8.155	0.07019143636083441	0.3946667162080413
8.165	0.08849864706988958	0.3938539280310903
8.175	0.10654484570578132	0.40569741289523276
8.185	0.12432011810664112	0.41835368593632616
8.195	0.14181470488207493	0.409529128586573
8.205	0.15901900751310621	0.42090816306388634
8.215	0.17592359435911487	0.4202114874836426
8.225	0.19251920656800164	0.4305455085905905
8.235	0.20879676388579604	0.44482735798558576
8.245	0.2247473703621104	0.43925395334363637
8.255	0.24036231994776813	0.4476140603065605
8.265	0.25563310198108485	0.4479623980966823
8.275	0.2705514065593757	0.4430856690349766
8.285	0.2851091297921952	0.46096700892789755
8.295	0.29929837893304917	0.482796177108866
8.305	0.31311147738627526	0.4731588315821619
8.315	0.32654096958594236	0.4839573030759388
8.325	0.3395796257436247	0.47536497091960017
8.335	0.35222044646204365	0.4829122897055733
8.345	0.3644566672116265	0.4889501447343518
8.355	0.37628176266713775	0.4971941391005686
8.365	0.3876894509015587	0.4952202249565449
8.375	0.39867369743457104	0.5047414578865418
8.385	0.4092287191330194	0.4949879997631303
8.395	0.41934898796084785	0.5122887766725148
8.405	0.4290292345760822	0.5069475972239801
8.415	0.4382644517725509	0.5164688301539769
8.425	0.44704989776408355	0.5316795803226305
8.435	0.4553810993090759	0.528544540211534
8.445	0.4632538546733871	0.5209972214255608
8.455	0.47066423642959987	0.5365563093843362
8.465	0.477608594090841	0.5337696070633615
8.475	0.4840835565774029	0.5257578378905592
8.485	0.4900860345145468	0.5414330384460418
8.495	0.4956132223599432	0.5400396872855545
8.505	0.500662600359344	0.5249450497136083
8.515	0.5052319363291375	0.5434069525900657
8.525	0.5093192872646081	0.5478192312649423
8.535	0.5129230007727623	0.55559877524433
8.545	0.5160417163287472	0.5627977562401812
8.555	0.5186743663549552	0.5549020996640862
8.565	0.520820177122048	0.5542054240838425
8.575	0.5224786694712162	0.5405041376723837
8.585	0.5236496593571298	0.5357435212073852
8.595	0.5243332582111147	0.5399235746888472
8.605	0.5245298731242352	0.5490964698287223
8.615	0.5242402068500289	0.5363240841909216
8.625	0.5234652576268097	0.5328407062897033
8.635	0.5222063188195091	0.5559471130344518
8.645	0.5204649783811757	0.5417813762361637
8.655	0.5182431181343523	0.5432908399933584
8.665	0.5155429128726509	0.5403880250756764
8.675	0.51236682928298	0.5436391777834803
8.685	0.5087176246889702	0.5392268991086036
8.695	0.5045983456162628	0.5410847006559201
8.705	0.5000123261804255	0.5350468456271416
8.715	0.49496318629840785	0.5409685880592128
8.725	0.48945482972448917	0.5273834142444611
8.735	0.4834914419118561	0.515656041977026
8.745	0.4770774877009991	0.5133337900428804
8.755	0.470217708836256	0.5038125571128835
8.765	0.4629171213119232	0.5092698491581257
8.775	0.45518101254945875	0.5222744599893409
8.785	0.44701493840742734	0.501141967388616
8.795	0.43842472002591715	0.5049736830799563
8.805	0.4294164405072671	0.5024192059523962
8.815	0.41999644143505444	0.49243352263557016
8.825	0.410171319233389	0.4884856943475227
8.835	0.39994792136864976	0.49463966197300846
8.845	0.38933334239592643	0.4861634424133771
8.855	0.3783349198524619	0.4862795550100844
8.865	0.36696023000058364	0.4824478393187442
8.875	0.35521708342261404	0.48093837556154956
8.885	0.3431135204703999	0.4768744346767948
8.895	0.3306578065721545	0.4504007626275352
8.905	0.3178584273994285	0.4630570356686286
8.915	0.304724083897096	0.4652631750060669
8.925	0.29126368717931117	0.44378234461522026
8.935	0.27748635329453186	0.43344832350827245
8.945	0.26340139786267786	0.45074910041765703
8.955	0.24901833058774248	0.43832505256997817
8.965	0.23434684964905328	0.4261332299157139
8.975	0.21939683597462611	0.42172095124083725
8.985	0.20417834740003699	0.43019717080046865
8.995	0.18870161271630093	0.42508821654534834
9.005	0.1729770256104053	0.41579920880876603
9.015	0.1570151385020978	0.42671379289925027
9.025	0.1408266562806928	0.4132447316812059
9.035	0.12442242994562752	0.40476851212157455
9.045	0.1078134501546919	0.39408615322450485
9.055	0.09101084068374249	0.39095111311340836
9.065	0.07402585180193055	0.394550603611334
9.075	0.0568698535664342	0.3788754030558513
9.085	0.03955432904072159	0.36656746780487975
9.095	0.022090867440530237	0.3778303896854858
9.105	0.004491157211636343	0.36772859377195255
9.115	-0.013233020956302938	0.362503526920125
9.125	-0.031069801175682116	0.34578331299427684
9.135	-0.0490072394622873	0.3442738492370822
9.145	-0.06703332088778419	0.3534467443769572
9.155	-0.085135966779007	0.34113880912598565
9.165	-0.10330304195963798	0.3370748682412309
9.175	-0.12152236202988755	0.3222124558626992
9.185	-0.13978170067976697	0.33080478801903784
9.195	-0.15806879703147497	0.31466513707672605
9.205	-0.17637136300642986	0.3187290779614808
9.215	-0.19467709071246303	0.31478124967343335
9.225	-0.21297365984669872	0.3027055396158763
9.235	-0.23124874510954951	0.30851116945124024
9.245	-0.24949002362537814	0.300499400278438
9.255	-0.26768518236524363	0.29608712160356143
9.265	-0.28582192556721436	0.3103689709985567
9.275	-0.3038879821497714	0.2917909555253921
9.285	-0.32187111311369954	0.2928359688957576
9.295	-0.3397591189280015	0.2807602588382006
9.305	-0.3575398468952987	0.29713213497392693
9.315	-0.3752011984922522	0.26845232358722904
9.325	-0.3927311366804731	0.26276280634857235
9.335	-0.4101176931834969	0.26496894568601065
9.345	-0.4273489757253389	0.2620661307683287
9.355	-0.4444131752262596	0.2657817338629616
9.365	-0.4612985729512672	0.2506870962910153
9.375	-0.47799354760704105	0.26171779297820685
9.385	-0.4944865823829222	0.24836484435686976
9.395	-0.5107662719316532	0.2552154875625992
9.405	-0.5268213292855962	0.2480165065667479
9.415	-0.5426405927042216	0.23803082324992192
9.425	-0.5582130324486398	0.23570857131577633
9.435	-0.5735277574790437	0.23187685562443613
9.445	-0.5885740220709907	0.22885792811004688
9.455	-0.6033412323464129	0.24290755231162764
9.465	-0.6178189527154028	0.22537455020882852
9.475	-0.6319969122248164	0.22525843761212122
9.485	-0.6458650108097956	0.22235562269443926
9.495	-0.6594133254443806	0.21968503297017183
9.505	-0.6726321161874632	0.22177505971090286
9.515	-0.6855118321203345	0.21956892037346457
9.525	-0.6980431171722393	0.22003337076029367
9.535	-0.7102168158303139	0.21898835738992817
9.545	-0.7220239787304453	0.20226814346407998
9.555	-0.7334558681255993	0.21573720468212434
9.565	-0.7445039632282728	0.21608554247224618
9.575	-0.7551599654237969	0.21341495274797878
9.585	-0.7654158033512865	0.2106282504270041
9.595	-0.775263637849102	0.2110927008138332
9.605	-0.7846958667618371	0.2037776072212746
9.615	-0.7937051296058263	0.22363286125821932
9.625	-0.8022843120903387	0.2044742828015183
9.635	-0.8104265504916789	0.21132492600724775
9.645	-0.8181252358775032	0.20807377329944393
9.655	-0.8253740181787599	0.2153888668920025
9.665	-0.832166810106755	0.21527275429529524
9.675	-0.8384977909129354	0.2015714678838363
9.685	-0.8443614099890673	0.20308093164103094
9.695	-0.8497523903056273	0.2106282504270041
9.705	-0.8546657316862616	0.2105121378302968
9.715	-0.8590967139163153	0.21016380004017496
9.725	-0.8630408996835193	0.20517095838176197
9.735	-0.866494137349025	0.20482262059164014
9.745	-0.8694525635470821	0.20644819694554203
9.755	-0.87191260561176	0.20064256711017808
9.765	-0.8738709838292177	0.20122313009371448
9.775	-0.8753247135141405	0.19808808998261795
9.785	-0.8762711069090579	0.2011070174970072
9.795	-0.8767077749053718	0.19472082467810686
9.805	-0.8766326285850454	0.1956497254517651
9.815	-0.8760438805819878	0.20284870644761638
9.825	-0.8749400462622956	0.19692696401554516
9.835	-0.8733199447226329	0.20470650799493284
9.845	-0.8711826996061168	0.207260985122493
9.855	-0.8685277397352167	0.19541750025835053
9.865	-0.8653547995612538	0.20853822368627306
9.875	-0.8616639194302427	0.21155715120066232
9.885	-0.8574554456648871	0.1984364277727398
9.895	-0.8527300304626827	0.20563540876859107
9.905	-0.8474886316101791	0.20853822368627306
9.915	-0.8417325120135779	0.21236993937761325
9.925	-0.835463239045932	0.20354538202786004
9.935	-0.8286826837113634	0.20633208434883477
9.945	-0.8213930196267814	0.19994589152993442
9.955	-Inf	0.0
9.965	-Inf	0.0
9.975	-Inf	0.0
9.985	-Inf	0.0
9.995	-Inf	0.0
