0.005	-Inf	0.0
0.015	-Inf	0.0
0.025	-Inf	0.0
0.035	-Inf	0.0
0.045	-Inf	0.0
0.055	-Inf	0.0
0.065	-Inf	0.0
0.075	-Inf	0.0
0.085	-Inf	0.0
0.095	-Inf	0.0
0.105	-Inf	0.0
0.115	-Inf	0.0
0.125	-Inf	0.0
0.135	-Inf	0.0
0.145	-Inf	0.0
0.155	-Inf	0.0
0.165	-Inf	0.0
0.175	-Inf	0.0
0.185	-Inf	0.0
0.195	-Inf	0.0
0.205	-Inf	0.0
0.215	-Inf	0.0
0.225	-Inf	0.0
0.235	-Inf	0.0
0.245	-Inf	0.0
0.255	-Inf	0.0
0.265	-Inf	0.0
0.275	-Inf	0.0
0.285	-Inf	0.0
0.295	-Inf	0.0
0.305	-Inf	0.0
0.315	-Inf	0.0
0.325	-Inf	0.0
0.335	-Inf	0.0
0.345	-Inf	0.0
0.355	-Inf	0.0
0.365	-Inf	0.0
0.375	-Inf	0.0
0.385	-Inf	0.0
0.395	-Inf	0.0
0.405	-Inf	0.0
0.415	-Inf	0.0
0.425	-Inf	0.0
0.435	-Inf	0.0
0.445	-Inf	0.0
0.455	-Inf	0.0
0.465	-Inf	0.0
0.475	-Inf	0.0
0.485	-Inf	0.0
0.495	-Inf	0.0
0.505	-Inf	0.0
0.515	-Inf	0.0
0.525	-Inf	0.0
0.535	-Inf	0.0
0.545	-Inf	0.0
0.555	-Inf	0.0
0.565	-Inf	0.0
0.575	-Inf	0.0
0.585	-Inf	0.0
0.595	-Inf	0.0
0.605	-Inf	0.0
0.615	-Inf	0.0
0.625	-Inf	0.0
0.635	-Inf	0.0
0.645	-Inf	0.0
0.655	-Inf	0.0
0.665	-Inf	0.0
0.675	-Inf	0.0
0.685	-Inf	0.0
0.695	-Inf	0.0
0.705	-Inf	0.0
0.715	-Inf	0.0
0.725	-Inf	0.0
0.735	-Inf	0.0
0.745	-Inf	0.0
0.755	-Inf	0.0
0.765	-Inf	0.0
0.775	-Inf	0.0
0.785	-Inf	0.0
0.795	-Inf	0.0
0.805	-Inf	0.0
0.815	-Inf	0.0
0.825	-Inf	0.0
0.835	-Inf	0.0
0.845	-Inf	0.0
0.855	-Inf	0.0
0.865	-Inf	0.0
0.875	-Inf	0.0
0.885	-Inf	0.0
0.895	-Inf	0.0
0.905	-Inf	0.0
0.915	2.7915545555615258	2.087347745623374
0.925	2.8047698162531907	2.0781090981613626
0.935	2.817996747999774	2.0228238585871026
0.945	2.831227354363504	2.061831481204485
0.955	2.844453668478096	2.0281030857082523
0.965	2.857667758028779	2.0169580506747145
0.975	2.8708617302019976	1.960059713924548
0.985	2.8840277366017006	2.0128519851360425
0.995	2.897157978129174	1.9357166110881365
1.005	2.91024470982338	1.968565135397511
1.015	2.9232802456588103	1.911960089042964
1.025	2.9362569632978746	1.9107869274604863
1.035	2.9491673087948915	1.9131332506254417
1.045	2.9620038012487653	1.8678198845022422
1.055	2.974759037401482	1.8434767816658306
1.065	2.9874256961795855	1.8515422675453646
1.075	2.999996543175834	1.8126812901257923
1.085	3.0124644350682783	1.84890265398479
1.095	3.024822323974047	1.8204534856097068
1.105	3.0370632617351596	1.7427315307705618
1.115	3.049180404133745	1.7463976607158045
1.125	3.0611670150340746	1.7480107578917112
1.135	3.0730164704488843	1.7003510686035563
1.145	2.3317087040779154	0.8028824580081476
1.155	2.34871077628498	0.8128543314592077
1.165	2.365556533411173	0.7929105845570875
1.175	2.382239839126106	0.7503834771922724
1.185	2.3987546883585886	0.7555160591156121
1.195	2.41509521085832	0.7744332896330643
1.205	2.431255674665612	0.7808856783366914
1.215	2.4472304894870196	0.7585956082696159
1.225	2.4630142099748746	0.7757530964133518
1.235	2.4786015389087317	0.767101029742579
1.245	2.4939873302768207	0.7499435415988432
1.255	2.509166592255666	0.7256004387624319
1.265	2.524134490086095	0.7346924410266337
1.275	2.53888634884391	0.739531732554354
1.285	2.5534176561036066	0.7232541155974765
1.295	2.5677240644935346	0.7074164342340281
1.305	2.5818013941410185	0.7272135359383386
1.315	2.5956456350059938	0.7279467619273872
1.325	2.6092529491017973	0.7146020489267038
1.335	2.6226196726018216	0.6851263641669526
1.345	2.6357423178308212	0.7206145020369018
1.355	2.6486175751397223	0.6870327517384788
1.365	2.6612423146628696	0.6811669438260904
1.375	2.673613587956718	0.6852730093647623
1.385	2.685728629519053	0.7000841743435428
1.395	2.6975848581878954	0.6679688760232169
1.405	2.709179878419333	0.6849797189691429
1.415	2.7205114814435842	0.6547708082203432
1.425	2.7315776462986934	0.6296944793948832
1.435	2.742376540741319	0.6522778398575781
1.445	2.7529065220341717	0.656823840989679
1.455	2.7631661376097187	0.637320029680988
1.465	2.773154125609867	0.6601966805393024
1.475	2.7828694153013998	0.6211890579219203
1.485	2.792311127367046	0.6103373132840019
1.495	2.801478574072103	0.59127343756874
1.505	2.810371259306652	0.6025651178000874
1.515	2.818988878503454	0.5886338240081652
1.525	2.827331318431711	0.5950862127117923
1.535	2.8353986568669476	0.5871673720300681
1.545	2.8431911621373542	0.577195498579008
1.555	2.8507092925469926	0.5444936194674432
1.565	2.8579536956763727	0.545666781049921
1.575	2.8649252075609604	0.5390677471484842
1.585	2.8716248517482645	0.5194172906419833
1.595	2.878053838234228	0.5164843866857892
1.605	2.884213562279723	0.5019665121026281
1.615	2.8901056031080286	0.5119383855536882
1.625	2.89573172248423	0.4831959267829856
1.635	2.901093863177583	0.5026997380916767
1.645	2.906194147307926	0.47263747254068667
1.655	2.9110348745773207	0.4924345742449972
1.665	2.915618520388159	0.47366398892535466
1.675	2.9199477338490643	0.4524004352429471
1.685	2.9240253356699526	0.436416108681689
1.695	2.9278543159477315	0.43788256065978604
1.705	2.9314378318441427	0.4065004883285087
1.715	2.934779205157356	0.4199918465270018
1.725	2.9378819197889574	0.41573913579052024
1.735	2.940749619108071	0.4016611968007883
1.745	2.9433861032143915	0.38509028944829143
1.755	2.945795326101983	0.38435706345924286
1.765	2.9479813927257617	0.3606005414140703
1.775	2.9499485559726293	0.3585475086447344
1.785	2.951701213539298	0.3603072510184509
1.795	2.953243904718897	0.3641200261615033
1.805	2.9545813070985045	0.3469625380177675
1.815	2.9557182331698186	0.3289251786871735
1.825	2.956659626855217	0.32584562953316965
1.835	2.9574105599515255	0.32540569393974056
1.845	2.9579762284938416	0.32379259676383376
1.855	2.9583619490418456	0.3171935628623969
1.865	2.958573154891037	0.2949034927953214
1.875	2.9586153922114202	0.31778014365363577
1.885	2.9584943161161767	0.28375845776178366
1.895	2.9582156866629195	0.28977091087198165
1.905	2.9577853647901744	0.28126548939901863
1.915	2.957209308191746	0.28610478092673897
1.925	2.956493567131699	0.32305937077478525
1.935	2.9556442802026823	0.378784545942474
1.945	2.9546676700304046	0.3893430001847729
1.955	2.9535700389270505	0.4264442352306289
1.965	2.9523577644965067	0.4746905053100226
1.975	2.9510372951942587	0.5037262544763447
1.985	2.949615145844867	0.5579849776659364
1.995	2.948097893119953	0.5716229810622391
2.005	2.9464921709796386	0.5870207268322584
2.015	2.9448046660804263	0.6079909901190466
2.025	2.9430421131524933	0.647878483923287
2.035	2.941211290349432	0.6597567449458732
2.045	2.939319014573444	0.7146020489267038
2.055	2.937372136779044	0.7132822421464164
2.065	2.935377537258315	0.7464240568514102
2.075	2.9333421209107793	0.78161890432574
2.085	2.9312728125009637	0.787631357435938
2.095	2.929176551906721	0.8172536873934989
2.105	2.9270602893614064	0.8568478908021199
2.115	2.924930980692968	0.8731255077589973
2.125	2.9227955825630643	0.8782580896823371
2.135	2.9206610477092583	0.8907229314961622
2.145	2.918534320193393	0.8844171879903449
2.155	2.9164223306592016	0.899374998166935
2.165	2.91433199160222	0.8999615789581739
2.175	2.912270192655069	0.8867635111553002
2.185	2.9102437958911254	0.867846280637848
2.195	2.9082596311496394	0.8886698987268263
2.205	2.9063244913852837	0.8876433823421584
2.215	2.904445128045154	0.8854437043750127
2.225	2.902628246476186	0.8964420942107408
2.235	2.9008805013659487	0.8635935699013664
2.245	2.899208492219747	0.8700459586049936
2.255	2.8976187588769378	0.9201986162559135
2.265	2.8961177770693554	0.8454095653729627
2.275	2.894711954024674	0.859780794758314
2.285	2.8934076241175597	0.8578744071867879
2.295	2.8922110445713787	0.8413034998342909
2.305	2.8911283912132304	0.8414501450321006
2.315	2.890165754285022	0.8492223405160151
2.325	2.8893291343132734	0.837784015086858
2.335	2.8886244380402917	0.8363175631087608
2.345	2.8880574744193153	0.8590475687692655
2.355	2.8876339506762028	0.822239624119029
2.365	2.8873594684401707	0.8723922817699489
2.375	2.8872395199460574	0.8567012456043102
2.385	2.8872794843105383	0.8521552444722093
2.395	2.8874846238846614	0.837784015086858
2.405	2.8878600806850447	0.8540616320437354
2.415	2.888410872905987	0.8421833710211492
2.425	2.889141891514737	0.8055220715687224
2.435	2.8900578969320647	0.8288386580204657
2.445	2.891163515800264	0.8143207834373047
2.455	2.8924632378406225	0.8404236286474327
2.465	2.893961412802378	0.8336779495481861
2.475	2.8956622475050677	0.809188201513965
2.485	2.89756980297616	0.7992163280629049
2.495	2.8996879916857905	0.8147607190307339
2.505	2.9020205748803223	0.7899776806008934
2.515	2.904571160016452	0.7892444546118448
2.525	2.9073431982974416	0.7824987755125983
2.535	2.9103399823130647	0.7792725811607847
2.545	2.913564643784723	0.7618218026214295
2.555	2.917020151417174	0.7804457427432624
2.565	2.9207093088581972	0.7712070952812508
2.575	2.924634752767493	0.7653412873688625
2.585	2.9287989509960086	0.7679809009294373
2.595	2.9332042008768355	0.7549294783243733
2.605	2.9378526276287404	0.7522898647637986
2.615	2.942746182873307	0.755076123522183
2.625	2.947886643266628	0.765634577764482
2.635	2.95327560924637	0.7336659246419657
2.645	2.9589145038949876	0.7301464398945328
2.655	2.9648045719197844	0.725013857971193
2.665	2.9709468787504214	0.7235474059930959
2.675	2.9773423097544374	0.6905522364859118
2.685	2.9839915695712267	0.7175349528828979
2.695	2.9908951815648774	0.7050701110690728
2.705	2.9980534873961733	0.7049234658712631
2.715	3.0054666467139937	0.6798471370458031
2.725	3.0131346369662837	0.7056566918603117
2.735	3.0210572533306594	0.6753011359137022
2.745	3.0292341087646615	0.6626896489020674
2.755	3.0376646341755804	0.652864420648817
2.765	3.046348078709713	0.669875263594743
2.775	3.055283510160803	0.6472919031320481
2.785	3.0644698154973944	0.6540375822312946
2.795	3.073905701508678	0.6232420906912561
2.805	3.0835896955684183	0.6436257731868055
2.815	3.093520146516388	0.6351203517138424
2.825	3.103695225656738	0.622802155097827
2.835	3.1141129278725934	0.6025651178000874
2.845	3.1247710728561353	0.6421593212087083
2.855	3.1356673064533327	0.597725826272367
2.865	3.1467991021224124	0.626761575438689
2.875	3.1581637625051053	0.5999255042395126
2.885	3.169758421109601	0.5814482093154896
2.895	3.181580044104098	0.5914200827665497
2.905	3.193625432219765	0.5576916872703169
2.915	3.20589122276183	0.5865807912388292
2.925	3.2183738917274844	0.5499194917864024
2.935	3.231069756029196	0.5610645268199402
2.945	3.243974975821953	0.5443469742696335
2.955	3.257085556932922	0.5763156273921498
2.965	3.270397353391909	0.5399476183353423
2.975	3.2839060700609597	0.5512392985666899
2.985	3.2976072653613695	0.5697165934907129
2.995	3.3114963540963283	0.577195498579008
3.005	3.3255686103673225	0.5939130511293147
3.015	3.339819170582414	0.575729046600911
3.025	3.354243036554389	0.5974325358767476
3.035	3.3688350786868013	0.5999255042395126
3.045	3.1018006561556994	0.4491742408911335
3.055	3.1112668213540786	0.4584128883531451
3.065	3.120885018602189	0.4688246973976343
3.075	3.1306496262101087	0.48744863751946715
3.085	3.1405549082519753	0.4730774081341158
3.095	3.1505950182335876	0.48026302282679145
3.105	3.160764002832186	0.48040966802460117
3.115	3.1710558057059837	0.4937543810252845
3.125	3.1814642713709715	0.49566076859681074
3.135	3.1919831491424513	0.4805563132224109
3.145	3.20260609713877	0.4889150894975642
3.155	3.2133266863446135	0.5389211019506744
3.165	3.2241384047312427	0.5141380635208339
3.175	3.235034661430996	0.5659038183476606
3.185	3.246008790963322	0.538627811555055
3.195	3.257054057509632	0.5843811132716836
3.205	3.2681636592341703	0.5682501415126159
3.215	3.2793307326481087	0.5879005980191166
3.225	3.290548357014044	0.593766405931505
3.235	3.3018095587880123	0.5836478872826352
3.245	3.313107316096184	0.5830613064913963
3.255	3.3244345632432877	0.6145900240204833
3.265	3.335784195249892	0.6084309257124757
3.275	3.347149072415554	0.6261749946474503
3.285	3.358522024904928	0.6266149302408793
3.295	3.3698958573538245	0.6579970025721568
3.305	3.3812633534922694	0.6361468680985104
3.315	3.3926172807815407	0.6430391923955666
3.325	3.4039503950622096	0.6703151991881722
3.335	3.415255445210162	0.6588768737590149
3.345	3.4265251777975863	0.699937529145733
3.355	3.437752341755936	0.6821934602107584
3.365	3.4489296930378166	0.6817535246173293
3.375	3.460049999274814	0.7327860534551075
3.385	3.4711060444282418	0.7097627573989834
3.395	3.482090633429792	0.754049607137515
3.405	3.4929965968091157	0.7383585709718764
3.415	3.5038167953053128	0.7698872885009634
3.425	3.5145441244593805	0.792177358568039
3.435	3.5251715191846413	0.8100680727008233
3.445	3.535691958312194	0.817693622986928
3.455	3.5460984691084665	0.8395437574605744
3.465	3.55638413176195	0.8421833710211492
3.475	3.5665420838362127	0.8556747292196422
3.485	3.576565524686325	0.8555280840218324
3.495	3.5864477198358538	0.8640335054947955
3.505	3.5961820053115807	0.8877900275399682
3.515	3.6057617919331815	0.9229848750142978
3.525	3.615180569555064	0.9483544942353772
3.535	3.624431911257667	0.9523139145762394
3.545	3.633509477485479	0.960965981247012
3.555	3.642407020129147	0.9658052727747324
3.565	3.6511183865490207	0.998067216292868
3.575	3.659637523537542	0.9603794004557732
3.585	3.667958481217942	0.9693247575221654
3.595	3.6760754168767216	0.9816429541381808
3.605	3.6839825987274413	0.9924946987760991
3.615	3.691674409603416	0.9553934637302431
3.625	3.699145350576927	0.9426353315207987
3.635	3.7063900445026148	0.9339832648500259
3.645	3.7134032394827843	0.96199249763168
3.655	3.7201798122523875	0.9578864320930082
3.665	3.726714771481504	0.9262110693661114
3.675	3.733003260993204	0.9329567484653579
3.685	3.739040562894707	0.9223982942230591
3.695	3.7448221006198454	0.9115465495851407
3.705	3.75034344188086	0.9191720998712455
3.715	3.755600301527635	0.8923360286720691
3.725	3.7605885443125455	0.9083203552333271
3.735	3.7653041875591184	0.9097868072114242
3.745	3.769743403732826	0.8870568015509196
3.755	3.7739025229123255	0.8832440264078671
3.765	3.777778035159591	0.8800178320560537
3.775	3.7813665927873896	0.8932158998589272
3.785	3.784665012522674	0.8904296411005428
3.795	3.787670277564477	0.8726855721655683
3.805	3.7903795395350164	0.8916028026830205
3.815	3.792790120322736	0.8616871823298402
3.825	3.7948995138161212	0.867846280637848
3.835	3.7967053875271706	0.8376373698890482
3.845	3.7982055841034823	0.8649133766816538
3.855	3.799398122728007	0.8121211054701591
3.865	3.8002812004055415	0.8458495009663918
3.875	3.8008531931351826	0.8325047879657085
3.885	3.8011126569679567	0.81168116987673
3.895	3.8010583289489785	0.8602207303517432
3.905	3.800689127943529	0.8024425224147185
3.915	3.800004155346528	0.7967233597001399
3.925	3.799002695674968	0.7908575517877515
3.935	3.797684217042909	0.8231194953058871
3.945	3.796048371518769	0.7929105845570875
3.955	3.7940949953646688	0.7883645834249865
3.965	3.7918241091576923	0.7649013517754334
3.975	3.789235917792995	0.768567481720676
3.985	3.7863308103687663	0.7577157370827577
3.995	3.7831093599531327	0.7599154150499033
4.005	3.7795723232331593	0.7503834771922724
4.015	3.7757206400461856	0.7307330206857716
4.025	3.77155543279381	0.7138688229376552
4.035	3.7670780057389077	0.6887924941121952
4.045	3.7622898441861508	0.7028704331019272
4.055	3.75719261354656	0.6842464929800943
4.065	3.7517881582867125	0.6868861065406691
4.075	3.7460785007632795	0.6628362940998771
4.085	3.7400658399436706	0.6521311946597684
4.095	3.733752550013609	0.6550640986159626
4.105	3.727141178872545	0.6412794500218502
4.115	3.720234446517904	0.6148833144161028
4.125	3.7130352433191876	0.5969926002833185
4.135	3.705546628183095	0.5745558850184332
4.145	3.697771826610818	0.5688367223038547
4.155	3.689714228648798	0.5786619505571051
4.165	3.681377386734266	0.5575450420725072
4.175	3.672765013436959	0.5588648488527946
4.185	3.663880979098502	0.548159749412686
4.195	3.654729309370957	0.535108326807622
4.205	3.645314182656166	0.5213236782135096
4.215	3.6356399274475204	0.5157511606967407
4.225	3.6257110195759097	0.5461067166433501
4.235	3.6155320793616177	0.5378945855660064
4.245	3.605107868674015	0.5333485844339055
4.255	3.594443287900957	0.5125249663449271
4.265	3.583543372829852	0.5119383855536882
4.275	3.5724132914424245	0.4912614126625195
4.285	3.561058340625243	0.4984470273551952
4.295	3.5494839427981466	0.48407579796984385
4.305	3.5376956424627557	0.48334257198079533
4.315	3.5256991026733084	0.4944876070143331
4.325	3.513500101432105	0.49419431661871366
4.335	3.501104528011886	0.5024064476960572
4.345	3.48851837920754	0.46354547027648485
4.355	3.4757477555195617	0.4721975369472576
4.365	3.4627988572717445	0.4787965708486944
4.375	3.449677980665592	0.4848090239588924
4.385	3.4363915137740384	0.46046592112248097
4.395	3.422945932477057	0.47205089174944787
4.405	3.409347796341776	0.4491742408911335
4.415	3.395603744449805	0.4406688194181705
4.425	3.381720491174429	0.45093398326485
4.435	3.36770482191044	0.46046592112248097
4.445	3.353563588759361	0.4387624318466443
4.455	3.3393037061728488	0.43817585105540546
4.465	3.324932146557103	0.4405221742203608
4.475	3.3104559358411305	0.44946753128675293
4.485	3.2958821490117334	0.4585595335509548
4.495	3.281217905618104	0.4589994691443839
4.505	3.2664703652489537	0.4446282397590326
4.515	3.251646722985087	0.42659088042843857
4.525	3.2367542048303855	0.4305503007693007
4.535	3.2218000631241432	0.44594804653931996
4.545	3.2067915719377345	0.44404165896779374
4.555	3.191736022458594	0.4330432691320657
4.565	4.087353836673556	1.073736138362677
4.575	4.067956004529137	1.1109840186063427
4.585	4.048533044062968	1.0599514897685645
4.595	4.029092268617541	1.0631776841203782
4.605	4.0096409854858255	1.1073178886611
4.615	3.9901864912820804	1.0420607756357803
4.625	3.9707360673209506	1.0269563202613803
4.635	3.951296975007901	1.0359016773277725
4.645	3.9318764512439124	1.0694834276261955
4.655	3.912481703847476	1.0018799914359204
4.665	3.893119906996812	1.0099454773154544
4.675	3.87379819669527	1.0345818705474852
4.685	3.8545236662628968	0.9968940547103904
4.695	3.835303361857026	1.023143545118328
4.705	3.816144278024858	1.0156646400300329
4.715	3.7970533532908597	0.9763637270170313
4.725	3.7780374657818996	0.9844292128965653
4.735	3.7591034288929106	0.9922014083804798
4.745	3.740257986995927	0.981056373346942
4.755	3.721507811195253	0.9543669473455753
4.765	3.7028594951315332	0.9726975970717886
4.775	3.684319550837457	0.9342765552456453
4.785	3.6658944046477666	0.9147727439369543
4.795	3.647590393166235	0.9391158467733657
4.805	3.6294137592922344	0.9065606128596106
4.815	3.611370648309477	0.9071471936508495
4.825	3.5934671040394766	0.9197586806624843
4.835	3.575709065062195	0.8769382829020498
4.845	3.558102361006391	0.8852970591772031
4.855	3.5406527089120163	0.894389061441405
4.865	3.5233657096670967	0.9210784874427717
4.875	3.5062468445213386	0.8961488038151214
4.885	3.4893014716787882	0.8964420942107408
4.895	3.4725348229717516	0.8712191201874712
4.905	3.4559520006181055	0.9096401620136145
4.915	3.439557974064166	0.8913095122874011
4.925	3.4233575769151194	0.8910162218917816
4.935	3.407355503955052	0.9048008704858942
4.945	3.3915563082585147	0.8630069891101275
4.955	3.3759643983954937	0.8751785405283333
4.965	3.3605840357316206	0.9226915846186785
4.975	3.3454193318253944	0.8712191201874712
4.985	3.3304742459240977	0.8784047348801468
4.995	3.3157525825600573	0.8770849280998595
5.005	3.301257989248817	0.865793247868512
5.015	3.286993954290729	0.9037743541012262
5.025	3.27296380467741	0.8710724749896614
5.035	3.2591707041044278	0.8722456365721392
5.045	3.2456176510915253	0.8495156309116345
5.055	3.232307477211617	0.8653533122750829
5.065	3.2192428454297253	0.8627136987145082
5.075	3.206426248552952	0.7952569077220428
5.085	3.193860007792498	0.8113878794811106
5.095	3.18154627143869	0.8325047879657085
5.105	3.1694870136498983	0.8325047879657085
5.115	3.157684033356131	0.8005361348431923
5.125	3.146138953278049	0.7890978094140351
5.135	3.134853219062059	0.7817655495235497
5.145	3.1238280985320515	0.7571291562915189
5.155	3.113064681058303	0.7361588930047307
5.165	3.102563877043969	0.7402649585434026
5.175	3.092326417529512	0.7297065043011036
5.185	3.0823528539153546	0.7253071483668124
5.195	3.072643557802955	0.6713417155728401
5.205	3.0631987209544276	0.7041902398822145
5.215	3.054018355370756	0.7110825641792707
5.225	3.0451022934885716	0.667382295231978
5.235	3.0364501884953965	0.6695819731991236
5.245	3.0280615147631615	0.6481717743189064
5.255	3.0199355683997426	0.6599033901436829
5.265	3.012071467918185	0.6244152522737337
5.275	3.0044681550232033	0.6274948014277376
5.285	2.9971243955144633	0.607257764129998
5.295	2.9900387803060915	0.5971392454811282
5.305	2.98320972656177	0.6050580861628524
5.315	2.9766354789447034	0.5535856217316452
5.325	2.970314110981677	0.5732360782381459
5.335	2.964243526540329	0.5631175595892761
5.345	2.9584214614187223	0.5779287245680566
5.355	2.9528454850461925	0.5257230341478007
5.365	2.9475130022943987	0.5483063946104957
5.375	2.9424212553974223	0.5420006511046782
5.385	2.9375673259796944	0.5175109030704571
5.395	2.932948137190458	0.5144313539164532
5.405	2.9285604559433995	0.5214703234113193
5.415	2.924400895260024	0.4761569572881197
5.425	2.9204659167152727	0.502553092893867
5.435	2.9167518329838207	0.5113518047624495
5.445	2.9132548104854195	0.48568889514575064
5.455	2.909970872127598	0.47131766576039935
5.465	2.9068959001439523	0.45401353241885384
5.475	2.9040256390262122	0.44565475614370054
5.485	2.901355698548202	0.47337069852973523
5.495	2.898881556879745	0.4683847618042052
5.505	2.896598563788515	0.45430682281447327
5.515	2.894501943927785	0.4433084329787452
5.525	2.8925868002079387	0.44814772450646556
5.535	2.890848117249597	0.4428684973853161
5.545	2.8892807649161107	0.43201675274739776
5.555	2.8878795019231713	0.4408154646159802
5.565	2.886638979523183	0.4308435911649201
5.575	2.8855537452620545	0.44037552902255106
5.585	2.8846182468059514	0.442428561791887
5.595	2.8838268358355634	0.44213527139626757
5.605	2.883173772005365	0.44418830416560345
5.615	2.8826532269653096	0.4346563663079725
5.625	2.8822592884423575	0.4716109561560187
5.635	2.8819859643792043	0.4875952827172768
5.645	2.8818271871275276	0.47175760135382844
5.655	2.881776817693037	0.4914080578603292
5.665	2.881828650029593	0.4846623787610827
5.675	2.881976415379586	0.5059259324434903
5.685	2.8822137866578	0.520590452224461
5.695	2.8825343828758796	0.5153112251033115
5.705	2.88293177360457	0.49580741379462046
5.715	2.883399483470803	0.5104719335755912
5.725	2.8839309966867317	0.5257230341478007
5.735	2.884519761607759	0.5211770330156998
5.745	2.885159195316609	0.5132581923339756
5.755	2.8858426882304578	0.5198572262354124
5.765	2.8865636087281263	0.523083420587226
5.775	2.887315307794331	0.4985936725530049
5.785	2.8880911236779605	0.5106185787734009
5.795	2.888884386561354	0.5068058036303486
5.805	2.889688423237541	0.5329086488404764
5.815	2.89049656179238	0.522056904202558
5.825	2.891302136288557	0.5330552940382861
5.835	2.8920984914483845	0.5374546499725773
5.845	2.8928789873323417	0.5305623256755211
5.855	2.8936370040102957	0.5208837426200804
5.865	2.8943659462223654	0.5465466522367792
5.875	2.895059248026364	0.5499194917864024
5.885	2.8957103774287876	0.5485996850061151
5.895	2.8963128409963215	0.5563718804900296
5.905	2.896860188444834	0.5472798782258277
5.915	2.897346017202858	0.5799817573373924
5.925	2.8977639769465573	0.5525591053469772
5.935	2.8981077741032166	0.5644373663695634
5.945	2.89837117632028	0.5538789121272646
5.955	2.898548016897009	0.5767555629855788
5.965	2.898632199175846	0.5833545968870157
5.975	2.898617700890588	0.5670769799301382
5.985	2.8984985784685042	0.5434671030827753
5.995	2.89826897128357	0.5547587833141228
6.005	2.8979231058579957	0.5922999539534078
6.015	2.897455300009293	0.5635574951827053
6.025	2.8968599669401094	0.5681034963148062
6.035	3.521094969713477	1.1057047914851932
6.045	3.5149242755602472	1.0565786502189412
6.055	3.5086099060889353	1.0781354942969683
6.065	3.50214669570291	1.0655240072853334
6.075	3.4955295936882402	1.06728374965905
6.085	3.4887536679047386	1.0473400027569297
6.095	3.4818141084016854	1.0543789722517956
6.105	3.4747062309557992	1.0247566422942347
6.115	3.4674254805290907	1.0504195519109336
6.125	3.459967434644301	1.0473400027569297
6.135	3.452327806675644	1.064790781296285
6.145	3.4445024490526466	1.0678703304502888
6.155	3.4364873563749345	1.0562853598233217
6.165	3.4282786684358566	1.0612712965488518
6.175	3.419872673152905	1.0087723157329767
6.185	3.41126580940295	0.9904416660067632
6.195	3.402454669760364	1.0168378016125106
6.205	3.393436003136164	1.0241700615029958
6.215	3.3842067173163706	1.0320889021847202
6.225	3.374763881397858	1.0139048976563163
6.235	3.3651047281200017	1.0207972219533727
6.245	3.3552266560905317	0.9829627609184681
6.255	3.345127231904037	0.9941077959520059
6.265	3.3348041921516534	1.0121451552826
6.275	3.3242554453205293	0.9515806885871908
6.285	3.3134790735817425	0.9795899213688449
6.295	3.3024733344653696	0.9836959869075167
6.305	3.291236662421561	0.9539270117521461
6.315	3.2797676702664686	0.9565666253127209
6.325	3.2680651505119833	0.9204919066515328
6.335	3.2561280765783134	0.9298771993113542
6.345	3.2439556038884962	0.9106666783982824
6.355	3.231547070844025	0.9048008704858942
6.365	3.218901999680833	0.9323701676741192
6.375	3.206020097204971	0.8913095122874011
6.385	3.192901255407354	0.8603673755495529
6.395	3.1795455519571063	0.8640335054947955
6.405	3.165953250573001	0.8879366727377778
6.415	3.1521248012726817	0.8701926038028033
6.425	3.1380608404993313	0.8534750512524966
6.435	3.1237621911256257	0.8671130546487994
6.445	3.1092298623347925	0.8096281371073941
6.455	3.0944650493787655	0.8049354907774835
6.465	3.079469133213425	0.8276654964379881
6.475	3.0642436800110446	0.8325047879657085
6.485	3.0487904405501323	0.8075751043380582
6.495	3.0331113494829136	0.7651946421710528
6.505	3.0172085244807976	0.7585956082696159
6.515	3.001084265258247	0.7722336116659188
6.525	2.9847410524755538	0.7728201924571576
6.535	2.9681815465210812	0.7506767675878918
6.545	2.9514085861736157	0.7536096715440859
6.555	2.9344251871455866	0.7223742444106183
6.565	2.9172345405079216	0.7156285653113718
6.575	2.8998400109974454	0.7376253449828278
6.585	2.8822451352077474	0.6994975935523039
6.595	2.864453619664585	0.7138688229376552
6.605	2.8464693387868905	0.6899656556946729
6.615	2.828296332734595	0.6823401054085682
6.625	2.809938805144484	0.6618097777152091
6.635	2.7914011207554363	0.6694353280013139
6.645	2.7726878029244366	0.6667957144407392
6.655	2.7538035310348126	0.6695819731991236
6.665	2.734753137798255	0.6409861596262307
6.675	2.715541606452195	0.6597567449458732
6.685	2.6961740678542436	0.6170829923832484
6.695	2.6766557974754113	0.6247085426693532
6.705	2.6569922122939245	0.6475851935276675
6.715	2.637188867591482	0.5939130511293147
6.725	2.617251453653934	0.5943529867227437
6.735	2.597185792378323	0.5883405336125458
6.745	2.5769978337883903	0.5915667279643593
6.755	2.5566936524606305	0.5553453641053616
6.765	2.536279443863081	0.555638654500981
6.775	2.5157615206090895	0.5708897550731906
6.785	2.4951463086283345	0.5176575482682668
6.795	2.4744403432574362	0.538627811555055
6.805	2.4536502652525627	0.5333485844339055
6.815	2.4327828167264887	0.5277760669171366
6.825	2.4118448370125742	0.5122316759493076
6.835	2.390843258458231	0.5062192228391097
6.845	2.369785102150467	0.5056326420478708
6.855	2.348677473576137	0.49038154147566126
6.865	2.3275275582195905	0.4877419279150865
6.875	2.3063426171004138	0.47043779457354107
6.885	2.285129982254083	0.4793831516399332
6.895	2.2638970521582626	0.47117102056258964
6.905	2.2426512871076394	0.47571702169469054
6.915	2.221400204540147	0.4355362374948307
6.925	2.2001513743174703	0.4710243753647799
6.935	2.1789124139627987	0.462958889485246
6.945	2.157690983858779	0.4510806284626597
6.955	2.1364947824086618	0.4482943697042753
6.965	2.115331541163656	0.4345097211101628
6.975	2.0942090199195595	0.4261509448350095
6.985	2.0731350017857144	0.44198862619845786
6.995	2.0521172882293777	0.4400822386269317
7.005	2.0311636940985984	0.43113688156053953
7.015	2.0102820426267627	0.42131165330728915
7.025	1.9894801604218935	0.4128062318343261
7.035	1.9687658724438941	0.42189823409852795
7.045	1.948146996972861	0.4368560442751181
7.055	1.9276313405716496	0.4453614657480811
7.065	1.9072266930458697	0.4447748849568423
7.075	1.8869408224044861	0.46794482621077604
7.085	1.8667814698241807	0.4660384386392499
7.095	1.846756344620691	0.44565475614370054
7.105	1.8268731192302847	0.4651585674523916
7.115	1.8071394242045529	0.4837825075742244
7.125	1.7875628432216693	0.47982308723336237
7.135	1.768150908117314	0.47425056971659346
7.145	1.7489110939383894	0.5002067697289116
7.155	1.7298508140226618	0.5138447731252145
7.165	1.710977415107488	0.5282160025105658
7.175	1.6922981724706967	0.5002067697289116
7.185	1.6738202851067496	0.5200038714332221
7.195	1.6555508709412479	0.4999134793332923
7.205	1.6374969620868334	0.5248431629609425
7.215	1.6196655001435132	0.49800709176176605
7.225	1.6020633315464117	0.5305623256755211
7.235	1.584697202963943	0.5475731686214471
7.245	1.5675737567493282	0.5484530398083054
7.255	1.5506995264483825	0.540094263533152
7.265	1.5340809323664686	0.5427338770937268
7.275	1.5177242771974564	0.559158139248414
7.285	1.5016357417174946	0.566637044336709
7.295	1.4858213805463838	0.570156529084142
7.305	1.4702871179792822	0.580714983326441
7.315	1.455038743891429	0.5865807912388292
7.325	1.4400819097185504	0.5896603403928331
7.335	1.4254221245155394	0.5774887889746274
7.345	1.4110647510959708	0.6002187946351321
7.355	1.3970150022549725	0.5861408556454002
7.365	1.3832779370779051	0.5732360782381459
7.375	1.3698584573372417	0.5748491754140527
7.385	1.3567613039800386	0.6015386014154194
7.395	1.3439910537082687	0.577195498579008
7.405	1.3315521156542738	0.612243700855528
7.415	1.3194487281535223	0.5689833675016644
7.425	1.3076849556167935	0.5786619505571051
7.435	1.2962646855038722	0.5896603403928331
7.445	1.28519162540074	0.59127343756874
7.455	1.27446930020223	0.5799817573373924
7.465	1.2641010494019937	0.6068178285365688
7.475	1.2540900244916284	0.5983124070636059
7.485	1.244439186470686	0.5898069855906428
7.495	1.2351513034692596	0.5874606624256875
7.505	1.2262289484847455	0.5697165934907129
7.515	1.1926973914504884	0.5544654929185033
7.525	1.1845918720207278	0.5417073607090588
7.535	1.1768584079161628	0.5384811663572453
7.545	1.1694987713071665	0.5733827234359556
7.555	1.1625145296794335	0.53613484319229
7.565	1.155907044285693	0.5509460081710704
7.575	1.1496774687208875	0.5563718804900296
7.585	1.1438267476218171	0.5179508386638862
7.595	1.1383556154922285	0.5485996850061151
7.605	1.1332645956542002	0.5443469742696335
7.615	1.1285539993266362	0.5258696793456105
7.625	1.124223924831567	0.5442003290718238
7.635	1.1202742569289206	0.5393610375441035
7.645	1.1167046662803002	0.5112051595646397
7.655	1.5222577467933047	0.7895377450074642
7.665	1.5237165493115958	0.802149232019099
7.675	1.5255531530613475	0.7955501981176623
7.685	1.52776636954412	0.793643810546136
7.695	1.530354795431289	0.768567481720676
7.705	1.5333168128091987	0.768567481720676
7.715	1.5366505895550013	0.7697406433031537
7.725	1.5403540798430884	0.7852850342709827
7.735	1.5444250247819795	0.7534630263462762
7.745	1.5488609531813902	0.7539029619397053
7.755	1.553659182449165	0.7653412873688625
7.765	1.5588168196176766	0.7741399992374449
7.775	1.56433076249919	0.7489170252141752
7.785	1.5701977009696266	0.7536096715440859
7.795	1.5764141183800846	0.7184148240697562
7.805	1.5829762930953937	0.7321994726638686
7.815	1.589880300158871	0.7192946952566144
7.825	1.5971220130824384	0.7126956613551776
7.835	1.6046971057610864	0.6748612003202731
7.845	1.6126010545106912	0.711962435366129
7.855	1.6208291402280297	0.6725148771553178
7.865	1.629376450671825	0.6700219087925527
7.875	1.6382378828635464	0.6676755856275974
7.885	1.6474081456065996	0.6462653867473802
7.895	1.6568817621225307	0.6304277053839318
7.905	1.6666530728027062	0.6005120850307515
7.915	1.6767162380739378	0.5890737596015942
7.925	1.6870652413764093	0.5617977528089887
7.935	1.6976938922521956	0.5263096149390396
7.945	1.7085958295425936	0.5169243222792183
7.955	1.7197645246924447	0.48128953921145945
7.965	1.7311932851595202	0.4729307629363061
7.975	1.7428752579269948	0.4676515358151566
7.985	1.7548034331169666	0.42732410641748714
7.995	1.7669706477029428	0.41192636064746785
8.005	1.7793695893190904	0.38054428831619047
8.015	1.7919928001640455	0.33581750298422974
8.025	1.8048326809969835	0.31983317642297165
8.035	1.8178814952236275	0.2863980713223584
8.045	1.831131373069747	0.27759935945377595
8.055	1.8445743158397572	0.21732818315398625
8.065	1.858202200257839	0.20354353455987376
8.075	1.8720067828890474	0.18755920799861567
8.085	1.8859797046378228	0.13139409723749776
8.095	1.9001124953211792	0.1162896418630979
8.105	1.914396578313915	0.11247686672004552
8.115	1.9288232752630512	0.11966248141272118
8.125	1.9433838108687302	0.1305142260506395
8.135	1.9580693177287039	0.12098228819300853
8.145	1.9728708412435272	0.12464841813825123
8.155	1.9877793445795773	0.1401928091060802
8.165	2.002785713686881	0.14503210063380054
8.175	2.0178807623687733	0.1525110057220956
8.185	2.033055237400402	0.1462052622162782
8.195	2.0482998236929535	0.15001803735933059
8.205	2.0636051495005487	0.1539774577001927
8.215	2.0789617916666736	0.15896339442572274
8.225	2.0943602809070363	0.1506046181505694
8.235	2.109791107125612	0.1704017198548799
8.245	2.1252447247607824	0.1704017198548799
8.255	2.140711558158269	0.18697262720737684
8.265	2.156182006967677	0.19166527353728746
8.275	2.1716464515594307	0.17993365771251088
8.285	2.1870952584587795	0.1862394012183283
8.295	2.2025187857936577	0.1866793368117574
8.305	2.2179073887530807	0.19782437184529517
8.315	2.2332514250528397	0.2146885695934115
8.325	2.248541260405142	0.20779624529635526
8.335	2.2637672739889254	0.22686012101161723
8.345	2.2789198639175665	0.21146237524159794
8.355	2.293989452700663	0.22568695942913958
8.365	2.308966492696576	0.24592399672687917
8.375	2.3238414715524707	0.2403514792101103
8.385	2.338604917628554	0.24064476960572972
8.395	2.3532474054032315	0.2579489029472752
8.405	2.3677595608559012	0.2717335515413877
8.415	2.3821320668241732	0.258535483738514
8.425	2.3963556683321983	0.27701277866253715
8.435	2.410421177886953	0.28155877979463806
8.445	2.424319480739247	0.28991755606979136
8.455	2.4380415401062376	0.30311562387266505
8.465	3.115474386407328	0.5763156273921498
8.475	3.1341211340588817	0.6056446669540912
8.485	3.1525650472566698	0.6028584081957068
8.495	3.1707974524289106	0.6491982907035743
8.505	3.188809779395921	0.6760343619027508
8.515	3.2065935662962537	0.6990576579588748
8.525	3.2241404644528644	0.6757410715071314
8.535	3.2414422431762038	0.6896723652990535
8.545	3.258490794501445	0.7197346308500435
8.555	3.275278137856884	0.7462774116536005
8.565	3.2917964246607165	0.7779527743804974
8.575	3.3080379428433915	0.7858716150622215
8.585	3.3239951212927785	0.8131476218548271
8.595	3.3396605342194436	0.8524485348678287
8.605	3.355026905439417	0.8486357597247762
8.615	3.3700871125717966	0.8634469247035567
8.625	3.3848341911486433	0.9096401620136145
8.635	3.399261338634702	0.9339832648500259
8.645	3.4133619183544512	0.9355963620259327
8.655	3.4271294633241234	0.9605260456535829
8.665	3.4405576799863464	0.9838426321053264
8.675	3.4536404518451387	1.022703609524899
8.685	3.4663718429990187	1.0185975439862271
8.695	3.478746101570124	1.0756425259342033
8.705	3.490757663027198	1.0586316829882771
8.715	3.5024011534004353	1.1491117700368665
8.725	3.5136713923862337	1.1410462841573326
8.735	3.5245633963399516	1.196038233335973
8.745	3.535072381154836	1.1988244920943574
8.755	3.5451937650253798	1.240031792678885
8.765	3.554923171093386	1.274200123768547
8.775	3.5642564299751887	1.2815323836590322
8.785	3.5731895821684043	1.3409236887719638
8.795	3.5817188803367954	1.3640936300258975
8.805	3.5898407914718446	1.3573479509266508
8.815	3.597551998929689	1.4503210063380054
8.825	3.604849404342201	1.4775970131306109
8.835	3.611730129401021	1.5085391498684593
8.845	3.61819151751346	1.5625045826624315
8.855	3.624231135329254	1.557665291134711
8.865	3.6298467741372393	1.630841244841755
8.875	3.635036451131075	1.6487319589745393
8.885	3.6397984105432557	1.6685290606788499
8.895	3.644131124646698	1.693018808713071
8.905	3.648033294623298	1.7475708222982822
8.915	3.651503851298913	1.8107749025542659
8.925	3.6545419557443175	1.8189870336316096
8.935	3.6571469997417605	1.8942160201079894
8.945	3.6593186061168272	1.8967089884707544
8.955	3.6610566289354045	1.9574201003639733
8.965	3.6623611535656124	1.9593264879354995
8.975	3.6632324966046648	2.0119721139491844
8.985	3.66367120567069	2.055232447303048
8.995	3.6636780590596354	2.0590452224461004
9.005	3.663254065267454	2.1411665332195366
9.015	3.6624004623778577	2.119756334339319
9.025	3.661118717316003	2.195571901606938
9.035	3.6594105249685542	2.175921445100437
9.045	3.6572778071706553	2.240005396543279
9.055	3.6547227115604173	2.213169325344103
9.065	3.6517476103016104	2.280186180743139
9.075	3.6483550986753372	2.3532154892523733
9.085	3.644547993541524	2.403514792101103
9.095	-Inf	0.0
9.105	-Inf	0.0
9.115	-Inf	0.0
9.125	-Inf	0.0
9.135	-Inf	0.0
9.145	-Inf	0.0
9.155	-Inf	0.0
9.165	-Inf	0.0
9.175	-Inf	0.0
9.185	-Inf	0.0
9.195	-Inf	0.0
9.205	-Inf	0.0
9.215	-Inf	0.0
9.225	-Inf	0.0
9.235	-Inf	0.0
9.245	-Inf	0.0
9.255	-Inf	0.0
9.265	-Inf	0.0
9.275	-Inf	0.0
9.285	-Inf	0.0
9.295	-Inf	0.0
9.305	-Inf	0.0
9.315	-Inf	0.0
9.325	-Inf	0.0
9.335	-Inf	0.0
9.345	-Inf	0.0
9.355	-Inf	0.0
9.365	-Inf	0.0
9.375	-Inf	0.0
9.385	-Inf	0.0
9.395	-Inf	0.0
9.405	-Inf	0.0
9.415	-Inf	0.0
9.425	-Inf	0.0
9.435	-Inf	0.0
9.445	-Inf	0.0
9.455	-Inf	0.0
9.465	-Inf	0.0
9.475	-Inf	0.0
9.485	-Inf	0.0
9.495	-Inf	0.0
9.505	-Inf	0.0
9.515	-Inf	0.0
9.525	-Inf	0.0
9.535	-Inf	0.0
9.545	-Inf	0.0
9.555	-Inf	0.0
9.565	-Inf	0.0
9.575	-Inf	0.0
9.585	-Inf	0.0
9.595	-Inf	0.0
9.605	-Inf	0.0
9.615	-Inf	0.0
9.625	-Inf	0.0
9.635	-Inf	0.0
9.645	-Inf	0.0
9.655	-Inf	0.0
9.665	-Inf	0.0
9.675	-Inf	0.0
9.685	-Inf	0.0
9.695	-Inf	0.0
9.705	-Inf	0.0
9.715	-Inf	0.0
9.725	-Inf	0.0
9.735	-Inf	0.0
9.745	-Inf	0.0
9.755	-Inf	0.0
9.765	-Inf	0.0
9.775	-Inf	0.0
9.785	-Inf	0.0
9.795	-Inf	0.0
9.805	-Inf	0.0
9.815	-Inf	0.0
9.825	-Inf	0.0
9.835	-Inf	0.0
9.845	-Inf	0.0
9.855	-Inf	0.0
9.865	-Inf	0.0
9.875	-Inf	0.0
9.885	-Inf	0.0
9.895	-Inf	0.0
9.905	-Inf	0.0
9.915	-Inf	0.0
9.925	-Inf	0.0
9.935	-Inf	0.0
9.945	-Inf	0.0
9.955	-Inf	0.0
9.965	-Inf	0.0
9.975	-Inf	0.0
9.985	-Inf	0.0
9.995	-Inf	0.0
