0.005	-Inf	0.0
0.015	-Inf	0.0
0.025	-Inf	0.0
0.035	-Inf	0.0
0.045	-Inf	0.0
0.055	-Inf	0.0
0.065	-Inf	0.0
0.075	-Inf	0.0
0.085	-Inf	0.0
0.095	-Inf	0.0
0.105	-Inf	0.0
0.115	-Inf	0.0
0.125	-Inf	0.0
0.135	-Inf	0.0
0.145	-Inf	0.0
0.155	-Inf	0.0
0.165	-Inf	0.0
0.175	-Inf	0.0
0.185	-Inf	0.0
0.195	-Inf	0.0
0.205	-Inf	0.0
0.215	-Inf	0.0
0.225	-Inf	0.0
0.235	-Inf	0.0
0.245	-Inf	0.0
0.255	-Inf	0.0
0.265	-Inf	0.0
0.275	-Inf	0.0
0.285	-Inf	0.0
0.295	-Inf	0.0
0.305	-Inf	0.0
0.315	-Inf	0.0
0.325	-Inf	0.0
0.335	-Inf	0.0
0.345	-Inf	0.0
0.355	-Inf	0.0
0.365	-Inf	0.0
0.375	-Inf	0.0
0.385	-Inf	0.0
0.395	-Inf	0.0
0.405	-Inf	0.0
0.415	-Inf	0.0
0.425	-Inf	0.0
0.435	-Inf	0.0
0.445	-Inf	0.0
0.455	-Inf	0.0
0.465	-Inf	0.0
0.475	-Inf	0.0
0.485	-Inf	0.0
0.495	-Inf	0.0
0.505	-Inf	0.0
0.515	-Inf	0.0
0.525	-Inf	0.0
0.535	-Inf	0.0
0.545	-Inf	0.0
0.555	-Inf	0.0
0.565	-Inf	0.0
0.575	-Inf	0.0
0.585	-Inf	0.0
0.595	-Inf	0.0
0.605	-Inf	0.0
0.615	-Inf	0.0
0.625	-Inf	0.0
0.635	-Inf	0.0
0.645	-Inf	0.0
0.655	-Inf	0.0
0.665	-Inf	0.0
0.675	-Inf	0.0
0.685	0.024696277242611364	0.5590022252555228
0.695	0.026948848674256065	0.5780807994963256
0.705	0.029247722396315234	0.5703626490080008
0.715	0.031586321222657365	0.5677610252478914
0.725	0.033957989455438264	0.5571810886234462
0.735	0.036355998455323	0.5592623876315338
0.745	0.03877355227020651	0.546080827246979
0.755	0.04120379331844992	0.5654195638637929
0.765	0.04363980812260293	0.5477285222950484
0.775	0.04607463308954418	0.5389697223026798
0.785	0.04850126033295654	0.5585686212955046
0.795	0.05091264353400482	0.5439995282388915
0.805	0.053301703836065306	0.5482488470470703
0.815	0.055661335769335296	0.5348938450785083
0.825	0.05798441320113035	0.5519778411032272
0.835	0.060263795307635815	0.5368017025025886
0.845	0.062492332562910424	0.5466878727910046
0.855	0.06466287274087246	0.5405306965587455
0.865	0.066768266926032	0.534720403494501
0.875	0.06880137552869647	0.5309046886463404
0.885	0.07075507430039885	0.5389697223026798
0.895	0.07262226034526414	0.5131269262855924
0.905	0.07439585812306265	0.520151310437888
0.915	0.07606882543968951	0.5352407282465229
0.925	0.07763415942079899	0.5212786807339354
0.935	0.07908490246437666	0.5484222886310776
0.945	0.08041414816799325	0.5290835520142638
0.955	0.0816150472265394	0.5153816668776873
0.965	0.08268081329623922	0.5220591678619683
0.975	0.08360472882076386	0.5099182569814573
0.985	0.08438015081530037	0.5223193302379792
0.995	0.08500051660443836	0.514687900541658
1.005	0.08545934950979711	0.5182434530138077
1.015	0.0857502644833017	0.5029805936211654
1.025	0.08586697368211516	0.5193708233098551
1.035	0.0858032919812009	0.513473809453607
1.045	0.085553142419587	0.514948062917669
1.055	0.0851105615764206	0.5137339718296179
1.065	0.08446970487293948	0.49760390451693914
1.075	0.08362485179656548	0.5060158213412931
1.085	0.08257041104333934	0.50879088668541
1.095	0.08130092557500057	0.49248737778872387
1.105	0.07981107758704498	0.48945215006859616
1.115	0.0780956933841861	0.4948288391728224
1.125	0.07614974815965403	0.4915334490766837
1.135	0.07396837067489392	0.4862434807644611
1.145	0.07154684783623305	0.48667708472447935
1.155	0.06888062916518622	0.48468250650839545
1.165	0.06596533115913744	0.4809535124522385
1.175	0.06279674153918813	0.47878549265214726
1.185	0.05937082338206345	0.48294809066832245
1.195	0.05568371913301673	0.4821676035402896
1.205	0.05173175449678363	0.4807800708682312
1.215	0.047511442203676535	0.480346466908213
1.225	0.043019485648037425	0.47575026493201955
1.235	0.0382527823963138	0.4729751995879028
1.245	0.033208427562131604	0.46794539365169113
1.255	0.027883717045820378	0.4647367243475561
1.265	0.022276150635925918	0.468725880779724
1.275	0.016383434970366706	0.45701857385923134
1.285	0.01020348635493562	0.4507746768349686
1.295	0.003734433436996698	0.4604874055393773
1.305	-0.0030253802677204233	0.44435733822669854
1.315	-0.010077393997202366	0.444010455058684
1.325	-0.017422827515996386	0.45207548871502334
1.335	-0.025062679040600278	0.44296980555464016
1.345	-0.032997723319075134	0.437072791698392
1.355	-0.04122850986647031	0.4446175006027095
1.365	-0.0497553613575204	0.4256256471539103
1.375	-0.05857837217799966	0.42371778972983004
1.385	-0.06769740713598466	0.41946847092165124
1.395	-0.0771121003341923	0.4113167164733082
1.405	-0.08682185420443866	0.4072408392491367
1.415	-0.09682583870515893	0.40264463727294325
1.425	-0.10712299068282594	0.39830859767276083
1.435	-0.11771201339797921	0.38980996005640317
1.445	-0.12859137621649352	0.39761483133673164
1.455	-0.1397593144665713	0.37125171056762224
1.465	-0.15121382946185957	0.39223814223250536
1.475	-0.1629526886909668	0.3878153818403193
1.485	-0.1749734261735495	0.37385333432773177
1.495	-0.187273342983019	0.362666352159261
1.505	-0.1998495079358148	0.35598885117498
1.515	-0.2126987584470772	0.3557286887989691
1.525	-0.2258177015524313	0.33456881555007867
1.535	-0.23920271509549695	0.3373438808941954
1.545	-0.2528499490806154	0.33647667297415895
1.555	-0.2667553271901735	0.33612978980614433
1.565	-0.2809145484658079	0.3189590729894218
1.575	-0.29532308915263505	0.3127151759651591
1.585	-0.30997620470557397	0.31132764329310064
1.595	-0.32486893195668654	0.31418942942922107
1.605	-0.3399960914423855	0.3004875442926445
1.615	-0.35535228988921497	0.2951108551884183
1.625	-0.3709319228568303	0.28773958786810805
1.635	-0.3867291775366821	0.28470436014798034
1.645	-0.40273803570480804	0.2727368908514768
1.655	-0.4189522768270252	0.27993471658777963
1.665	-0.4353654813147214	0.2770729304516592
1.675	-0.4519710339293337	0.27117591659541107
1.685	-0.4687621273334942	0.2620702334350279
1.695	-0.48573176578674926	0.2599022136349367
1.705	-0.5028727689836191	0.26102958393098413
1.715	-0.520177776031699	0.2605092591789622
1.725	-0.5376392495673978	0.25313799185865204
1.735	-0.555249480006805	0.2586881225468856
1.745	-0.5730005899290966	0.2403900354341156
1.755	-0.5908845385897918	0.24342526315424334
1.765	-0.6088931265610827	0.2465472116663747
1.775	-0.6270180004963728	0.2357938334579222
1.785	-0.6452506580160713	0.24576672453834186
1.795	-0.6635824527116098	0.24099708097814115
1.805	-0.6820045992645569	0.2296366572256631
1.815	-0.7005081786776337	0.2310241898977215
1.825	-0.7190841436143529	0.2325851641537872
1.835	-0.7377233238439176	0.22460685128945146
1.845	-0.7564164317879558	0.22998354039367772
1.855	-0.7751540681655935	0.2292897740576485
1.865	-0.7939267277332742	0.21688870080112668
1.875	-0.8127248051157012	0.22001064931325803
1.885	-0.8315386007241881	0.22070441564928725
1.895	-0.8503583267586512	0.2134198691209807
1.905	-0.8691741132894024	0.20769629684873986
1.915	-0.8879760144148712	0.2139401938730026
1.925	-0.9067540144912888	0.20578843942465957
1.935	-0.9254980344303504	0.20596188100866686
1.945	-0.944197938060806	0.20310009487254646
1.955	-0.9628435385498693	0.19867733448036035
1.965	-0.9814246048803099	0.193820970128156
1.975	-0.9999308683790462	0.19147950874405745
1.985	-1.018352029293	0.1924334374560976
1.995	-1.0366777634079551	0.18315431271170712
2.005	-1.0548977287061274	0.19278032062411218
2.015	-1.0730015720580952	0.18965837211198083
2.025	-1.0909789359447477	0.18228710479167065
2.035	-1.1088194652048624	0.17777762360748087
2.045	-1.1265128138038858	0.17769090281547723
2.055	-1.1440486516194996	0.1700594731191561
2.065	-1.1614166712395244	0.1751759998473714
2.075	-1.178606594767683	0.17031963549516704
2.085	-1.195608180632757	0.17977220182356482
2.095	-1.212411230396655	0.16659064143901012
2.105	-1.2290055955568773	0.17560960380738966
2.115	-1.2453811843389198	0.16112723154278022
2.125	-1.261527968474072	0.15739823748662332
2.135	-1.27743598995817	0.16130067312678753
2.145	-1.2930953677867651	0.15774512065463792
2.155	-1.3084963046622575	0.1548833345185175
2.165	-1.323629093668536	0.1614741147107948
2.175	-1.338484124908621	0.15627086719057587
2.185	-1.3530518921009325	0.14655813848616717
2.195	-1.367322999129721	0.14863943749425473
2.205	-1.3812881665452963	0.1502871325423241
2.215	-1.394938238009651	0.1526285939264226
2.225	-1.4082641866831818	0.15158794442237883
2.235	-1.421257121548157	0.1425689820539993
2.245	-1.4339082936646852	0.14863943749425473
2.255	-1.4462091023549277	0.1475120671982073
2.265	-1.458151101311373	0.1425689820539993
2.275	-1.4697260046249994	0.1485527167022511
2.285	-1.4809256927292327	0.14109472858993727
2.295	-1.4917422182556277	0.1388399879978424
2.305	-1.5021678117972572	0.1365852474057475
2.315	-1.5121948875758706	0.1293874216694446
2.325	-1.5218160490088897	0.13962047512587522
2.335	-1.5310240941724198	0.13476411077367087
2.345	-1.5398120211565018	0.13034135038148476
2.355	-1.5481730333088493	0.12574514840529136
2.365	-1.5561005443634621	0.1314687206775322
2.375	-1.563588183450498	0.1312952790935249
2.385	-1.5706297999839158	0.13086167513350666
2.395	-1.5772194684234235	0.12799988899738624
2.405	-1.5833514929073935	0.1263521939493169
2.415	-1.589020411753442	0.12357712860520012
2.425	-1.5942210018234677	0.12305680385317823
2.435	-1.5989482827500354	0.13389690285363437
2.445	-1.6031975210210512	0.1270459602853461
2.455	-1.6069642339197878	0.13233592859756868
2.465	-1.6102441933173923	0.12747956424536433
2.475	-1.6130334293150956	0.12470449890124756
2.485	-1.6153282337334443	0.1293874216694446
2.495	-1.6171251634459805	0.12323024543718553
2.505	-1.6184210435548494	0.12782644741337892
2.515	-1.6192129704059655	0.12453105731724026
2.525	-1.6194983144414319	0.1300811880054738
2.535	-1.6192747228870188	0.12444433652523662
2.545	-1.6185401222726	0.11828716029297752
2.555	-1.617292720783582	0.11768011474895197
2.565	-1.615531010441421	0.12878037612541907
2.575	-1.6132537691114508	0.1203684593010651
2.585	-1.6104600623363818	0.11776683554095563
2.595	-1.6071492449938605	0.12297008306117457
2.605	-1.6033209627766982	0.1273928434533607
2.615	-1.5989751534943843	0.12565842761328772
2.625	-1.5941120481946804	0.12470449890124756
2.635	-1.5887321721041752	0.13190232463755044
2.645	-1.5828363453868064	0.12409745335722201
2.655	-1.5764256837194646	0.1263521939493169
2.665	-1.5695015986838952	0.13190232463755044
2.675	-1.562065797974276	0.12687251870133878
2.685	-1.5541202854199	0.1266990771173315
2.695	-1.5456673608225753	0.13155544146953585
2.705	-1.5367096196084176	0.12626547315731323
2.715	-1.5272499522938623	0.13172888305354316
2.725	-1.5172915437658303	0.12097550484509065
2.735	-1.5068378723761042	0.12643891474132055
2.745	-1.4958927088500746	0.1321624870135614
2.755	-1.4844601150101526	0.12886709691742274
2.765	-1.472544442314271	0.12843349295740447
2.775	-1.4601503302099677	0.13563131869370737
2.785	-1.4472827043047365	0.12964758404545557
2.795	-1.4339467743533736	0.13407034443764168
2.805	-1.4201480320632145	0.1311218375095176
2.815	-1.4058922487182715	0.12886709691742274
2.825	-1.3911854726233541	0.13407034443764168
2.835	-1.3760340263694364	0.13840638403782413
2.845	-1.3604445039215847	0.13918687116585698
2.855	-1.3444237675309412	0.14465028106208688
2.865	-1.3279789444722985	0.1432627483900285
2.875	-1.3111174236089889	0.14439011868607593
2.885	-1.293846851786855	0.1436096315580431
2.895	-1.2761751300592352	0.14586437215013798
2.905	-1.25811040974498	0.1506340157103387
2.915	-1.2396610883216086	0.15236843155041166
2.925	-1.2208358051558854	0.14881287907826204
2.935	-1.201643437074094	0.15436300976649558
2.945	-1.1820930937745358	0.1521082691744007
2.955	-1.1621941130847309	0.15765839986263427
2.965	-1.1419560560660322	0.15505677610252477
2.975	-1.12138870196837	0.16364213451088605
2.985	-1.1005020430379904	0.1698860315351488
2.995	-1.0793062791811572	0.17066651866318164
3.005	-1.057811812486835	0.16650392064700648
3.015	-1.036029241611498	0.17526272063937506
3.025	-1.0139693560293246	0.17786434439948454
3.035	-0.9916431301510569	0.1808128513276086
3.045	-0.9690617173149638	0.18436840379975822
3.055	-0.9462364436533945	0.1808128513276086
3.065	-0.9231788018384964	0.18922476815196257
3.075	-0.8999004447107558	0.1859293780558239
3.085	-0.8764131787941282	0.18766379389589688
3.095	-0.852728957701514	0.1989374968563713
3.105	-0.8288598754345583	0.19902421764837494
3.115	-0.8048181595816395	0.20396730279258293
3.125	-0.7806161644181718	0.2026664909125282
3.135	-0.7562663639132579	0.2120323364489223
3.145	-0.731781344646885	0.20596188100866686
3.155	-0.7071737986419062	0.22174506515333103
3.165	-0.6824565161150473	0.2267748710895427
3.175	-0.6576423781513507	0.2192301621852252
3.185	-0.6327443493063991	0.22998354039367772
3.195	-0.6077754701408042	0.22798896217759376
3.205	-0.5827488496914506	0.24559328295433455
3.215	-0.5576776578840453	0.25088325126655714
3.225	-0.5325751178915525	0.2514902968105827
3.235	-0.5074544984431821	0.26033581759495494
3.245	-0.48232910608854035	0.2582545185868673
3.255	-0.45721227742171056	0.2624171166030425
3.265	-0.43211737126995475	0.26475857798714103
3.275	-0.4070577608518343	0.2777666967876884
3.285	-0.38204682590951383	0.2853114056920059
3.295	-0.3570979448200919	0.28539812648400953
3.305	-0.33222448669075233	0.2886067957881446
3.315	-0.307439803442651	0.28964744529218833
3.325	-0.282757221888338	0.31063387695707145
3.335	-0.25819003580764	0.31540352051727216
3.345	-0.23375149802686918	0.32502952842967725
3.355	-0.20945481250624318	0.31800514427738164
3.365	-0.18531312644043635	0.33240079574998743
3.375	-0.16133952237712387	0.33543602347011514
3.385	-0.13754701035840833	0.34341433633445084
3.395	-0.11394852009004733	0.3413330373263633
3.405	-0.09055689314328913	0.36101865711119163
3.415	-0.06738487519423764	0.36509453433536315
3.425	-0.04444510830553938	0.367609437303469
3.435	-0.021750123255223297	0.3821785303600821
3.445	0.0006876680824782211	0.37645495808784124
3.455	0.022855980299598233	0.37714872442387043
3.465	0.04474266195542398	0.385907524416239
3.475	0.06633570301129588	0.3930186293605382
3.485	0.08762324219454165	0.4107963917212863
3.495	0.10859357428691663	0.4111432748893009
3.505	0.12923515733291058	0.41894814616962933
3.515	0.14953661976343263	0.41582619765749795
3.525	0.16948676743027669	0.4264928550739468
3.535	0.1890745905469996	0.43152266101015846
3.545	0.2082892705317112	0.4390673699144759
3.555	0.22712018674749657	0.43759311645041393
3.565	0.2455569231361272	0.4488668194108883
3.575	0.26358927474083815	0.4470456827788117
3.585	0.28120725411400094	0.4543302293071182
3.595	0.29840109760558553	0.45701857385923134
3.605	0.31516127152834383	0.4650836075155707
3.615	0.331478478195788	0.48242776591630054
3.625	0.34734366182904264	0.48528955205242097
3.635	0.3627480143287336	0.4995117619410194
3.645	0.3776829809082205	0.4954358847168479
3.655	0.39214026558445725	0.5062759837173041
3.665	0.4061118365229377	0.5076635163893625
3.675	0.41958993123323163	0.5095713738134428
3.685	0.4325670616116766	0.5064494253013114
3.695	0.44503601882794985	0.540183813390731
3.705	0.45698987805226965	0.5283897856782346
3.715	0.4684220030201083	0.514948062917669
3.725	0.47932605043138277	0.5406174173507492
3.735	0.4896959741811755	0.530037480726304
3.745	0.49952602941918456	0.5453870609109499
3.755	0.5088107764351187	0.5577881341674717
3.765	0.5175450843674676	0.5553599519913696
3.775	0.5257241347330637	0.5654195638637929
3.785	0.5333434247750717	0.5600428747595666
3.795	0.5403987706270594	0.5642921935677454
3.805	0.5468863102909823	0.5542325816953221
3.815	0.5528025064269667	0.5656797262398038
3.825	0.5581441489529461	0.5781675202883293
3.835	0.5629083574522757	0.587620086616727
3.845	0.5670925833875827	0.584411417312592
3.855	0.5706946121192491	0.5919561262169095
3.865	0.5737125647269801	0.5891810608727928
3.875	0.5761448996331127	0.581462910384468
3.885	0.5779904140263616	0.584931742064614
3.895	0.5792482450848815	0.5925631717609351
3.905	0.5799178709976069	0.584931742064614
3.915	0.5799991117829548	0.5921295678009169
3.925	0.579492129904155	0.581202748008457
3.935	0.5783974306804904	0.5789480074163621
3.945	0.5767158624939701	0.5971593737371285
3.955	0.5744486167909995	0.5843246965205884
3.965	0.5715972278787742	0.5945577499770189
3.975	0.5681635725162427	0.5803355400884205
3.985	0.5641498692996065	0.5684547915839205
3.995	0.559558677842457	0.5740049222721542
4.005	0.5543928977507597	0.5696688826719717
4.015	0.5486557673930493	0.5604764787195848
4.025	0.5423508624663004	0.553018490607271
4.035	0.5354820943580664	0.5557935559513878
4.045	0.528053708305626	0.561430407431625
4.055	0.5200702813529727	0.5536255361512965
4.065	0.5115367201066287	0.5473816391270339
4.075	0.502458258291383	0.54634098962299
4.085	0.49284045410715804	0.5336797539904572
4.095	0.48268918738837807	0.5264819282541543
4.105	0.47201065656728414	0.5221458886539719
4.115	0.46081137544278317	0.5334195916144463
4.125	0.4490981697565546	0.5145144589576508
4.135	0.4368781735782292	0.5130402054935888
4.145	0.42415882550158446	0.5088776074774135
4.155	0.41094786465384736	0.49847111243697567
4.165	0.3972533265202398	0.4989914371889976
4.175	0.38308353858610134	0.48962559165260344
4.185	0.36844711579897194	0.5020266649091253
4.195	0.3533529558531835	0.49283426095673843
4.205	0.33781023429955825	0.4613546134594138
4.215	0.32182839948298225	0.4662976986036218
4.225	0.30541716731068824	0.4551974372271547
4.235	0.28858651585421224	0.45883971049130795
4.245	0.2713466797880877	0.44843321545087006
4.255	0.2537081446684093	0.44349013030666207
4.265	0.23568164105457323	0.44739256594682625
4.275	0.2172781384775162	0.42831399170602347
4.285	0.19850883925795737	0.4160863600335089
4.295	0.17938517217812244	0.42007551646567676
4.305	0.15991878601068393	0.4118370412253301
4.315	0.14012154290859097	0.4040321699450017
4.325	0.12000551165964046	0.40065005905685935
4.335	0.09958296080968182	0.3911974927284616
4.345	0.07886635165847689	0.385907524416239
4.355	0.0578683311322602	0.3845199917441806
4.365	0.03660172453718069	0.3653546967113741
4.375	0.015079528197832759	0.3667422293834325
4.385	-0.00668509801481032	0.352520019494834
4.395	-0.0286788382616725	0.35173953236680117
4.405	-0.05088822841563723	0.341159595742356
4.415	-0.07329966383886788	0.34211352445439613
4.425	-0.09589940725283602	0.34141975811836694
4.435	-0.11867359669639371	0.3225146254615714
4.445	-0.1416082535672235	0.324595924469659
4.455	-0.16468929074190397	0.316444170021316
4.465	-0.1879025207698028	0.31661761160532326
4.475	-0.2112336641359464	0.31132764329310064
4.485	-0.2346683575879788	0.30317588884475766
4.495	-0.2581921625222483	0.2911216987562504
4.505	-0.2817905734240884	0.28808647103612267
4.515	-0.30544902635724486	0.2835769898519329
4.525	-0.32915290749740056	0.2782870215397103
4.535	-0.3528875617047508	0.2740377027315315
4.545	-0.376638301130492	0.2631108829390717
4.555	-0.4003904138520947	0.2576474730428418
4.565	-0.42412917253222693	0.263284324523079
4.575	-0.4478398430961396	0.24724097800240388
4.585	-0.47150769342232496	0.2530512710666484
4.595	-0.49511800204127043	0.2424713344422032
4.605	-0.5186560668370552	0.23882906117804992
4.615	-0.542107213746627	0.22954993643365945
4.625	-0.565456805451513	0.23206483940176528
4.635	-0.5886902500567432	0.23692120375396963
4.645	-0.6117930097517873	0.23397269682584557
4.655	-0.6347506094482926	0.22842256613761203
4.665	-0.657548645389423	0.22703503346555362
4.675	-0.6801727937256317	0.20665564734469608
4.685	-0.7026088190516753	0.22269899386537118
4.695	-0.7248425828997375	0.2139401938730026
4.705	-0.746860052183539	0.2065689265526924
4.715	-0.7686473075883352	0.20127895824046982
4.725	-0.7901905519017194	0.19642259388826547
4.735	-0.8114761182802014	0.19850389289635303
4.745	-0.8324904784465594	0.20058519190444063
4.755	-0.8532202508130148	0.1901786968640027
4.765	-0.8736522085252707	0.19234671666409395
4.775	-0.893773287422571	0.19269359983210854
4.785	-0.9135705939089211	0.17777762360748087
4.795	-0.933031412730721	0.1893114889439662
4.805	-0.9521432146560496	0.185409053303802
4.815	-0.9708936640509428	0.1823738255836743
4.825	-0.9892706263480526	0.17014619391115976
4.835	-1.0072621754031412	0.17864483152751737
4.845	-1.0248566007349142	0.1717938889592291
4.855	-1.0420424146437761	0.17257437608726192
4.865	-1.0588083592051558	0.1690188236151123
4.875	-1.0751434131331457	0.1649429463909408
4.885	-1.0910367985102274	0.16416245926290796
4.895	-1.1064779873789754	0.16962586915913785
4.905	-1.1214567081917002	0.1596529780787182
4.915	-1.135962952114058	0.15904593253469265
4.925	-1.1499869791787747	0.15583726323055763
4.935	-1.163519324285684	0.15956625728671456
4.945	-1.1765508030443854	0.15861232857467442
4.955	-1.1890725174559251	0.15115434046236056
4.965	-1.201075861429996	0.15054729491833502
4.975	-1.2125525261342376	0.15505677610252477
4.985	-1.2234945051723347	0.15939281570270725
4.995	-1.2338940995876957	0.1497668077903022
5.005	-1.2437439226896094	0.15323563947044816
5.015	-1.2530369046988872	0.15132778204636788
5.025	-1.2617662972100738	0.15115434046236056
5.035	-1.2699256774674719	0.14647141769416352
5.045	-1.2775089524522794	0.14534404739811607
5.055	-1.284510362778292	0.1517613860063861
5.065	-1.2909244863937195	0.1473386256142
5.075	-1.2967462420867815	0.14603781373414526
5.085	-1.301970892792868	0.14863943749425473
5.095	-1.3065940487011658	0.15306219788644085
5.105	-1.3106116701587722	0.14794567115822554
5.115	-1.3140200703704457	0.1528020355104299
5.125	-1.316815917892247	0.1418752157179701
5.135	-1.318996238917467	0.1434361899740358
5.145	-1.3205584193533517	0.14074784542192267
5.155	-1.321500206687263	0.14915976224627664
5.165	-1.3218197116410315	0.14673158007017445
5.175	-1.3215154096124047	0.14465028106208688
5.185	-1.3205861419025955	0.14135489096594822
5.195	-1.3190311167290822	0.14144161175795186
5.205	-1.3168499100229392	0.14881287907826204
5.215	-1.3140424660100944	0.14846599591024745
5.225	-1.310609097576049	0.1469917424461854
5.235	-1.3065504864137307	0.1473386256142
5.245	-1.301867682954263	0.14794567115822554
5.255	-1.2965621060805796	0.1502871325423241
5.265	-1.290635542623943	0.14456356027008324
5.275	-1.2840901466435457	0.1528020355104299
5.285	-1.2769284384895125	0.14673158007017445
5.295	-1.2691533036497473	0.14881287907826204
5.305	-1.260767991381209	0.15150122363037516
5.315	-1.2517761131263052	0.1462979761101562
5.325	-1.2421816407152622	0.14959336620629488
5.335	-1.2319889043554106	0.15470989293451018
5.345	-1.221202590408493	0.1593060949107036
5.355	-1.209827738957215	0.1580920038226525
5.365	-1.1978697411623775	0.15618414639857223
5.375	-1.1853343364120725	0.1593060949107036
5.385	-1.172227609264528	0.16702424539902838
5.395	-1.1585559861863386	0.16277492659084958
5.405	-1.1443262320879288	0.16060690679075834
5.415	-1.1295454466582036	0.15705135431860873
5.425	-1.1142210605004745	0.16407573847090431
5.435	-1.0983608310719075	0.17266109687926556
5.445	-1.0819728384287628	0.16528982955895538
5.455	-1.0650654807799254	0.16676408302301743
5.465	-1.0476474698512563	0.16884538203110502
5.475	-1.0297278260634446	0.17708385727145168
5.485	-1.011315873526157	0.17378846717531302
5.495	-0.9924212348513874	0.1763900909354225
5.505	-0.9730538257889989	0.17049307707917435
5.515	-0.9532238496875692	0.18549577409580567
5.525	-0.9329417917838057	0.18601609884782755
5.535	-0.9122184133237938	0.18801067706391147
5.545	-0.8910647455195502	0.18280742954369253
5.555	-0.8694920833443789	0.18584265726382027
5.565	-0.8475119791706953	0.19113262557604285
5.575	-0.8251362362539716	0.19364752854414868
5.585	-0.8023769020666657	0.19425457408817423
5.595	-0.7792462614860524	0.1912193463680465
5.605	-0.7557568298398631	0.19945782160839318
5.615	-0.731921345813924	0.20535483546464134
5.625	-0.7077527642258568	0.19798356814433116
5.635	-0.683264248669142	0.2102111998168457
5.645	-0.6584691640318348	0.21402691466500626
5.655	-0.6333810688943705	0.2142870770410172
5.665	-0.6080137078108592	0.21047136219285664
5.675	-0.5823810034784698	0.21602149288109018
5.685	-0.5564970487995028	0.22573422158549888
5.695	-0.5303760988407991	0.22651470871353174
5.705	-0.5040325626952339	0.2322382809857726
5.715	-0.47748099525008836	0.2285960077216193
5.725	-0.4507360888671664	0.22408652653742955
5.735	-0.4238126649795118	0.24169084731417034
5.745	-0.3967256656097665	0.2395228275140791
5.755	-0.3694901448150608	0.24611360770635646
5.765	-0.3421212600635677	0.24403230869826886
5.775	-0.31463426354779134	0.2569537067068126
5.785	-0.2870444934396908	0.26527890273916294
5.795	-0.2593673650928171	0.26987510471535636
5.805	-0.23161836219665366	0.26935477996333446
5.815	-0.20381302788839617	0.2808886452998198
5.825	-0.17596695582740676	0.2800214373797833
5.835	-0.14809578123759756	0.2945905304363964
5.845	-0.1202151719230728	0.2989265700365788
5.855	-0.09234081926231782	0.30282900567674303
5.865	-0.06448842918624481	0.29771247894852776
5.875	-0.03667371314541462	0.309766669037035
5.885	-0.008912379071835619	0.3180918650693853
5.895	0.018779877659411692	0.32641706110173563
5.905	0.04638738326332237	0.3338750492140495
5.915	0.07389449456755509	0.3393384591102794
5.925	0.1012856080191526	0.34549563534253847
5.935	0.12854516867009258	0.3491379086066917
5.945	0.15565767913627682	0.3487910254386771
5.955	0.18260770852475705	0.3743736590797536
5.965	0.20937990132389883	0.36934385314354196
5.975	0.23595898625119882	0.3871216155042901
5.985	0.2623297850535532	0.38564736204022804
5.995	0.2884772212548177	0.39293190856853455
6.005	0.3143863288454344	0.3968343442086988
6.015	0.34004226090900214	0.39908908480079364
6.025	0.36543029818078443	0.40507281944904544
6.035	0.39053585753296316	0.40420561152900897
6.045	0.41534450038175685	0.4238912313138373
6.055	0.4398419410113945	0.41599963924150524
6.065	0.4640140548100187	0.43715951249039564
6.075	0.48784688641268326	0.4476527283228372
6.085	0.5113266577466684	0.4604874055393773
6.095	0.5344397759743457	0.4596201976193408
6.105	0.5571728413288806	0.4717611084998517
6.115	0.5795126548382492	0.471934550083859
6.125	0.6014462259329647	0.47852533027613636
6.135	0.6229607799330026	0.4976906253089428
6.145	0.644043765409613	0.5118261144055376
6.155	0.664682861417627	0.5287366688462493
6.165	0.6848659845940099	0.5184168945978149
6.175	0.7045812961185351	0.5189372193498368
6.185	0.7238172085324599	0.5271756945901835
6.195	0.7425623924111919	0.5465144312069973
6.205	0.7608057828870753	0.5601295955515703
6.215	0.7785365860184461	0.5613436866396213
6.225	0.7957442850012435	0.5807691440484387
6.235	0.812418646219534	0.5811160272164534
6.245	0.8285497251314153	0.5827637222645227
6.255	0.8441278719868626	0.5818097935524825
6.265	0.8591437373742048	0.6068721024415372
6.275	0.8735882775919457	0.6126823955057816
6.285	0.8874527598428559	0.6016688549213182
6.295	0.9007287672473168	0.6233490529222305
6.305	0.9134082036729358	0.6396525618189166
6.315	0.9254832983777335	0.6391322370668947
6.325	0.93694661046414	0.6468503875552194
6.335	0.9477910331412613	0.6452026925071501
6.345	0.958009797792938	0.6413869776589896
6.355	0.9675964778492947	0.6479777578512669
6.365	0.976544992459492	0.6706118845642194
6.375	0.9848496099636399	0.6681837023881172
6.385	0.9925049511618771	0.6674032152600843
6.395	0.9995059923787084	0.6844872112848032
6.405	1.0058480683209328	0.6840536073247849
6.415	1.0115268747275088	0.6873489974209236
6.425	1.016538470809871	0.6968015637493215
6.435	1.020879281481342	0.7020048112695404
6.445	1.024546099374423	0.7045197142376461
6.455	1.0275360866448078	0.7078151043337848
6.465	1.0298467765611938	0.6923788033571353
6.475	1.0314760748800156	0.6909912706850769
6.485	1.032422261004355	0.7066877340377374
6.495	1.0326839889264874	0.6979289340453688
6.505	1.03226028795356	0.6927256865251499
6.515	1.0311505632160776	0.6965414013733104
6.525	1.029354595959009	0.700357116221471
6.535	1.026872543615422	0.68726227662892
6.545	1.023704939662723	0.6986227003813981
6.555	1.0198526932616665	0.6870888350449127
6.565	1.015317088678477	0.7020048112695404
6.575	1.0100997844905173	0.6678368192201025
6.585	1.0042028125760727	0.6870888350449127
6.595	0.9976285768889868	0.6898639003890294
6.605	0.9903798520189384	0.6857013023728543
6.615	0.9824597815383687	0.6798042885166061
6.625	0.9738718761371139	0.6700915598121975
6.635	0.9646200115459762	0.664281266747953
6.645	0.954708426250571	0.6713056509002485
6.655	0.9441417189969172	0.6418205816190078
6.665	0.9329248460903679	0.6417338608270041
6.675	0.9210631184895757	0.6485848033952925
6.685	0.9085621986973558	0.6365306133067852
6.695	0.8954280974503859	0.6349696390507195
6.705	0.8816671702098211	0.6302867162825224
6.715	0.8672861134550103	0.6318476905385881
6.725	0.8522919607826567	0.6223951242101904
6.735	0.8366920788137975	0.6216146370821576
6.745	0.820494162911189	0.5948179123530299
6.755	0.8037062327097295	0.5936038212649788
6.765	0.7863366274626655	0.5860591123606613
6.775	0.7683940012064858	0.5735713183121359
6.785	0.7498873177474645	0.5659398886158148
6.795	0.7308258454729273	0.5639453103997308
6.805	0.7112191519904276	0.5438260866548842
6.815	0.6910770985981594	0.5478152430870521
6.825	0.6704098345899219	0.5316851757743734
6.835	0.6492277913981845	0.5224060510299828
6.845	0.6275416765787929	0.5119995559895449
6.855	0.6053624676410043	0.4969968589729136
6.865	0.5827014057266027	0.49031935798863263
6.875	0.559569989141925	0.47731123918808527
6.885	0.5359799667468033	0.4813871164122568
6.895	0.5119433312043269	0.4682055560277021
6.905	0.48747231209563624	0.45103483921097953
6.915	0.46257936890385376	0.4451378253547314
6.925	0.43727718387140846	0.4511215600029832
6.935	0.41157865473511746	0.4372462332823993
6.945	0.3854968873433824	0.4284007124980271
6.955	0.3590451881599799	0.4166934055775344
6.965	0.33223705665894043	0.403945449152998
6.975	0.305086177615169	0.4012571046008849
6.985	0.27760641329539804	0.3817449264000638
6.995	0.24981179555419342	0.39059044718443603
7.005	0.22171651783975932	0.38079099768802366
7.015	0.19333492711438716	0.36873680759951644
7.025	0.16468151569435907	0.35902407889510773
7.035	0.1357709130142295	0.3566826175110092
7.045	0.10661787732042544	0.3473167719746151
7.055	0.07723728729910195	0.3417666412863815
7.065	0.04764413364335174	0.33769076406221005
7.075	0.017853510564741937	0.33370160763004214
7.085	-0.012119392745722934	0.32572329476570644
7.095	-0.04225930070212319	0.32268806704557873
7.105	-0.07255085994846999	0.3177449819013707
7.115	-0.10297864801875375	0.3012680314206774
7.125	-0.13352718202707553	0.3041298175567978
7.135	-0.16418092738260953	0.2958913423164511
7.145	-0.19492430652424855	0.27794013837169573
7.155	-0.22574170766979224	0.2808886452998198
7.165	-0.25661749357437424	0.28166913242785263
7.175	-0.2875360102930273	0.2649320195711483
7.185	-0.3184815959421665	0.25634666116278704
7.195	-0.3494385894547676	0.25244422552262286
7.205	-0.38039133932410313	0.2586881225468856
7.215	-0.4113242123308515	0.24047675622611925
7.225	-0.44222160224844886	0.23397269682584557
7.235	-0.473067938521491	0.23163123544174705
7.245	-0.5038476949121473	0.23431957999386016
7.255	-0.5345453981094751	0.2245201304974478
7.265	-0.5651456362965126	0.22842256613761203
7.275	-0.5956330676702142	0.21879655822520697
7.285	-0.6259924289091862	0.22001064931325803
7.295	-0.6562085435842431	0.21090496615287488
7.305	-0.6862663305069043	0.2120323364489223
7.315	-0.7161508120109483	0.20327353645655374
7.325	-0.7458471221621434	0.20734941368072526
7.335	-0.775340514891446	0.19954454240039682
7.345	-0.8046163720469051	0.19399441171216328
7.355	-0.8336602113595402	0.1847152869677728
7.365	-0.8624576943186663	0.18948493052797352
7.375	-0.8909946339520526	0.18428168300775458
7.385	-0.9192570025064022	0.1820269424156597
7.395	-0.9472309390237736	0.1763900909354225
7.405	-0.9749027568095217	0.17925187707154291
7.415	-1.0022589507874957	0.17136028499921083
7.425	-1.0292862047382965	0.1645960632229262
7.435	-1.0559713984163692	0.163902296886897
7.445	-1.0823016145419544	0.16364213451088605
7.455	-1.1082641456638496	0.1642491800549116
7.465	-1.1338465008891132	0.15557710085454668
7.475	-1.159036412475852	0.15106761967035692
7.485	-1.1838218422854203	0.157224795902616
7.495	-1.208190988090324	0.1506340157103387
7.505	-1.2321322897343217	0.14898632066226933
7.515	-1.2556344351412756	0.1430893068060212
7.525	-1.2786863661693424	0.14603781373414526
7.535	-1.301277284307285	0.14178849492596646
7.545	-1.323396656209753	0.14092128700592996
7.555	-1.3450342190684195	0.13667196819775115
7.565	-1.3661799858160608	0.14074784542192267
7.575	-1.3868242501607235	0.13805950086980953
7.585	-1.406957591447224	0.13407034443764168
7.595	-1.426570879343325	0.13892670878984603
7.605	-1.4456552783481262	0.12695923949334245
7.615	-1.4642022521201747	0.13441722760565628
7.625	-1.482203567623043	0.12175599197312349
7.635	-1.4996512990861908	0.1254849860292804
7.645	-1.5165378317790017	0.12340368702119282
7.655	-1.532855865596059	0.12695923949334245
7.665	-1.5485984184518409	0.1215825503891162
7.675	-1.5637588294830804	0.12114894642909795
7.685	-1.5783307620571991	0.12453105731724026
7.695	-1.5923082065853633	0.11976141375703955
7.705	-1.6056854831387604	0.12522482365326945
7.715	-1.6184572438668796	0.11967469296503591
7.725	-1.6306184752166972	0.11759339395694833
7.735	-1.6421644999517426	0.11065573059665638
7.745	-1.6530909789701904	0.12244975830915268
7.755	-1.6633939129212578	0.11230342564472573
7.765	-1.6730696436192465	0.11785355633295927
7.775	-1.6821148552547522	0.10822754842055421
7.785	-1.6905265754026952	0.11325735435676587
7.795	-1.6983021758268793	0.10848771079656516
7.805	-1.7054393730809836	0.11438472465281331
7.815	-1.7119362289060125	0.10718689891651043
7.825	-1.7177911504242798	0.11030884742864179
7.835	-1.7230028901302166	0.10588608703645569
7.845	-1.7275705456783843	0.11369095831678411
7.855	-1.7314935594691665	0.10475871674040825
7.865	-1.7347717180327735	0.10970180188461624
7.875	-1.737405151212321	0.10710017812450677
7.885	-1.7393943311468358	0.10094300189224768
7.895	-1.7407400710551668	0.10128988506026228
7.905	-1.7414435238219537	0.10475871674040825
7.915	-1.7415061803868397	0.09842809892414185
7.925	-1.7409298679382887	0.10267741773232067
7.935	-1.7397167479135032	0.0992085860521747
7.945	-1.7378693138059922	0.10189693060428782
7.955	-1.7353903887824944	0.1097885226766199
7.965	-1.732283123111098	0.10718689891651043
7.975	-1.7285509914024546	0.10519232070042649
7.985	-1.7241977896661442	0.10848771079656516
7.995	-1.7192276321843452	0.10276413852432431
8.005	-1.7136449482050482	0.11707306920492644
8.015	-1.7074544784572045	0.1085744315885688
8.025	-1.700661271490294	0.10701345733250313
8.035	-1.6932706798408346	0.10692673654049947
8.045	-1.6852883560285883	0.11134949693268559
8.055	-1.6767202483851884	0.1099619642606272
8.065	-1.6675725967181005	0.10155004743627323
8.075	-1.657851927812888	0.10866115238057246
8.085	-1.6475650507768407	0.10796738604454327
8.095	-1.6367190522271682	0.11074245138866004
8.105	-1.6253212913269603	0.11143621772468923
8.115	-1.6133793946723396	0.10701345733250313
8.125	-1.6009012510341467	0.11282375039674762
8.135	-1.5878950059577515	0.10987524346862355
8.145	-1.574369056224568	0.10788066525253961
8.155	-1.560332044178915	0.11880748504499941
8.165	-1.5457928519240443	0.10597280782845933
8.175	-1.5307605953911134	0.10614624941246663
8.185	-1.5152446182850494	0.11282375039674762
8.195	-1.4992544859112291	0.11412456227680236
8.205	-1.4827999788870758	0.10874787317257611
8.215	-1.465891086742647	0.11551209494886075
8.225	-1.4485380014143536	0.11265030881274032
8.235	-1.4307511106361246	0.11178310089270382
8.245	-1.4125409912321927	0.11317063356476222
8.255	-1.3939184023159326	0.109268197924598
8.265	-1.3748942783991076	0.11221670485272207
8.275	-1.3554797224159199	0.1205419008850724
8.285	-1.335685998666435	0.11906764742101036
8.295	-1.3155245256838384	0.11733323158093738
8.305	-1.2950068690301304	0.1162925820768936
8.315	-1.274144734024816	0.12175599197312349
8.325	-1.25294995841129	0.11785355633295927
8.335	-1.2314345049655395	0.12921398008543733
8.345	-1.2096104540518842	0.12453105731724026
8.355	-1.18748999613043	0.1330296949335979
8.365	-1.165085424221063	0.13597820186172196
8.375	-1.142409126328671	0.14655813848616717
8.385	-1.1194735778344018	0.15392940580647735
8.395	-1.0962913338577427	0.1466448592781708
8.405	-1.0728750215942457	0.15340908105445544
8.415	-1.0492373326336457	0.155750542438554
8.425	-1.025391015263267	0.15956625728671456
8.435	-1.001348866761476	0.16112723154278022
8.445	-0.9771237256859697	0.17014619391115976
8.455	-0.9527284641617879	0.17829794835950277
8.465	-0.928175980173771	0.17881827311152468
8.475	-0.9034791898682761	0.18792395627190783
8.485	-0.8786510198689245	0.18818411864791879
8.495	-0.8537043996111462	0.19156622953606112
8.505	-0.8286522537001998	0.2007586334884479
8.515	-0.8035074942974954	0.20492123150462307
8.525	-0.7782830135397305	0.2149808433770464
8.535	-0.7529916759956966	0.21896999980921425
8.545	-0.7276463111651986	0.2289428908896339
8.555	-0.7022597060248015	0.2364875997939514
8.565	-0.6768445976248938	0.24186428889817765
8.575	-0.6514136657425907	0.24515967899431632
8.585	-0.6259795255949463	0.24507295820231267
8.595	-0.6005547206169233	0.255132570074736
8.605	-0.5751517153084194	0.2648452987791447
8.615	-0.5497828881547371	0.2578209146268491
8.625	-0.524460524624777	0.28010815817178697
8.635	-0.49919681025106966	0.28635205519604967
8.645	-0.47400382379590306	0.29302955618033066
8.655	-0.44889353050757197	0.293202997764338
8.665	-0.42387777547078165	0.3066447205249036
8.675	-0.3989682770551717	0.311501084877108
8.685	-0.3741766204658682	0.324595924469659
8.695	-0.34951425139981096	0.3356094650541224
8.705	-0.3249924698116603	0.3315335878299509
8.715	-0.3006224237929498	0.3363032313901516
8.725	-0.27641510356802534	0.3696040155195529
8.735	-0.25238133561029685	0.3714251521516296
8.745	-0.22853177688224469	0.3671758333434508
8.755	-0.2048769092024889	0.3858208036242353
8.765	-0.18142703374320407	0.39657418183268783
8.775	-0.15819226566097272	0.3906771679764397
8.785	-0.13518252886424592	0.4166934055775344
8.795	-0.11240755092031818	0.4058533065770783
8.805	-0.08987685810470858	0.4331703560582278
8.815	-0.06759977059576244	0.43022184913010375
8.825	-0.04558539781712695	0.44773944911484087
8.835	-0.02384263393071956	0.46551721147558894
8.845	-0.0023801534826811688	0.46603753622761085
8.855	0.01879359279535814	0.4925740985807275
8.865	0.03967038202733886	0.4888451045245706
8.875	0.06024222307403049	0.5105253025254829
8.885	0.08050136025240001	0.5101784193574683
8.895	0.1004402768911401	0.5292569935982712
8.905	0.12005169872049815	0.5257881619181252
8.915	0.1393285970946428	0.5567474846634279
8.925	0.15826419204497644	0.5597827123835556
8.935	0.1768519551628046	0.5773003123682928
8.945	0.19508561231006416	0.5898748272088219
8.955	0.21295914615665645	0.5921295678009169
8.965	0.23046679854336882	0.6064384984815189
8.975	0.24760307266919424	0.6193598964900626
8.985	0.2643627351021436	0.6299398331145079
8.995	0.2807408176127395	0.6389587954828874
9.005	0.2967326188294097	0.6568232786356392
9.015	0.31233370571522034	0.6630671756599018
9.025	0.3275399148654441	0.6853544192048397
9.035	0.3423473536256163	0.6863083479168799
9.045	0.35675240102975025	0.7033056231495951
9.055	0.3707517085586849	0.7227310805584125
9.065	0.3843422007184445	0.7190888072942593
9.075	0.39752107543874815	0.7335711795588686
9.085	0.4102858042919	0.7480535518234781
9.095	0.42263413253232607	0.7645305023041714
9.105	0.43456407895727645	0.7621890409200729
9.115	0.44607393558917363	0.7881185577291641
9.125	0.4571622671803619	0.8058095992979084
9.135	0.46782791054095885	0.7988719359376165
9.145	0.47806997369077375	0.8065900864259413
9.155	0.48788783483629317	0.8083245022660143
9.165	0.4972811411738327	0.8375494091712441
9.175	0.5062498075201151	0.8287038883868718
9.185	0.5147940147716199	0.854633405195963
9.195	0.522914208194159	0.8549802883639775
9.205	0.5306110955442297	0.8488231121317185
9.215	0.5378856450238344	0.8623515556842878
9.225	0.5447390830705328	0.8826442210131417
9.235	0.5511728919846066	0.8867200982373131
9.245	0.5571888073953386	0.9169856546465868
9.255	0.5627888155684642	0.9017227952539445
9.265	0.5679751505570048	0.8961726645657109
9.275	0.5727502911977502	0.8803894804210468
9.285	0.5771169579558009	0.8938312031816124
9.295	0.5810781096196065	0.9076198091101926
9.305	0.5846369398491083	0.9037173734700285
9.315	0.5877968735796286	0.9312078645351852
9.325	-Inf	0.0
9.335	-Inf	0.0
9.345	-Inf	0.0
9.355	-Inf	0.0
9.365	-Inf	0.0
9.375	-Inf	0.0
9.385	-Inf	0.0
9.395	-Inf	0.0
9.405	-Inf	0.0
9.415	-Inf	0.0
9.425	-Inf	0.0
9.435	-Inf	0.0
9.445	-Inf	0.0
9.455	-Inf	0.0
9.465	-Inf	0.0
9.475	-Inf	0.0
9.485	-Inf	0.0
9.495	-Inf	0.0
9.505	-Inf	0.0
9.515	-Inf	0.0
9.525	-Inf	0.0
9.535	-Inf	0.0
9.545	-Inf	0.0
9.555	-Inf	0.0
9.565	-Inf	0.0
9.575	-Inf	0.0
9.585	-Inf	0.0
9.595	-Inf	0.0
9.605	-Inf	0.0
9.615	-Inf	0.0
9.625	-Inf	0.0
9.635	-Inf	0.0
9.645	-Inf	0.0
9.655	-Inf	0.0
9.665	-Inf	0.0
9.675	-Inf	0.0
9.685	-Inf	0.0
9.695	-Inf	0.0
9.705	-Inf	0.0
9.715	-Inf	0.0
9.725	-Inf	0.0
9.735	-Inf	0.0
9.745	-Inf	0.0
9.755	-Inf	0.0
9.765	-Inf	0.0
9.775	-Inf	0.0
9.785	-Inf	0.0
9.795	-Inf	0.0
9.805	-Inf	0.0
9.815	-Inf	0.0
9.825	-Inf	0.0
9.835	-Inf	0.0
9.845	-Inf	0.0
9.855	-Inf	0.0
9.865	-Inf	0.0
9.875	-Inf	0.0
9.885	-Inf	0.0
9.895	-Inf	0.0
9.905	-Inf	0.0
9.915	-Inf	0.0
9.925	-Inf	0.0
9.935	-Inf	0.0
9.945	-Inf	0.0
9.955	-Inf	0.0
9.965	-Inf	0.0
9.975	-Inf	0.0
9.985	-Inf	0.0
9.995	-Inf	0.0
