0.005	-Inf	0.0
0.015	-Inf	0.0
0.025	-Inf	0.0
0.035	-Inf	0.0
0.045	-Inf	0.0
0.055	-Inf	0.0
0.065	-Inf	0.0
0.075	-Inf	0.0
0.085	-Inf	0.0
0.095	-Inf	0.0
0.105	-Inf	0.0
0.115	-Inf	0.0
0.125	-Inf	0.0
0.135	-Inf	0.0
0.145	-Inf	0.0
0.155	-Inf	0.0
0.165	-Inf	0.0
0.175	-Inf	0.0
0.185	-Inf	0.0
0.195	-Inf	0.0
0.205	-Inf	0.0
0.215	-Inf	0.0
0.225	-Inf	0.0
0.235	-Inf	0.0
0.245	-Inf	0.0
0.255	-Inf	0.0
0.265	-Inf	0.0
0.275	-Inf	0.0
0.285	-Inf	0.0
0.295	-Inf	0.0
0.305	-Inf	0.0
0.315	-Inf	0.0
0.325	-Inf	0.0
0.335	-Inf	0.0
0.345	-Inf	0.0
0.355	-Inf	0.0
0.365	-Inf	0.0
0.375	-Inf	0.0
0.385	-Inf	0.0
0.395	-Inf	0.0
0.405	-Inf	0.0
0.415	-Inf	0.0
0.425	-Inf	0.0
0.435	-Inf	0.0
0.445	-Inf	0.0
0.455	-Inf	0.0
0.465	-Inf	0.0
0.475	-Inf	0.0
0.485	-Inf	0.0
0.495	-Inf	0.0
0.505	-Inf	0.0
0.515	-Inf	0.0
0.525	-Inf	0.0
0.535	-Inf	0.0
0.545	-Inf	0.0
0.555	-Inf	0.0
0.565	-Inf	0.0
0.575	-Inf	0.0
0.585	-Inf	0.0
0.595	-Inf	0.0
0.605	-Inf	0.0
0.615	-Inf	0.0
0.625	-Inf	0.0
0.635	-Inf	0.0
0.645	-Inf	0.0
0.655	-Inf	0.0
0.665	-Inf	0.0
0.675	-Inf	0.0
0.685	-Inf	0.0
0.695	-Inf	0.0
0.705	-Inf	0.0
0.715	-Inf	0.0
0.725	-Inf	0.0
0.735	-Inf	0.0
0.745	-Inf	0.0
0.755	-Inf	0.0
0.765	0.06023925076853198	0.5601223142033299
0.775	0.06571187003658208	0.5189924193098316
0.785	0.07129139394849848	0.5477688122035159
0.795	0.07697807483868202	0.5248058320156265
0.805	0.08277214454971737	0.5435540879918147
0.815	0.08867381366876725	0.521899125662729
0.825	0.09468327076166094	0.5397753697330481
0.835	0.10080068160524236	0.5419553994977211
0.845	0.1070261884185586	0.5053308994512138
0.855	0.11335990909347338	0.5099816296158497
0.865	0.11980193642529358	0.5208817784392149
0.875	0.1263523373440072	0.5127430006511022
0.885	0.13301115214673376	0.5062029113570831
0.895	0.13977839373198986	0.5160857129569342
0.905	0.14665404683638317	0.5272765324155892
0.915	0.15363806727435003	0.4977734629336806
0.925	0.16073038118155158	0.4955934331690075
0.935	0.16793088426255154	0.5066389173100176
0.945	0.17523944104339878	0.5108536415217189
0.955	0.18265588412974043	0.5083829411217561
0.965	0.19018001347109348	0.48948934982792297
0.975	0.19781159563190776	0.47640917123988463
0.985	0.20555036307004293	0.4937040740396242
0.995	0.21339601342329906	0.5153590363687098
1.005	0.2213482088046287	0.5056215700865035
1.015	0.22940657510665807	0.4974827922983908
1.025	0.23757070131615238	0.515213701051065
1.035	0.2458401388390551	0.4990814807924844
1.045	0.25421440083671837	0.4964654450748767
1.055	0.26269296157396765	0.48963468514556785
1.065	0.27127525577960304	0.4790252069574923
1.075	0.2799606780199746	0.4941400799925588
1.085	0.2887485820862367	0.4999534926983536
1.095	0.29763828039590146	0.47524648869872566
1.105	0.30662904340929076	0.48454794902799736
1.115	0.31572009906149945	0.5022788577806715
1.125	0.3249106322104651	0.4985001395219049
1.135	0.33419978410173135	0.4841119430750628
1.145	0.3435866518505015	0.4844026137103525
1.155	0.35307028794155104	0.46696237559296805
1.165	0.36264969974758327	0.47626383592223975
1.175	0.3723238490665856	0.49108803832201653
1.185	0.38209165167875053	0.480478560133941
1.195	0.391951976923502	0.46696237559296805
1.205	0.40190364729717926	0.4852746256162217
1.215	0.41194543807190426	0.470450423216445
1.225	0.42207607693615173	0.4721944470281834
1.235	0.4322942436575407	0.4703050878988001
1.245	0.4425985697683499	0.4828039252162589
1.255	0.4529876382742379	0.4830945958515487
1.265	0.46345998338666444	0.46449167519300527
1.275	0.4740140902794663	0.4798972188633615
1.285	0.48464839487005906	0.4620209747930425
1.295	0.49536128362569365	0.47975188354571663
1.305	0.5061510933952124	0.46361966328713605
1.315	0.5170161112667211	0.4691424053576411
1.325	0.5279545744515776	0.46463701051065015
1.335	0.5389646701950908	0.456934238675472
1.345	0.5500445357143124	0.4611489628871733
1.355	0.5611922581632823	0.4787345363222026
1.365	0.5724058746260681	0.47728118314575385
1.375	0.5836833721379522	0.49007069109850243
1.385	0.5950226877350595	0.49501209189842804
1.395	0.6064217085327493	0.4746651474281462
1.405	0.6178782718330502	0.46550902241651937
1.415	0.6293901652614053	0.47335712956934234
1.425	0.6409551269329857	0.48367593712212814
1.435	0.6525708456488086	0.4848386196632871
1.445	0.6642349611218847	0.46696237559296805
1.455	0.6759450642335825	0.4798972188633615
1.465	0.6876986973204229	0.48556529625151146
1.475	0.6994933544914299	0.47539182401637053
1.485	0.7113264819762422	0.4864373081573807
1.495	0.7231954785040575	0.48353060180448326
1.505	0.7350976957135741	0.47582782996930517
1.515	0.747030438593986	0.4828039252162589
1.525	0.758990965957137	0.48556529625151146
1.535	0.7709764909408683	0.49632010975723184
1.545	0.7829841815436078	0.4800425541810064
1.555	0.7950111611902276	0.46667170495767835
1.565	0.8070545093291466	0.48571063156915634
1.575	0.819111262060684	0.47728118314575385
1.585	0.8311784127966111	0.4828039252162589
1.595	0.8432529129508375	0.48759999069853965
1.605	0.8553316726611664	0.4967561157101665
1.615	0.867411561542015	0.48963468514556785
1.625	0.879489409467976	0.4746651474281462
1.635	0.8915620073880883	0.46274765138126683
1.645	0.9036261081706678	0.4691424053576411
1.655	0.9156784274784932	0.46318365733420147
1.665	0.9277156446741854	0.47713584782810897
1.675	0.9397344037555365	0.47204911171053854
1.685	0.9517313143205557	0.4694330759929309
1.695	0.9637029525619871	0.4682703934517719
1.705	0.9756458622910131	0.45940493907543484
1.715	0.987556555989842	0.4746651474281462
1.725	0.9994315158928756	0.47539182401637053
1.735	1.0112671950961154	0.4639103339224258
1.745	1.0230600186944503	0.45359152636964
1.755	1.034806384946452	0.4570795739931169
1.765	1.0465026664662909	0.4711770998046693
1.775	1.058145211442346	0.46652636964003347
1.785	1.069730344882093	0.4657996930518091
1.795	1.081254369882811	0.48164124267509995
1.805	1.0927135689276346	0.4756824946516603
1.815	1.1041042052064747	0.4780078597339782
1.825	1.1154225239612985	0.48425727839270766
1.835	1.1266647538552337	0.4951574272160729
1.845	1.137827108364974	0.507365593898242
1.855	1.1489057871959152	0.5326539391684494
1.865	1.1598969777194417	0.5194284252627662
1.875	1.1707968564317819	0.5041682169100549
1.885	1.181601590433816	0.536577992744861
1.895	1.1923073389312013	0.5240791554274021
1.905	1.2029102547541868	0.5172483954980932
1.915	1.2134064858964508	0.5352699748860571
1.925	1.2237921770722782	0.5280032090038136
1.935	1.2340634712914051	0.5560529253092735
1.945	1.2442165114508144	0.529747232815552
1.955	1.2542474419427583	0.5474781415682262
1.965	1.2641524102782888	0.5672437447679285
1.975	1.2739275687255378	0.5631743558738722
1.985	1.2835690759619809	0.5814866058971259
1.995	1.2930730987399264	0.5788705701795182
2.005	1.3024358135644323	0.5772718816854245
2.015	1.3116534083828426	0.5762545344619104
2.025	1.3207220842851553	0.594712119802809
2.035	1.329638057214376	0.589044042414659
2.045	1.3383975596860374	0.5942761138498744
2.055	1.3469968425160297	0.5918054134499116
2.065	1.3554321765559032	0.5609943261091991
2.075	1.363699854434754	0.5884627011440796
2.085	1.3717961923068434	0.6141870523672216
2.095	1.379717531604056	0.6019788856850525
2.105	1.3874602407923025	0.6258138777788113
2.115	1.3950207171309796	0.6131697051437075
2.125	1.4023953884345712	0.6083736396614268
2.135	1.4095807148354815	0.6316272904846061
2.145	1.4165731905471834	0.6208724769788857
2.155	1.4233693456267478	0.6371500325551112
2.165	1.207177580197056	0.517539066133383
2.175	1.2108032757546114	0.5022788577806715
2.185	1.2142224735094211	0.5128883359687471
2.195	1.2174318644733737	0.5178297367686726
2.205	1.2204281842727118	0.5403567110036276
2.215	1.2232082148871952	0.5253871732862059
2.225	1.2257687863820634	0.5237884847921124
2.235	1.2281067786318254	0.5214631197097944
2.245	1.2302191230349457	0.5359966514742814
2.255	1.2321028042184556	0.5249511673332713
2.265	1.2337548617315295	0.5332352804390289
2.275	1.2351723917271025	0.5482048181564505
2.285	1.2363525486305378	0.5470421356152916
2.295	1.2372925467944211	0.5355606455213469
2.305	1.2379896621385216	0.5399207050506929
2.315	1.238441233773974	0.5362873221095712
2.325	1.2386446656107424	0.5300379034508418
2.335	1.2385974279474228	0.5519835364152171
2.345	1.238297059042456	0.5246604966979815
2.355	1.2377411666658138	0.5502395126034787
2.365	1.236927429630244	0.546606129662357
2.375	1.2358535993011488	0.5531462189563762
2.385	1.2345175010841927	0.5371593340154404
2.395	1.2329170358897272	0.5470421356152916
2.405	1.231050181573151	0.5416647288624313
2.415	1.2289149943503026	0.54878615942703
2.425	1.2265096101870165	0.555471584038694
2.435	1.2238322461619773	0.5605583201562645
2.445	1.220881201801997	0.5426820760859454
2.455	1.2176548603888877	0.5615756673797786
2.465	1.2141516902370737	0.5588142963445261
2.475	1.210370245941133	0.5570702725327876
2.485	1.206309169592438	0.5476234768858711
2.495	1.201967191964111	0.5670984094502837
2.505	1.1973431336634945	0.5499488419681889
2.515	1.1924359062513623	0.5657903915914798
2.525	1.1872445133271212	0.570150451120826
2.535	1.181768051579241	0.5527102130034415
2.545	1.1760057118002014	0.5679704213561529
2.555	1.1699567798652173	0.5672437447679285
2.565	1.1636206376740685	0.5835213003441541
2.575	1.156996764055327	0.5855559947911821
2.585	1.1500847356323334	0.577998558273649
2.595	1.1428842276502615	0.567825086038508
2.605	1.1353950147636533	0.586864012649986
2.615	1.127616971783791	0.5793065761324527
2.625	1.119550074385336	0.5774172170030695
2.635	1.1111943997716414	0.570150451120826
2.645	1.102550127298187	0.5451527764859082
2.655	1.0936175390536076	0.5858466654264719
2.665	1.0843970203977873	0.5669530741326388
2.675	1.07488906045653	0.589189377732304
2.685	1.0650942525723353	0.5592503022974606
2.695	1.055013294710818	0.5849746535206027
2.705	1.0446469898223432	0.5620116733327132
2.715	1.0339962461584713	0.5591049669798158
2.725	1.0230620775428108	0.5718944749325644
2.735	1.0118456035959362	0.586864012649986
2.745	1.0003480499140056	0.5679704213561529
2.755	0.9885707482007675	0.5777078876383592
2.765	0.9765151363526637	0.572330480885499
2.775	0.9641827584967531	0.5698597804855362
2.785	0.9515752649811983	0.5666624034973491
2.795	0.9386944123181076	0.5830852943912194
2.805	0.9255420630785056	0.5601223142033299
2.815	0.912120185739292	0.5576516138033671
2.825	0.8984308544819857	0.5524195423681518
2.835	0.8844762489431871	0.5284392149567482
2.845	0.8702586539165972	0.5479141475211607
2.855	0.8557804590065577	0.5518382010975723
2.865	0.8410441582330391	0.5394846990977583
2.875	0.8260523495880603	0.5329446098037391
2.885	0.810807734543516	0.527567203050879
2.895	0.7953131175104681	0.5307645800390661
2.905	0.779571405249925	0.5441354292623942
2.915	0.7635856062351871	0.5394846990977583
2.925	0.7473588299658694	0.5293112268626174
2.935	0.7308942862337036	0.5381766812389545
2.945	0.7141952843403064	0.5198644312157008
2.955	0.6972652322670498	0.5171030601804483
2.965	0.6801076357972684	0.5176844014510278
2.975	0.6627260975910115	0.4937040740396242
2.985	0.6451243162125972	0.5072202585805972
2.995	0.6273060851112603	0.5200097665333457
3.005	0.6092752915551756	0.4996628220630639
3.015	0.5910359155191964	0.5021335224630267
3.025	0.5725920285266812	0.4794612129104269
3.035	0.5539477924457399	0.5098362942982048
3.045	0.5351074582403587	0.48251325458096916
3.055	0.5160753646767962	0.47917054227513717
3.065	0.49685593698571723	0.46274765138126683
3.075	0.4774536854805333	0.48033322481629614
3.085	0.4578732041324794	0.49050669705143707
3.095	0.4381191691028983	0.4640556692400707
3.105	0.418196337233354	0.46173030415775274
3.115	0.3981095444940786	0.4515568319226118
3.125	0.37786370439139966	0.4624569807459771
3.135	0.3574638063347397	0.4487954608873593
3.145	0.3369149139638413	0.442400706910985
3.155	0.3162221634368867	0.4464700958050414
3.165	0.2953907616801732	0.4473421077109106
3.175	0.27442598460009987	0.4262684866524044
3.185	0.2533331752581474	0.4065028834527021
3.195	0.2321177420096277	0.42714049855827363
3.205	0.2107851566069867	0.41667635568784295
3.215	0.18934095226841546	0.4107176076644033
3.225	0.16779072171261727	0.40882824853502
3.235	0.14614011516056213	0.40839224258208534
3.245	0.12439483830504472	0.39662008185285086
3.255	0.10256065024895689	0.3960387405822714
3.265	0.0806433614131492	0.40083480606455213
3.275	0.058648831414787606	0.3833945679471677
3.285	0.03658296691711227	0.37380243698260623
3.295	0.014451719451593847	0.3691517068179704
3.305	-0.007738916786635741	0.37540112547669985
3.315	-0.02998290716901597	0.36726234768858707
3.325	-0.052274178888532474	0.370750395312064
3.335	-0.0746066232383904	0.3646463119709794
3.345	-0.09697409791338707	0.3608675937122128
3.355	-0.11937042933292763	0.32337108175983625
3.365	-0.14178941498465814	0.32555111152450933
3.375	-0.16422482578764352	0.33775927820667845
3.385	-0.18667040847402883	0.3267137940656683
3.395	-0.20911988798807046	0.3331085480420426
3.405	-0.23156696990148107	0.3223537345363222
3.415	-0.2540053428439404	0.3216270579480978
3.425	-0.2764286809476859	0.3110175797600223
3.435	-0.2988306463050493	0.3100002325365082
3.445	-0.9642305004339962	0.163502232350479
3.455	-0.9850703007984156	0.16481025020928286
3.465	-1.0058696671993985	0.16728095060924564
3.475	-1.0266222383637302	0.160159520044647
3.485	-1.047321653419956	0.1645195795739931
3.495	-1.0679615544094032	0.15303808948004835
3.505	-1.0885355888020136	0.14722467677425355
3.515	-1.1090374120158566	0.15797949027997396
3.525	-1.1294606899390576	0.14475397637429074
3.535	-1.1497991014530173	0.14591665891544972
3.545	-1.1700463409556843	0.13995791089201004
3.555	-1.190196120883718	0.14911403590363687
3.565	-1.2102421742323013	0.14707934145660867
3.575	-1.2301782570714588	0.1446086410566459
3.585	-1.2499981510576235	0.14286461724490745
3.595	-1.2696956659393002	0.13080178588038321
3.605	-1.2892646420555882	0.12862175611571017
3.615	-1.308698952826405	0.14024858152729977
3.625	-1.3279925072331764	0.13894056366849594
3.635	-1.3471392522888253	0.129929773974514
3.645	-1.3661331754958772	0.13443516882150497
3.655	-1.3849683072914591	0.129929773974514
3.665	-1.4036387234780654	0.1328364803274114
3.675	-1.422138547638872	0.12455236722165379
3.685	-1.4404619535364418	0.12862175611571017
3.695	-1.458603167493684	0.12266300809227049
3.705	-1.4765564707558667	0.11786694260998977
3.715	-1.4943162018325817	0.12062831364524229
3.725	-1.5118767588184907	0.12484303785694353
3.735	-1.5292326016917328	0.11568691284531671
3.745	-1.546378254588884	0.11481490093944749
3.755	-1.5633083080553436	0.12091898428053204
3.765	-1.5800174212700604	0.11350688308064366
3.775	-1.5965003242434932	0.11539624221002696
3.785	-1.6127518199877677	0.11757627197470003
3.795	-1.628766786657919	0.11873895451585899
3.805	-1.644540179663215	0.1113268533159706
3.815	-1.6600670337474837	0.11684959538647567
3.825	-1.6753424650374757	0.11554157752767184
3.835	-1.690361673058192	0.10624011719840014
3.845	-1.7051199427142478	0.11757627197470003
3.855	-1.719612646236257	0.10696679378662449
3.865	-1.73383524509129	0.10289740489256813
3.875	-1.7477832918564777	0.11263487117477443
3.885	-1.7614524320548268	0.11176285926890521
3.895	-1.774838405952333	0.1123442005394847
3.905	-1.7879370503155245	0.10696679378662449
3.915	-1.8007443001285592	0.10522276997488605
3.925	-1.813256190269024	0.09810133941028741
3.935	-1.8254688571416207	0.09926402195144637
3.945	-1.8373785402689191	0.1044960933866617
3.955	-1.8489815838383912	0.0947586271044554
3.965	-1.860274438204982	0.09940935726909124
3.975	-1.8712536613484447	0.10202539298669891
3.985	-1.8819159202847406	0.09504929773974513
3.995	-1.8922579924308	0.09592130964561436
4.005	-1.9022767669219616	0.09679332155148358
4.015	-1.9119692458814557	0.0976653334573528
4.025	-1.9213325456412815	0.0976653334573528
4.035	-1.9303638979139022	0.10231606362198865
4.045	-1.939060650914139	0.09141591479862338
4.055	-1.947420270430762	0.09112524416333363
4.065	-1.9554403408471916	0.08531183145753883
4.075	-1.9631185661108588	0.09068923821039902
4.085	-1.9704527706506978	0.09257859733978234
4.095	-1.9774409002423639	0.09345060924565156
4.105	-1.9840810228207117	0.09955469258673612
4.115	-1.9903713292391565	0.09490396242210027
4.125	-1.9963101339755376	0.08313180169286577
4.135	-2.0018958757841365	0.0937412798809413
4.145	-2.0071271182935346	0.09010789693981955
4.155	-2.0120025505500116	0.08865454376337084
4.165	-2.01652098750622	0.09112524416333363
4.175	-2.020681370454911	0.08749186122221188
4.185	-2.024482767407477	0.08763719653985676
4.195	-2.027924373417158	0.08371314296344526
4.205	-2.031005510846727	0.09039856757510929
4.215	-2.0337256295805566	0.0858931727281183
4.225	-2.0360843071809454	0.08865454376337084
4.235	-2.0380812489886506	0.08632917868105291
4.245	-2.039716288167571	0.09257859733978234
4.255	-2.040989385693577	0.0908345735280439
4.265	-2.041900630287497	0.09068923821039902
4.275	-2.0424502382922984	0.07804506557529532
4.285	-2.042638553494546	0.08996256162217468
4.295	-2.0424660468902207	0.09141591479862338
4.305	-2.041933316395032	0.0893812203515952
4.315	-2.041041086499391	0.09257859733978234
4.325	-2.0397902078681973	0.09199725606920287
4.335	-2.0381816568856777	0.09097990884568877
4.345	-2.036216535145506	0.08967189098688494
4.355	-2.0338960688864605	0.08909054971630545
4.365	-2.031221608373919	0.0927239326574272
4.375	-2.028194627227521	0.09039856757510929
4.385	-2.024816721695319	0.09025323225746441
4.395	-2.021089609874826	0.09388661519858617
4.405	-2.0170151308813242	0.08022509533996837
4.415	-2.0125952439639	0.08792786717514649
4.425	-2.00783202756962	0.08022509533996837
4.435	-2.0027276783563632	0.08850920844572598
4.445	-1.9972845101547856	0.08443981955166961
4.455	-1.9915049528799704	0.08487582550460422
4.465	-1.985391551393302	0.0869105199516324
4.475	-1.9789469643151572	0.08909054971630545
4.485	-1.9721739627890122	0.09286926797507208
4.495	-1.9650754291975976	0.08458515486931448
4.505	-1.9576543558317505	0.09170658543391312
4.515	-1.9499138435126495	0.07920774811645429
4.525	-1.9418571001681242	0.08342247232815551
4.535	-1.9334874393637649	0.07775439494000558
4.545	-1.9248082787895782	0.09999069853967073
4.555	-1.9158231387029518	0.08385847828109012
4.565	-1.906535640328733	0.09839201004557716
4.575	-1.8969495042172002	0.09156125011626826
4.585	-1.8870685485607934	0.09432262115152078
4.595	-1.8768966874704187	0.0976653334573528
4.605	-1.8664379292122426	0.08923588503395033
4.615	-1.8556963744058086	0.09519463305739001
4.625	-1.8446762141844406	0.09606664496325923
4.635	-1.8333817283188152	0.10202539298669891
4.645	-1.821817283304683	0.10493209933959631
4.655	-1.8099873304156722	0.10042670449260534
4.665	-1.797896403722179	0.10318807552785787
4.675	-1.7855491180773084	0.09301460329271695
4.685	-1.7729501670709156	0.09897335131615663
4.695	-1.7601043209527383	0.10144405171611942
4.705	-1.747016424525675	0.10536810529253092
4.715	-1.7336913950102733	0.09592130964561436
4.725	-1.720134219881472	0.10071737512789508
4.735	-1.7063499546787018	0.10144405171611942
4.745	-1.6923437207904297	0.09301460329271695
4.755	-1.6781207032142333	0.10318807552785787
4.765	-1.66368614829355	0.10318807552785787
4.775	-1.649045361432215	0.09693865686912845
4.785	-1.6342037047879168	0.10667612315133475
4.795	-1.619166594945718	0.09751999813970794
4.805	-1.6039395005728068	0.1084201469630732
4.815	-1.5885279400556342	0.10275206957492326
4.825	-0.6139781904319324	0.2618942423960562
4.835	-0.5954468791449525	0.27511975630173935
4.845	-0.576747931320305	0.2682889963724305
4.855	-0.5578870402815466	0.2881999348897777
4.865	-0.5388699370340766	0.26872500232536506
4.875	-0.5197023878213285	0.2816598455957585
4.885	-0.500390191671668	0.28834527020742257
4.895	-0.4809391779371808	0.29067063528974046
4.905	-0.46135520382555284	0.28645591107803925
4.915	-0.4416441519262493	0.28878127616035715
4.925	-0.42181192773221543	0.2895079527485815
4.935	-0.40186445715827634	0.2969200539484699
4.945	-0.3818076840574829	0.30970956190121846
4.955	-0.36164756773658024	0.31290693888940563
4.965	-0.34139008047181496	0.3082562087247698
4.975	-0.3210412050262794	0.32337108175983625
4.985	-0.3006069321699958	0.30636684959538646
4.995	-0.2800932582039506	0.32511510557157475
5.005	-0.2595061824892291	0.3152323039717235
5.015	-0.23885170498248576	0.32496977025392987
5.025	-0.21813582377891505	0.340520649241931
5.035	-0.1973645326638671	0.3480780857594642
5.045	-0.17654381867433488	0.3647916472886243
5.055	-0.15567965967142672	0.34924076830062317
5.065	-0.13477802192499233	0.34633406194772576
5.075	-0.1138448577115625	0.3687157008650358
5.085	-0.09288610292671229	0.3655183238768486
5.095	-0.07190767471298631	0.37147707190028834
5.105	-0.05091546910452449	0.3637743000651102
5.115	-0.02991535868943007	0.37874383778253184
5.125	-0.008913190291049311	0.3749651195237652
5.135	0.01208521733081247	0.3788891731001767
5.145	0.03307407575762977	0.38063319691191516
5.155	0.05404762916785055	0.369587712770905
5.165	0.07500015656943038	0.3948760580411124
5.175	0.09592597400823344	0.3990907822528137
5.185	0.11681943675128453	0.4022881592410008
5.195	0.1376749414438444	0.41231629615849685
5.205	0.15848692823934163	0.4105722723467584
5.215	0.17924988290123028	0.4044681890056739
5.225	0.19995833887576686	0.40606687749976744
5.235	0.22060687933480427	0.43833131801692865
5.245	0.24119013918771465	0.41871105013487114
5.255	0.26170280706150373	0.42510580411124543
5.265	0.28213962724825525	0.42554181006418007
5.275	0.30249540161906824	0.4370233001581248
5.285	0.322764991503617	0.4301925402288159
5.295	0.34294331953455787	0.46652636964003347
5.305	0.3630253714559367	0.45359152636964
5.315	0.3830061978948658	0.4621663101106874
5.325	0.402880916095677	0.4418193656404055
5.335	0.4226447116158635	0.44080201841689143
5.345	0.4422928399830556	0.4633289926518463
5.355	0.46182062831235543	0.4711770998046693
5.365	0.48122347688337996	0.4662356990047437
5.375	0.5004968606763412	0.4787345363222026
5.385	0.5196363308665779	0.4653636870988745
5.395	0.538637516276905	0.47335712956934234
5.405	0.5574961247872225	0.4921053855455306
5.415	0.5762079447008424	0.48963468514556785
5.425	0.5947688460670153	0.4800425541810064
5.435	0.6131747819591147	0.49719212166310106
5.445	0.6314217897080546	0.5034415403218305
5.455	0.6495059920904568	0.48876267323969863
5.465	0.6674235984711474	0.5144870244628407
5.475	0.6851709058996023	0.48905334387498833
5.485	0.7027443001599358	0.5172483954980932
5.495	0.720140256774094	0.508528276439401
5.505	0.737355341957942	0.5123069946981675
5.515	0.7543862135299423	0.5063482466747279
5.525	0.7712296217721284	0.5163763835922239
5.535	0.7878824102431563	0.5304739094037764
5.545	0.8043415165432123	0.5160857129569342
5.555	0.8206039730305584	0.5139056831922612
5.565	0.8366669074895644	0.5172483954980932
5.575	0.8525275437501019	0.5184110780392521
5.585	0.868183202258149	0.5162310482745791
5.595	0.8836313005975346	0.5144870244628407
5.605	0.8988693539627777	0.5285845502743931
5.615	0.9138949755829424	0.5259685145567854
5.625	0.9287058770965377	0.5402113756859827
5.635	0.943299868877463	0.5314912566272905
5.645	0.9576748603120302	0.529747232815552
5.655	0.9718288600271383	0.5280032090038136
5.665	0.9857599760697096	0.5425367407683006
5.675	0.9994664160374749	0.5352699748860571
5.685	1.0129464871612763	0.5423914054506557
5.695	1.026198596339042	0.5137603478746163
5.705	1.039221250121643	0.5201551018509906
5.715	1.0520130546508415	0.5434087526741698
5.725	1.06457271554957	0.5172483954980932
5.735	1.0768990377648318	0.5373046693330853
5.745	1.088990925363485	0.5346886336154776
5.755	1.1008473812812667	0.5368686633801507
5.765	1.112467507025361	0.5468968002976468
5.775	1.1238505023309053	0.5368686633801507
5.785	1.1349956647718034	0.5313459213096456
5.795	1.1459023893262759	0.5141963538275509
5.805	1.1565701678975726	0.5303285740861315
5.815	1.1669985887902987	0.5378860106036647
5.825	1.1771873361428455	0.5496581713328993
5.835	1.1871361893164316	0.5310552506743559
5.845	1.1968450222412566	0.5343979629801878
5.855	1.206313802720332	0.5498035066505441
5.865	1.2155425916915434	0.5439900939447493
5.875	1.2245315424485435	0.5373046693330853
5.885	1.2332808998210512	0.555471584038694
5.895	1.2417909993152283	0.5367233280625058
5.905	1.2500622662147318	0.5528555483210864
5.915	1.2580952146431317	0.5585236257092363
5.925	1.2658904465883745	0.5702957864384708
5.935	1.2734486508899838	0.5806145939912566
5.945	1.2807706021897212	0.5480594828388057
5.955	1.2878571598464312	0.5495128360152544
5.965	1.2947092668158433	0.577998558273649
5.975	1.3013279484960723	0.5740745046972374
5.985	1.3077143115396133	0.5634650265091619
5.995	1.3138695426326295	0.5588142963445261
6.005	1.3197949072423438	0.5637556971444516
6.015	1.3254917483333495	0.5609943261091991
6.025	1.3309614850536973	0.5653543856385452
6.035	1.3362056113916043	0.5544542368151799
6.045	1.3412256948036425	0.5567796018974979
6.055	1.346023374815298	0.5637556971444516
6.065	1.3506003615947821	0.5460247883917775
6.075	1.354958434500992	0.557796949121012
6.085	1.3590994406065409	0.546606129662357
6.095	1.3630252931967721	0.5367233280625058
6.105	1.3667379702456814	0.5455887824388429
6.115	1.3702395128696945	0.5589596316621709
6.125	1.3735320237602449	0.5559075899916287
6.135	1.3766176655961013	0.5625930146032927
6.145	1.3794986594364107	0.5524195423681518
6.155	1.3821772830954202	0.5672437447679285
6.165	1.3846558694998559	0.563319691191517
6.175	1.3869368050299333	0.5473328062505813
6.185	1.3890225278449893	0.5400660403683378
6.195	1.3909155261947121	0.5522742070505069
6.205	1.3926183367169696	0.5435540879918147
6.215	1.3941335427232344	0.5422460701330108
6.225	1.3954637724725831	0.5200097665333457
6.235	1.396611697435296	0.5573609431680774
6.245	1.3975800305470218	0.5317819272625802
6.255	1.3983715244545587	0.5400660403683378
6.265	1.3989889697541837	0.5406473816389172
6.275	1.3994351932236047	0.5403567110036276
6.285	1.399713056048474	0.5217537903450842
6.295	1.3998254520444895	0.5272765324155892
6.305	1.399775305876089	0.5169577248628034
6.315	1.6119849974972764	0.66636243140173
6.325	1.6101182854932896	0.6416554274021021
6.335	1.6080979725669047	0.6435447865314854
6.345	1.605927088930553	0.6245058599200074
6.355	1.6036086867220904	0.6354060087433727
6.365	1.6011458382236752	0.6345339968375034
6.375	1.59854163408406	0.6329353083434098
6.385	1.595799181545283	0.6356966793786624
6.395	1.592921602674719	0.6384580504139149
6.405	1.589912032603395	0.640638080178588
6.415	1.5867736177715592	0.6176750999906985
6.425	1.5835095141823718	0.6102629987908101
6.435	1.580122885664688	0.6236338480141382
6.445	1.5766169021457923	0.6201458003906613
6.455	1.5729947379350304	0.620436471025951
6.465	1.5692595700191814	0.5950027904380988
6.475	1.5654145763704599	0.5963108082969026
6.485	1.5614629342680444	0.6067749511673333
6.495	1.5574078186339173	0.6031415682262115
6.505	1.5532524003839312	0.597037484885127
6.515	1.5489998447948592	0.6138963817319318
6.525	1.544653309888298	0.5951481257557436
6.535	1.5402159448321817	0.5990721793321552
6.545	1.5356908883607203	0.5950027904380988
6.555	1.531081267213517	0.5967468142498372
6.565	1.5263901945946206	0.5838119709794437
6.575	1.521620768652266	0.577853222956004
6.585	1.5167760709800064	0.5934041019440052
6.595	1.5118591651399702	0.5916600781322667
6.605	1.5068730952089031	0.5717491396149195
6.615	1.5018208843477103	0.5650637150032555
6.625	1.4967055333951116	0.5838119709794437
6.635	1.4915300194860899	0.5785798995442284
6.645	1.4862972946957291	0.6002348618733141
6.655	1.4810102847090576	0.6075016277555576
6.665	1.4756718875174821	0.5915147428146219
6.675	1.4702849721423736	0.5814866058971259
6.685	1.4648523773863624	0.5989268440145102
6.695	1.4593769106128704	0.5559075899916287
6.705	1.4538613465543841	0.5733478281090131
6.715	1.4483084261499555	0.5887533717793694
6.725	1.4427208554124362	0.5579422844386568
6.735	1.4371013043258372	0.5640463677797414
6.745	1.4314524057732956	0.575673193191331
6.755	1.4257767544960422	0.5665170681797042
6.765	1.4200769060837426	0.5861373360617617
6.775	1.414355375996609	0.5604129848386197
6.785	1.4086146386196214	0.5588142963445261
6.795	1.4028571263491725	0.5605583201562645
6.805	1.397085228712452	0.5505301832387685
6.815	1.391301291519881	0.5540182308622453
6.825	1.385507616050814	0.5406473816389172
6.835	1.3797064582727745	0.5583782903915915
6.845	1.3739000280944786	0.5377406752860199
6.855	1.3680904886527745	0.5312005859920007
6.865	1.362279955633754	0.5329446098037391
6.875	1.3564704966281365	0.5545995721328248
6.885	1.3506641305211053	0.5306192447214212
6.895	1.3448628269166658	0.5538728955446005
6.905	1.339068505596674	0.5326539391684494
6.915	1.3332830360145644	0.5402113756859827
6.925	1.3275082368238407	0.5092549530276254
6.935	1.3217458754413798	0.5330899451213841
6.945	1.3159976676455227	0.5282938796391033
6.955	1.310265277208981	0.5265498558273649
6.965	1.3045503155664884	0.5266951911450097
6.975	1.2988543415171756	0.5234978141568226
6.985	1.2931788609615738	0.5255325086038508
6.995	1.2875253266731657	0.5079469351688215
7.005	1.2818951381043577	0.5131790066040368
7.015	1.2762896412267501	0.5269858617802995
7.025	1.2707101284055486	0.5127430006511022
7.035	1.2651578383079285	0.5216084550274392
7.045	1.2596339558451817	0.5076562645335317
7.055	1.2541396121484107	0.5165217189098689
7.065	1.248675884577553	0.521899125662729
7.075	1.2432437967634726	0.514051018509906
7.085	1.237844318682861	0.48803599665147424
7.095	1.2324783667656405	0.5025695284159613
7.105	1.227146804034584	0.5213177843921496
7.115	1.2218504402768176	0.5137603478746163
7.125	1.216590032246851	0.4941400799925588
7.135	1.211366283900802	0.49152404427495117
7.145	1.206179846661417	0.4881813319691191
7.155	1.2010313197135039	0.4974827922983908
7.165	1.1959212503293635	0.5166670542275137
7.175	1.1908501342238014	0.502860199051251
7.185	1.1858184159382659	0.4902160264161473
7.195	1.1808264892536686	0.4987908101571947
7.205	1.1758746976314107	0.5044588875453446
7.215	1.170963334682123	0.5166670542275137
7.225	1.1660926446616284	0.5098362942982048
7.235	1.161262822993609	0.5072202585805972
7.245	1.1564740168184526	0.5041682169100549
7.255	1.151726325567721	0.5136150125569714
7.265	1.1470198015637199	0.5075109292158869
7.275	1.1423544506435737	0.5038775462747651
7.285	1.1377302328072376	0.5000988280159985
7.295	1.133147062888869	0.5040228815924099
7.305	1.1286048112509395	0.5147776950981304
7.315	1.1241033045004891	0.5188470839921867
7.325	1.1196423262269035	0.5102723002511395
7.335	1.1152216177605783	0.503005534368896
7.345	1.110840878951822	0.49733745698074594
7.355	1.1064997689693776	0.49384940935726906
7.365	1.102197907117878	0.5185564133568971
7.375	1.0979348736735792	0.48905334387498833
7.385	1.0937102107377106	0.502860199051251
7.395	1.0895234231067445	0.4934134034043345
7.405	1.085373979158922	0.5201551018509906
7.415	1.0812613117563192	0.4931227327690447
7.425	1.0771848191617788	0.49196005022788575
7.435	1.0731438659699968	0.5136150125569714
7.445	1.0691377840520508	0.5014068458748023
7.455	1.0651658735126743	0.5188470839921867
7.465	1.0612274036595513	0.4954480978513626
7.475	1.0573216139839205	0.5131790066040368
7.485	1.0534477151517643	0.5141963538275509
7.495	1.0496048900048702	0.49181471491024087
7.505	1.0457922945710245	0.5198644312157008
7.515	1.0420090590826314	0.5205911078039251
7.525	1.0382542890030255	0.4985001395219049
7.535	1.0345270660597397	0.513033671286392
7.545	1.0308264492840258	0.5037322109571203
7.555	1.0271514760558846	0.5203004371686355
7.565	1.0235011631538877	0.5310552506743559
7.575	1.0198745078090745	0.507365593898242
7.585	1.016270488762188	0.5146323597804855
7.595	1.012688067323554	0.5198644312157008
7.605	1.0091261884348701	0.505040228815924
7.615	1.0055837817322073	0.5136150125569714
7.625	1.0020597626095016	0.5245151613803367
7.635	0.9985530332818492	0.4942854153102037
7.645	0.9950624838478968	0.5268405264626546
7.655	0.9915869933506333	0.5245151613803367
7.665	0.9881254308359092	0.5213177843921496
7.675	0.9846766564079756	0.5024241930983164
7.685	0.9812395222813988	0.5258231792391406
7.695	0.977812873828659	0.5111443121570086
7.705	0.974395550622791	0.5139056831922612
7.715	0.9709863874743897	0.5062029113570831
7.725	0.967584215462363	0.5117256534275881
7.735	0.964187862957778	0.5208817784392149
7.745	0.9607961566401737	0.511870988745233
7.755	0.9574079225057376	0.4921053855455306
7.765	0.954021986866708	0.4902160264161473
7.775	0.9506371773414346	0.5014068458748023
7.785	0.9472523238344875	0.49791879825132546
7.795	0.9438662595062517	0.4976281276160357
7.805	0.9404778217314177	0.49399474467491394
7.815	0.9370858530458424	0.49501209189842804
7.825	0.9336892020812121	0.4947214212631383
7.835	0.9302867244869836	0.48236791926332434
7.845	0.9268772838390889	0.48571063156915634
7.855	0.9234597525348894	0.47524648869872566
7.865	0.9200330126738778	0.4870186494279602
7.875	0.9165959569236631	0.49108803832201653
7.885	0.9131474893707636	0.4902160264161473
7.895	0.9096865263557375	0.47626383592223975
7.905	0.9062119972922302	0.47975188354571663
7.915	0.9027228454695158	0.45359152636964
7.925	0.8992180288380787	0.46754371686354756
7.935	0.8956965207778944	0.4800425541810064
7.945	0.8921573108489848	0.4643463398753604
7.955	0.8885994055238826	0.47684517719281927
7.965	0.8850218289016735	0.4810599014045205
7.975	0.8814236234032514	0.46870639940470654
7.985	0.8778038504474841	0.4755371593340154
7.995	0.8741615911079552	0.4621663101106874
8.005	0.8704959467500212	0.4745198121105013
8.015	0.8668060396478737	0.45620756208724766
8.025	0.8630910135813865	0.4814959073574551
8.035	0.8593500344124458	0.5015521811924472
8.045	0.8555822906405924	0.47640917123988463
8.055	0.851786993937721	0.4633289926518463
8.065	0.8479633796616589	0.4421100362756953
8.075	0.8441107073484458	0.44123802436982607
8.085	0.8402282611831171	0.44022067714631197
8.095	0.836315350448908	0.4668170402753232
8.105	0.8323713099546557	0.45489954422844386
8.115	0.8283955004403822	0.4492314668402939
8.125	0.8243873089608682	0.45620756208724766
8.135	0.8203461492471973	0.43818598269928377
8.145	0.8162714620461744	0.44472607199330294
8.155	0.8121627154375686	0.44588875453446186
8.165	0.808019405129163	0.4365872942051902
8.175	0.8038410547295516	0.43295391126406846
8.185	0.7996272159987502	0.45010347874616313
8.195	0.795377469076542	0.44472607199330294
8.205	0.7910914226886776	0.42408845688773134
8.215	0.7867687143309143	0.4338259231699377
8.225	0.7824090104309653	0.4326632406287787
8.235	0.7780120064884597	0.42408845688773134
8.245	0.7735774271929693	0.42394312157008646
8.255	0.769105026520242	0.41580434378197373
8.265	0.7645945878067277	0.44036601246395685
8.275	0.7600459238025647	0.43949400055808757
8.285	0.7554588767031526	0.44472607199330294
8.295	0.7508333181595017	0.4284485164170775
8.305	0.7461691492675161	0.43978467119337733
8.315	0.741466300536406	0.4492314668402939
8.325	0.7367247318364565	0.44792344898149006
8.335	0.731944432326354	0.4434180541344991
8.345	0.7271254203603201	0.454754208910799
8.355	0.722267743375276	0.4428367128639196
8.365	0.7173714777583371	0.4591142684401451
8.375	0.7124367286948712	0.4461794251697516
8.385	0.7074636299974446	0.472630452981118
8.395	0.7024523439159176	0.45969560971072454
8.405	0.6974030609290327	0.45533555018137845
8.415	0.6923159995177859	0.4589689331225002
8.425	0.6871914059209469	0.4697237466282206
8.435	0.682029553873053	0.468125058134127
8.445	0.676830744325223	0.4633289926518463
8.455	0.6715953051491873	0.4671077109106129
8.465	0.6663235908248754	0.4711770998046693
8.475	0.6610159821119788	0.47742651846339873
8.485	0.6556728857058515	0.4717584410752488
8.495	0.6502947338781832	0.46754371686354756
8.505	0.644881984102825	0.47931587759278205
8.515	0.6394351186672247	0.4723397823458283
8.525	0.6339546442698738	0.4860013022044461
8.535	0.62844109160421	0.4742291414752116
8.545	0.6228950149294247	0.488326667286764
8.555	0.6173169916286249	0.484983954980932
8.565	0.6117076217547965	0.47103176448702444
8.575	0.6060675275650581	0.4954480978513626
8.585	0.6003973530436388	0.4864373081573807
8.595	0.5946977634140972	0.49283206213375497
8.605	0.5889694446412121	0.45940493907543484
8.615	0.5832131029230879	0.4881813319691191
8.625	0.5774294641739111	0.487163984745605
8.635	0.5716192734978827	0.49486675658078316
8.645	0.5657832946548164	0.48963468514556785
8.655	0.5599223095178908	0.5086736117570458
8.665	0.554037117524082	0.48265858989861404
8.675	0.5481285351177512	0.5014068458748023
8.685	0.5421973951879276	0.5057669054041485
8.695	0.5362445464997537	0.4951574272160729
8.705	0.5302708531206544	0.5125976653334573
8.715	0.5242771938416804	0.4967561157101665
8.725	0.5182644615946086	0.5014068458748023
8.735	0.5122335628652248	0.5114349827922984
8.745	0.5061854171033788	0.5048948934982792
8.755	0.5001209561302633	0.507365593898242
8.765	0.4940411235434733	0.5009708399218677
8.775	0.48794687412029375	0.5160857129569342
8.785	0.4818391732197799	0.5104176355687843
8.795	0.4757189961841013	0.508528276439401
8.805	0.46958732773963485	0.517539066133383
8.815	0.4634451613983578	0.5298925681331969
8.825	0.45729349885995846	0.5112896474746534
8.835	0.45113334941522204	0.5046042228629894
8.845	0.4449657293511299	0.5386126871918892
8.855	0.4387916613581899	0.5182657427216073
8.865	0.43261217394042584	0.5137603478746163
8.875	0.426428300828545	0.5519835364152171
8.885	0.42024108039672375	0.553291554274021
8.895	0.41405155508345654	0.5540182308622453
8.905	0.40786077081695593	0.5431180820388801
8.915	0.4016697764455218	0.5322179332155148
8.925	0.39547962317331486	0.5470421356152916
8.935	0.38929136400198866	0.5668077388149939
8.945	0.3831060531785887	0.5636103618268068
8.955	0.37692474565013157	0.5564889312622081
8.965	0.3707484965252748	0.5500941772858339
8.975	0.36457836054348247	0.5447167705329736
8.985	0.35841539155206903	0.5527102130034415
8.995	0.3522606419914982	0.5620116733327132
9.005	0.34611516238932827	0.5657903915914798
9.015	0.3399800008631286	0.5640463677797414
9.025	0.33385620263276644	0.5874453539205655
9.035	0.3277448095423647	0.5758185285089759
9.045	0.3216468595922858	0.5669530741326388
9.055	0.31556338648144955	0.5704411217561157
9.065	0.30949541916030604	0.5830852943912194
9.075	0.30344398139475476	0.5849746535206027
9.085	0.29741009134129465	0.5788705701795182
9.095	0.2913947611336949	0.5854106594735373
9.105	0.2853989964814304	0.5884627011440796
9.115	0.2794237962801558	0.5749465166031067
9.125	0.27347015223444204	0.5916600781322667
9.135	0.267539048493012	0.5871546832852758
9.145	0.26163146129669346	0.5961654729792577
9.155	0.2557483586392806	0.5995081852850898
9.165	0.24989069994151064	0.5944214491675193
9.175	0.24405943573832645	0.6091003162496512
9.185	0.2382555073795864	0.5727664868384336
9.195	0.2324798467443805	0.6127336991907729
9.205	0.22673337596909066	0.6125883638731281
9.215	0.22101700718932382	0.6101176634731652
9.225	0.21533164229582002	0.5954387963910334
9.235	0.2096781727044545	0.5966014789321923
9.245	-Inf	0.0
9.255	-Inf	0.0
9.265	-Inf	0.0
9.275	-Inf	0.0
9.285	-Inf	0.0
9.295	-Inf	0.0
9.305	-Inf	0.0
9.315	-Inf	0.0
9.325	-Inf	0.0
9.335	-Inf	0.0
9.345	-Inf	0.0
9.355	-Inf	0.0
9.365	-Inf	0.0
9.375	-Inf	0.0
9.385	-Inf	0.0
9.395	-Inf	0.0
9.405	-Inf	0.0
9.415	-Inf	0.0
9.425	-Inf	0.0
9.435	-Inf	0.0
9.445	-Inf	0.0
9.455	-Inf	0.0
9.465	-Inf	0.0
9.475	-Inf	0.0
9.485	-Inf	0.0
9.495	-Inf	0.0
9.505	-Inf	0.0
9.515	-Inf	0.0
9.525	-Inf	0.0
9.535	-Inf	0.0
9.545	-Inf	0.0
9.555	-Inf	0.0
9.565	-Inf	0.0
9.575	-Inf	0.0
9.585	-Inf	0.0
9.595	-Inf	0.0
9.605	-Inf	0.0
9.615	-Inf	0.0
9.625	-Inf	0.0
9.635	-Inf	0.0
9.645	-Inf	0.0
9.655	-Inf	0.0
9.665	-Inf	0.0
9.675	-Inf	0.0
9.685	-Inf	0.0
9.695	-Inf	0.0
9.705	-Inf	0.0
9.715	-Inf	0.0
9.725	-Inf	0.0
9.735	-Inf	0.0
9.745	-Inf	0.0
9.755	-Inf	0.0
9.765	-Inf	0.0
9.775	-Inf	0.0
9.785	-Inf	0.0
9.795	-Inf	0.0
9.805	-Inf	0.0
9.815	-Inf	0.0
9.825	-Inf	0.0
9.835	-Inf	0.0
9.845	-Inf	0.0
9.855	-Inf	0.0
9.865	-Inf	0.0
9.875	-Inf	0.0
9.885	-Inf	0.0
9.895	-Inf	0.0
9.905	-Inf	0.0
9.915	-Inf	0.0
9.925	-Inf	0.0
9.935	-Inf	0.0
9.945	-Inf	0.0
9.955	-Inf	0.0
9.965	-Inf	0.0
9.975	-Inf	0.0
9.985	-Inf	0.0
9.995	-Inf	0.0
