0.005	-Inf	0.0
0.015	-Inf	0.0
0.025	-Inf	0.0
0.035	-Inf	0.0
0.045	-Inf	0.0
0.055	-Inf	0.0
0.065	-Inf	0.0
0.075	-Inf	0.0
0.085	-Inf	0.0
0.095	-Inf	0.0
0.105	-Inf	0.0
0.115	-Inf	0.0
0.125	-Inf	0.0
0.135	-Inf	0.0
0.145	-Inf	0.0
0.155	-Inf	0.0
0.165	-Inf	0.0
0.175	-Inf	0.0
0.185	-Inf	0.0
0.195	-Inf	0.0
0.205	-Inf	0.0
0.215	-Inf	0.0
0.225	-Inf	0.0
0.235	-Inf	0.0
0.245	-Inf	0.0
0.255	-Inf	0.0
0.265	-Inf	0.0
0.275	-Inf	0.0
0.285	-Inf	0.0
0.295	-Inf	0.0
0.305	-Inf	0.0
0.315	-Inf	0.0
0.325	-Inf	0.0
0.335	-Inf	0.0
0.345	-Inf	0.0
0.355	-Inf	0.0
0.365	-Inf	0.0
0.375	-Inf	0.0
0.385	-Inf	0.0
0.395	-Inf	0.0
0.405	-Inf	0.0
0.415	-Inf	0.0
0.425	-Inf	0.0
0.435	-Inf	0.0
0.445	-Inf	0.0
0.455	-Inf	0.0
0.465	-Inf	0.0
0.475	-Inf	0.0
0.485	-Inf	0.0
0.495	-Inf	0.0
0.505	-Inf	0.0
0.515	-Inf	0.0
0.525	-Inf	0.0
0.535	-Inf	0.0
0.545	-Inf	0.0
0.555	-Inf	0.0
0.565	-Inf	0.0
0.575	-Inf	0.0
0.585	-Inf	0.0
0.595	-Inf	0.0
0.605	-Inf	0.0
0.615	-Inf	0.0
0.625	-Inf	0.0
0.635	-Inf	0.0
0.645	-Inf	0.0
0.655	-Inf	0.0
0.665	-Inf	0.0
0.675	-Inf	0.0
0.685	-Inf	0.0
0.695	-Inf	0.0
0.705	-Inf	0.0
0.715	-Inf	0.0
0.725	-Inf	0.0
0.735	-Inf	0.0
0.745	-Inf	0.0
0.755	-Inf	0.0
0.765	-Inf	0.0
0.775	-Inf	0.0
0.785	-Inf	0.0
0.795	-Inf	0.0
0.805	-Inf	0.0
0.815	-Inf	0.0
0.825	-Inf	0.0
0.835	-Inf	0.0
0.845	-Inf	0.0
0.855	-Inf	0.0
0.865	-Inf	0.0
0.875	-Inf	0.0
0.885	-Inf	0.0
0.895	-Inf	0.0
0.905	-Inf	0.0
0.915	-Inf	0.0
0.925	-Inf	0.0
0.935	-Inf	0.0
0.945	1.2011009367329661	1.2310394324196887
0.955	1.1965337922020547	1.1924608392523863
0.965	1.1917864972917798	1.1775159788362242
0.975	1.1868613351455126	1.168131996714448
0.985	1.1817606287178557	1.172070952172971
0.995	1.176486740124464	1.1483213677906978
1.005	1.1710420699801425	1.1069623354762024
1.015	1.1654290567253958	1.0842554157741264
1.025	1.1596501759416074	1.0735970657098868
1.035	1.1537079396550416	1.0676886325221016
1.045	1.147604895629856	1.0700056651447625
1.055	1.141343626650316	1.0621277542277157
1.065	1.134926749792423	1.025634490420808
1.075	1.1283569156851452	1.0240125675849454
1.085	1.1216368077614747	1.005939713128191
1.095	1.1147691414995151	0.9975983956866121
1.105	1.1077566636538205	0.9795255412298578
1.115	1.1006021514772066	0.9723427400996093
1.125	1.0933084119332621	0.9666660101740903
1.135	1.0858782808997889	0.9477821942994047
1.145	1.0783146223634033	0.9446542002588126
1.155	1.0706203276055417	0.9089718978698361
1.165	1.062798314380109	0.8992403608546607
1.175	1.0548515260830114	0.8768809960459839
1.185	1.0467829309138375	0.8683079753421389
1.195	1.0385955210299223	0.8648324264081476
1.205	1.030292311693065	0.831235453379566
1.215	1.0218763404091549	0.8376072930918831
1.225	1.013350666060972	0.8128150440294124
1.235	1.0047183680344227	0.8132784505539447
1.245	0.9959825453384926	0.7996079580802459
1.255	0.9871463157191788	0.7742364508621099
1.265	0.9782128147676816	0.7663585399450632
1.275	0.969185195023142	0.7720352698705821
1.285	0.9600666250701949	0.7338042315966788
1.295	0.9508602886316327	0.7277799467777607
1.305	0.941569383656465	0.7356578576948074
1.315	0.9321971214036601	0.7094753890587403
1.325	0.9227467255218677	0.7099387955832724
1.335	0.9132214311254138	0.6662627306461162
1.345	0.9036244838668693	0.6844514367340035
1.355	0.8939591390064803	0.6520129800167522
1.365	0.8842286604787809	0.6683480600065109
1.375	0.8744363199566747	0.660122594196065
1.385	0.8645853959132969	0.625830511380685
1.395	0.8546791726819674	0.625598808118419
1.405	0.8447209395145363	0.603007740047476
1.415	0.8347139896384366	0.5844714790661896
1.425	0.8246616193127542	0.5960566421794936
1.435	0.8145671268836299	0.5804166719765331
1.445	0.8044338118392974	0.568599805600963
1.455	0.7942649738650905	0.5812276333944644
1.465	0.7840639118987134	0.5460087375300201
1.475	0.7738339231861064	0.5398686010799689
1.485	0.7635783023382163	0.5476306603658827
1.495	0.7533003403889909	0.5362772005148446
1.505	0.7430033238549132	0.5294419542779952
1.515	0.7326905337963968	0.5126434677637044
1.525	0.7223652448813574	0.5090520671985801
1.535	0.7120307244512796	0.47302220991620453
1.545	0.7016902315900946	0.4880829219634998
1.555	0.6913470161961901	0.47221124849827323
1.565	0.6810043180578664	0.4820586371445817
1.575	0.6706653659325565	0.46016267886043705
1.585	0.6603333766301214	0.4511262516320599
1.595	0.6500115541005509	0.44185812114141665
1.605	0.6397030885263562	0.43525457816683333
1.615	0.6294111554199986	0.4351387265357003
1.625	0.6191389147266426	0.4329375455441725
1.635	0.6088895099325561	0.41243180683362435
1.645	0.5986660671794594	0.43108391944604385
1.655	0.5884716943851377	0.4160232073987486
1.665	0.5783094803706172	0.4017734567693846
1.675	0.5681824939942053	0.38706029961548843
1.685	0.5580937832927134	0.374432471821987
1.695	0.548046374630134	0.3721154391993262
1.705	0.5380432718540973	0.3863651898286902
1.715	0.528087455460386	0.36933500005213327
1.725	0.5181818817658037	0.3540425847425719
1.735	0.5083294820896892	0.3713044777813949
1.745	0.4985331619443614	0.35844494672562743
1.755	0.48879580023478214	0.34859755807931897
1.765	0.4791202484677107	0.33990868574434097
1.775	0.46950932997063966	0.32994544546689947
1.785	0.45996583912077393	0.3240370122791144
1.795	0.4504925405843337	0.3322624780895603
1.805	0.4410921685664439	0.32264679270551794
1.815	0.43176742607187657	0.30735437739595656
1.825	0.42252098417690676	0.32982959383576643
1.835	0.4133554813125329	0.2986655050609785
1.845	0.4042735225593283	0.31801272746019627
1.855	0.39527767895414945	0.29588506591378555
1.865	0.38637048680896935	0.2977386920119142
1.875	0.3775544470420583	0.2977386920119142
1.885	0.3688320245217561	0.2929887751354595
1.895	0.36020564742306227	0.2957692142826525
1.905	0.35167770659727454	0.2774646565636321
1.915	0.34325055495489165	0.2951899561269873
1.925	0.33492650686199965	0.27410495926077394
1.935	0.3267078375503594	0.26842822933525495
1.945	0.3185967825413838	0.27329399784284264
1.955	0.31059553708422927	0.2778122114570312
1.965	0.30270625560817865	0.28325723812028414
1.975	0.29493105118951474	0.29507410449585425
1.985	0.2872719950330693	0.29125100066846393
1.995	0.27973111596862377	0.3067751192402914
2.005	0.2723103999623388	0.3132628105837416
2.015	0.2650117896433768	0.317085914411132
2.025	0.25783718384589005	0.31812857909132936
2.035	0.25078843716651084	0.31986635355832493
2.045	0.24386735953751926	0.30932385512521826
2.055	0.23707571581581188	0.31453717852620505
2.065	0.23041522538782244	0.31581154646866855
2.075	0.22388756179052058	0.3349270656056202
2.085	0.21749435234861803	0.3330734395074916
2.095	0.211237177828098	0.32044561171399016
2.105	0.20511757210618659	0.3365489884414828
2.115	0.1991370218578647	0.34906096460385116
2.125	0.19329696625903234	0.34164646021133654
2.135	0.18759879670640559	0.33759165312168016
2.145	0.18204385655424532	0.3411830536868044
2.155	0.17663344086799002	0.35126214559537894
2.165	0.1713687961948684	0.35195725538217715
2.175	0.1662511203515658	0.3425732732604009
2.185	0.16128156222899132	0.3441951960962635
2.195	0.15646122161421033	0.35242066190670934
2.205	0.151791149029586	0.3563596173652327
2.215	0.1472723455891654	0.3660911543804081
2.225	0.14290576287234882	0.36504848970021075
2.235	0.13869230281486608	0.3621521989218847
2.245	0.1346328176170742	0.3577498369388292
2.255	0.13072810966959977	0.3702618131011976
2.265	0.12697893149631573	0.35902420488129266
2.275	0.12338598571466503	0.36238390218415084
2.285	0.11994992501331064	0.35473769452937015
2.295	0.11667135214710629	0.368639890265335
2.305	0.11355081994935495	0.36470093480681165
2.315	0.11058883136133171	0.36817648374080286
2.325	0.10778583947903272	0.3565913206274988
2.335	0.10514224761710446	0.37651780118238176
2.345	0.10265840938990173	0.3759385430267166
2.355	0.10033462880962243	0.365743599487009
2.365	0.09817116040144466	0.3816152729522356
2.375	0.096168209335604	0.37454832345312006
2.385	0.09432593157632574	0.3759385430267166
2.395	0.0926444340475246	0.38613348656642416
2.405	0.09112377481518957	0.3719995875681932
2.415	0.0897639632863447	0.3760543946578496
2.425	0.088564960424484	0.3649326380690777
2.435	0.08752667898136662	0.37304225224839055
2.445	0.08664898374505159	0.3691032967898672
2.455	0.08593169180405119	0.39435895237687
2.465	0.08537457282746222	0.3697984065766654
2.475	0.08497734936094567	0.36887159352760107
2.485	0.0847396971383956	0.3747800267153862
2.495	0.08466124540915942	0.37686535607578087
2.505	0.08474157728064624	0.37501172997765225
2.515	0.08498023007614613	0.37188373593706014
2.525	0.08537669570771306	0.3752434332399183
2.535	0.08593042106391216	0.3995722757778568
2.545	0.08664080841225916	0.37732876260031306
2.555	0.08750721581616161	0.38821881592681884
2.565	0.08852895756616702	0.3824262343701668
2.575	0.0897053046253079	0.36968255494553237
2.585	0.09103548508835224	0.380109201747506
2.595	0.09251868465473576	0.3674813739540046
2.605	0.09415404711496189	0.3760543946578496
2.615	0.09594067485023955	0.38265793763243294
2.625	0.09787762934514443	0.38567008004189196
2.635	0.09996393171305148	0.3602985728237561
2.645	0.10219856323411403	0.3854383767796259
2.655	0.10458046590553687	0.3852066735173598
2.665	0.10710854300389248	0.3832371957880981
2.675	0.1097816596592347	0.38868222245135103
2.685	0.1125986434407431	0.37756046586257913
2.695	0.11555828495363868	0.3824262343701668
2.705	0.11865933844709332	0.3706093679945967
2.715	0.12190052243287891	0.38300549252583205
2.725	0.12528052031446069	0.3667862641672064
2.735	0.12879798102625933	0.3923894746476083
2.745	0.13245151968280883	0.39099925507401184
2.755	0.13623971823749653	0.3724629940927254
2.765	0.14016112615061832	0.3817311245833686
2.775	0.14421426106643528	0.3900724420249475
2.785	0.14839760949894143	0.3926211779098744
2.795	0.15270962752602793	0.3903041452872136
2.805	0.15714874149175637	0.38601763493529107
2.815	0.1617133487164087	0.3782555756493774
2.825	0.1664018182140195	0.3724629940927254
2.835	0.1712124914170679	0.37385321366632185
2.845	0.17614368290800567	0.394243100745737
2.855	0.18119368115731205	0.380109201747506
2.865	0.1863607492677478	0.38717615124662147
2.875	0.19164312572447706	0.3831213441569651
2.885	0.19703902515073848	0.391578513229677
2.895	0.20254663906873352	0.3842798604682955
2.905	0.20816413666539976	0.3758226913955835
2.915	0.21388966556273364	0.38879807408248407
2.925	0.2197213525923389	0.39134680996741095
2.935	0.22565730457385447	0.37732876260031306
2.945	0.23169560909692374	0.37721291096918
2.955	0.23783433530638615	0.36852403863420197
2.965	0.24407153469032838	0.3777921691248452
2.975	0.25040524187066654	0.3839323055748964
2.985	0.256833475395929	0.40096249535145334
2.995	0.2633542385358819	0.38798711266455277
3.005	0.2699655200776661	0.37987749848523994
3.015	0.27666529512311167	0.3824262343701668
3.025	0.2834515258868717	0.39679183663066386
3.035	0.29032216249505327	0.3965601333683978
3.045	0.29727514378399517	0.38451156373056156
3.055	0.30430839809885685	0.4007307920891872
3.065	0.31141984409167367	0.38984073876268144
3.075	0.31860739151855566	0.379993350116373
3.085	0.32586894203567335	0.39435895237687
3.095	0.3332023899937122	0.38706029961548843
3.105	0.3406056232304474	0.39818205620426034
3.115	0.3480765238611169	0.40327952797411415
3.125	0.35561296906625683	0.40327952797411415
3.135	0.3632128318766672	0.397255243155196
3.145	0.3708739819551876	0.4083769997439679
3.155	0.37859428637494463	0.41822438839027637
3.165	0.38637161039376744	0.40826114811283487
3.175	0.3942038182244302	0.4134744715138217
3.185	0.4020887738004147	0.40165760513825155
3.195	0.4100243415368733	0.4134744715138217
3.205	0.4180083870864849	0.39934057251559074
3.215	0.4260387780898812	0.4141695813006199
3.225	0.4341133849203568	0.40745018669490357
3.235	0.4422300814225326	0.40698678017037143
3.245	0.450386745644698	0.41544394924308337
3.255	0.45858126056452186	0.4072184834326375
3.265	0.466811514807839	0.40849285137510094
3.275	0.4750754033602249	0.41625491066101467
3.285	0.4833708282710759	0.42610229930732313
3.295	0.49169569934990787	0.400035682302389
3.305	0.5000479348546075	0.4354862814290994
3.315	0.5084254621713409	0.42112067916860235
3.325	0.5168262184858793	0.4309680678149108
3.335	0.5252481514460522	0.43108391944604385
3.345	0.5336892198150924	0.41845609165254244
3.355	0.5421473941155965	0.4117366970468261
3.365	0.5506206572638634	0.43189488086397515
3.375	0.5591070051943634	0.4241328215780614
3.385	0.5676044474741062	0.4311997710771769
3.395	0.5761110079066559	0.42679740909412134
3.405	0.5846247251255794	0.4323582873885073
3.415	0.5931436531771019	0.4396569401498889
3.425	0.6016658620917386	0.42644985420072223
3.435	0.6101894384447225	0.4488092190093991
3.445	0.6187124859049765	0.442900785821614
3.455	0.6272331257724698	0.44707144454240344
3.465	0.6357494975037346	0.4394252368876228
3.475	0.644259759225378	0.44255323092821486
3.485	0.6527620882353891	0.4520530646811242
3.495	0.6612546814920683	0.4452178184442748
3.505	0.669735756090412	0.45367498751698676
3.515	0.6782035497257952	0.4526323228367894
3.525	0.6866563211447689	0.45402254241038587
3.535	0.6950923505828588	0.4565712782953128
3.545	0.7035099401891856	0.4497360320584634
3.555	0.7119074144377859	0.46618696367935514
3.565	0.7202831205255056	0.4623638598519648
3.575	0.7286354287563316	0.46537600226142384
3.585	0.7369627329120438	0.4627114147453639
3.595	0.7452634506090867	0.4711685838180759
3.605	0.7535360236415337	0.4805525659398522
3.615	0.7617789183100873	0.4824061920379808
3.625	0.7699906257369731	0.4720953968671402
3.635	0.7781696621666836	0.48588174097197206
3.645	0.7863145692524793	0.49074750947955975
3.655	0.7944239143285656	0.5106739900344427
3.665	0.802496290667924	0.4900523996927615
3.675	0.8105303177256858	0.4859975926031051
3.685	0.818524641368043	0.5032594856419281
3.695	0.8264779340866315	0.4954974263560144
3.705	0.8343888951983668	0.5010583046504004
3.715	0.8422562510306979	0.5043021503221254
3.725	0.8500787550922532	0.517393384640159
3.735	0.857855188228874	0.47707701700586097
3.745	0.8655843587650276	0.5116008030835071
3.755	0.873265102630605	0.5146129454929661
3.765	0.8808962834730959	0.4954974263560144
3.775	0.8884767927551759	0.5274724765487336
3.785	0.8960055498377084	0.5096313253542454
3.795	0.9034815020482133	0.5116008030835071
3.805	0.9109036247348195	0.5112532481901079
3.815	0.9182709213057498	0.5296736575402614
3.825	0.9255824232543886	0.5177409395335582
3.835	0.9328371901699923	0.5288626961223301
3.845	0.94003430973411	0.5169299781156269
3.855	0.9471728977027667	0.5154239069108973
3.865	0.9542520978745112	0.5299053608025275
3.875	0.9612710820443824	0.5118325063457732
3.885	0.9682290499439311	0.520173823787352
3.895	0.9751252291673436	0.5246920374015406
3.905	0.9819588750838006	0.5163507199599617
3.915	0.9887292707361831	0.5277041798109997
3.925	0.9954357267262129	0.5369723103016429
3.935	1.0020775810862086	0.5328016515808535
3.945	1.0086541991375202	0.5367406070393769
3.955	1.015164973335821	0.5282834379666649
3.965	1.0216093231033834	0.534076019523317
3.975	1.0279866946484946	0.5248078890326736
3.985	1.0342965607721648	0.5441551114318914
3.995	1.0405384206622728	0.528746844491197
4.005	1.046711799675336	0.5277041798109997
4.015	1.0528162491060686	0.5292102510157292
4.025	1.0588513459448938	0.5420697820714967
4.035	1.0648166926236218	0.5421856337026297
4.045	1.0707119167494414	0.525618850450605
4.055	1.076536670827449	0.5467038473168183
4.065	1.0822906319719088	0.5353503874657803
4.075	1.0879735016064427	0.5344235744167161
4.085	1.093585005153353	0.5268932183930684
4.095	1.0991248917123062	0.5352345358346473
4.105	1.1045929337285814	0.5197104172628199
4.115	1.10998892665112	0.5326857999497204
4.125	1.115312688580604	0.5417222271780976
4.135	1.1205640599077715	0.5219115982543476
4.145	1.1257429029422419	0.548789176677213
4.155	1.130849101532058	0.5275883281798667
4.165	1.1358825606742209	0.5322223934251883
4.175	1.1408432061164389	0.5325699483185874
4.185	1.1457309839503615	0.5154239069108973
4.195	1.150545860196536	0.5216798949920816
4.205	1.1552878203813726	0.5336126129987847
4.215	1.159956869106363	0.5250395922949398
4.225	1.1645530296098123	0.5266615151308023
4.235	1.1690763433213776	0.5289785477534631
4.245	1.17352686940965	0.5212164884675494
4.255	1.1779046843231145	0.5179726427958242
4.265	1.1822098813246873	0.514265390599567
4.275	1.1864425700201804	0.5214481917298155
4.285	1.1906028758809242	0.5136861324439018
4.295	1.194690939760889	0.5214481917298155
4.305	1.1987069174085283	0.5198262688939529
4.315	1.202650978973689	0.5105581384033097
4.325	1.2065233085098397	0.5211006368364164
4.335	1.210324103471934	0.5111373965589748
4.345	1.214053574210209	0.5077776992561167
4.355	1.217711943460174	0.5105581384033097
4.365	1.221299445829135	0.5076618476249837
4.375	1.2248163272795207	0.5038387437975933
4.385	1.2282628446093315	0.4951498714626153
4.395	1.2316392649299905	0.4901682513238945
4.405	1.2349458651419087	0.48391226324271036
4.415	1.2381829314080597	0.49364380025788573
4.425	1.2413507586258725	0.5071984411004515
4.435	1.2444496498977473	0.4921377290531562
4.445	1.2474799160004668	0.4931803937333536
4.455	1.2504418748538466	0.514149538968434
4.465	1.253335850988888	0.5041862986909924
4.475	1.2561621750157566	0.4913267676352249
4.485	1.2589211830918892	0.494338910044684
4.495	1.2616132163905065	0.4869244056521694
4.505	1.2642386205698346	0.5014058595437995
4.515	1.2667977452433696	0.4908633611106928
4.525	1.269290943451421	0.5099788802476445
4.535	1.2717185711342807	0.5066191829447863
4.545	1.2740809866072809	0.505692369895722
4.555	1.2763785500380418	0.5128751710259705
4.565	1.278611622926198	0.5007107497570012
4.575	1.2807805675859083	0.5107898416655757
4.585	1.2828857466313939	0.5090520671985801
4.595	1.284927522465834	0.49839371713434044
4.605	1.286906256773867	0.5155397585420304
4.615	1.2888223100180067	0.5204055270496181
4.625	1.290676040939217	0.5162348683288287
4.635	1.2924678060619437	0.5120642096080392
4.645	1.2941979592038666	0.5221433015166137
4.655	1.295866850990626	0.5317589869006561
4.665	1.297474828375822	0.5219115982543476
4.675	1.299022234166515	0.5440392598007584
4.685	1.3005094065544982	0.525850553712871
4.695	1.301936678653594	0.5290943993845961
4.705	1.303304378043241	0.5338443162610508
4.715	1.3046128263185914	0.5451977761120888
4.725	1.3058623386473824	0.5435758532762263
4.735	1.307053223333826	0.5356979423591794
4.745	1.3081857813897066	0.5318748385317892
4.755	1.3092603061130081	0.5362772005148446
4.765	1.310277082674195	0.5533073902914016
4.775	1.3112363877104412	0.5482099185215479
4.785	1.3121384889279806	0.5530756870291356
4.795	1.3129836447128516	0.5406795624979002
4.805	1.3137721037501593	0.5562036810697276
4.815	1.314504104652135	0.5382466782441063
4.825	1.3151798755951563	0.5595633783725859
4.835	1.315799633965916	0.5541183517093329
4.845	1.316363586016964	0.5504110995130757
4.855	1.3168719265317614	0.5582890104301224
4.865	1.317324838499451	0.5636181854622423
4.875	1.3177224927995181	0.5764777165180097
4.885	1.3180650478965057	0.5733497224774177
4.895	1.3183526495449356	0.5774045295670741
4.905	1.318585430504603	0.5718436512726881
4.915	1.3187635102664024	0.563038927306577
4.925	1.3188869947888064	0.5837763692793912
4.935	1.3189559762451692	0.5872519182133825
4.945	1.3189705327819574	0.5786788975095375
4.955	1.318930728288062	0.5953615323926954
4.965	1.3188366121752824	0.5888738410492451
4.975	1.3186882191701403	0.5660510697160361
4.985	1.3184855691171016	0.5987212296955535
4.995	1.3182286667933156	0.605788179194669
5.005	1.3179175017349734	0.5959407905483606
5.015	1.3175520480753877	0.602891888416343
5.025	1.3171322643948538	0.6125075738003853
5.035	1.3166580935824033	0.5921176867209702
5.045	1.3161294627094917	0.5872519182133825
5.055	1.315546282915705	0.6107697993333897
5.065	1.314908449306549	0.60011144926915
5.075	1.314215840863366	0.614245348267381
5.085	1.3134683203654265	0.6074101020305316
5.095	1.3126657343242447	0.61725749067684
5.105	1.3118079129301397	0.605672327563536
5.115	1.3108946700111037	0.6203854847174322
5.125	1.3099258030039505	0.6262939179052172
5.135	1.3089010929377989	0.6232817754957581
5.145	1.3078203044298957	0.6123917221692523
5.155	1.3066831856937586	0.6243244401759555
5.165	1.3054894685596683	0.608800321604128
5.175	1.3042388685074766	0.6105380960711236
5.185	1.3029310847117237	0.6075259536616646
5.195	1.3015658000990453	0.6178367488325052
5.205	1.300142681417837	0.6155197162098444
5.215	1.2986613793201507	0.6246719950693546
5.225	1.297121528455763	0.6202696330862991
5.235	1.2955227475783941	0.6246719950693546
5.245	1.293864639664007	0.6154038645787113
5.255	1.2921467920411325	0.6218915559221616
5.265	1.2903687765331573	0.611464909120188
5.275	1.2885301496125126	0.6260622146429511
5.285	1.2866304525666519	0.622702517340093
5.295	1.284669211675794	0.6221232591844277
5.305	1.282645938402285	0.6274524342165476
5.315	1.2805601295915148	0.6346352353467961
5.325	1.2784112676842867	0.6306962798882727
5.335	1.2761988209405275	0.6150563096853122
5.345	1.2739222436742246	0.6388058940675856
5.355	1.2715809764994845	0.6310438347816718
5.365	1.2691744465875798	0.6247878467004877
5.375	1.2667020679348553	0.6198062265617669
5.385	1.2641632416413733	0.6318547961996032
5.395	1.2615573562001448	0.6413546299525125
5.405	1.2588837877968126	0.6386900424364526
5.415	1.256141900619629	0.6294219119458093
5.425	1.2533310471795818	0.6269890276920154
5.435	1.2504505686405085	0.6210805945042304
5.445	1.2474997951590288	0.628610950527878
5.455	1.2444780462341378	0.5986053780644205
5.465	1.2413846310662706	0.6260622146429511
5.475	1.238218848925682	0.6269890276920154
5.485	1.2349799895299374	0.622934220602359
5.495	1.2316673334303472	0.6189952651438356
5.505	0.6153075581092393	0.3360855819169506
5.515	0.6162258420314906	0.34245742162926784
5.525	0.6170681199005523	0.34164646021133654
5.535	0.6178336396389228	0.33365269766315675
5.545	0.6185216420621824	0.345701267300993
5.555	0.6191313613148832	0.3476707450302547
5.565	0.6196620253139445	0.35879250161902654
5.575	0.6201128561993517	0.3540425847425719
5.585	0.620483070791926	0.33643313681034975
5.595	0.6207718810579458	0.33898187269527663
5.605	0.6209784945803876	0.34848170644818593
5.615	0.6211021150365615	0.3583290950944944
5.625	0.6211419426819061	0.3645850831756786
5.635	0.6210971748396932	0.35821324346336136
5.645	0.6209670063964285	0.35543280431616836
5.655	0.6207506303026791	0.36585945111814205
5.665	0.6204472380791021	0.37304225224839055
5.675	0.6200560203274208	0.3549693977916362
5.685	0.6195761672460914	0.36354241849548125
5.695	0.6190068691504328	0.3723471424615923
5.705	0.6183473169969317	0.3725788457238584
5.715	0.6175967029115003	0.38763955777115366
5.725	0.61675422072141	0.3737373620351888
5.735	0.6158190664906537	0.38729200287775456
5.745	0.6147904390584649	0.38103601479657034
5.755	0.6136675405807452	0.38752370614002063
5.765	0.6124495770741359	0.3762860979201157
5.775	0.6111357589624504	0.3746641750842531
5.785	0.6097253016252429	0.3746641750842531
5.795	0.6082174259482042	0.38752370614002063
5.805	0.6066113588751472	0.40281612144958195
5.815	0.6049063339613078	0.4033953796052472
5.825	0.6031015919276936	0.4149805427185512
5.835	0.6011963812162087	0.4076818899571697
5.845	0.5991899585452946	0.41277936172702345
5.855	0.5970815894658206	0.4075660383260366
5.865	0.5948705489169447	0.3954016170570674
5.875	0.5925561217816883	0.3957491719504665
5.885	0.5901376034419592	0.39296873280327355
5.895	0.5876143003327439	0.40281612144958195
5.905	0.5849855304952163	0.4160232073987486
5.915	0.5822506241284938	0.411389142153427
5.925	0.5794089241397709	0.41312691662042256
5.935	0.5764597866925711	0.41080988399776175
5.945	0.5734025817528617	0.4105781807354957
5.955	0.570236693632753	0.4210048275374693
5.965	0.5669615215315384	0.41695002044781293
5.975	0.5635764800738085	0.4148646910874182
5.985	0.5600809998443894	0.4132427682515556
5.995	0.556474527919831	0.4346753200111681
6.005	0.5527565283962242	0.4203097177506711
6.015	0.5489264829130643	0.42621815093845616
6.025	0.5449838911729206	0.422974305266731
6.035	0.5409282714566807	0.4313156227083099
6.045	0.5367591611340986	0.4317790292328421
6.055	0.5324761171694198	0.43038880965924564
6.065	0.5280787166218389	0.44069960483008624
6.075	0.5235665571405537	0.44069960483008624
6.085	0.5189392574541699	0.4271449639875205
6.095	0.5141964578542437	0.43154732597057605
6.105	0.5093378206727135	0.442784934190481
6.115	0.5043630307529945	0.4408154564612193
6.125	0.49927179591453724	0.4449861151820087
6.135	0.49406384741058684	0.4354862814290994
6.145	0.4887389403789781	0.4397727917810219
6.155	0.48329685428569197	0.4331692488064386
6.165	0.47773739336101995	0.4519372130499912
6.175	0.4720603870280872	0.4449861151820087
6.185	0.4662656903235587	0.4508945483697938
6.195	0.4603531843103029	0.43988864341215494
6.205	0.4543227764818459	0.4569188331887119
6.215	0.4481744011583939	0.4496201804273304
6.225	0.4419080198742496	0.4479982575914678
6.235	0.4355236217564576	0.4535591358858537
6.245	0.4290212238944482	0.45216891631225725
6.255	0.42240087170055096	0.45703468481984494
6.265	0.41566263926118496	0.45622372340191364
6.275	0.4088066296785588	0.4420898244036827
6.285	0.4018329754027188	0.4477665543292017
6.295	0.39474183855377776	0.42726081561865353
6.305	0.3875334112341913	0.4508945483697938
6.315	0.3802079158308957	0.44683974128013737
6.325	0.3727656053072081	0.4549493554594502
6.335	0.3652067634842972	0.45448594893491806
6.345	0.3575317053121208	0.4389618303630906
6.355	0.34974077712969237	0.4442910053952105
6.365	0.3418343569145415	0.45054699347639465
6.375	0.333812854521258	0.45297987773018855
6.385	0.3256767119089692	0.43733990752722807
6.395	0.3174264033576951	0.440004495043288
6.405	0.3090624356734192	0.46560770552368996
6.415	0.30058534838179674	0.44730314780466957
6.425	0.29199571391039053	0.45587616850851453
6.435	0.2832941377593671	0.45286402609905546
6.445	0.27448125866051976	0.4389618303630906
6.455	0.2655577487245898	0.46247971148309786
6.465	0.25652431357674543	0.4524006195745233
6.475	0.24738169248020897	0.4424373792970818
6.485	0.2381306584479128	0.4351387265357003
6.495	0.22877201834215138	0.4481141092226008
6.505	0.21930661296215948	0.4362972428470307
6.515	0.20973531711955018	0.43537042979796636
6.525	0.2000590397016063	0.42563889278279093
6.535	0.19027872372233093	0.42471207973372666
6.545	0.18039534636125404	0.42227919547993276
6.555	0.17040991898994934	0.41590735576761556
6.565	0.16032348718623265	0.41671831718554686
6.575	0.15013713073603802	0.42424867320919446
6.585	0.13985196362290386	0.41393787803835386
6.595	0.12946913400513613	0.4066392252769723
6.605	0.11898982418054868	0.4017734567693846
6.615	0.10841525053886308	0.4105781807354957
6.625	0.09774666350171154	0.4038587861297793
6.635	0.08698534745027248	0.40397463776091236
6.645	0.07613262064055548	0.402931973080715
6.655	0.06518983510633977	0.39250532627874135
6.665	0.05415837654981143	0.3869444479843554
6.675	0.04303966421987959	0.3920419197542092
6.685	0.03183515077826238	0.37790802075597824
6.695	0.020546322153344898	0.3832371957880981
6.705	0.009174697381842345	0.391578513229677
6.715	-0.0022781715616636555	0.36655456090494026
6.725	-0.01381069994725806	0.37072521962572974
6.735	-0.02542127048428322	0.3633107152332151
6.745	-0.03710823352788045	0.36620700601154116
6.755	-0.048869907297423854	0.36887159352760107
6.765	-0.06070457810682611	0.36423752828227945
6.775	-0.07261050060657348	0.35439013963597105
6.785	-0.08458589803745376	0.35879250161902654
6.795	-0.09662896249589253	0.365743599487009
6.805	-0.10873785521080948	0.35427428800483796
6.815	-0.1209107068318731	0.3497560743906494
6.825	-0.1331456177291256	0.33446365908108805
6.835	-0.14544065830380232	0.3445427509896626
6.845	-0.15779386931030281	0.34987192602178246
6.855	-0.1702032621891666	0.34106720205567137
6.865	-0.18266681941097418	0.3331892911386246
6.875	-0.1951824948310404	0.33133566504049594
6.885	-0.20774821405476807	0.33712824659714796
6.895	-0.22036187481358394	0.3378233563839462
6.905	-0.23302134735128205	0.3312198134093629
6.915	-0.24572447482066656	0.3349270656056202
6.925	-0.25846907369037964	0.3189395405092606
6.935	-0.27125293416173935	0.3151164366818703
6.945	-0.2840738205954696	0.3219516829187197
6.955	-0.296929471948186	0.30874459696955303
6.965	-0.30981760221847965	0.3109457779610808
6.975	-0.32273590090244497	0.3140737720016729
6.985	-0.33568203345850367	0.30387882846196534
6.995	-0.3486536417813816	0.2946106979713221
7.005	-0.3616483446850677	0.3021410539949697
7.015	-0.37466373839458533	0.29843380179871243
7.025	-0.3876973970464329	0.3052690480355618
7.035	-0.4007468731975061	0.2929887751354595
7.045	-0.4138096983423497	0.2876596001033397
7.055	-0.4268833834385658	0.2860376772674771
7.065	-0.4399654194401845	0.2848791609561467
7.075	-0.45305327783883675	0.27931828266176073
7.085	-0.4661444112125548	0.27329399784284264
7.095	-0.4792362537820163	0.27792806308816426
7.105	-0.49232622197403	0.26020276352480903
7.115	-0.5054117149920963	0.28186701854668766
7.125	-0.5184901153938715	0.26958674564658536
7.135	-0.5315587896753023	0.26912333912205316
7.145	-0.5446150888612734	0.2734098494739757
7.155	-0.5576563491025837	0.2797816891862929
7.165	-0.5706798922790126	0.2620563896229377
7.175	-0.5836830266083334	0.2605503184182082
7.185	-0.5966630472610467	0.26101372494274033
7.195	-0.6096172369806374	0.26275149940973597
7.205	-0.6225428667091664	0.2560321048040196
7.215	-0.6354371962179814	0.2425933155925869
7.225	-0.6482974747433764	0.25475773686155617
7.235	-0.6611209416269492	0.2593918021068778
7.245	-0.6739048269604974	0.2554528466483544
7.255	-0.6866463522352315	0.25186144608323013
7.265	-0.6993427309950906	0.24803834225583982
7.275	-0.7119911694939635	0.2443310900595825
7.285	-0.7245888673566252	0.24282501885485297
7.295	-0.7371330182431531	0.2595076537380108
7.305	-0.7496208105166239	0.23761169545386615
7.315	-0.7620494279139116	0.2394653215519948
7.325	-0.7744160502193325	0.24155065091238953
7.335	-0.7867178539409618	0.23865436013406352
7.345	-0.7989520129894156	0.23216666879061326
7.355	-0.8111156993588633	0.22648993886509428
7.365	-0.8232060838100819	0.23819095360953135
7.375	-0.8352203365553525	0.22614238397169514
7.385	-0.8471556279449695	0.2213924670952405
7.395	-0.8590091291551691	0.22069735730844223
7.405	-0.8707780128772602	0.21791691816124925
7.415	-0.8824594540077717	0.2223192801443048
7.425	-0.8940506303393905	0.21119752355553292
7.435	-0.9055487232524724	0.21780106653011622
7.445	-0.9169509184069731	0.21722180837445101
7.455	-0.9282544064345291	0.21397796270272587
7.465	-0.9394563836305334	0.21235603986686333
7.475	-0.9505540526459866	0.2096914523508034
7.485	-0.9615446231789169	0.20772197462154168
7.495	-0.9724253126651701	0.21652669858765278
7.505	-0.9831933469683847	0.20158183817149056
7.515	-0.9938459610689407	0.20007576696676102
7.525	-1.0043803997516685	0.19648436640163677
7.535	-1.0147939182921633	0.20667930994134434
7.545	-1.0250837831414747	0.1966002180327698
7.555	-1.0352472726089885	0.1931246690987786
7.565	-1.0452816775433087	0.1874479391732596
7.575	-1.055184302010957	0.18906986200912218
7.585	-1.0649524639726868	0.19034422995158562
7.595	-1.0745834959572302	0.18478335165719967
7.605	-1.0840747457323003	0.19266126257424643
7.615	-1.0934235769726404	0.19439903704124203
7.625	-1.1026273699249698	0.1866369777553283
7.635	-1.1116835220696193	0.19381977888557683
7.645	-1.1205894487786874	0.18733208754212655
7.655	-1.1293425839705356	0.18153950598547453
7.665	-1.1379403807604587	0.1808443961986763
7.675	-1.146380312107337	0.18930156527138825
7.685	-1.1546598714561216	0.1851309065505988
7.695	-1.1627765733759552	0.18501505491946574
7.705	-1.1707279541937923	0.18791134569779175
7.715	-1.1785115726233293	0.17783225378921724
7.725	-1.1861250103890857	0.17725299563355204
7.735	-1.1935658728454888	0.18814304896005785
7.745	-1.2008317895907807	0.1711128591835009
7.755	-1.2079204150756069	0.17354574343729473
7.765	-1.2148294292061277	0.16925923308537225
7.775	-1.2215565379414988	0.1711128591835009
7.785	-1.228099473885566	0.1663629423070462
7.795	-1.2344559968726314	0.1740091499618269
7.805	-1.2406238945471533	0.1665946455693123
7.815	-1.2466009829372144	0.1714604140769
7.825	-1.2523851070216399	0.16844827166744095
7.835	-1.257974141290612	0.17528351790429034
7.845	-1.2633659902996568	0.16323494826645413
7.855	-1.2685585892168498	0.17563107279768947
7.865	-1.2735499043631378	0.16555198088911494
7.875	-1.2783379337456244	0.1646251678400506
7.885	-1.2829207075836921	0.17180796897029912
7.895	-1.2872962888278647	0.17713714400241898
7.905	-1.2914627736712518	0.1703018977655696
7.915	-1.2954182920534802	0.165783684151381
7.925	-1.299161008156988	0.17192382060143216
7.935	-1.302689120895576	0.16682634883157837
7.945	-1.3060008643950785	0.1728506336504965
7.955	-1.3090945084660877	0.17528351790429034
7.965	-1.3119683590685824	0.16624709067591317
7.975	-1.3146207587683834	0.16752145861837664
7.985	-1.3170500871853226	0.1631190966353211
7.995	-1.3192547614330388	0.17238722712596433
8.005	-1.3212332365502855	0.1648568711023167
8.015	-1.3229840059236748	0.1652044259957158
8.025	-1.324505601701755	0.16022280585699508
8.035	-1.3257965952003345	0.1677531618806427
8.045	-1.326855597298979	0.16798486514290878
8.055	-1.3276812588285722	0.16555198088911494
8.065	-1.3282722709498853	0.1568631085541369
8.075	-1.3286273655230598	0.1646251678400506
8.085	-1.328745315467933	0.15871673465226555
8.095	-1.3286249351151378	0.16450931620891757
8.105	-1.3282650805478924	0.15697896018526994
8.115	-1.3276646499344245	0.16647879393817927
8.125	-1.3268225838509544	0.16532027762684887
8.135	-1.32573786559518	0.16798486514290878
8.145	-1.3244095214901972	0.1646251678400506
8.155	-1.3228366211788016	0.17412500159295993
8.165	-1.321018277908106	0.16624709067591317
8.175	-1.3189536488044291	0.16763731024950967
8.185	-1.3166419351384042	0.17447255648635906
8.195	-1.3140823825802463	0.17180796897029912
8.205	-1.311274281445146	0.16647879393817927
8.215	-1.308216966928728	0.16960678797877135
8.225	-1.304909819332556	0.19150274626291602
8.235	-1.3013522642796176	0.17875906683828155
8.245	-1.2975437729197672	0.17412500159295993
8.255	-1.2934838621250901	0.17273478201936346
8.265	-1.2891720946751504	0.18478335165719967
8.275	-1.2846080794320887	0.18281387392793796
8.285	-1.2797914715055552	0.18096024782980932
8.295	-1.274721972407431	0.1866369777553283
8.305	-1.269399330196332	0.1923137076808473
8.315	-1.2638233396118586	0.1769054407401529
8.325	-1.2579938421985828	0.18130780272320846
8.335	-1.2519107264197427	0.1911551913695169
8.345	-1.2455739277606437	0.18814304896005785
8.355	-1.2389834288217334	0.20100258001582536
8.365	-1.2321392594013554	0.19683192129503588
8.375	-1.225041496568162	0.2016976898026236
8.385	-1.2176902647231862	0.20528909036774784
8.395	-1.2100857356515573	0.20610005178567914
8.405	-1.2022281285638645	0.19903310228656365
8.415	-1.1941177101271596	0.2045939805809496
8.425	-1.1857547944856095	0.21756936326785015
8.435	-1.1771397432707935	0.21536818227632237
8.445	-1.1682729656016373	0.21397796270272587
8.455	-1.1591549180740195	0.2248680160292317
8.465	-1.1497861047400322	0.21119752355553292
8.475	-1.140167077076913	0.23367273999534277
8.485	-1.130298433945663	0.22984963616795243
8.495	-1.120180821539363	0.23123985574154893
8.505	-1.109814933321193	0.24004457970766
8.515	-1.0992015099522017	0.234367849782141
8.525	-1.0883413392087873	0.24189820580578866
8.535	-1.0772352558899794	0.24363598027278427
8.545	-1.0658841417144935	0.24734323246904155
8.555	-1.0542889252075975	0.2593918021068778
8.565	-1.0424505815778238	0.24467864495298164
8.575	-1.0303701325835375	0.2663428999748602
8.585	-1.018048646389399	0.2608978733116073
8.595	-1.005487237412766	0.2608978733116073
8.605	-0.9926870661600224	0.2659953450814611
8.615	-0.9796493390529131	0.2698184489088514
8.625	-0.9663753082449109	0.28163531528442154
8.635	-0.9528662714276188	0.27931828266176073
8.645	-0.9391235716272939	0.29322047839772564
8.655	-0.9251485969914965	0.29101929740619786
8.665	-0.9109427805659209	0.28522671584954584
8.675	-0.896507600061446	0.29970816974117587
8.685	-0.8818445776114676	0.30156179583930454
8.695	-0.8669552795195119	0.3134945138460077
8.705	-1.6407011876910278	0.13763173778605217
8.715	-1.6297449390428196	0.14759497806349364
8.725	-1.6185673760160184	0.14481453891630067
8.735	-1.6071702388789153	0.14562550033423197
8.745	-1.5955553106644675	0.14724742317009454
8.755	-1.5837244168608349	0.1648568711023167
8.765	-1.5716794250926032	0.1619605803239907
8.775	-1.5594222447927077	0.14504624217856676
8.785	-1.546954826865175	0.1525765982022144
8.795	-1.5342791633387003	0.16242398684852286
8.805	-1.521397287011126	0.1613813221683255
8.815	-1.5083112710849087	0.1634666515287202
8.825	-1.495023228793605	0.16821656840517488
8.835	-1.481535313019467	0.16508857436458277
8.845	-1.467849715902217	0.17064945265896872
8.855	-1.4539686684390343	0.1837406869770023
8.865	-1.439894440075863	0.1782956603137494
8.875	-1.4256293382900986	0.1814236543543415
8.885	-1.411175708164721	0.18524675818173184
8.895	-1.3965359319539423	0.18941741690252129
8.905	-1.3817124286404612	0.18559431307513094
8.915	-1.3667076534843963	0.1937039272544438
8.925	-1.3515240975639478	0.19219785604971426
8.935	-1.336164287307926	0.21038656213760162
8.945	-1.3206307840201459	0.20830123277720689
8.955	-1.3049261833958603	0.20830123277720689
8.965	-1.289053115030229	0.22556312581602994
8.975	-1.2730142419189698	0.20992315561306946
8.985	-1.2568122599512572	0.21652669858765278
8.995	-1.2404498973949267	0.22741675191415858
9.005	-1.2239299143741371	0.22799601006982378
9.015	-1.2072551023395046	0.22903867475002115
9.025	-1.1904282835308742	0.23355688836420974
9.035	-1.1734523104327437	0.24444694169071554
9.045	-1.1563300652225201	0.23934946992086176
9.055	-1.1390644592116141	0.2582332857955474
9.065	-Inf	0.0
9.075	-Inf	0.0
9.085	-Inf	0.0
9.095	-Inf	0.0
9.105	-Inf	0.0
9.115	-Inf	0.0
9.125	-Inf	0.0
9.135	-Inf	0.0
9.145	-Inf	0.0
9.155	-Inf	0.0
9.165	-Inf	0.0
9.175	-Inf	0.0
9.185	-Inf	0.0
9.195	-Inf	0.0
9.205	-Inf	0.0
9.215	-Inf	0.0
9.225	-Inf	0.0
9.235	-Inf	0.0
9.245	-Inf	0.0
9.255	-Inf	0.0
9.265	-Inf	0.0
9.275	-Inf	0.0
9.285	-Inf	0.0
9.295	-Inf	0.0
9.305	-Inf	0.0
9.315	-Inf	0.0
9.325	-Inf	0.0
9.335	-Inf	0.0
9.345	-Inf	0.0
9.355	-Inf	0.0
9.365	-Inf	0.0
9.375	-Inf	0.0
9.385	-Inf	0.0
9.395	-Inf	0.0
9.405	-Inf	0.0
9.415	-Inf	0.0
9.425	-Inf	0.0
9.435	-Inf	0.0
9.445	-Inf	0.0
9.455	-Inf	0.0
9.465	-Inf	0.0
9.475	-Inf	0.0
9.485	-Inf	0.0
9.495	-Inf	0.0
9.505	-Inf	0.0
9.515	-Inf	0.0
9.525	-Inf	0.0
9.535	-Inf	0.0
9.545	-Inf	0.0
9.555	-Inf	0.0
9.565	-Inf	0.0
9.575	-Inf	0.0
9.585	-Inf	0.0
9.595	-Inf	0.0
9.605	-Inf	0.0
9.615	-Inf	0.0
9.625	-Inf	0.0
9.635	-Inf	0.0
9.645	-Inf	0.0
9.655	-Inf	0.0
9.665	-Inf	0.0
9.675	-Inf	0.0
9.685	-Inf	0.0
9.695	-Inf	0.0
9.705	-Inf	0.0
9.715	-Inf	0.0
9.725	-Inf	0.0
9.735	-Inf	0.0
9.745	-Inf	0.0
9.755	-Inf	0.0
9.765	-Inf	0.0
9.775	-Inf	0.0
9.785	-Inf	0.0
9.795	-Inf	0.0
9.805	-Inf	0.0
9.815	-Inf	0.0
9.825	-Inf	0.0
9.835	-Inf	0.0
9.845	-Inf	0.0
9.855	-Inf	0.0
9.865	-Inf	0.0
9.875	-Inf	0.0
9.885	-Inf	0.0
9.895	-Inf	0.0
9.905	-Inf	0.0
9.915	-Inf	0.0
9.925	-Inf	0.0
9.935	-Inf	0.0
9.945	-Inf	0.0
9.955	-Inf	0.0
9.965	-Inf	0.0
9.975	-Inf	0.0
9.985	-Inf	0.0
9.995	-Inf	0.0
