0.005	-Inf	0.0
0.015	-Inf	0.0
0.025	-Inf	0.0
0.035	-Inf	0.0
0.045	-Inf	0.0
0.055	-Inf	0.0
0.065	-Inf	0.0
0.075	-Inf	0.0
0.085	-Inf	0.0
0.095	-Inf	0.0
0.105	-Inf	0.0
0.115	-Inf	0.0
0.125	-Inf	0.0
0.135	-Inf	0.0
0.145	-Inf	0.0
0.155	-Inf	0.0
0.165	-Inf	0.0
0.175	-Inf	0.0
0.185	-Inf	0.0
0.195	-Inf	0.0
0.205	-Inf	0.0
0.215	-Inf	0.0
0.225	-Inf	0.0
0.235	-Inf	0.0
0.245	-Inf	0.0
0.255	-Inf	0.0
0.265	-Inf	0.0
0.275	-Inf	0.0
0.285	-Inf	0.0
0.295	-Inf	0.0
0.305	-Inf	0.0
0.315	-Inf	0.0
0.325	-Inf	0.0
0.335	-Inf	0.0
0.345	-Inf	0.0
0.355	-Inf	0.0
0.365	-Inf	0.0
0.375	-Inf	0.0
0.385	-Inf	0.0
0.395	-Inf	0.0
0.405	-Inf	0.0
0.415	-Inf	0.0
0.425	-Inf	0.0
0.435	-Inf	0.0
0.445	-Inf	0.0
0.455	-Inf	0.0
0.465	-Inf	0.0
0.475	-Inf	0.0
0.485	-Inf	0.0
0.495	-Inf	0.0
0.505	-Inf	0.0
0.515	-Inf	0.0
0.525	-Inf	0.0
0.535	-Inf	0.0
0.545	-Inf	0.0
0.555	-Inf	0.0
0.565	-Inf	0.0
0.575	-Inf	0.0
0.585	-Inf	0.0
0.595	-Inf	0.0
0.605	-Inf	0.0
0.615	-Inf	0.0
0.625	-Inf	0.0
0.635	-Inf	0.0
0.645	-Inf	0.0
0.655	-Inf	0.0
0.665	-Inf	0.0
0.675	-Inf	0.0
0.685	-Inf	0.0
0.695	-Inf	0.0
0.705	-Inf	0.0
0.715	-Inf	0.0
0.725	-Inf	0.0
0.735	-Inf	0.0
0.745	-Inf	0.0
0.755	-3.3010151515983344	0.03512511749512247
0.765	-3.294924128015867	0.036408677656574594
0.775	-3.288755035707467	0.03534727213845072
0.785	-3.2825146475050406	0.03670488384767893
0.795	-3.276209864464427	0.036778935395455015
0.805	-3.269847711434794	0.03623589071176373
0.815	-3.263435332537291	0.03581626527436592
0.825	-3.2569799865558036	0.03860554024059842
0.835	-3.250489042242731	0.03700109003878326
0.845	-3.2439699735427117	0.03766755396876802
0.855	-3.237430354737339	0.03771692166728541
0.865	-3.2308778555139086	0.03643336150583329
0.875	-3.224320235961335	0.03764287011950933
0.885	-3.21776534149637	0.040530880482776595
0.895	-3.2112210977233606	0.039247320321324476
0.905	-3.204695505230786	0.03801312785838974
0.915	-3.1981966343278634	0.0382105986524593
0.925	-3.1917326197245774	0.03904984952725492
0.935	-3.185311655158482	0.037173876983594124
0.945	-3.178941987971713	0.04070366742758746
0.955	-3.172631913641624	0.04087645437239832
0.965	-3.1663897702685464	0.04112329286498527
0.975	-3.1602239330241675	0.03983973270353315
0.985	-3.1541428085640515	0.04169102139793525
0.995	-3.1481548294078783	0.04092582207091571
1.005	-3.142268448290957	0.0395928942109462
1.015	-3.1364921324906363	0.04193785989052219
1.025	-3.1308343581312124	0.041345447508313524
1.035	-3.125303604470977	0.041839124493487416
1.045	-3.119908348175053	0.039568210361687506
1.055	-3.1146570575776686	0.0437397808864069
1.065	-3.1095581869375564	0.04233280147866131
1.075	-3.1046201706901204	0.04220938223236783
1.085	-3.0998514177000915	0.04309800080568084
1.095	-3.0952603055183068	0.04169102139793525
1.105	-3.090855174646335	0.043122684654939535
1.115	-3.086644322812591	0.044184090173063406
1.125	-3.0826359992636396	0.044381560967132964
1.135	-3.0788383990743355	0.04423345787158079
1.145	-3.075259657480461	0.04302394925790476
1.155	-3.0719078442375145	0.04346825854456126
1.165	-3.068790958009256	0.045146760294152495
1.175	-3.0659169207896575	0.04455434791194383
1.185	-3.0632935723618093	0.044085354776028624
1.195	-3.0609286647974026	0.04334483929826779
1.205	-3.058829857000287	0.04566512112858508
1.215	-3.0570047092976784	0.04554170188229161
1.225	-3.05546067808247	0.04448029636416774
1.235	-3.0542051105101358	0.045714488827102474
1.245	-3.0532452392536573	0.04334483929826779
1.255	-3.0525881773198638	0.04504802489711772
1.265	-3.0522409129305563	0.046849945893002426
1.275	-3.052210304471735	0.04452966406268513
1.285	-3.0525030755142155	0.04304863310716345
1.295	-3.0531258099088663	0.04391256783121776
1.305	-3.0540849469596707	0.0432707877504917
1.315	-3.055386776677758	0.0451220764448938
1.325	-3.05703743511949	0.044011303228252543
1.335	-3.0590428998116774	0.04494928950008294
1.345	-3.061408985266878	0.04499865719860033
1.355	-3.064141338591768	0.04406067092676993
1.365	-3.0672454351914147	0.04107392516646788
1.375	-3.070726574572316	0.04299926540864606
1.385	-3.0745898762469475	0.04309800080568084
1.395	-3.078840275742521	0.04378914858492429
1.405	-3.0834825207165997	0.04262900766976564
1.415	-3.0885211671821247	0.04304863310716345
1.425	-3.0939605758443838	0.04487523795230686
1.435	-3.0998049085523154	0.043887883981959065
1.445	-3.1060581248665633	0.04169102139793525
1.455	-3.1127239787465246	0.04201191143829828
1.465	-3.119806015358648	0.0446777671582373
1.475	-3.1273075680081055	0.04104924131720918
1.485	-3.135231755195909	0.04065429972907007
1.495	-3.143581477803472	0.040456828935000515
1.505	-3.1523594164065036	0.04062961587981138
1.515	-3.1615680287201036	0.04104924131720918
1.525	-3.1712095471767627	0.03853148869282233
1.535	-3.1812859766389776	0.04070366742758746
1.545	-3.191799092248039	0.04001251964834401
1.555	-3.2027504374104954	0.03897579797947884
1.565	-3.214141321923718	0.037865024762837575
1.575	-3.2259728202418776	0.03705045773730065
1.585	-3.238245769883596	0.03759350242099194
1.595	-3.2509607699823855	0.03660614845064415
1.605	-3.264118179980999	0.03719856083285282
1.615	-3.2777181184705926	0.034433969715879024
1.625	-3.29176046217565	0.03618652301324634
1.635	-3.3062448450854194	0.034310550469585546
1.645	-3.321170657732573	0.033619402690342096
1.655	-3.3365370466197115	0.032903571061839956
1.665	-3.352342913794222	0.03391560888144644
1.675	-3.368586916571908	0.03206432018704434
1.685	-3.385267467409723	0.030361134588194408
1.695	-3.4023827339278787	0.03070670847781613
1.705	-3.419930639081411	0.03080544387485091
1.715	-3.4379088614813225	0.030682024628557437
1.725	-3.456314835865211	0.03016366379412485
1.735	-3.4751457537172747	0.031027598518179163
1.745	-3.494398564037454	0.0276212273204793
1.755	-3.5140699742593995	0.028485162044533614
1.765	-3.5341564513168384	0.026954763390494546
1.775	-3.5546542228578346	0.02781869811454886
1.785	-3.5755592786063515	0.025646519379783732
1.795	-3.596867371870413	0.027596543471220605
1.805	-3.61857402119609	0.026880711842718463
1.815	-3.6406745121664184	0.024437010766107693
1.825	-3.6631638993442976	0.026140196364957624
1.835	-3.6860370083583174	0.024017385328709884
1.845	-3.709288438130331	0.022807876715033846
1.855	-3.7329125632435947	0.022733825167257762
1.865	-3.7569035364500927	0.021697103498392586
1.875	-3.781255291315673	0.022190780483566482
1.885	-3.805961545001483	0.02288192826280993
1.895	-3.831015801180121	0.021672419649133894
1.905	-3.8564113530848383	0.02080848492507958
1.915	-3.8821412866900284	0.01900656392919487
1.925	-3.9081984840211956	0.02011733714583613
1.935	-3.934575626592439	0.01915466702474704
1.945	-3.9612651989695182	0.018438835396244895
1.955	-3.988259492456363	0.018290732300692728
1.965	-4.01555060890291	0.017846423014036224
1.975	-4.043130464632031	0.016834385194429743
1.985	-4.070990794483239	0.016686282098877576
1.995	-4.0991231559707995	0.016908436742205827
2.005	-4.127518933553779	0.015871715073340655
2.015	-4.1561693430155575	0.01537803808816676
2.025	-4.185065435950128	0.015402721937425454
2.035	-4.214198104352629	0.013329278599695106
2.045	-4.243558085311291	0.014242581022266807
2.055	-4.273135965798063	0.013057756257849464
2.065	-4.302922187555059	0.012564079272675572
2.075	-4.3329070520739	0.01303307240859077
2.085	-4.363080725664979	0.01229255693082993
2.095	-4.393433244613643	0.01132988680974084
2.105	-4.423954520420176	0.012045718438242984
2.115	-4.45463434512049	0.011083048317153893
2.125	-4.485462396684277	0.010663422879756084
2.135	-4.51642824448744	0.010762158276790862
2.145	-4.54752135485549	0.009676068909408298
2.155	-4.578731096674571	0.010120378196064803
2.165	-4.610046747066782	0.009108340376458322
2.175	-4.641457497126316	0.009305811170527879
2.185	-4.672952457713022	0.008515927994249651
2.195	-4.704520665299861	0.008392508747956178
2.205	-4.736151087870762	0.0092070757734931
2.215	-4.767832630865282	0.008664031089801818
2.225	-4.799554143166521	0.007972883310558369
2.235	-4.83130442312864	0.0073804709283496975
2.245	-4.863072224640383	0.00718300013428014
2.255	-4.894846263220872	0.0066152716013301634
2.265	-4.926615222144077	0.006837426244658415
2.275	-4.958367758588157	0.007257051682056224
2.285	-4.990092509806041	0.007429838626867086
2.295	-5.021778099313435	0.006886793943175804
2.305	-5.053413143090564	0.00617096231467366
2.315	-5.084986255793854	0.006195646163932355
2.325	-5.116486056973804	0.006146278465414965
2.335	-5.147901177295272	0.005553866083206294
2.345	-5.179220264756412	0.005627917630982378
2.355	-5.210431990902462	0.005381079138395431
2.365	-5.2415250570306515	0.004887402153221539
2.375	-5.272488200382406	0.004936769851738928
2.385	-5.303310200319151	0.004763982906928066
2.395	-5.333979884477918	0.0043937251680476455
2.405	-5.364486134903017	0.004862718303962844
2.415	-5.394817894150089	0.0046405636606345925
2.425	-5.424964171358754	0.004319673620271562
2.435	-5.4549140482902505	0.004245622072495478
2.445	-5.484656685326324	0.004541828263599813
2.455	-5.514181327425757	0.0036778935395455014
2.465	-5.543477310034895	0.003357003499182471
2.475	-5.5725340649485915	0.004196254373978089
2.485	-5.601341126117996	0.0038013127858389745
2.495	-5.629888135401656	0.003949415881391142
2.505	-5.658164848256421	0.003554474293252028
2.515	-5.686161139364714	0.00340637119769986
2.525	-5.7138670081947085	0.0029126942125259673
2.535	-5.741272584490075	0.0033323196499237765
2.545	-5.768368133685899	0.0028386426647498833
2.555	-5.7951440622475285	0.003134848855854219
2.565	-5.821590922929065	0.003011429609560746
2.575	-5.847699419948329	0.0025671203229042424
2.585	-5.873460414075112	0.002665855719939021
2.595	-5.898864927629672	0.0023449656795759906
2.605	-5.923904149388363	0.0024437010766107693
2.615	-5.9485694393935	0.0022215464332825175
2.625	-5.972852333664451	0.002542436473645548
2.635	-5.996744548807146	0.0020240756392129605
2.645	-6.020237986519184	0.0017525532973673194
2.655	-6.04332473798778	0.0022215464332825175
2.665	-6.065997088177933	0.0021721787347651284
2.675	-6.088247520008136	0.0021968625840238227
2.685	-6.110068718411164	0.0022462302825412123
2.695	-6.1314535742774146	0.0018266048451434033
2.705	-6.152395188278451	0.0021474948855064336
2.715	-6.172886874568409	0.0018266048451434033
2.725	-6.192922164361027	0.0019253402421781818
2.735	-6.212494809380117	0.001974707940695571
2.745	-6.231598785181415	0.0020981271869890445
2.755	-6.250228294343783	0.0018512886944020979
2.765	-6.268377769527823	0.00170318559884993
2.775	-6.286041876400077	0.0022462302825412123
2.785	-6.303215516421023	0.001431663257004289
2.795	-6.319893829495201	0.0012588763121934266
2.805	-6.336072196481883	0.0021474948855064336
2.815	-6.351746241564731	0.001777237146626014
2.825	-6.366911834479068	0.0018266048451434033
2.835	-6.3815650925954035	0.0011601409151586481
2.845	-6.395702382857964	0.0016785017495912354
2.855	-6.409320323577073	0.0016291340510738463
2.865	-6.4224157860743185	0.0016044502018151515
2.875	-6.434985896179511	0.0016044502018151515
2.885	-6.447028035578583	0.0016538179003325409
2.895	-6.4585398430115895	0.0016538179003325409
2.905	-6.469519215320139	0.0011848247644173427
2.915	-6.4799643083436465	0.001579766352556457
2.925	-6.489873537663864	0.0016291340510738463
2.935	-6.499245579197309	0.0013576117092282051
2.945	-6.508079369635224	0.0014069794077455945
2.955	-6.516374106730859	0.0013822955584868997
2.965	-6.52412924943391	0.001234192462934732
2.975	-6.5313445178721174	0.0012588763121934266
2.985	-6.538019893180001	0.0011601409151586481
2.995	-6.544155617174949	0.0011848247644173427
3.005	-6.549752191880835	0.0013329278599695106
3.015	-6.554810378899539	0.0011107732166412588
3.025	-6.559331198630774	0.0013822955584868997
3.035	-6.563315929340746	0.0012588763121934266
3.045	-6.566766106080246	0.0011848247644173427
3.055	-6.569683519452903	0.0015550825032977624
3.065	-6.572070214234367	0.0015550825032977624
3.075	-6.573928487843331	0.0014810309555216784
3.085	-6.5752608886653565	0.0014563471062629836
3.095	-6.576070214230599	0.0012835601614521212
3.105	-6.576359509246549	0.0013822955584868997
3.115	-6.576132063487095	0.0011848247644173427
3.125	-6.575391409539195	0.0013082440107108158
3.135	-6.574141320408623	0.001579766352556457
3.145	-6.572385806986272	0.001505714804780373
3.155	-6.5701291153766395	0.0014069794077455945
3.165	-6.567375724090157	0.0016044502018151515
3.175	-6.56413034110115	0.0010860893673825642
3.185	-6.560397900773253	0.0018512886944020979
3.195	-6.556183560654249	0.0016785017495912354
3.205	-6.551492698142302	0.0011848247644173427
3.215	-6.5463309070257125	0.0009873539703477855
3.225	-6.540703993898331	0.0014810309555216784
3.235	-6.534617974452909	0.0014069794077455945
3.245	-6.5280790696546696	0.0012588763121934266
3.255	-6.521093701797522	0.0014810309555216784
3.265	-6.5136684904453706	0.0014069794077455945
3.275	-6.505810248261063	0.0014810309555216784
3.285	-6.49752597672556	0.0015303986540390676
3.295	-6.488822861750038	0.001505714804780373
3.305	-6.479708269183616	0.0012588763121934266
3.315	-6.470189740219551	0.0018512886944020979
3.325	-6.46027498670273	0.0016785017495912354
3.335	-6.449971886341407	0.0015550825032977624
3.345	-6.439288477826152	0.0013576117092282051
3.355	-6.428232955859056	0.001579766352556457
3.365	-6.416813666096291	0.0015303986540390676
3.375	-6.405039100007157	0.0015550825032977624
3.385	-6.39291788965282	0.0016538179003325409
3.395	-6.380458802388002	0.0018266048451434033
3.405	-6.367670735488876	0.0016044502018151515
3.415	-6.354562710710551	0.0020734433377303497
3.425	-6.341143868777484	0.001974707940695571
3.435	-6.327423463810264	0.0019006563929194872
3.445	-6.313410857692228	0.0018266048451434033
3.455	-6.299115514379372	0.001974707940695571
3.465	-6.284546994157131	0.0016291340510738463
3.475	-6.269714947847549	0.002048759488471655
3.485	-6.254629110970457	0.0016785017495912354
3.495	-6.239299297862239	0.0017278694481086248
3.505	-6.223735395755883	0.0023202818303172962
3.515	-6.2079473588259155	0.0018512886944020979
3.525	-6.191945202201975	0.001974707940695571
3.535	-6.175738995954649	0.0023696495288346854
3.545	-6.1593388590573745	0.001431663257004289
3.555	-6.142754953328064	0.0026905395691977155
3.565	-6.12599747735424	0.0026164880214216315
3.575	-6.109076660405435	0.0020240756392129605
3.585	-6.0920027563365835	0.002048759488471655
3.595	-6.074786037486179	0.0023696495288346854
3.605	-6.057436788572997	0.0022955979810586015
3.615	-6.039965300595091	0.0026905395691977155
3.625	-6.022381864734853	0.00239433337809338
3.635	-6.00469676627391	0.002962061911043357
3.645	-5.986920278521555	0.002591804172162937
3.655	-5.9690626567604985	0.0022709141317999067
3.665	-5.951134132213648	0.0031842165543716086
3.675	-5.9331449060356025	0.003134848855854219
3.685	-5.915105143332613	0.0024437010766107693
3.695	-5.897024967214611	0.0026905395691977155
3.705	-5.87891445288302	0.002937378061784662
3.715	-5.8607836217579505	0.002888010363267273
3.725	-5.842642435648362	0.002789274966232494
3.735	-5.824500790968827	0.002542436473645548
3.745	-5.806368513006358	0.003060797308078135
3.755	-5.788255350240894	0.0030361134588194408
3.765	-5.770170968722841	0.002962061911043357
3.775	-5.7521249465111755	0.0031101650065955247
3.785	-5.734126768175457	0.0031101650065955247
3.795	-5.716185819365149	0.0038259966350976692
3.805	-5.698311381449514	0.002789274966232494
3.815	-5.680512626231407	0.0031101650065955247
3.825	-5.662798610738146	0.0035051065947346387
3.835	-5.645178272092638	0.002937378061784662
3.845	-5.62766042246791	0.003554474293252028
3.855	-5.610253744128056	0.003233584252888998
3.865	-5.592966784558671	0.0039987835799085315
3.875	-5.57580795168967	0.003949415881391142
3.885	-5.558785509213423	0.0035791581425107227
3.895	-5.541907572001032	0.004220938223236784
3.905	-5.525182101619494	0.002789274966232494
3.915	-5.508616901952498	0.0037025773888041957
3.925	-5.492219614927453	0.003924732032132448
3.935	-5.475997716351342	0.004023467429167226
3.945	-5.459958511857912	0.0037025773888041957
3.955	-5.4441091329685944	0.003628525841028112
3.965	-5.428456533269556	0.004245622072495478
3.975	-5.413007484707133	0.0038753643336150584
3.985	-5.397768574003884	0.004665247509893286
3.995	-5.382746199197357	0.004689931359151981
4.005	-5.367946566303683	0.004541828263599813
4.015	-5.353375686107891	0.005084872947291096
4.025	-5.339039371082918	0.004492460565082425
4.035	-5.324943232439081	0.005060189098032401
4.045	-5.311092677305744	0.00478866675618676
4.055	-5.297492906046839	0.0049120860024802334
4.065	-5.284148909711793	0.005381079138395431
4.075	-5.271065467623346	0.004220938223236784
4.085	-5.258247145103632	0.005553866083206294
4.095	-5.2456982913398305	0.00547981453543021
4.105	-5.23342303739061	0.005183608344325874
4.115	-5.221425294334483	0.004936769851738928
4.125	-5.209708751561081	0.004961453700997622
4.135	-5.198276875206338	0.005356395289136737
4.145	-5.187132906732388	0.005677285329499767
4.155	-5.176279861652967	0.005627917630982378
4.165	-5.165720528404984	0.005553866083206294
4.175	-5.15545746736681	0.005776020726534546
4.185	-5.1454930100238165	0.005677285329499767
4.195	-5.135829258281493	0.006319065410225828
4.205	-5.126468083926504	0.005800704575793241
4.215	-5.117411128235833	0.006047543068380187
4.225	-5.108659801734158	0.0060722269176388816
4.235	-5.100215284099468	0.005677285329499767
4.245	-5.092078524216825	0.006245013862449743
4.255	-5.084250240380135	0.006195646163932355
4.265	-5.076730920641619	0.005652601480241073
4.275	-5.06952082330868	0.006269697711708438
4.285	-5.062619977587654	0.006022859219121492
4.295	-5.056028184373974	0.0063437492594845225
4.305	-5.049745017188043	0.00686211009391711
4.315	-5.043769823256127	0.006319065410225828
4.325	-5.038101724735463	0.005677285329499767
4.335	-5.032739620082619	0.006195646163932355
4.345	-5.027682185564176	0.006960845490951888
4.355	-5.022927876908582	0.00649185235503669
4.365	-5.018474931098047	0.00686211009391711
4.375	-5.014321368299179	0.0063437492594845225
4.385	-5.010464993931041	0.006590587752071469
4.395	-5.006903400869158	0.006565903902812774
4.405	-5.003633971783971	0.006319065410225828
4.415	-5.000653881612131	0.006368433108743217
4.425	-4.997960100158917	0.00681274239539972
4.435	-4.995549394830035	0.006714006998364942
4.445	-4.993418333490928	0.006714006998364942
4.455	-4.991563287451652	0.00612159461615627
4.465	-4.989980434575311	0.006467168505777996
4.475	-4.98866576250798	0.006022859219121492
4.485	-4.987615072027919	0.006985529340210583
4.495	-4.986823980511839	0.006590587752071469
4.505	-4.9862879255159305	0.006368433108743217
4.515	-4.986002168469236	0.007281735531314918
4.525	-4.9859617984769224	0.006985529340210583
4.535	-4.986161736230944	0.006639955450588858
4.545	-4.986596738025462	0.006047543068380187
4.555	-4.987261399874397	0.00612159461615627
4.565	-4.988150161728386	0.006516536204295385
4.575	-4.989257311788349	0.006220330013191049
4.585	-4.990576990912824	0.006837426244658415
4.595	-4.99210319711617	0.006960845490951888
4.605	-4.993829790154682	0.00612159461615627
4.615	-4.995750496197601	0.007306419380573613
4.625	-4.997858912579946	0.007257051682056224
4.635	-5.0001485126340555	0.006664639299847553
4.645	-5.002612650596683	0.006788058546141026
4.655	-5.005244566588407	0.007158316285021445
4.665	-5.008037391662124	0.006590587752071469
4.675	-5.010984152917313	0.006245013862449743
4.685	-5.014077778676732	0.0070102131894692775
4.695	-5.017311103722154	0.006590587752071469
4.705	-5.020676874585753	0.005973491520604102
4.715	-5.024167754893675	0.006664639299847553
4.725	-5.0277763307583	0.0063437492594845225
4.735	-5.243423996816278	0.005134240645808485
4.745	-5.245795137680611	0.006393116958001911
4.755	-5.248261321935569	0.00510955679654979
4.765	-5.25081488041182	0.0054304468369128205
4.775	-5.2534480939943755	0.004615879811375898
4.785	-5.256153199232451	0.005405762987654126
4.795	-5.258922393972984	0.0046405636606345925
4.805	-5.261747843014087	0.004986137550256317
4.815	-5.264621683774826	0.004986137550256317
4.825	-5.267536031977617	0.0053070275906193475
4.835	-5.2704829873395616	0.00547981453543021
4.845	-5.2734546392690484	0.005331711439878042
4.855	-5.276443072563904	0.005134240645808485
4.865	-5.27944037310743	0.0045171444143411186
4.875	-5.2824386335586215	0.005578549932464988
4.885	-5.285429959032892	0.004961453700997622
4.895	-5.28840647276963	0.005134240645808485
4.905	-5.291360321782914	0.004739299057669371
4.915	-5.294283682491741	0.005257659892101958
4.925	-5.297168766326127	0.004887402153221539
4.935	-5.300007825305454	0.00478866675618676
4.945	-5.302793157585457	0.004492460565082425
4.955	-5.305517112970278	0.004739299057669371
4.965	-5.308172098386005	0.004294989771012867
4.975	-5.310750583312201	0.004739299057669371
4.985	-5.3132451051678675	0.005183608344325874
4.995	-5.31564827464841	0.0045171444143411186
5.005	-5.317952781010127	0.00446777671582373
5.015	-5.320151397298837	0.004665247509893286
5.025	-5.322236985519259	0.00478866675618676
5.035	-5.32420250174182	0.004443092866565035
5.045	-5.3260410011435795	0.004936769851738928
5.055	-5.327745642980035	0.00510955679654979
5.065	-5.3293096954846035	0.004665247509893286
5.075	-5.330726540692616	0.004838034454704149
5.085	-5.331989679186712	0.004443092866565035
5.095	-5.333092734760571	0.004319673620271562
5.105	-5.334029458997998	0.004862718303962844
5.115	-5.334793735764388	0.004443092866565035
5.125	-5.335379585607684	0.004344357469530257
5.135	-5.335781170065992	0.0045171444143411186
5.145	-5.335992795879081	0.004813350605445454
5.155	-5.33600891910105	0.004492460565082425
5.165	-5.335824149111513	0.0046405636606345925
5.175	-5.335433252522716	0.004689931359151981
5.185	-5.334831156980077	0.004714615208410676
5.195	-5.33401295485369	0.004615879811375898
5.205	-5.332973906818416	0.004986137550256317
5.215	-5.331709445320266	0.004665247509893286
5.225	-5.33021517792683	0.0043690413187889516
5.235	-5.328486890559582	0.00478866675618676
5.245	-5.326520550606028	0.004541828263599813
5.255	-5.324312309909609	0.0054304468369128205
5.265	-5.321858507635521	0.004813350605445454
5.275	-5.319155673010533	0.005084872947291096
5.285	-5.316200527935077	0.0046405636606345925
5.295	-5.312989989465915	0.004813350605445454
5.305	-5.30952117216777	0.004887402153221539
5.315	-5.305791390332421	0.004739299057669371
5.325	-5.301798160063816	0.004591195962117203
5.335	-5.297539201227871	0.004566512112858508
5.345	-5.293012439265668	0.0046405636606345925
5.355	-5.288216006868912	0.00478866675618676
5.365	-5.283148245516548	0.004541828263599813
5.375	-5.27780770687153	0.005060189098032401
5.385	-5.272193154036866	0.005578549932464988
5.395	-5.266303562670091	0.0049120860024802334
5.405	-5.260138121955476	0.004739299057669371
5.415	-5.25369623543331	0.005232976042843263
5.425	-5.246977521685727	0.004813350605445454
5.435	-5.239981814878643	0.005282343741360653
5.445	-4.526166590132588	0.01026848129161697
5.455	-4.518241665019677	0.010071010497547413
5.465	-4.51004054610142	0.010688106729014778
5.475	-4.501563932409353	0.010243797442358276
5.485	-4.492812739100525	0.011107732166412587
5.495	-4.4837880971317	0.011107732166412587
5.505	-4.474491352789098	0.01100899676937781
5.515	-4.46492406707395	0.01123115141270606
5.525	-4.455088014944266	0.010811525975308251
5.535	-4.444985184413271	0.011601409151586481
5.545	-4.434617775505084	0.012736866217486435
5.555	-4.423988199068307	0.012860285463779908
5.565	-4.413099075448255	0.011650776850103869
5.575	-4.401953233018672	0.012218505383053847
5.585	-4.390553706573868	0.011946983041208205
5.595	-4.378903735582283	0.012959020860814685
5.605	-4.367006762302598	0.012267873081571236
5.615	-4.354866429763579	0.012712182368227739
5.625	-4.342486579608922	0.013131807805625548
5.635	-4.329871249808507	0.012218505383053847
5.645	-4.317024672237468	0.01239129232786471
5.655	-4.303951270124654	0.013131807805625548
5.665	-4.290655655372069	0.015007780349286341
5.675	-4.277142625747029	0.01367485248931683
5.685	-4.263417161948801	0.014588154911888532
5.695	-4.2494844245515875	0.014168529474490724
5.705	-4.235349750825826	0.014489419514853753
5.715	-4.221018651439782	0.014069794077455944
5.725	-4.2064968070435915	0.014390684117818974
5.735	-4.191790064737878	0.014291948720784197
5.745	-4.176904434429233	0.014168529474490724
5.755	-4.161846085074839	0.014563471062629837
5.765	-4.14662134081867	0.014958412650768952
5.775	-4.1312366770217	0.016735649797394964
5.785	-4.115698716188678	0.015550825032977623
5.795	-4.100014223794029	0.015624876580753707
5.805	-4.0841901040095685	0.01584703122408196
5.815	-4.068233395336755	0.016241972812221072
5.825	-4.0521512661462555	0.016093869716668905
5.835	-4.0359510101276586	0.0161185535659276
5.845	-4.019640041652266	0.017624268370707973
5.855	-4.003225891051898	0.01787110686329492
5.865	-3.986716199816731	0.018216680752916645
5.875	-3.9701187157152242	0.019055931627712262
5.885	-3.953441287839278	0.017698319918484057
5.895	-3.9366918615777324	0.018611622341055758
5.905	-3.9198784735214747	0.01910529932622965
5.915	-3.9030092463033657	0.019771763256214405
5.925	-3.8860923833763055	0.020142020995094826
5.935	-3.869136163732738	0.018957196230677483
5.945	-3.852148936569014	0.021203426513218694
5.955	-3.8351391158979884	0.020142020995094826
5.965	-3.81811517511329	0.021721787347651282
5.975	-3.8010856415087577	0.021474948855064336
5.985	-3.784059090756546	0.021943941990979533
5.995	-3.767044141347382	0.021425581156546948
6.005	-3.750049448996591	0.022536354373188204
6.015	-3.733083701019442	0.021894574292462145
6.025	-3.71615561067937	0.02404206917796858
6.035	-3.6992739115127575	0.023301553700207738
6.045	-3.6824473516338605	0.022042677388014312
6.055	-3.6656846880235205	0.024190172273520747
6.065	-3.6489946808053357	0.02569588707830112
6.075	-3.6323860875129563	0.025671203229042424
6.085	-3.615867657352134	0.026263615611251095
6.095	-3.599448125461243	0.025868674023111982
6.105	-3.583136207173939	0.02547373243497287
6.115	-3.566940592287591	0.02794211736084233
6.125	-3.5508699393412075	0.027325021129374967
6.135	-3.53493286990649	0.029077574426742286
6.145	-3.519137962895692	0.028756684386379256
6.155	-3.5034937488899	0.02794211736084233
6.165	-3.488008704491422	0.02850984589379231
6.175	-3.472691246703838	0.030311766889677016
6.185	-3.457549727343384	0.028904787481931423
6.195	-3.442592427485203	0.030213031492642237
6.205	-3.4278275519480723	0.03043518613597049
6.215	-3.413263223821075	0.03075607617633352
6.225	-3.398907479035822	0.03199026863926825
6.235	-3.384768260987636	0.031052282367437855
6.245	-3.3708534152091976	0.031521275503353055
6.255	-3.3571706841000317	0.03176811399594
6.265	-3.343727701715275	0.032854203363322565
6.275	-3.3305319886170364	0.034508021263655105
6.285	-3.317590946791685	0.035322588289192026
6.295	-3.3049118546363045	0.03490296285179422
6.305	-3.292501862017584	0.032607364870735615
6.315	-3.2803679854063064	0.035470691384744193
6.325	-3.2685171030905593	0.03480422745475944
6.335	-3.256955950470779	0.03606310376695287
6.345	-3.245691115439631	0.037741605516544104
6.355	-3.2347290338497428	0.03788970861209627
6.365	-3.2240759850721963	0.039518842663170115
6.375	-3.2137380876486548	0.037865024762837575
6.385	-3.2037212950399137	0.03692703849100718
6.395	-3.1940313914736773	0.03840806944652886
6.405	-3.1846739878941994	0.03932137186910056
6.415	-3.175654518016433	0.03983973270353315
6.425	-3.1669782344872486	0.03798844400913105
6.435	-3.158650205156219	0.03872895948689189
6.445	-3.1506753094583644	0.03922263647206578
6.455	-3.143058234911262	0.04075303512610485
6.465	-3.135803473728739	0.041345447508313524
6.475	-3.1289153195534114	0.041098609015726574
6.485	-3.1223978643101695	0.04023467429167226
6.495	-3.116254995182677	0.04290053001161128
6.505	-3.1104903917148623	0.04087645437239832
6.515	-3.1051075230393037	0.042357485327920004
6.525	-3.100109645234332	0.04230811762940261
6.535	-3.095499798811586	0.04132076365905483
6.545	-3.091280806335676	0.042480904574213475
6.555	-3.087455270177547	0.044776502555272074
6.565	-3.0840255704030177	0.043764464735665594
6.575	-3.0809938627979	0.044011303228252543
6.585	-3.0783620770310343	0.04430750941935688
6.595	-3.0761319149564548	0.04245622072495478
6.605	-3.0743048490558484	0.044776502555272074
6.615	-3.0728821210223556	0.04302394925790476
6.625	-3.0718647404866743	0.04564043727932639
6.635	-3.0712534838863648	0.04455434791194383
6.645	-3.0710488934791305	0.044085354776028624
6.655	-3.071251276500773	0.04507270874637641
6.665	-3.071860704468437	0.043690413187889514
6.675	-3.072877012629652	0.044455612514909044
6.685	-3.074299799557602	0.043369523147526484
6.695	-3.0761284268929407	0.044258141720839486
6.705	-3.0783620192324204	0.04139481520683091
6.715	-3.080999464164443	0.04299926540864606
6.725	-3.084039412451621	0.04391256783121776
6.735	-3.08748027836029	0.04406067092676993
6.745	-3.0913202401368545	0.04262900766976564
6.755	-3.095557240630726	0.03872895948689189
6.765	-3.100188988063568	0.04297458155938737
6.775	-3.1052129569444076	0.0437397808864069
6.785	-3.110626389130125	0.043172052353456926
6.795	-3.1164262950307497	0.041419499056089604
6.805	-3.122609454958847	0.04304863310716345
6.815	-3.1291724206222415	0.04112329286498527
6.825	-3.13611151675922	0.04201191143829828
6.835	-3.1434228429152333	0.04156760215164177
6.845	-3.1511022753600906	0.041147976714243965
6.855	-3.1591454691444736	0.03870427563763319
6.865	-3.167547860294594	0.03882769488392667
6.875	-3.1763046681436604	0.04038277738722443
6.885	-3.1854108977987607	0.03996315194982662
6.895	-3.194861342741703	0.03917326877354839
6.905	-3.2046505875622335	0.03858085639133972
6.915	-3.2147730108219923	0.04001251964834401
6.925	-3.2252227880474837	0.03806249555690713
6.935	-3.235993894850247	0.03853148869282233
6.945	-3.247080110172323	0.03695172234026588
6.955	-3.2584750196550853	0.03502638209808769
6.965	-3.2701720191293577	0.03695172234026588
6.975	-3.282164318224697	0.03650741305360937
6.985	-3.2944449440956545	0.035075749796605084
6.995	-3.307006745262742	0.03485359515327683
7.005	-3.3198423955657583	0.032730784117029094
7.015	-3.332944398227049	0.035322588289192026
7.025	-3.3463050900222346	0.03352066729330732
7.035	-3.359916645555832	0.03278015181554648
7.045	-3.373771081639175	0.03238521022740737
7.055	-3.3878602617679414	0.03107696621669655
7.065	-3.402175900696525	0.030336450738935712
7.075	-3.4167095691064677	0.03028708304041832
7.085	-3.4314526983660736	0.031570643201870446
7.095	-3.4463965853782934	0.03162001090038783
7.105	-3.461532397513881	0.03117570161373133
7.115	-3.4768511776267887	0.02910225827600098
7.125	-3.49234384914876	0.029398464467105315
7.135	-3.5080012212599154	0.02730033728011627
7.145	-3.5238139941321878	0.027571859621961913
7.155	-3.539772764242401	0.02606614481718154
7.165	-3.5558680297516547	0.027053498787529325
7.175	-3.5720901959477547	0.026757292596424988
7.185	-3.5884295807473214	0.027176918033822797
7.195	-3.604876420254159	0.0257946224753359
7.205	-3.6214208743704956	0.025103474696092448
7.215	-3.638053032457589	0.025893357872370678
7.225	-3.6547629190422652	0.024116120725744664
7.235	-3.6715404995657916	0.023227502152431655
7.245	-3.6883756861716086	0.022709141317999067
7.255	-3.7052583435283024	0.023104082906138183
7.265	-3.722178294684232	0.023400289097242517
7.275	-3.739125326950202	0.024609797710918556
7.285	-3.75608919780655	0.020561646432492635
7.295	-3.773059640830991	0.02103063956840783
7.305	-3.7900263716435454	0.022092045086531703
7.315	-3.80697909386493	0.020685065678786106
7.325	-3.8239075050846445	0.019278086271040513
7.335	-3.840801302835156	0.020833168774338277
7.345	-3.8576501905684277	0.019969234050283963
7.355	-3.874443883631123	0.019549608612886155
7.365	-3.8911721152347813	0.018537570793279674
7.375	-3.9078246424173044	0.017895790712553615
7.385	-3.9243912519920254	0.01735274602886233
7.395	-3.9408617664807233	0.018759725436607925
7.405	-3.9572260500268825	0.018710357738090537
7.415	-3.973474014285579	0.01952492476362746
7.425	-3.9895956242863373	0.017476165275155806
7.435	-4.005580904265308	0.0175008491244145
7.445	-4.021419943463223	0.01755021682293189
7.455	-4.037102901885477	0.017105907536275385
7.465	-4.0526200160208505	0.01584703122408196
7.475	-4.067961604515265	0.0165628628525841
7.485	-4.083118073797135	0.016044502018151517
7.495	-4.098079923650792	0.015550825032977623
7.505	-4.112837752734567	0.016044502018151517
7.515	-4.127382264040138	0.014834993404475479
7.525	-4.141704270289713	0.015007780349286341
7.535	-4.155794699267788	0.015155883444838508
7.545	-4.169644599084155	0.015328670389649371
7.555	-4.1832451433649105	0.014440051816336364
7.565	-4.196587636368282	0.014859677253734173
7.575	-4.209663518022086	0.013798271735610303
7.585	-4.222464368879779	0.015057148047803729
7.595	-4.2349819149919465	0.014119161775973334
7.605	-4.247208032690337	0.014020426378938555
7.615	-4.259134753281411	0.013452697845988579
7.625	-4.270754267646563	0.0133539624489538
7.635	-4.282058930746171	0.01266281466971035
7.645	-4.293041266024709	0.01266281466971035
7.655	-4.303693969714202	0.01367485248931683
7.665	-4.314009915033391	0.013279910901177716
7.675	-4.323982156280035	0.012638130820451655
7.685	-4.333603932813825	0.013428013996729883
7.695	-4.342868672927463	0.0119716668904669
7.705	-4.351769997603561	0.012712182368227739
7.715	-4.36030172415503	0.012638130820451655
7.725	-4.368457869746741	0.01303307240859077
7.735	-4.3762326547963175	0.011083048317153893
7.745	-4.383620506251959	0.01229255693082993
7.755	-4.390616060745308	0.011206467563447366
7.765	-4.397214167617454	0.011206467563447366
7.775	-4.403409891816196	0.011774196096397342
7.785	-4.409198516662834	0.011774196096397342
7.795	-4.4145755464868035	0.01123115141270606
7.805	-4.419536709126538	0.010564687482721305
7.815	-4.4240779582950776	0.011749512247138648
7.825	-4.428195475808968	0.011774196096397342
7.835	-4.431885673679127	0.01095962907086042
7.845	-4.435145196062415	0.011576725302327786
7.855	-4.437970921072735	0.010836209824566947
7.865	-4.440359962450609	0.011206467563447366
7.875	-4.442309671090202	0.011749512247138648
7.885	-4.84536531533881	0.007627309420936644
7.895	-4.845941995405119	0.007158316285021445
7.905	-4.84607283145156	0.007454522476125781
7.915	-4.845756135376903	0.007158316285021445
7.925	-4.844990461702339	0.007602625571677949
7.935	-4.843774608227556	0.0070102131894692775
7.945	-4.842107616539876	0.007429838626867086
7.955	-4.839988772376181	0.006911477792434499
7.965	-4.837417605837472	0.007257051682056224
7.975	-4.834393891455981	0.0071336324357627505
7.985	-4.830917648114842	0.007503890174643171
7.995	-4.8269891388204265	0.008417192597214872
8.005	-4.822608870327559	0.00787414791352359
8.015	-4.817777592617876	0.007084264737245362
8.025	-4.812496298231739	0.00819503795388662
8.035	-4.806766221454154	0.008071618707593146
8.045	-4.800588837355278	0.00819503795388662
8.055	-4.793965860686157	0.008392508747956178
8.065	-4.78689924463045	0.007948199461299673
8.075	-4.77939117941299	0.008392508747956178
8.085	-4.771444090766059	0.008145670255369232
8.095	-4.763060638254477	0.007429838626867086
8.105	-4.754243713460516	0.008318457200180093
8.115	-4.7449964380299	0.007849464064264896
8.125	-4.735322161580142	0.008343141049438788
8.135	-4.725224459472581	0.00819503795388662
8.145	-4.714707130449579	0.009182391924234406
8.155	-4.703774194138402	0.008269089501662705
8.165	-4.692429888423414	0.008812134185353987
8.175	-4.680678666688271	0.008960237280906154
8.185	-4.668525194929911	0.008713398788319207
8.195	-4.655974348746177	0.009651385060149604
8.205	-4.6430312101990365	0.010145062045323497
8.215	-4.629701064555415	0.009824172004960467
8.225	-4.615989396907706	0.010342532839393053
8.235	-4.601901888676161	0.009182391924234406
8.245	-4.587444413995389	0.01026848129161697
8.255	-4.57262303598726	0.009750120457184382
8.265	-4.557444002922657	0.010194429743840886
8.275	-4.541913744274422	0.010293165140875665
8.285	-4.526038866664147	0.010293165140875665
8.295	-4.5098261497053	0.01021911359309958
8.305	-4.493282541745389	0.010885577523084337
8.315	-4.476415155509837	0.010984312920119114
8.325	-4.4592312636504	0.010885577523084337
8.335	-4.441738294200902	0.012613446971192962
8.345	-4.423943825943235	0.010836209824566947
8.355	-4.405855583686501	0.011798879945656038
8.365	-4.3874814334623835	0.012366608478606014
8.375	-4.368829377639733	0.012934337011555991
8.385	-4.349907549961497	0.01234192462934732
8.395	-4.3307242105071415	0.012761550066745128
8.405	-4.311287740583766	0.013082440107108158
8.415	-4.291606637549123	0.014291948720784197
8.425	-4.271689509569875	0.012712182368227739
8.435	-4.251545070318375	0.01367485248931683
8.445	-4.231182133611308	0.01463752261040592
8.455	-4.210609607993648	0.014489419514853753
8.465	-4.189836491271318	0.015353354238908065
8.475	-4.168871864996015	0.015254618841873287
8.485	-4.147724888905687	0.015155883444838508
8.495	-4.126404795324206	0.015772979676305875
8.505	-4.104920883523708	0.015526141183718927
8.515	-4.083282514053268	0.015822347374823263
8.525	-4.061499103037347	0.017747687617001445
8.535	-4.039580116447773	0.017105907536275385
8.545	-4.017535064352725	0.017624268370707973
8.555	-3.9953734951464384	0.017648952219966665
8.565	-3.9731049897632422	0.019055931627712262
8.575	-3.950739155879563	0.019278086271040513
8.585	-3.928285622107558	0.019327453969557904
8.595	-3.905754032184059	0.019450873215851375
8.605	-3.8831540391584256	0.019919866351766576
8.615	-3.8604952995830137	0.021697103498392586
8.625	-3.8377874677099304	0.019771763256214405
8.635	-3.815040189697646	0.021277478060994778
8.645	-3.792263097831189	0.021894574292462145
8.655	-3.7694658047595095	0.02214141278504909
8.665	-3.7466578977536407	0.023548392192794684
8.675	-3.7238489329892537	0.022807876715033846
8.685	-3.7010484298572366	0.0234743406450186
8.695	-3.678265865305783	0.02448637846462508
8.705	-3.6555106682176213	0.024930687751281586
8.715	-3.632792213825861	0.02601677711866415
8.725	-3.610119818171987	0.025992093269405454
8.735	-3.587502732609411	0.02702881493827063
8.745	-3.5649501383561	0.028065536607135805
8.755	-3.5424711410996172	0.02739907267715105
8.765	-3.520074765658019	0.028287691250464056
8.775	-3.497769950699843	0.029349096768587928
8.785	-3.475565543526598	0.030213031492642237
8.795	-3.453470294920943	0.030188347643383545
8.805	-3.4314928540637597	0.03352066729330732
8.815	-3.4096417635233514	0.033545351142566016
8.825	-3.7691699382527446	0.022906612112068625
8.835	-3.749047026625366	0.023178134453914267
8.845	-3.729075404382325	0.023869282233157717
8.855	-3.709263139083198	0.023326237549466434
8.865	-3.689618167809582	0.023795230685381634
8.875	-3.670148292650548	0.024066753027227272
8.885	-3.6508611762809147	0.02426422382129683
8.895	-3.631764337635082	0.02693007954123585
8.905	-3.6128651476791362	0.026090828666440233
8.915	-3.5941708252838116	0.028065536607135805
8.925	-3.5756884332008454	0.026312983309768487
8.935	-3.5574248741452514	0.027325021129374967
8.945	-3.5393868869858705	0.029299729070070536
8.955	-3.5215810430465897	0.0276212273204793
8.965	-3.50401374252046	0.02863326514008578
8.975	-3.486691210998941	0.02984277375376182
8.985	-3.469619496118393	0.030558605382263963
8.995	-3.452804464325831	0.031052282367437855
9.005	-3.436251797765979	0.030188347643383545
9.015	-3.4199669912914388	0.031225069312248718
9.025	-3.4039553495978647	0.03255799717221823
9.035	-3.388221984485815	0.033421931896272544
9.045	-3.372771812250982	0.03258268102147693
9.055	-3.357609551204333	0.03539663983696811
9.065	-3.342739719323673	0.03529790443993333
9.075	-3.3281666320380348	0.03529790443993333
9.085	-3.3138944001461788	0.0363839938073159
9.095	-3.2999269278704872	0.03603841991769417
9.105	-3.28626791104734	0.037790973215061495
9.115	-3.272920835455084	0.0368283030939724
9.125	-3.2598889752805116	0.038111863255424525
9.135	-3.247175391724772	0.03714919313433543
9.145	-3.2347829317494803	0.03998783579908532
9.155	-3.2227142269637232	0.03927200417058317
9.165	-3.210971692652591	0.04067898357832877
9.175	-3.1995575269477374	0.039568210361687506
9.185	-3.188473710140398	0.04095050592017441
9.195	-3.177722004137204	0.0395928942109462
9.205	-3.1673039520590494	0.04260432382050695
9.215	-3.157220877983148	0.042480904574213475
9.225	-3.1474738868283447	0.04228343378014392
9.235	-3.1380638643836667	0.04181444064422872
9.245	-3.128991477479967	0.0432954715997504
9.255	-Inf	0.0
9.265	-Inf	0.0
9.275	-Inf	0.0
9.285	-Inf	0.0
9.295	-Inf	0.0
9.305	-Inf	0.0
9.315	-Inf	0.0
9.325	-Inf	0.0
9.335	-Inf	0.0
9.345	-Inf	0.0
9.355	-Inf	0.0
9.365	-Inf	0.0
9.375	-Inf	0.0
9.385	-Inf	0.0
9.395	-Inf	0.0
9.405	-Inf	0.0
9.415	-Inf	0.0
9.425	-Inf	0.0
9.435	-Inf	0.0
9.445	-Inf	0.0
9.455	-Inf	0.0
9.465	-Inf	0.0
9.475	-Inf	0.0
9.485	-Inf	0.0
9.495	-Inf	0.0
9.505	-Inf	0.0
9.515	-Inf	0.0
9.525	-Inf	0.0
9.535	-Inf	0.0
9.545	-Inf	0.0
9.555	-Inf	0.0
9.565	-Inf	0.0
9.575	-Inf	0.0
9.585	-Inf	0.0
9.595	-Inf	0.0
9.605	-Inf	0.0
9.615	-Inf	0.0
9.625	-Inf	0.0
9.635	-Inf	0.0
9.645	-Inf	0.0
9.655	-Inf	0.0
9.665	-Inf	0.0
9.675	-Inf	0.0
9.685	-Inf	0.0
9.695	-Inf	0.0
9.705	-Inf	0.0
9.715	-Inf	0.0
9.725	-Inf	0.0
9.735	-Inf	0.0
9.745	-Inf	0.0
9.755	-Inf	0.0
9.765	-Inf	0.0
9.775	-Inf	0.0
9.785	-Inf	0.0
9.795	-Inf	0.0
9.805	-Inf	0.0
9.815	-Inf	0.0
9.825	-Inf	0.0
9.835	-Inf	0.0
9.845	-Inf	0.0
9.855	-Inf	0.0
9.865	-Inf	0.0
9.875	-Inf	0.0
9.885	-Inf	0.0
9.895	-Inf	0.0
9.905	-Inf	0.0
9.915	-Inf	0.0
9.925	-Inf	0.0
9.935	-Inf	0.0
9.945	-Inf	0.0
9.955	-Inf	0.0
9.965	-Inf	0.0
9.975	-Inf	0.0
9.985	-Inf	0.0
9.995	-Inf	0.0
