0.005	-Inf	0.0
0.015	-Inf	0.0
0.025	-Inf	0.0
0.035	-Inf	0.0
0.045	-Inf	0.0
0.055	-Inf	0.0
0.065	-Inf	0.0
0.075	-Inf	0.0
0.085	-Inf	0.0
0.095	-Inf	0.0
0.105	-Inf	0.0
0.115	-Inf	0.0
0.125	-Inf	0.0
0.135	-Inf	0.0
0.145	-Inf	0.0
0.155	-Inf	0.0
0.165	-Inf	0.0
0.175	-Inf	0.0
0.185	-Inf	0.0
0.195	-Inf	0.0
0.205	-Inf	0.0
0.215	-Inf	0.0
0.225	-Inf	0.0
0.235	-Inf	0.0
0.245	-Inf	0.0
0.255	-Inf	0.0
0.265	-Inf	0.0
0.275	-Inf	0.0
0.285	-Inf	0.0
0.295	-Inf	0.0
0.305	-2.174680237406569	0.10011180602568608
0.315	-2.200163226174946	0.09906716109324414
0.325	-2.225926058152025	0.098457784882653
0.335	-2.2519574629889836	0.09509170676700675
0.345	-2.278246065618272	0.0910291986963992
0.355	-2.3047803924408745	0.089317141723786
0.365	-2.3315488775645656	0.08928812380899595
0.375	-2.358539869089438	0.0825849854924935
0.385	-2.3857416354369843	0.08281712881081393
0.395	-2.4131423717189566	0.07889971031415664
0.405	-2.4407302061422347	0.07730372500070368
0.415	-2.4684932064458973	0.07640416964221201
0.425	-2.4964193863666626	0.07588184717599104
0.435	-2.5244967121288817	0.07434389769211817
0.445	-2.5527131089552153	0.06987513881444987
0.455	-2.5810564675941414	0.06842424307494718
0.465	-2.6095146508604263	0.0674666518868754
0.475	-2.638075500184666	0.06447780666349984
0.485	-2.666726842168039	0.06421664543038935
0.495	-2.695456495138364	0.06392646628248881
0.505	-2.7242522757036034	0.059544761149190675
0.515	-2.7531020052989104	0.059167528256919975
0.525	-2.7819935167233654	0.0582679728984283
0.535	-2.810914660662524	0.05794877583573771
0.545	-2.839853312192926	0.05443760814614118
0.555	-2.868797377264718	0.05130367334881536
0.565	-2.8977347991585662	0.04898224016561104
0.575	-2.9266535649130474	0.05182599581503633
0.585	-2.955541711718722	0.04848893561418013
0.595	-2.984387333275128	0.04616750243097581
0.605	-3.0131785861069407	0.046283574090136025
0.615	-3.041903695835589	0.045006785839373654
0.625	-3.070550963402638	0.04477464252105322
0.635	-3.0991087712412635	0.040683116535655615
0.645	-3.1275655893922183	0.041872851042047826
0.655	-3.1559099815606837	0.04152463606456718
0.665	-3.184130611110451	0.03984159700674405
0.675	-3.212216246991935	0.038884005818672275
0.685	-3.2401557696005447	0.037694271312280064
0.695	-3.267938176561969	0.03505364106638515
0.705	-3.2955525884410264	0.03363176324167251
0.715	-3.3229882543707214	0.0357790889361365
0.725	-3.350234557598244	0.033515691582512296
0.735	-3.3772810209446695	0.031745598780319004
0.745	-3.4041173121752	0.03162952712115879
0.755	-3.430733249276812	0.030788007592247226
0.765	-3.4571188056402704	0.030933097166197493
0.775	-3.4832641151434824	0.030265685126026252
0.785	-3.5091594771332812	0.0276540727949214
0.795	-3.5347953613027485	0.026522374118109295
0.805	-3.5601624124612696	0.025912997907518165
0.815	-3.5852514551945767	0.026870589095589942
0.825	-3.610053498412122	0.025129514208186706
0.835	-3.634559739779146	0.025245585867346924
0.845	-3.658761570030955	0.024433084253225414
0.855	-3.6826505771669016	0.023504510979943688
0.865	-3.7062185505217293	0.023359421405993418
0.875	-3.72945748471194	0.022750045195402285
0.885	-3.75235958345498	0.02219870481439126
0.895	-3.7749172632590855	0.022430848132711692
0.905	-3.7971231569817134	0.020080397034717323
0.915	-3.818970117254588	0.020399594097407915
0.925	-3.8404512197734317	0.02272102728061223
0.935	-3.8615597664505956	0.018919680443115164
0.945	-3.8822892884288116	0.020515665756568133
0.955	-3.902633548954462	0.020167450779087485
0.965	-3.9225865461087635	0.019529056653706297
0.975	-3.942142515395422	0.019354949164965975
0.985	-3.9612959321833534	0.01726565930008209
0.995	-3.980041514003188	0.01703351598176166
1.005	-3.9983742226963455	0.018484411721264356
1.015	-4.0162892664155665	0.016830390578231283
1.025	-4.033782101475882	0.01659824725991085
1.035	-4.050848434055095	0.016046906878899824
1.045	-4.06748422174292	0.017091551811341768
1.055	-4.083685674938062	0.01674333683386112
1.065	-4.0994492580925606	0.01651119351554069
1.075	-4.114771690802867	0.015959853134529665
1.085	-4.1296499487471605	0.014770118628137452
1.095	-4.144081264468592	0.014915208202087723
1.105	-4.158063128004106	0.014073688673176158
1.115	-4.171593287358749	0.015959853134529665
1.125	-4.18466974882531	0.014741100713347399
1.135	-4.197290777149354	0.012216542126612707
1.145	-4.20945489553974	0.014102706587966212
1.155	-4.221160885524819	0.014421903650656806
1.165	-4.232407786654627	0.014363867821076697
1.175	-4.2431948960494505	0.013058061655524271
1.185	-4.253521767795267	0.01334824080342481
1.195	-4.263388212186611	0.012854936251993894
1.205	-4.272794294817593	0.012622792933673462
1.215	-4.281740335521767	0.012912972081574001
1.225	-4.290226907161774	0.012274577956192814
1.235	-4.298254834269662	0.012332613785772922
1.245	-4.305825191538959	0.01334824080342481
1.255	-4.312939302169603	0.011142879279380711
1.265	-4.319598736066984	0.012129488382242544
1.275	-4.325805307896367	0.012593775018883408
1.285	-4.331561074994144	0.011607165916021574
1.295	-4.336868335137355	0.01224556004140276
1.305	-4.341729624173091	0.013058061655524271
1.315	-4.346147713509403	0.012854936251993894
1.325	-4.350125607469486	0.011287968853330981
1.335	-4.353666540510934	0.01239064961535303
1.345	-4.356773974312018	0.012013416723082329
1.355	-4.359451594726906	0.011810291319551951
1.365	-4.361703308611968	0.0121585062970326
1.375	-4.3635332405252525	0.011897345063922113
1.385	-4.364945729301372	0.012361631700562975
1.395	-4.365945324504115	0.01334824080342481
1.405	-4.366536782759114	0.013058061655524271
1.415	-4.366725063969052	0.012216542126612707
1.425	-4.366515327413884	0.01143305842728125
1.435	-4.365912927738682	0.011897345063922113
1.445	-4.364923410831733	0.01143305842728125
1.455	-4.363552509595619	0.011694219660391735
1.465	-4.361806139614039	0.011491094256861359
1.475	-4.35969039471723	0.012216542126612707
1.485	-4.357211542448882	0.013174133314684486
1.495	-4.354376019437492	0.011955380893502222
1.505	-4.351190426675201	0.012419667530143084
1.515	-4.347661524707146	0.012361631700562975
1.525	-4.343796228734494	0.01172323757518179
1.535	-4.339601603634283	0.013058061655524271
1.545	-4.335084858899332	0.011258950938540927
1.555	-4.3302533435014725	0.012361631700562975
1.565	-4.3251145406814	0.013638419951325349
1.575	-4.319676062668539	0.012071452552662437
1.585	-4.313945645334274	0.012796900422413784
1.595	-4.307931142782016	0.013174133314684486
1.605	-4.301640521877552	0.012883954166783947
1.615	-4.29508185672319	0.013261187059054647
1.625	-4.288263323079251	0.013232169144264594
1.635	-4.2811931927364295	0.0121585062970326
1.645	-4.273879827842677	0.012071452552662437
1.655	-4.26633167518816	0.014683064883767291
1.665	-4.258557260451995	0.013116097485104379
1.675	-4.250565182414368	0.014218778247126428
1.685	-4.2423641071377585	0.014479939480236913
1.695	-4.2339627621209255	0.013406276633004918
1.705	-4.225369930429397	0.01453797530981702
1.715	-4.2165944448061685	0.014479939480236913
1.725	-4.207645181766312	0.01387056326964578
1.735	-4.198531055679287	0.013725473695695512
1.745	-4.18926101284263	0.01430583199149659
1.755	-4.179844025550811	0.014044670758386104
1.765	-4.170289086162958	0.014712082798557345
1.775	-4.160605201173212	0.014073688673176158
1.785	-4.150801385287441	0.014712082798557345
1.795	-4.1408866555100055	0.015408512753518639
1.805	-4.130870025244353	0.014566993224607075
1.815	-4.12076049841105	0.016250032282430202
1.825	-4.110567063587037	0.015669673986629124
1.835	-4.1002986881697	0.015379494838728585
1.845	-4.089964312569453	0.01674333683386112
1.855	-4.07957284443443	0.016395121856380472
1.865	-4.069133152910915	0.01584378147536945
1.875	-4.058654062943091	0.01723664138529204
1.885	-4.0481443496156135	0.016975480152181553
1.895	-4.037612732542605	0.016308068112010313
1.905	-4.0270678703064835	0.0180781609142036
1.915	-4.016518354950124	0.01894869835790522
1.925	-4.005972706525753	0.016569229345120798
1.935	-3.995439367703961	0.017323695129662198
1.945	-3.9849266984461438	0.01880360878395495
1.955	-3.9744429707437052	0.017816999681093116
1.965	-3.963996363427238	0.01836834006210414
1.975	-3.953594957048878	0.017004498066971605
1.985	-3.943246728841026	0.0202835224382477
1.995	-3.932959547754467	0.017816999681093116
2.005	-3.9227411695790053	0.018716555039584786
2.015	-3.9125992321495535	0.019267895420595812
2.025	-3.9025412506406334	0.01961611039807646
2.035	-3.892574612952161	0.019732182057236675
2.045	-3.8827065751893235	0.019383967079756027
2.055	-3.8729442572393182	0.019877271631186945
2.065	-3.8632946384476083	0.021589328603800126
2.075	-3.8537645533963696	0.020747809074888563
2.085	-3.8443606877876273	0.021879507751700666
2.095	-3.8350895744336166	0.021357185285479696
2.105	-3.8259575893567552	0.020225486608667593
2.115	-3.816970948001588	0.021125041967159263
2.125	-3.8081357015609707	0.020718791160098508
2.135	-3.7994577334186856	0.021270131541109533
2.145	-3.7909427557106214	0.022430848132711692
2.155	-3.7825963060065533	0.020399594097407915
2.165	-3.774423744114486	0.02153129277422002
2.175	-3.766430249009466	0.022459866047501744
2.185	-3.758620815888633	0.020834862819258726
2.195	-3.7510002533542726	0.023185313917253095
2.205	-3.743573180726483	0.022314776473551477
2.215	-3.73634402548703	0.023243349746833203
2.225	-3.7293170208558437	0.02301120642851277
2.235	-3.7224962035015685	0.023417457235573525
2.245	-3.715885411387437	0.023620582639103903
2.255	-3.7094882817537034	0.023330403491203362
2.265	-3.7033082492377556	0.02434603050885525
2.275	-3.6973485441329235	0.02364960055389396
2.285	-3.691612190786959	0.02434603050885525
2.295	-3.6861020061410255	0.02301120642851277
2.305	-3.6808205984099613	0.023214331832043147
2.315	-3.6757703659045076	0.0228661168545625
2.325	-3.6709534959960686	0.024375048423645306
2.335	-3.6663719642245094	0.02411388719053482
2.345	-3.662027533549385	0.024026833446164658
2.355	-3.6579217537449176	0.025680854589197732
2.365	-3.6540559609389254	0.022982188513722718
2.375	-3.650431277295847	0.023243349746833203
2.385	-3.6470486108438807	0.024520137997595576
2.395	-3.643908655446186	0.025912997907518165
2.405	-3.641011890915991	0.025332639611717084
2.415	-3.6383585832753704	0.02602906956667838
2.425	-3.635948785157355	0.023939779701794495
2.435	-3.633782336350943	0.026783535351219783
2.445	-3.631858864488511	0.024462102168015466
2.455	-3.630177785874994	0.025854962077938054
2.465	-3.6287383064581578	0.026203177055418702
2.475	-3.6275394229391704	0.024607191741965736
2.485	-3.6265799240225856	0.02602906956667838
2.495	-3.6258583918047855	0.025187550037766817
2.505	-3.6253732032998247	0.024955406719446384
2.515	-3.6251225321015372	0.024462102168015466
2.525	-3.625104350180671	0.024520137997595576
2.535	-3.6253164298157547	0.026522374118109295
2.545	-3.625756345656282	0.025796926248357947
2.555	-3.6264214769167347	0.02521656795255687
2.565	-3.627309009699908	0.026290230799788865
2.575	-3.628415939447841	0.024607191741965736
2.585	-3.62973907351868	0.025767908333567895
2.595	-3.631275033887632	0.02454915591238563
2.605	-3.6330202599701438	0.02640630245894908
2.615	-3.6349710115653338	0.024955406719446384
2.625	-3.6371233719176566	0.02559380084482757
2.635	-3.6394732508946617	0.025854962077938054
2.645	-3.6420163882786936	0.0250714783786066
2.655	-3.6447483571702524	0.024375048423645306
2.665	-3.647664567500704	0.025187550037766817
2.675	-3.650760269651939	0.026116123311048543
2.685	-3.654030558180518	0.025129514208186706
2.695	-3.657470375643773	0.023475493065153633
2.705	-3.6610745165252947	0.025274603782136976
2.715	-3.6648376312571136	0.025564782930037517
2.725	-3.6687542303359	0.0243170125940652
2.735	-3.6728186885303833	0.0243170125940652
2.745	-3.6770252491771895	0.0243170125940652
2.755	-3.68136802856217	0.022750045195402285
2.765	-3.6858410203843324	0.02338843932078347
2.775	-3.690438100299351	0.02367861846868401
2.785	-3.695153030539626	0.023475493065153633
2.795	-3.6999794646078255	0.023620582639103903
2.805	-3.704910952040747	0.02263397353624207
2.815	-3.7099409432403547	0.024404066338435358
2.825	-3.7150627943687438	0.023620582639103903
2.835	-3.720269772303829	0.02463620965675579
2.845	-3.725555059652398	0.022808081024982392
2.855	-3.7309117598172636	0.02263397353624207
2.865	-3.7363329021151173	0.021357185285479696
2.875	-3.741811446941705	0.02219870481439126
2.885	-3.7473402909809175	0.021502274859429966
2.895	-3.7529122724543207	0.023040224343302825
2.905	-3.758520176407697	0.02330138557641331
2.915	-3.764156740031064	0.02161834651859018
2.925	-3.7698146580086846	0.019848253716396893
2.935	-3.7754865878955455	0.02263397353624207
2.945	-3.78116515551673	0.021589328603800126
2.955	-3.7868429603861653	0.020399594097407915
2.965	-3.792512581141138	0.021850489836910614
2.975	-3.798166580989056	0.02167638234817029
2.985	-3.8037975131627966	0.020167450779087485
2.995	-3.8093979263811484	0.02144423902984986
3.005	-3.8149603703106685	0.020718791160098508
3.015	-3.820477401025451	0.02013843286429743
3.025	-3.8259415864611577	0.019964325375557108
3.035	-3.831345511859774	0.019935307460767052
3.045	-3.8366817852015047	0.020167450779087485
3.055	-3.8419430426202412	0.020921916563628885
3.065	-3.8471219537990935	0.02153129277422002
3.075	-3.85221122734238	0.021008970307999048
3.085	-3.857203616120642	0.019558074568496352
3.095	-3.862091922585118	0.020022361205137215
3.105	-3.8668690040482407	0.020370576182617863
3.115	-3.8715277779266897	0.019877271631186945
3.125	-3.87606122694358	0.019035752102275382
3.135	-3.8804624042863693	0.019703164142446623
3.145	-3.8847244387171393	0.020196468693877537
3.155	-3.888840539631895	0.02080584490446867
3.165	-3.892804002065585	0.02057370158614824
3.175	-3.8966082116395873	0.019790217886816782
3.185	-3.9002466494484067	0.019935307460767052
3.195	-3.903712896882412	0.018832626698745004
3.205	-3.907000640383488	0.01741074887403236
3.215	-3.9101036761304506	0.019412984994546082
3.225	-3.913015914651221	0.01932593125017592
3.235	-3.9157313853587152	0.019151823761435597
3.245	-3.918244241007539	0.019442002909336138
3.255	-3.9205487620685173	0.01909378793185549
3.265	-3.9226393610182804	0.019180841676225652
3.275	-3.9245105865410617	0.018049142999413546
3.285	-3.9261571276399927	0.0184553938064743
3.295	-3.927573817655229	0.018049142999413546
3.305	-3.9287556381862565	0.020399594097407915
3.315	-3.9296977229158623	0.017816999681093116
3.325	-3.930395361333254	0.019877271631186945
3.335	-3.9308440023539344	0.0184553938064743
3.345	-3.9310392578339384	0.019006734187485327
3.355	-3.930976905976172	0.017875035510673223
3.365	-3.9306528946266353	0.019442002909336138
3.375	-3.930063344458374	0.01778798176630306
3.385	-3.929204552041094	0.01874557295437484
3.395	-3.928072992794447	0.0180781609142036
3.405	-3.926665323823051	0.01775896385151301
3.415	-3.924978386631416	0.018107178828993657
3.425	-3.923009209717006	0.01790405342546328
3.435	-3.9207550110397342	0.019209859591015704
3.445	-3.9182132003663117	0.018774590869164897
3.455	-3.9153813814878893	0.01836834006210414
3.465	-3.9122573543095767	0.01793307134025333
3.475	-3.9088391168104737	0.01828128631773398
3.485	-3.905124866872913	0.02057370158614824
3.495	-3.9011130039797495	0.018484411721264356
3.505	-3.8968021307785747	0.01999334329034716
3.515	-3.8921910545118377	0.018716555039584786
3.525	-3.8872787883119484	0.019151823761435597
3.535	-3.88206455236048	0.020863880734048778
3.545	-3.8765477749107653	0.019645128312866515
3.555	-3.870728093173168	0.01947102082412619
3.565	-3.8646053540624803	0.020109414949507378
3.575	-3.858179614806927	0.018687537124794734
3.585	-3.8514511434183833	0.019906289545977
3.595	-3.844420419023499	0.01999334329034716
3.605	-3.837088132055495	0.022024597325650937
3.615	-3.8294551843064966	0.02013843286429743
3.625	-3.8215226888403544	0.02095093447841894
3.635	-3.813291969766016	0.019790217886816782
3.645	-3.80476456187156	0.021734418177750396
3.655	-3.7959422101191347	0.02176343609254045
3.665	-3.7868268690011035	0.0202835224382477
3.675	-3.7774207017577983	0.02176343609254045
3.685	-3.767726079457393	0.022953170598932662
3.695	-3.75774557993845	0.02176343609254045
3.705	-3.7474819866158398	0.021705400262960344
3.715	-3.736938287150759	0.022314776473551477
3.725	-3.72611767198571	0.023243349746833203
3.735	-3.7150235327453793	0.021792454007330504
3.745	-3.703659460504418	0.025187550037766817
3.755	-3.6920292439232374	0.02411388719053482
3.765	-3.680136867252992	0.023359421405993418
3.775	-3.667986508211049	0.024084869275744766
3.785	-3.6555825357282776	0.023939779701794495
3.795	-3.6429295075696153	0.02434603050885525
3.805	-3.630032167829386	0.02565183667440768
3.815	-3.6168954443030343	0.025564782930037517
3.825	-3.603524445736916	0.026087105396258487
3.835	-3.589924458957891	0.025419693356087247
3.845	-3.576100945884593	0.026348266629368972
3.855	-3.5620595404222373	0.02539067544129719
3.865	-3.5478060452429974	0.02893086104568377
3.875	-3.5333464284539917	0.025680854589197732
3.885	-3.518686820154978	0.027015678669540213
3.895	-3.5038335088880284	0.02588397999272811
3.905	-3.48879293798137	0.0276540727949214
3.915	-3.4735717017898042	0.028988896875263882
3.925	-3.4581765418340717	0.02875675355694345
3.935	-3.4426143428416145	0.03142640171762841
3.945	-3.426892128691331	0.0306139001035069
3.955	-3.411017058264833	0.029453183511904745
3.965	-3.3949964212069403	0.029453183511904745
3.975	-3.3788376335980654	0.03110720465493782
3.985	-3.362548233541294	0.031368365888048304
3.995	-3.346135876666942	0.030933097166197493
4.005	-3.329608331557529	0.03273220788318084
4.015	-3.312973475096024	0.0331964945198217
4.025	-3.2962392877403874	0.03223890333174992
4.035	-3.2794138487274265	0.033515691582512296
4.045	-3.2625053312089873	0.03438622902621391
4.055	-3.245521997323672	0.03635944723193758
4.065	-3.22847219320716	0.035169712725545366
4.075	-3.211364343944377	0.03604025016924699
4.085	-3.194206948466695	0.03664962637983812
4.095	-3.1770085743974747	0.038913023733462324
4.105	-3.159777852849216	0.03795543254539055
4.115	-3.142523473175654	0.039638471603213675
4.125	-3.1252541776821356	0.040828206109605886
4.135	-3.107978756297708	0.039435346199683294
4.145	-3.0907060412122838	0.038680880415141894
4.155	-3.0734449014823215	0.042250083934318526
4.165	-3.0562042376084917	0.0446005350323129
4.175	-3.0389929760887484	0.04361392592945106
4.185	-3.021820063950355	0.04436839171399247
4.195	-3.0046944632643116	0.04393312299214166
4.205	-2.9876251456457044	0.04764741608526856
4.215	-2.9706210867434875	0.04474562460626317
4.225	-2.9536912607232466	0.046573753238036565
4.235	-2.9368446347464365	0.04822777438106964
4.245	-2.92009016344965	0.04996884926847288
4.255	-2.903436783427428	0.05078135088259438
4.265	-2.886893407722135	0.04921438348393147
4.275	-2.8704689203244547	0.050230010501583364
4.285	-2.854172170687987	0.05200010330377665
4.295	-2.838011968261463	0.052609479514367785
4.305	-2.821997077042064	0.053421981128489296
4.315	-2.8061362101533533	0.05556930682295329
4.325	-2.790438024451261	0.05501796644194226
4.335	-2.7749111151615615	0.05765859668783717
4.345	-2.7595640105523085	0.05649788009623501
4.355	-2.7444051666445723	0.05722332796598636
4.365	-2.729442961964936	0.05780368626178744
4.375	-2.714685692343018	0.06276574969088666
4.385	-2.7001415657574155	0.059109492427339864
4.395	-2.6858186972333296	0.061198782292223745
4.405	-2.6717251037951115	0.06253360637256623
4.415	-2.6578686994770098	0.0611697643774337
4.425	-2.644257290395247	0.06389744836769877
4.435	-2.6308985698846064	0.06711843690939476
4.445	-2.617800113702638	0.06743763397208534
4.455	-2.6049693753045053	0.06706040107981465
4.465	-2.592413681191557	0.06694432942065442
4.475	-2.5801402263365194	0.06865638639326761
4.485	-2.5681560696883	0.07060058668420122
4.495	-2.5564681297592045	0.06981710298486976
4.505	-2.5450831802974516	0.06958495966654933
4.515	-2.534007846047687	0.07428586186253808
4.525	-2.523248598602244	0.07425684394774802
4.535	-2.512811752345787	0.07103585540605203
4.545	-2.5027034604959026	0.0711229091504222
4.555	-2.4929297112422115	0.07533050679498002
4.565	-2.4834963239864116	0.0755916680280905
4.575	-2.4744089456857004	0.07538854262456013
4.585	-2.4656730473018618	0.07567872177246066
4.595	-2.457293920358324	0.07672336670490261
4.605	-2.449276673607358	0.07715863542675341
4.615	-2.4416262298095495	0.07942203278037761
4.625	-2.434347322627591	0.07573675760204077
4.635	-2.427444493636393	0.07686845627885287
4.645	-2.420922089451397	0.07948006860995772
4.655	-2.4147842589769333	0.0814532868156814
4.665	-2.4090349507763746	0.08052471354239966
4.675	-2.4036779105657526	0.08148230473047145
4.685	-2.398716678832449	0.08040864188323946
4.695	-2.3941545885804674	0.08174346596358194
4.705	-2.389994763203715	0.0825849854924935
4.715	-2.3862401144886616	0.08107605392341069
4.725	-2.382893340747637	0.08032158813886929
4.735	-2.3799569250839556	0.08008944482054886
4.745	-2.3774331337899755	0.08241087800375317
4.755	-2.375324014879098	0.08217873468543274
4.765	-2.3736313967526543	0.0844131141242669
4.775	-2.3723568870025145	0.08351355876577522
4.785	-2.3715018713501825	0.08568990237502927
4.795	-2.3710675127230463	0.08304927212913436
4.805	-2.371054750468371	0.08438409620947684
4.815	-2.371464299705526	0.08339748710661501
4.825	-2.3722966508168577	0.08290418255518409
4.835	-2.373552069077527	0.08522561573838841
4.845	-2.3752305944245347	0.08267203923686366
4.855	-2.377332041365091	0.08525463365317847
4.865	-2.379855999024365	0.0818885555375322
4.875	-2.3828018313325856	0.08307829004392442
4.885	-2.3861686773513715	0.08069882103114
4.895	-2.3899554517390627	0.08151132264526151
4.905	-2.3941608453547705	0.08101801809383058
4.915	-2.39878332600073	0.07916087154726713
4.925	-2.403821139302493	0.08017649856491903
4.935	-2.409272309726388	0.07939301486558757
4.945	-2.4151346417335806	0.07797113704087492
4.955	-2.4214057210700117	0.07927694320642735
4.965	-2.4280829161913635	0.07858051325146606
4.975	-2.4351633798221486	0.07739077874507384
4.985	-2.4426440506479112	0.07814524452961524
4.995	-2.4505216551394753	0.0763461338126319
5.005	-2.458792709508029	0.07733274291549373
5.015	-2.467453521789836	0.07564970385767061
5.025	-2.476500194059203	0.07724568917112358
5.035	-2.485928624768294	0.07440193352169829
5.045	-2.495734511212307	0.07440193352169829
5.055	-2.5059133521184043	0.07266085863429506
5.065	-2.516460450356761	0.07199344659412381
5.075	-2.527370915771983	0.07060058668420122
5.085	-2.5386396681330883	0.07002022838840015
5.095	-2.5502614402001553	0.07025237170672058
5.105	-2.5622307809056757	0.06906263720032836
5.115	-2.574542058648578	0.06825013558620685
5.125	-2.587189464698823	0.06793093852351625
5.135	-2.6001670167103663	0.06737959814250524
5.145	-2.6134685623402607	0.06616084572132297
5.155	-2.6270877829715866	0.06282378552046677
5.165	-2.6410181975377967	0.06436173500433963
5.175	-2.6552531664460863	0.06392646628248881
5.185	-2.669785895597211	0.061343871866174016
5.195	-2.684609440499238	0.060734495655582886
5.205	-2.6997167104725603	0.058877349109019435
5.215	-2.7151004729435164	0.0608505673147431
5.225	-2.730753357823857	0.05841306247237857
5.235	-2.7466678619732496	0.05733939962514657
5.245	-2.762836353741971	0.05757154294346701
5.255	-2.779251077590924	0.05504698435673231
5.265	-2.7959041587859588	0.05211617496293686
5.275	-2.81278760816355	0.05527912767505275
5.285	-2.829893326964759	0.052725551173528
5.295	-2.8472131117344253	0.053450999043279344
5.305	-2.8647386592823976	0.05147778083755568
5.315	-2.882461571703718	0.04959161637620217
5.325	-2.9003733614544682	0.04811170272190942
5.335	-2.918465456480091	0.04758938025568845
5.345	-2.936729205392914	0.04770545191484867
5.355	-2.95515588269553	0.04834384604022986
5.365	-2.9737366940467314	0.046196520345765865
5.375	-2.992462781566623	0.04306258554844004
5.385	-3.011325229177553	0.04436839171399247
5.395	-3.0303150679774085	0.04265633474137928
5.405	-3.0494232816418783	0.04326571095197042
5.415	-3.06864081185224	0.04312062137802015
5.425	-3.087958563745192	0.04256928099700912
5.435	-3.1073674113812353	0.0409442777687661
5.445	-3.126858203228193	0.03914516705178276
5.455	-3.1464217676562645	0.037781325056650224
5.465	-3.166048918441189	0.03946436411447335
5.475	-3.1857304602719894	0.035837124765716606
5.485	-3.2054571942597665	0.03511167689596526
5.495	-3.225219923444044	0.03630141140235747
5.505	-3.24500945829317	0.03662060846504807
5.515	-3.264816622195251	0.03467640817411445
5.525	-3.284632256936095	0.03371881698604267
5.535	-3.30444722816076	0.033312566178981914
5.545	-3.324252430815117	0.03223890333174992
5.555	-3.3440387945640433	0.032848279542341055
5.565	-3.36379728918276	0.03220988541695987
5.575	-3.383518929917887	0.031281312143678144
5.585	-3.4031947828148272	0.03009157763728593
5.595	-3.422815970008029	0.030062559722495875
5.605	-3.442373674970835	0.028640681897783234
5.615	-3.461859147721502	0.028872825216103664
5.625	-3.4812637099821715	0.027189786158280535
5.635	-3.5005787602874037	0.028321484835092642
5.645	-3.5197957790391166	0.027683090709711453
5.655	-3.538906333504658	0.027334875732230805
5.665	-3.557902082754871	0.026348266629368972
5.675	-3.5767747825390046	0.02559380084482757
5.685	-3.595516290093357	0.024462102168015466
5.695	-3.614118568880616	0.02483933506028617
5.705	-3.632573693256874	0.023098260172882933
5.715	-3.650873853063399	0.025564782930037517
5.725	-3.669011358140167	0.025245585867346924
5.735	-3.686978642758376	0.023910761787004443
5.745	-3.704768269969074	0.022575937706661962
5.755	-3.7223729358651783	0.021560310689010074
5.765	-3.739785473754189	0.024578173827175684
5.775	-3.7569988582389136	0.022982188513722718
5.785	-3.7740062092036712	0.0221116510700211
5.795	-3.790800795703407	0.02153129277422002
5.805	-3.8073760397533305	0.021212095711529426
5.815	-3.8237255200165854	0.019006734187485327
5.825	-3.839842975387695	0.019906289545977
5.835	-3.8557223084695162	0.019645128312866515
5.845	-3.871357588941468	0.018687537124794734
5.855	-3.8867430568169534	0.01842637589168425
5.865	-3.9018731255879127	0.019267895420595812
5.875	-3.9167423852545267	0.01822325048815387
5.885	-3.931345605238146	0.018919680443115164
5.895	-3.9456777371756893	0.017468784703612468
5.905	-3.9597339175936574	0.01659824725991085
5.915	-3.9735094704601797	0.01790405342546328
5.925	-3.9869999096134356	0.016975480152181553
5.935	-4.0002009410649855	0.017004498066971605
5.945	-4.013108465176528	0.017381730959242305
5.955	-4.025718578708781	0.016801372663441227
5.965	-4.038027576741169	0.016133960623269987
5.975	-4.050031954461169	0.015524584412678856
5.985	-4.0617284088221774	0.016162978538060042
5.995	-4.0731138400689275	0.01659824725991085
6.005	-4.084185353129472	0.015292441094358424
6.015	-4.094940258872916	0.015640656071839072
6.025	-4.105376075232149	0.015408512753518639
6.035	-4.11549052819087	0.015147351520408154
6.045	-4.125281552634363	0.015205387349988261
6.055	-4.134747293063491	0.014683064883767291
6.065	-4.14388610417152	0.014160742417546321
6.075	-4.152696551283446	0.015582620242258963
6.085	-4.161177410657615	0.013522348292165134
6.095	-4.169327669649454	0.01445092156544686
6.105	-4.177146526737295	0.01334824080342481
6.115	-4.184633391410322	0.01401565284359605
6.125	-4.1917878839187575	0.013667437866115403
6.135	-4.19860983488651	0.013232169144264594
6.145	-4.20509928478659	0.015089315690828047
6.155	-4.211256483279669	0.01430583199149659
6.165	-4.217081888416288	0.012854936251993894
6.175	-4.222576165703276	0.015031279861247937
6.185	-4.227740187035018	0.014392885735866752
6.195	-4.232575029490343	0.013232169144264594
6.205	-4.237081973995841	0.013087079570314325
6.215	-4.24126250385655	0.015147351520408154
6.225	-4.245118303154992	0.012129488382242544
6.235	-4.248651255019674	0.013000025825944162
6.245	-4.25186343976418	0.013290204973844703
6.255	-4.25475713289819	0.011984398808292275
6.265	-4.257334803011679	0.01239064961535303
6.275	-4.259599109533777	0.013290204973844703
6.285	-4.261552900367776	0.01349333037737508
6.295	-4.263199209403853	0.01282591833720384
6.305	-4.264541253911203	0.013319222888634756
6.315	-4.265582431811291	0.014421903650656806
6.325	-4.2663263188340705	0.014247796161916482
6.335	-4.266776665559025	0.013696455780905456
6.345	-4.266937394343051	0.013638419951325349
6.355	-4.266812596137182	0.012883954166783947
6.365	-4.266406527194284	0.013725473695695512
6.375	-4.265723605669913	0.013609402036535295
6.385	-4.264768408118589	0.013435294547794971
6.395	-4.263545665887788	0.01334824080342481
6.405	-4.262060261412069	0.01378350952527562
6.415	-4.260317224409785	0.012971007911154108
6.425	-4.258321727984873	0.013609402036535295
6.435	-4.256079084636327	0.013290204973844703
6.445	-4.25359474217799	0.014915208202087723
6.455	-4.250874279571353	0.01387056326964578
6.465	-4.247923402674117	0.014102706587966212
6.475	-4.244747939907336	0.014421903650656806
6.485	-4.241353837844008	0.012361631700562975
6.495	-4.237747156721994	0.013928599099225888
6.505	-4.233934065884299	0.014160742417546321
6.515	-4.22992083914963	0.01268082876325357
6.525	-4.2257138501163745	0.013232169144264594
6.535	-4.221319567403066	0.012883954166783947
6.545	-4.216744549828452	0.014799136542927506
6.555	-4.211995441534406	0.01445092156544686
6.565	-4.207078967054844	0.013638419951325349
6.575	-4.2020019263339465	0.014857172372507615
6.585	-4.196771189696943	0.014102706587966212
6.595	-4.191393692776805	0.01453797530981702
6.605	-4.185876431400171	0.013000025825944162
6.615	-4.1802264564359	0.013696455780905456
6.625	-4.17445086860966	0.015176369435198208
6.635	-4.168556813287938	0.015379494838728585
6.645	-4.162551475234974	0.014625029054187184
6.655	-4.156442073346033	0.014508957395026967
6.665	-4.1502358553605205	0.014915208202087723
6.675	-4.143940092558429	0.015350476923938532
6.685	-4.137562074443614	0.01497324403166783
6.695	-4.1311091034174385	0.014160742417546321
6.705	-4.1245884894462606	0.015089315690828047
6.715	-4.1180075447263444	0.016017888964109772
6.725	-4.111373578349698	0.016569229345120798
6.735	-4.104693890974351	0.016017888964109772
6.745	-4.09797576950264	0.015640656071839072
6.755	-4.091226481770987	0.01622101436764015
6.765	-4.08445327125472	0.015901817304949557
6.775	-4.077663351791415	0.015060297776037993
6.785	-4.070863902326284	0.016424139771170528
6.795	-4.06406206168307	0.016250032282430202
6.805	-4.057264923363929	0.017149587640921875
6.815	-4.050479530381765	0.016482175600750635
6.825	-4.043712870128407	0.016975480152181553
6.835	-4.036971869282088	0.01813619674378371
6.845	-4.030263388757575	0.016772354748651176
6.855	-4.023594218702321	0.017468784703612468
6.865	-4.016971073541974	0.01712056972613182
6.875	-4.01040058707852	0.017468784703612468
6.885	-4.003889307644357	0.017323695129662198
6.895	-3.997443693315509	0.017091551811341768
6.905	-3.9910701071871726	0.017991107169833438
6.915	-3.984774812714768	0.018861644613535056
6.925	-3.9785639691235852	0.018977716272695275
6.935	-3.9724436268901093	0.01836834006210414
6.945	-3.9664197232980536	0.01822325048815387
6.955	-3.9604980780720593	0.01822325048815387
6.965	-3.9546843890920025	0.0180781609142036
6.975	-3.948984228190785	0.020370576182617863
6.985	-3.9434030370384328	0.018310304232524034
6.995	-3.937946123115265	0.01976119997202673
7.005	-3.932618655776847	0.019296913335385867
7.015	-3.9274256624133956	0.01894869835790522
7.025	-3.9223720247062044	0.020341558267827808
7.035	-3.917462474983653	0.018861644613535056
7.045	-3.9127015926792392	0.019674146227656567
7.055	-3.9080938008940564	0.01976119997202673
7.065	-3.9036433630660454	0.018397357976894194
7.075	-3.8993543797482992	0.020515665756568133
7.085	-3.895230785498606	0.021589328603800126
7.095	-3.891276345882364	0.020022361205137215
7.105	-3.887494654590935	0.019877271631186945
7.115	-3.8838891306774017	0.019964325375557108
7.125	-3.8804630159116464	0.020921916563628885
7.135	-3.8772193722565786	0.01923887750580576
7.145	-3.874161079467262	0.019529056653706297
7.155	-3.8712908328146187	0.02042861201219797
7.165	-3.8686111409353074	0.018194232573363816
7.175	-3.8661243238092773	0.02057370158614824
7.185	-3.8638325108664393	0.0224888839622918
7.195	-3.861737639223808	0.022227722729181314
7.205	-3.859841452054356	0.02080584490446867
7.215	-3.858145497088797	0.019877271631186945
7.225	-3.856651125251352	0.0202835224382477
7.235	-3.855359489430534	0.019790217886816782
7.245	-3.85427154338587	0.021502274859429966
7.255	-3.8533880407913847	0.02219870481439126
7.265	-3.852709534416593	0.02095093447841894
7.275	-3.8522363754456683	0.021212095711529426
7.285	-3.8519687129353475	0.021125041967159263
7.295	-3.851906493412046	0.020457629926988023
7.305	-3.852049460608592	0.020602719500938293
7.315	-3.8523971553408494	0.02124111362631948
7.325	-3.8529489155244594	0.021386203200269748
7.335	-3.8537038763318163	0.020370576182617863
7.345	-3.854660970489297	0.020863880734048778
7.355	-3.8558189287146805	0.020341558267827808
7.365	-3.85717628029461	0.02095093447841894
7.375	-3.8587313538018533	0.02057370158614824
7.385	-3.8604822779520083	0.020254504523457645
7.395	-3.8624269825992585	0.020196468693877537
7.405	-3.86456319987063	0.02115405988194932
7.415	-3.866888465438156	0.019906289545977
7.425	-3.869400119928272	0.020602719500938293
7.435	-3.8720953104676203	0.02153129277422002
7.445	-3.874970992364418	0.019645128312866515
7.455	-3.8780239309244102	0.021560310689010074
7.465	-3.8812507034003794	0.01961611039807646
7.475	-3.884647701074041	0.01790405342546328
7.485	-3.8882111314691357	0.02129914945589959
7.495	-3.891937020694393	0.020109414949507378
7.505	-3.895821215914958	0.01932593125017592
7.515	-3.8998593879508463	0.02147325694463991
7.525	-3.9040470340008198	0.020341558267827808
7.535	-3.9083794804900602	0.019442002909336138
7.545	-3.912851886039928	0.0184553938064743
7.555	-3.917459244557979	0.019035752102275382
7.565	-3.922196388446367	0.019412984994546082
7.575	-3.92705799192668	0.018252268402943923
7.585	-3.9320385744791464	0.01822325048815387
7.595	-3.9371325043941217	0.018832626698745004
7.605	-3.9423340024336655	0.01755583844798263
7.615	-3.947637145600936	0.017729945936722953
7.625	-3.9530358710150706	0.01761387427756274
7.635	-3.958523979889172	0.017729945936722953
7.645	-3.964095141608907	0.018339322147314086
7.655	-3.969742897909187	0.017584856362772683
7.665	-3.975460667146338	0.017149587640921875
7.675	-3.981241748663078	0.01860048338042457
7.685	-3.9870793272435883	0.01741074887403236
7.695	-3.9929664776558735	0.019267895420595812
7.705	-3.9988961692785963	0.018484411721264356
7.715	-4.004861270809433	0.017497802618402523
7.725	-4.010854555052029	0.01726565930008209
7.735	-4.016868703778545	0.017468784703612468
7.745	-4.022896312664692	0.017671910107142846
7.755	-4.028929896294187	0.017497802618402523
7.765	-4.034961893229439	0.016482175600750635
7.775	-4.040984671145272	0.01717860555571193
7.785	-4.04699053202243	0.01726565930008209
7.795	-4.05297171739759	0.01651119351554069
7.805	-4.058920413666526	0.01778798176630306
7.815	-4.064828757437063	0.016250032282430202
7.825	-4.07068884092846	0.01778798176630306
7.835	-4.076492717413712	0.015959853134529665
7.845	-4.082232406701374	0.016337086026800365
7.855	-4.087899900653372	0.016337086026800365
7.865	-4.093487168735283	0.015321459009148478
7.875	-4.09898616359557	0.016046906878899824
7.885	-4.104388826670162	0.016337086026800365
7.895	-4.109687093808808	0.015379494838728585
7.905	-4.114872900919617	0.01688842640781139
7.915	-4.119938189628135	0.014944226116877776
7.925	-4.124874912947348	0.01651119351554069
7.935	-4.129675040954959	0.015176369435198208
7.945	-4.134330566474281	0.015321459009148478
7.955	-4.138833510755091	0.01572770981620923
7.965	-4.143175929150803	0.01651119351554069
7.975	-4.147349916788258	0.015814763560579394
7.985	-4.151347614226506	0.015292441094358424
7.995	-4.155161213100886	0.015234405264778315
8.005	-4.158782961748789	0.015582620242258963
8.015	-4.162205170813423	0.014741100713347399
8.025	-4.165420218821972	0.015263423179568369
8.035	-4.168420557734497	0.015437530668308693
8.045	-4.171198718459992	0.014712082798557345
8.055	-4.173747316336014	0.01387056326964578
8.065	-4.17605905656827	0.01334824080342481
8.075	-4.178126739626668	0.015582620242258963
8.085	-4.1799432665942575	0.014683064883767291
8.095	-4.181501644465581	0.014596011139397128
8.105	-4.182794991390977	0.013464312462585025
8.115	-4.183816541863363	0.014770118628137452
8.125	-4.18455965184411	0.014421903650656806
8.135	-4.18501780382463	0.013290204973844703
8.145	-4.185184611820337	0.01555360232746891
8.155	-4.185053826293696	0.015582620242258963
8.165	-4.184619339003081	0.014102706587966212
8.175	-4.183875187774264	0.013638419951325349
8.185	-4.182815561191314	0.015089315690828047
8.195	-4.181434803203854	0.014479939480236913
8.205	-4.179727417647548	0.015002261946457884
8.215	-4.177688072674841	0.015031279861247937
8.225	-4.175311605092945	0.014044670758386104
8.235	-4.172593024606202	0.014044670758386104
8.245	-4.169527517959955	0.014102706587966212
8.255	-4.166110452983116	0.015379494838728585
8.265	-4.16233738252673	0.014654046968977237
8.275	-4.158204048295843	0.014770118628137452
8.285	-4.153706384572067	0.015147351520408154
8.295	-4.148840521824318	0.015582620242258963
8.305	-4.143602790205246	0.015060297776037993
8.315	-4.137989722930944	0.016046906878899824
8.325	-4.13199805954162	0.015495566497888802
8.335	-4.125624749040962	0.013464312462585025
8.345	-4.118866952912025	0.015205387349988261
8.355	-4.111722048007495	0.013522348292165134
8.365	-4.1041876293123325	0.015524584412678856
8.375	-4.096261512576827	0.016279050197220257
8.385	-4.0879417368181725	0.014683064883767291
8.395	-4.079226566688783	0.014944226116877776
8.405	-4.070114494709636	0.016250032282430202
8.415	-4.060604243366981	0.017091551811341768
8.425	-4.0506947670709055	0.015640656071839072
8.435	-4.040385253974283	0.015495566497888802
8.445	-4.029675127650688	0.01555360232746891
8.455	-4.018564048630048	0.01584378147536945
8.465	-4.007051915790785	0.01726565930008209
8.475	-3.99513886760735	0.016191996452850094
8.485	-3.9828252832521107	0.017584856362772683
8.495	-3.970111783550693	0.01584378147536945
8.505	-3.95699923178986	0.017439766788822416
8.515	-3.9434887343772775	0.017149587640921875
8.525	-3.9295816413523843	0.018020125084623494
8.535	-3.915279546747909	0.019006734187485327
8.545	-3.900584288801479	0.018194232573363816
8.555	-3.8854979500169726	0.019645128312866515
8.565	-3.8700228570753135	0.019354949164965975
8.575	-3.8541615805945106	0.01912280584664554
8.585	-3.8379169347388356	0.019703164142446623
8.595	-3.8212919766771494	0.019151823761435597
8.605	-3.8042900058904268	0.019558074568496352
8.615	-3.786914563328665	0.0206607553305184
8.625	-3.769169430417495	0.01961611039807646
8.635	-3.751058627914786	0.021067006137579156
8.645	-3.732586414617759	0.02132816737068964
8.655	-3.7137572859211416	0.022227722729181314
8.665	-3.694575972226996	0.023243349746833203
8.675	-3.6750474372069877	0.022024597325650937
8.685	-3.655176875917913	0.023504510979943688
8.695	-3.6349697127713916	0.02214066898481115
8.705	-3.6144315993587437	0.023591564724313847
8.715	-3.593568412132198	0.023881743872214388
8.725	-3.572386249943564	0.025448711270877302
8.735	-3.5508914314416833	0.02411388719053482
8.745	-3.5290904923300404	0.02605808748146843
8.755	-3.5069901824859735	0.02684157118079989
8.765	-3.4845974629430656	0.0284085385794628
8.775	-3.461919502738282	0.02927907602316442
8.785	-3.4389636756256676	0.028060323601982153
8.795	-3.4157375566583514	0.030352738870396415
8.805	-3.3922489186407225	0.03183265252468916
8.815	-3.3685057284528193	0.03177461669510906
8.825	-3.3445161432489128	0.03209381375779965
8.835	-3.32028850653245	0.03290631537192116
8.845	-3.295831344109578	0.0331964945198217
8.855	-3.2711533599234626	0.03435721111142386
8.865	-3.2462634317718573	0.034502300685374125
8.875	-3.221170606910289	0.03563399936218623
8.885	-3.195884097543415	0.036881769698158554
8.895	-3.170413276207064	0.037694271312280064
8.905	-3.1447676710436863	0.03812954003413087
8.915	-3.1189569609738936	0.03929025662573303
8.925	-3.092990970766844	0.040683116535655615
8.935	-3.066879666012404	0.040073740325064486
8.945	-3.0406331479978643	0.04213401227515831
8.955	-3.0142616484923446	0.045384018731644354
8.965	-2.9877755244417754	0.04518089332811397
8.975	-2.96118525257763	0.045993394942235484
8.985	-2.934501423942546	0.04927241931351158
8.995	-2.9077347383359653	0.04877911476208066
9.005	-2.880895998683152	0.05170992415587611
9.015	-2.85399610533079	0.05017197467200325
9.025	-2.827046050272594	0.05115858377486509
9.035	-2.800056911308223	0.054408590231351125
9.045	-2.773039846139072	0.0556853784821135
9.055	-2.7460060864042797	0.05728136379556647
9.065	-2.71896693166058	0.05855815204632884
9.075	-2.6919337433095123	0.062156373480295526
9.085	-2.664917938475541	0.06175012267323477
9.095	-2.637930983838813	0.06560950534031194
9.105	-2.610984389426083	0.06494209330014071
9.115	-2.584089702363624	0.06560950534031194
9.125	-2.557258500595684	0.06659611444317377
9.135	-2.5305023865723735	0.07094880166168187
9.145	-2.5038329809106408	0.0701072821327703
9.155	-2.4772619160321274	0.07695551002322304
9.165	-2.4508008297817243	0.07762292206339427
9.175	-2.4244613590306363	0.07918988946205718
9.185	-2.3982551332677176	0.08159837638963166
9.195	-2.372193768182974	0.0856028486306591
9.205	-2.346288859247044	0.0851675799088083
9.215	-2.3205519752905106	0.0859220456933497
9.225	-2.2949946520868396	0.09010062542311746
9.235	-2.2696283859428856	0.09248009443590188
9.245	-2.244464627300708	0.09532385008532718
9.255	-2.219514774354609	0.09752921160937128
9.265	-2.1947901666872225	0.09776135492769171
9.275	-2.1703020789283958	0.099531447729885
9.285	-2.1460617144408003	0.10719217723445923
9.295	-2.1220801990359863	0.11012298662825468
9.305	-2.0983685747247045	0.1062055681315974
9.315	-2.074937793505212	0.11050021952052538
9.325	-2.0517987111933795	0.11914755812796146
9.335	-2.0289620812982623	0.1184221102582101
9.345	-2.0064385489468717	0.11952479102023215
9.355	-1.9842386448617515	0.12103372258931497
9.365	-1.9623727793950958	0.12582167852967385
9.375	-1.94085123662294	0.12759177133186714
9.385	-1.919684168503014	0.12991320451507146
9.395	-1.8988815890998125	0.13330830054550777
9.405	-1.8784533688803708	0.13522348292165134
9.415	-1.8584092290841778	0.13777705942317608
9.425	-1.8387587361706865	0.1397792955436898
9.435	-1.8195112963477662	0.14262305119311508
9.445	-1.8006761501843838	0.14630832637145194
9.455	-1.7822623673108589	0.14813645500322534
9.465	-1.7642788412098578	0.15434628876829687
9.475	-1.7467342841013078	0.15803156394663373
9.485	-1.7296372219243448	0.15777040271352324
9.495	-1.7129959894193663	0.1593663880269762
9.505	-1.6968187253131375	0.16168782121018052
9.515	-1.6811133676099603	0.16456059477439586
9.525	-1.6658876489916832	0.16429943354128537
9.535	-1.6511490923294572	0.17172801972753918
9.545	-1.6369050063098982	0.17344007670015238
9.555	-1.6231624811783798	0.1711476614317381
9.565	-1.6099283846020358	0.17538427699108597
9.575	-1.5972093576550102	0.17843115804404164
9.585	-1.5850118109284113	0.17938874923211343
9.595	-1.5733419207673742	0.1811008062047266
9.605	-1.5622056256374954	0.1846409918091132
9.615	-1.5516086226229162	0.18925484026073175
9.625	-1.5415563640581946	0.18905171485720138
9.635	-1.5320540542960193	0.18908073277199144
9.645	-1.5231066466127823	0.19267895420595813
9.655	-1.5147188402539031	0.189922252300903
9.665	-1.5068950776207357	0.19790217886816783
9.675	-1.4996395416007906	0.1994401283520407
9.685	-1.4929561530429458	0.2010070957507036
9.695	-1.4868485683791794	0.1991789671189302
9.705	-Inf	0.0
9.715	-Inf	0.0
9.725	-Inf	0.0
9.735	-Inf	0.0
9.745	-Inf	0.0
9.755	-Inf	0.0
9.765	-Inf	0.0
9.775	-Inf	0.0
9.785	-Inf	0.0
9.795	-Inf	0.0
9.805	-Inf	0.0
9.815	-Inf	0.0
9.825	-Inf	0.0
9.835	-Inf	0.0
9.845	-Inf	0.0
9.855	-Inf	0.0
9.865	-Inf	0.0
9.875	-Inf	0.0
9.885	-Inf	0.0
9.895	-Inf	0.0
9.905	-Inf	0.0
9.915	-Inf	0.0
9.925	-Inf	0.0
9.935	-Inf	0.0
9.945	-Inf	0.0
9.955	-Inf	0.0
9.965	-Inf	0.0
9.975	-Inf	0.0
9.985	-Inf	0.0
9.995	-Inf	0.0
