0.005	-Inf	0.0
0.015	-Inf	0.0
0.025	-Inf	0.0
0.035	-Inf	0.0
0.045	-Inf	0.0
0.055	-Inf	0.0
0.065	-Inf	0.0
0.075	-Inf	0.0
0.085	-Inf	0.0
0.095	-Inf	0.0
0.105	-Inf	0.0
0.115	-Inf	0.0
0.125	-Inf	0.0
0.135	-Inf	0.0
0.145	-Inf	0.0
0.155	-Inf	0.0
0.165	-Inf	0.0
0.175	-Inf	0.0
0.185	-Inf	0.0
0.195	-Inf	0.0
0.205	-Inf	0.0
0.215	-Inf	0.0
0.225	-Inf	0.0
0.235	-Inf	0.0
0.245	-Inf	0.0
0.255	-Inf	0.0
0.265	-Inf	0.0
0.275	-Inf	0.0
0.285	-Inf	0.0
0.295	-Inf	0.0
0.305	-Inf	0.0
0.315	-Inf	0.0
0.325	-Inf	0.0
0.335	-Inf	0.0
0.345	-Inf	0.0
0.355	-Inf	0.0
0.365	-Inf	0.0
0.375	-Inf	0.0
0.385	-Inf	0.0
0.395	-Inf	0.0
0.405	-Inf	0.0
0.415	-Inf	0.0
0.425	-Inf	0.0
0.435	-Inf	0.0
0.445	-Inf	0.0
0.455	-Inf	0.0
0.465	-Inf	0.0
0.475	-Inf	0.0
0.485	-Inf	0.0
0.495	-Inf	0.0
0.505	-Inf	0.0
0.515	-Inf	0.0
0.525	-Inf	0.0
0.535	-Inf	0.0
0.545	-Inf	0.0
0.555	-7.32035779200598	0.0005948191634616787
0.565	-7.34012736809211	0.0005372560186105485
0.575	-7.359776940046409	0.0007195393106391274
0.585	-7.379299894026516	0.0006044130209368671
0.595	-7.398689684109751	0.0006427884508376205
0.605	-7.417939835056283	0.0005468498760857368
0.615	-7.437043945019697	0.00047969287375941827
0.625	-7.45599568820371	0.0006236007358872438
0.635	-7.474788817463848	0.0006523823083128088
0.645	-7.493417166852915	0.0006619761657879973
0.655	-7.511874654109153	0.0005948191634616787
0.665	-7.530155283085993	0.0005948191634616787
0.675	-7.548253146122363	0.0005756314485113019
0.685	-7.566162426352581	0.000498880588709795
0.695	-7.583877399954828	0.0004700990162842299
0.705	-7.601392438337322	0.0005564437335609252
0.715	-7.618702010261314	0.0005180683036601718
0.725	-7.635800683900063	0.00041253587143309973
0.735	-7.652683128833001	0.0005948191634616787
0.745	-7.669344117974362	0.0005372560186105485
0.755	-7.685778529435552	0.0004413174438586648
0.765	-7.701981348320606	0.00041253587143309973
0.775	-7.717947668454128	0.00034537886910678114
0.785	-7.733672694041124	0.0003741604415323463
0.795	-7.749151741258214	0.000393348156482723
0.805	-7.76438023977575	0.00047969287375941827
0.815	-7.779353734210373	0.00043172358638347646
0.825	-7.794067885507627	0.00034537886910678114
0.835	-7.808518472254315	0.0003357850116315928
0.845	-7.822701391920228	0.0003741604415323463
0.855	-7.836612662029038	0.00038375429900753465
0.865	-7.850248421258126	0.0003357850116315928
0.875	-7.863604930467158	0.0002590341518300859
0.885	-7.8766785736553	0.0003070034392060277
0.895	-7.889465858846995	0.0003070034392060277
0.905	-7.901963418906231	0.0004892867312346066
0.915	-7.914168012279342	0.00038375429900753465
0.925	-7.92607652366638	0.0003261911541564044
0.935	-7.9376859646211315	0.00034537886910678114
0.945	-7.948993474079947	0.00040294201395791137
0.955	-7.959996318819543	0.00031659729668121606
0.965	-7.9706918938439895	0.0003070034392060277
0.975	-7.981077722701185	0.0005276621611353601
0.985	-7.991151457729071	0.0003741604415323463
0.995	-8.000910880231995	0.00041253587143309973
1.005	-8.010353900587551	0.0003741604415323463
1.015	-8.019478558284383	0.0002494402943548975
1.025	-8.028283021891374	0.0003741604415323463
1.035	-8.036765588958767	0.0003645665840571579
1.045	-8.044924685851754	0.00041253587143309973
1.055	-8.05275886751711	0.00038375429900753465
1.065	-8.060266817183525	0.00029740958173083933
1.075	-8.067447345996278	0.0003070034392060277
1.085	-8.074299392586955	0.0003357850116315928
1.095	-8.080822022578968	0.00026862800930527425
1.105	-8.087014428029626	0.00028781572425565097
1.115	-8.092875926809587	0.00029740958173083933
1.125	-8.098405961920518	0.00038375429900753465
1.135	-8.10360410075186	0.0003549727265819695
1.145	-8.108470034277579	0.0003645665840571579
1.155	-8.113003576193885	0.0003070034392060277
1.165	-8.11720466199886	0.00023984643687970913
1.175	-8.121073348015024	0.000393348156482723
1.185	-8.124609810355855	0.0003357850116315928
1.195	-8.127814343837343	0.00023984643687970913
1.205	-8.130687360835664	0.0003741604415323463
1.215	-8.133229390092094	0.00026862800930527425
1.225	-8.135441075466323	0.0003645665840571579
1.235	-8.137323174639311	0.0003357850116315928
1.245	-8.138876557766928	0.0002494402943548975
1.255	-8.140102206085551	0.0004509113013338532
1.265	-8.141001210470918	0.00034537886910678114
1.275	-8.141574769951447	0.00029740958173083933
1.285	-8.14182419017736	0.00029740958173083933
1.295	-8.14175088184688	0.0002782218667804626
1.305	-8.141356359090864	0.00019187714950376732
1.315	-8.140642237817195	0.00020147100697895569
1.325	-8.139610234016294	0.00028781572425565097
1.335	-8.138262162029156	0.0003549727265819695
1.345	-8.136599932779284	0.0003261911541564044
1.355	-8.134625551969929	0.00028781572425565097
1.365	-8.132341118248085	0.00029740958173083933
1.375	-8.129748821336634	0.0003549727265819695
1.385	-8.126850940136134	0.0003357850116315928
1.395	-8.123649840797656	0.00018228329202857896
1.405	-8.120147974768196	0.0003070034392060277
1.415	-8.116347876810071	0.0002590341518300859
1.425	-8.112252162995832	0.0004700990162842299
1.435	-8.107863528680166	0.0003261911541564044
1.445	-8.103184746450264	0.00026862800930527425
1.455	-8.098218664056182	0.00018228329202857896
1.465	-8.092968202322655	0.00023025257940452077
1.475	-8.08743635304393	0.00029740958173083933
1.485	-8.081626176863033	0.00028781572425565097
1.495	-8.075540801137063	0.000393348156482723
1.505	-8.069183417789958	0.0003549727265819695
1.515	-8.062557281154243	0.00023025257940452077
1.525	-8.055665705803285	0.0003070034392060277
1.535	-8.048512064375505	0.0003357850116315928
1.545	-8.041099785392076	0.0002782218667804626
1.555	-8.033432351069559	0.0002590341518300859
1.565	-8.025513295128976	0.00028781572425565097
1.575	-8.017346200602763	0.0003261911541564044
1.585	-8.008934697641088	0.00019187714950376732
1.595	-8.00028246131895	0.0003070034392060277
1.605	-7.991393209445533	0.0005084744461849834
1.615	-7.982270700377213	0.0003261911541564044
1.625	-7.9729187308356355	0.0003549727265819695
1.635	-7.963341133732275	0.00038375429900753465
1.645	-7.953541776000849	0.0003645665840571579
1.655	-7.943524556438961	0.0003261911541564044
1.665	-7.933293403560314	0.00041253587143309973
1.675	-7.922852273458856	0.00038375429900753465
1.685	-7.912205147686145	0.000393348156482723
1.695	-7.901356031143246	0.00040294201395791137
1.705	-7.8903089499884445	0.00043172358638347646
1.715	-7.879067949562017	0.00043172358638347646
1.725	-7.8676370923293195	0.0003645665840571579
1.735	-7.8560204558433835	0.00034537886910678114
1.745	-7.844222130728227	0.0003645665840571579
1.755	-7.832246218684044	0.00040294201395791137
1.765	-7.820096830515423	0.00046050515880904154
1.775	-7.807778084183698	0.00043172358638347646
1.785	-7.795294102884542	0.0003645665840571579
1.795	-7.782649013151861	0.0003645665840571579
1.805	-7.76984694298903	0.0004221297289082881
1.815	-7.756892020028488	0.0003549727265819695
1.825	-7.7437883697206615	0.00041253587143309973
1.835	-7.730540113553197	0.00041253587143309973
1.845	-7.7171513673014065	0.0005084744461849834
1.855	-7.703626239310833	0.00040294201395791137
1.865	-7.689968828812795	0.00046050515880904154
1.875	-7.676183224273755	0.0004892867312346066
1.885	-7.662273501779309	0.0003741604415323463
1.895	-7.648243723453577	0.0004413174438586648
1.905	-7.634097935914712	0.0005468498760857368
1.915	-7.619840168767272	0.0005084744461849834
1.925	-7.6054744331320965	0.0005372560186105485
1.935	-7.5910047202143485	0.0004700990162842299
1.945	-7.576434999910319	0.00047969287375941827
1.955	-7.561769219453575	0.0004413174438586648
1.965	-7.547011302100987	0.0006236007358872438
1.975	-7.532165145859148	0.0005084744461849834
1.985	-7.517234622251648	0.00046050515880904154
1.995	-7.502223575127633	0.0005180683036601718
2.005	-7.487135819512078	0.0006140068784120554
2.015	-7.471975140498104	0.0006331945933624321
2.025	-7.456745292181708	0.0006619761657879973
2.035	-7.4414499966391485	0.0006236007358872438
2.045	-7.42609294294733	0.0005660375910361135
2.055	-7.4106777862473034	0.000681163880738374
2.065	-7.395208146851186	0.0006907577382135623
2.075	-7.379687609392552	0.0006427884508376205
2.085	-7.364119722020503	0.0007003515956887507
2.095	-7.34850799563742	0.0006236007358872438
2.105	-7.332855903180517	0.0007195393106391274
2.115	-7.317166878947151	0.0007195393106391274
2.125	-7.301444317963913	0.0006140068784120554
2.135	-7.285691575399414	0.0006427884508376205
2.145	-7.269911966020676	0.000681163880738374
2.155	-7.254108763693029	0.0007291331681143158
2.165	-7.238285200923317	0.000815477885391011
2.175	-7.222444468446256	0.000892228745192518
2.185	-7.206589714853672	0.0007291331681143158
2.195	-7.1907240462664195	0.0009114164601428948
2.205	-7.17485052604862	0.0007291331681143158
2.215	-7.158972174563941	0.000815477885391011
2.225	-7.143091968973547	0.0007675085980150693
2.235	-7.12721284307531	0.00099776117741959
2.245	-7.111337687183887	0.0009018226026677064
2.255	-7.0954693480511954	0.0008730410302421413
2.265	-7.079610628826802	0.000892228745192518
2.275	-7.063764289057719	0.0009881673199444016
2.285	-7.047933044727054	0.0010553243222707202
2.295	-7.0321195683309545	0.0010553243222707202
2.305	-7.016326488993233	0.0007003515956887507
2.315	-7.000556392617053	0.0010169488923699667
2.325	-6.984811822073011	0.0006907577382135623
2.335	-6.969095277422934	0.0009018226026677064
2.345	-6.953409216178701	0.0010265427498451552
2.355	-6.937756053595317	0.0008826348877173296
2.365	-6.922138162997509	0.000892228745192518
2.375	-6.9065578761390585	0.0008634471727669529
2.385	-6.891017483594048	0.0009881673199444016
2.395	-6.875519235179196	0.001074512037221097
2.405	-6.860065340406447	0.0008634471727669529
2.415	-6.844657968964905	0.0009018226026677064
2.425	-6.829299251231271	0.001074512037221097
2.435	-6.8139912788078005	0.000892228745192518
2.445	-6.798736105086919	0.0013719216189519363
2.455	-6.783535745841483	0.0011128874671218504
2.465	-6.768392179839781	0.0011512628970226039
2.475	-6.753307349484211	0.0011128874671218504
2.485	-6.7382831614727134	0.0011608567544977922
2.495	-6.723321487481887	0.0012280137568241108
2.505	-6.708424164870779	0.0012184198993489225
2.515	-6.693592997404306	0.0012280137568241108
2.525	-6.678829755995247	0.0013335461890511828
2.535	-6.664136179463747	0.001285576901675241
2.545	-6.649513975313223	0.0011416690395474156
2.555	-6.634964820521649	0.0012088260418737342
2.565	-6.620490362347041	0.0013047646166256177
2.575	-6.6060922191461025	0.0013719216189519363
2.585	-6.5917719812049045	0.0013335461890511828
2.595	-6.577531211580426	0.0012088260418737342
2.605	-6.563371446951939	0.0013239523315759945
2.615	-6.549294198481003	0.0013431400465263711
2.625	-6.535300952679007	0.0015158294810797618
2.635	-6.521393172281085	0.001650143485732399
2.645	-6.5075722971253	0.0014774540511790083
2.655	-6.493839745035953	0.0016213619133068338
2.665	-6.480196912709847	0.0017460820604842827
2.675	-6.4666451766044295	0.0017077066305835292
2.685	-6.453185893826632	0.0014007031913775014
2.695	-6.439820403021308	0.0018036452053354127
2.705	-6.426550025258118	0.0014390786212782549
2.715	-6.413376064915769	0.0017268943455339058
2.725	-6.400299810562457	0.0016405496282572106
2.735	-6.38732253583145	0.0017364882030090941
2.745	-6.374445500290663	0.0016597373432075872
2.755	-6.3616699503051635	0.0016021741983564572
2.765	-6.348997119891517	0.0016981127731083407
2.775	-6.336428231562881	0.0017460820604842827
2.785	-6.323964497163821	0.0015062356236045734
2.795	-6.311607118693763	0.0017460820604842827
2.805	-6.299357289118047	0.001813239062810601
2.815	-6.287216193165599	0.0019475530674632382
2.825	-6.275185008112146	0.0017652697754346593
2.835	-6.263264904548036	0.0020338977847399334
2.845	-6.251457047129641	0.0017748636329098476
2.855	-6.239762595313421	0.0018803960651369196
2.865	-6.22818270407166	0.0021106486445414403
2.875	-6.216718524588988	0.001976334639888803
2.885	-6.205371204938756	0.0020530854996903105
2.895	-6.194141890738376	0.002072273214640687
2.905	-6.1830317257827785	0.002254556506669266
2.915	-6.172041852655117	0.002187399504342947
2.925	-6.161173413313924	0.00199552235483918
2.935	-6.15042754965587	0.002081867072115875
2.945	-6.139805404053404	0.0021010547870662522
2.955	-6.12930811986648	0.0023025257940452078
2.965	-6.118936841927656	0.002081867072115875
2.975	-6.108692716999848	0.0023217135089955844
2.985	-6.098576894206081	0.0021010547870662522
2.995	-6.088590525430564	0.002283338079094831
3.005	-6.078734765690462	0.002542372230924917
3.015	-6.06901077347779	0.002542372230924917
3.025	-6.059419711070824	0.0024272459412226564
3.035	-6.049962744814512	0.0024272459412226564
3.045	-6.040641045369359	0.0026670923781023656
3.055	-6.031455787928302	0.0022449626491940775
3.065	-6.022408152401125	0.0024848090860737867
3.075	-6.013499323565977	0.0027726248103294377
3.085	-6.004730491187614	0.002513590658499352
3.095	-5.996102850101984	0.0026862800930527423
3.105	-5.9876176002668435	0.0027438432379038725
3.115	-5.979275946778072	0.002542372230924917
3.125	-5.97107909985145	0.0024848090860737867
3.135	-5.963028274769636	0.0023984643687970913
3.145	-5.955124691794152	0.0026958739505279308
3.155	-5.947369576042197	0.0026095292332512354
3.165	-5.9397641573281454	0.0024944029435489752
3.175	-5.932309669969638	0.0027054678080031193
3.185	-5.925007352558163	0.002647904663151989
3.195	-5.91785844769412	0.002724655522953496
3.205	-5.910864201686321	0.002763030952854249
3.215	-5.904025864215992	0.0024944029435489752
3.225	-5.897344687965287	0.002657498520627177
3.235	-5.89082192821046	0.0028493756701309446
3.245	-5.884458842379769	0.0028973449575068863
3.255	-5.878256689576295	0.0030220651046843354
3.265	-5.872216730065873	0.0028973449575068863
3.275	-5.866340224730339	0.002801406382755003
3.285	-5.86062843448636	0.0028205940977053794
3.295	-5.855082619670142	0.0028110002402301913
3.305	-5.849704039388331	0.0032043483967129143
3.315	-5.844493950835462	0.0029261265299324515
3.325	-5.83945360857835	0.003175566824287349
3.335	-5.8345842638078365	0.0028205940977053794
3.345	-5.829887163558347	0.0028973449575068863
3.355	-5.825363549895738	0.0030508466771099
3.365	-5.82101465907396	0.002830187955180568
3.375	-5.81684172066106	0.0032043483967129143
3.385	-5.812845956635127	0.0029740958173083932
3.395	-5.809028580450766	0.0032906931139896093
3.405	-5.805390796076743	0.0030988159644858423
3.415	-5.801933797005477	0.002964501959833205
3.425	-5.798658765235056	0.002906938814982075
3.435	-5.795566870224517	0.0029165326724572634
3.445	-5.792659267823131	0.0028205940977053794
3.455	-5.78993709917448	0.0028493756701309446
3.465	-5.787401489596127	0.0032139422541881024
3.475	-5.785053547435717	0.0031371913943865955
3.485	-5.782894362904358	0.0027342493804286844
3.495	-5.780925006888185	0.0029165326724572634
3.505	-5.779146529739001	0.003175566824287349
3.515	-5.777559960044924	0.0029549081023580166
3.525	-5.776166303382024	0.0030316589621595235
3.535	-5.774966541047895	0.0029932835322587703
3.545	-5.773961628778193	0.0028973449575068863
3.555	-5.7731524954471425	0.0031084098219610304
3.565	-5.772540041753078	0.003175566824287349
3.575	-5.772125138890056	0.003194754539237726
3.585	-5.771908627206658	0.0030220651046843354
3.595	-5.771891314853045	0.0030604405345850886
3.605	-5.772073976417428	0.002964501959833205
3.615	-5.772457351553049	0.0031659729668121607
3.625	-5.773042143596862	0.003089222107010654
3.635	-5.773829018181062	0.003012471247209147
3.645	-5.774818601838646	0.003089222107010654
3.655	-5.776011480604213	0.0030508466771099
3.665	-5.777408198611207	0.0031371913943865955
3.675	-5.77900925668682	0.0030028773897339584
3.685	-5.7808151109458015	0.003233129969138479
3.695	-5.782826171384402	0.003041252819634712
3.705	-5.785042800475713	0.002676686235577554
3.715	-5.787465311767653	0.0032715053990392327
3.725	-5.790093968484889	0.002724655522953496
3.735	-5.792928982135948	0.0031371913943865955
3.745	-5.795970511126801	0.0030028773897339584
3.755	-5.799218659382212	0.00293572038740764
3.765	-5.802673474976135	0.0030220651046843354
3.775	-5.806334948772465	0.003146785251861784
3.785	-5.8102030130774	0.003329068543890363
3.795	-5.814277540304754	0.003156379109336972
3.805	-5.818558341655478	0.0031659729668121607
3.815	-5.823045165812702	0.002964501959833205
3.825	-5.827737697653578	0.0034250071186422465
3.835	-5.832635556979228	0.002858969527606133
3.845	-5.837738297264049	0.0032427238266136676
3.855	-5.843045404425689	0.002763030952854249
3.865	-5.84855629561695	0.0027150616654783074
3.875	-5.854270318040875	0.002868563385081321
3.885	-5.860186747790298	0.002619123090726424
3.895	-5.866304788713084	0.002753437095379061
3.905	-5.872623571304314	0.002571153803350482
3.915	-5.879142151626653	0.002724655522953496
3.925	-5.885859510260065	0.0030988159644858423
3.935	-5.892774551282164	0.002801406382755003
3.945	-5.899886101280308	0.002763030952854249
3.955	-5.907192908396668	0.0029740958173083932
3.965	-5.914693641407411	0.0025903415183008587
3.975	-5.92238688883714	0.0028877511000316982
3.985	-5.930271158109716	0.0028205940977053794
3.995	-5.93834487473659	0.0024560275136482216
4.005	-5.946606381543712	0.002436839798697845
4.015	-5.955053937938097	0.0023025257940452078
4.025	-5.963685719215094	0.002753437095379061
4.035	-5.9724998159073825	0.0026095292332512354
4.045	-5.98149423317672	0.0022161810767685123
4.055	-5.99066689024939	0.0024176520837474683
4.065	-6.000015619896335	0.0024464336561730335
4.075	-6.009538167958876	0.0025231845159745404
4.085	-6.019232192920987	0.002072273214640687
4.095	-6.029095265528917	0.0025039968010241633
4.105	-6.039124868459072	0.0022737442216196426
4.115	-6.049318396034983	0.002513590658499352
4.125	-6.059673153994112	0.0024464336561730335
4.135	-6.070186359305307	0.0023217135089955844
4.145	-6.080855140037627	0.002225774934243701
4.155	-6.091676535281213	0.0025039968010241633
4.165	-6.102647495120931	0.0022353687917188894
4.175	-6.113764880663394	0.0022065872192933243
4.185	-6.12502546411798	0.0023121196515203963
4.195	-6.136425928932408	0.002283338079094831
4.205	-6.14796286998345	0.0021586179319173825
4.215	-6.159632793823241	0.001966740782413615
4.225	-6.171432118981693	0.0020243039272647453
4.235	-6.183357176325432	0.0020530854996903105
4.245	-6.1954042094736606	0.002072273214640687
4.255	-6.207569375271315	0.0018995837800872965
4.265	-6.219848744319841	0.002081867072115875
4.275	-6.232238301565889	0.002081867072115875
4.285	-6.244733946948139	0.0020530854996903105
4.295	-6.25733149610254	0.0021682117893925706
4.305	-6.270026681126075	0.0020051162123143683
4.315	-6.2828151513992125	0.0018420206352361662
4.325	-6.295692474467157	0.0018516144927113547
4.335	-6.308654136979937	0.0018228329202857896
4.345	-6.321695545691346	0.0017652697754346593
4.355	-6.33481202851674	0.0016693312006827755
4.365	-6.347998835649606	0.001861208350186543
4.375	-6.361251140736815	0.0016597373432075872
4.385	-6.374564042112415	0.001755675917959471
4.395	-6.387932564089777	0.0016981127731083407
4.405	-6.401351658311878	0.0017748636329098476
4.415	-6.414816205159458	0.0016981127731083407
4.425	-6.428321015216758	0.0017460820604842827
4.435	-6.441860830794459	0.0014102970488526897
4.445	-6.455430327509495	0.00146786019370382
4.455	-6.469024115921254	0.0016117680558316455
4.465	-6.482636743223763	0.0017173004880587175
4.475	-6.496262694993292	0.0016021741983564572
4.485	-6.509896396990894	0.0015158294810797618
4.495	-6.523532217019219	0.0013431400465263711
4.505	-6.537164466833072	0.0015158294810797618
4.515	-6.550787404102961	0.0013719216189519363
4.525	-6.564395234430976	0.0014870479086541966
4.535	-6.577982113418267	0.0012759830442000525
4.545	-6.591542148783305	0.001180044469448169
4.555	-6.60506940253012	0.001285576901675241
4.565	-6.618557893165669	0.0011704506119729807
4.575	-6.632001597965421	0.001237607614299299
4.585	-6.6453944552862385	0.0012472014717744876
4.595	-6.658730366925572	0.0012280137568241108
4.605	-6.6720032005259675	0.0011416690395474156
4.615	-6.685206792023846	0.0013047646166256177
4.625	-6.69833494814147	0.0012280137568241108
4.635	-6.711381448921	0.0010553243222707202
4.645	-6.724340050299458	0.0010265427498451552
4.655	-6.737204486723455	0.0011224813245970387
4.665	-6.749968473802446	0.001256795329249676
4.675	-6.762625710999269	0.00099776117741959
4.685	-6.775169884356685	0.0010265427498451552
4.695	-6.787594669258619	0.0009881673199444016
4.705	-6.799893733224744	0.0011032936096466621
4.715	-6.812060738737051	0.0012184198993489225
4.725	-6.8240893460970025	0.0009401980325684598
4.735	-6.835973216311819	0.0011608567544977922
4.745	-6.847706014008475	0.001074512037221097
4.755	-6.859281410373904	0.0010169488923699667
4.765	-6.870693086119893	0.0010073550348947784
4.775	-6.88193473447115	0.0011032936096466621
4.785	-6.893000064174971	0.0009210103176180831
4.795	-6.903882802530942	0.001074512037221097
4.805	-6.914576698439047	0.000892228745192518
4.815	-6.925075525464573	0.0008058840279158227
4.825	-6.93537308491815	0.0010649181797459087
4.835	-6.945463208949287	0.0009881673199444016
4.845	-6.955339763651683	0.0009018226026677064
4.855	-6.964996652178621	0.0010073550348947784
4.865	-6.9744278178667445	0.0008634471727669529
4.875	-6.98362724736645	0.0010073550348947784
4.885	-6.992588973777165	0.0009881673199444016
4.895	-7.001307079785737	0.0010649181797459087
4.905	-7.009775700806156	0.0007579147405398809
4.915	-7.017989028118826	0.000815477885391011
4.925	-7.025941312007588	0.0008250717428661995
4.935	-7.033626864892671	0.0007675085980150693
4.945	-7.0410400644577695	0.0007675085980150693
4.955	-7.0481753567694065	0.0008346656003413878
4.965	-7.055027259386774	0.0008442594578165762
4.975	-7.061590364460184	0.0008346656003413878
4.985	-7.06785934181632	0.0009306041750932715
4.995	-7.073828942028417	0.000786696312965446
5.005	-7.079493999469555	0.000786696312965446
5.015	-7.084849435347195	0.0009593857475188365
5.025	-7.089890260717119	0.0007195393106391274
5.035	-7.094611579474949	0.0008730410302421413
5.045	-7.099008591323381	0.0008058840279158227
5.055	-7.103076594713301	0.0007962901704406343
5.065	-7.106810989756972	0.0007195393106391274
5.075	-7.110207281111442	0.0008538533152917646
5.085	-7.1132610808303705	0.0007483208830646926
5.095	-7.115968111182464	0.0008442594578165762
5.105	-7.1183242074347115	0.0007579147405398809
5.115	-7.120325320598648	0.0008826348877173296
5.125	-7.121967520137854	0.0009210103176180831
5.135	-7.123246996634936	0.0008346656003413878
5.145	-7.124160064416249	0.0008634471727669529
5.155	-7.124703164132605	0.0007962901704406343
5.165	-7.124872865294274	0.0007291331681143158
5.175	-7.1246658687585676	0.0006715700232631856
5.185	-7.124079009168328	0.000892228745192518
5.195	-7.1231092573396575	0.0008058840279158227
5.205	-7.121753722597265	0.0008250717428661995
5.215	-7.120009655055793	0.0007962901704406343
5.225	-7.117874447845547	0.0008346656003413878
5.235	-7.115345639281053	0.000709945453163939
5.245	-7.112420914970891	0.0009114164601428948
5.255	-7.10909810986731	0.000815477885391011
5.265	-7.105375210254106	0.0007483208830646926
5.275	-7.1012503556713185	0.0008250717428661995
5.285	-7.0967218407753165	0.0008730410302421413
5.295	-7.091788117132855	0.0010361366073203435
5.305	-7.08644779494775	0.0008346656003413878
5.315	-7.080699644718816	0.000892228745192518
5.325	-7.074542598827788	0.0007579147405398809
5.335	-7.067975753055917	0.000786696312965446
5.345	-7.060998368028041	0.0009497918900436482
5.355	-7.053609870582912	0.0009785734624692133
5.365	-7.04580985506862	0.000786696312965446
5.375	-7.03759808456199	0.0008730410302421413
5.385	-7.028974492010862	0.0007387270255895042
5.395	-7.019939181298201	0.001132075182072227
5.405	-7.010492428227057	0.0009114164601428948
5.415	-7.000634681425365	0.0010936997521714736
5.425	-6.990366563169687	0.0008826348877173296
5.435	-6.979688870127015	0.000968979604994025
5.445	-6.968602574013782	0.0010169488923699667
5.455	-6.957108822171284	0.0009210103176180831
5.465	-6.945208938056774	0.0010649181797459087
5.475	-6.932904421649509	0.000892228745192518
5.485	-6.920196949771082	0.0009401980325684598
5.495	-6.9070883763194475	0.0010457304647955318
5.505	-6.893580732416044	0.0010649181797459087
5.515	-6.879676226465493	0.0010169488923699667
5.525	-6.865377244127425	0.0011704506119729807
5.535	-6.850686348199967	0.0010457304647955318
5.545	-6.835606278414558	0.0011608567544977922
5.555	-6.820139951141701	0.00099776117741959
5.565	-6.8042904590074444	0.0012951707591504294
5.575	-6.788061070420297	0.001180044469448169
5.585	-6.771455229008418	0.001074512037221097
5.595	-6.754476552966982	0.0011704506119729807
5.605	-6.737128834315567	0.0012759830442000525
5.615	-6.719416038065613	0.001285576901675241
5.625	-6.701342301297905	0.0012184198993489225
5.635	-6.682911932150201	0.0011704506119729807
5.645	-6.66412940871508	0.0012759830442000525
5.655	-6.644999377848248	0.0012088260418737342
5.665	-6.625526653887443	0.0014102970488526897
5.675	-6.605716217282275	0.00146786019370382
5.685	-6.5855732131353255	0.001362327761476748
5.695	-6.565102949654848	0.001391109333902313
5.705	-6.544310896519527	0.0013143584741008062
5.715	-6.52320268315577	0.0013431400465263711
5.725	-6.501784096928059	0.00146786019370382
5.735	-6.480061081242939	0.0014966417661293851
5.745	-6.458039733567315	0.001573392625930892
5.755	-6.435726303361667	0.0017460820604842827
5.765	-6.4131271899289795	0.001573392625930892
5.775	-6.3902489401801565	0.0015925803408812686
5.785	-6.367098246316734	0.0018899899226121081
5.795	-6.343681943431786	0.0016597373432075872
5.805	-6.320007007029958	0.0014870479086541966
5.815	-6.296080550467605	0.0015637987684557035
5.825	-6.271909822314061	0.0020530854996903105
5.835	-6.247502203635114	0.0015925803408812686
5.845	-6.222865205199809	0.0023792766538467147
5.855	-6.1980064646117725	0.0019571469249384265
5.865	-6.172933743366236	0.001976334639888803
5.875	-6.147654923834027	0.0020914609295910637
5.885	-6.122178006173888	0.0020914609295910637
5.895	-6.096511105174389	0.002264150364144454
5.905	-6.070662447026889	0.0020914609295910637
5.915	-6.044640366030987	0.0023504950814211495
5.925	-6.018453301233908	0.00246562137112341
5.935	-5.992109793005335	0.002647904663151989
5.945	-5.96561847954934	0.002782218667804626
5.955	-5.9389880933549115	0.002782218667804626
5.965	-5.9122274575867655	0.002839781812655756
5.975	-5.885345482418138	0.002676686235577554
5.985	-5.858351161307269	0.003233129969138479
5.995	-5.83125356721929	0.002945314244882828
6.005	-5.804061848795361	0.0030988159644858423
6.015	-5.776785226470895	0.002945314244882828
6.025	-5.749432988544636	0.0030988159644858423
6.035	-5.722014487200599	0.0031659729668121607
6.045	-5.694539134484734	0.0032715053990392327
6.055	-5.667016398238262	0.003252317684088856
6.065	-5.639455797989704	0.003261911541564044
6.075	-5.611866900807627	0.0038951061349264764
6.085	-5.584259317116068	0.0034729764060181883
6.095	-5.55664269647481	0.004192515716657316
6.105	-5.529026723326565	0.0042021095741325044
6.115	-5.501421112713127	0.0043076420063595765
6.125	-5.473835605962739	0.004058201712004678
6.135	-5.446279966350757	0.004537894585764097
6.145	-5.418763974735863	0.004758553307693429
6.155	-5.391297425173938	0.004432362153537025
6.165	-5.363890120511956	0.0044803314409129665
6.175	-5.336551867963994	0.004643427017991169
6.185	-5.3092924746717305	0.005065556746899457
6.195	-5.282121743251636	0.0050943383193250225
6.205	-5.255049467331197	0.004921648884771632
6.215	-5.228085427076393	0.005084744461849834
6.225	-5.201239384712823	0.005535655763183687
6.235	-5.1745210800427515	0.006063317924319047
6.245	-5.147940225960416	0.005737126770162642
6.255	-5.121506503967898	0.005804283772488961
6.265	-5.095229559693967	0.005660375910361136
6.275	-5.069118998418183	0.0061016933542198
6.285	-5.043184380602636	0.006331945933624321
6.295	-5.017435217433631	0.006590980085454407
6.305	-4.991880966375747	0.006677324802731102
6.315	-4.9665310267405385	0.007157017676490521
6.325	-4.941394735272284	0.007051485244263449
6.335	-4.9164813617531	0.0074352395432709835
6.345	-4.891800104629738	0.007368082540944665
6.355	-4.867360086664471	0.007636710550249939
6.365	-4.8431703506123185	0.008001277134307098
6.375	-4.819239854926977	0.008135591138959734
6.385	-4.7955774694977045	0.0081643727113853
6.395	-4.772191971419553	0.008173966568860488
6.405	-4.749092040799137	0.008385031433314632
6.415	-4.726286256598243	0.009248478606081585
6.425	-4.703783092517536	0.009027819884152253
6.435	-4.681590912922626	0.009526700472862047
6.445	-4.659717968814624	0.008826348877173297
6.455	-4.63817239384751	0.009344417180833469
6.465	-4.61696220039439	0.009766546909741757
6.475	-4.596095275664846	0.009929642486819958
6.485	-4.575579377875507	0.009948830201770335
6.495	-4.555422132475956	0.010303802928352306
6.505	-4.535631028432027	0.010428523075529753
6.515	-4.516213414568578	0.010649181797459085
6.525	-4.497176495973786	0.0112152193884952
6.535	-4.478527330466891	0.011176843958594446
6.545	-4.460272825131444	0.011109686956268128
6.555	-4.442419732915944	0.011291970248296706
6.565	-4.424974649303783	0.011138468528693693
6.575	-4.407944009054378	0.012280137568241109
6.585	-4.3913340830172976	0.012145823563588471
6.595	-4.3751509750212305	0.012577547149971948
6.605	-4.359400618839507	0.013201147885859191
6.615	-4.344088775233947	0.012836581301802033
6.625	-4.329221029078674	0.012577547149971948
6.635	-4.314802786565567	0.013105209311107308
6.645	-4.300839272492958	0.014045407343675768
6.655	-4.2873355276391205	0.013508151325065219
6.665	-4.27429640622208	0.013997438056299825
6.675	-4.261726573447197	0.013613683757292291
6.685	-4.249630503143996	0.01391109333902313
6.695	-4.238012475493572	0.014093376631051709
6.705	-4.226876574847971	0.013843936336696812
6.715	-4.216226687642752	0.014285253780555477
6.725	-4.2060665004040665	0.015052762378570545
6.735	-4.196399497851362	0.015158294810797618
6.745	-4.187228961096917	0.01461144493471188
6.755	-4.17855796594326	0.015244639528074313
6.765	-4.170389381279509	0.014697789651988577
6.775	-4.162725867577657	0.016050523555990136
6.785	-4.155569875489701	0.01520626409817356
6.795	-4.148923644546523	0.015455704392528457
6.805	-4.142789201959318	0.015992960411139005
6.815	-4.137168361524399	0.01572433240183373
6.825	-4.132062722632026	0.016040929698514946
6.835	-4.127473669379999	0.016395902425096916
6.845	-4.123402369792558	0.015167888668272806
6.855	-4.119849775145202	0.016146462130742018
6.865	-4.116816619395847	0.015925803408812687
6.875	-4.114303418722855	0.016981127731083408
6.885	-4.112310471170245	0.01615605598821721
6.895	-4.11083785640043	0.01643427785499767
6.905	-4.109885435554764	0.016424683997522484
6.915	-4.109452851222083	0.015887427978911933
6.925	-4.10953952751541	0.01578189554668486
6.935	-4.110144670256903	0.016357526995196162
6.945	-4.111267267271099	0.015973772696188628
6.955	-4.112906088786387	0.01595458498123825
6.965	-4.115059687944683	0.016069711270940513
6.975	-4.117726401419137	0.016012148126089382
6.985	-4.12090435013965	0.01660696728955106
6.995	-4.124591440125992	0.015590018397181094
7.005	-4.128785363428162	0.015609206112131471
7.015	-4.133483599173626	0.015522861394854776
7.025	-4.138683414721022	0.016232806848018713
7.035	-4.144381866919806	0.015657175399507412
7.045	-4.150575803475295	0.01579148940416005
7.055	-4.157261864418537	0.015167888668272806
7.065	-4.164436483680294	0.014784134369265272
7.075	-4.17209589076845	0.014630632649662257
7.085	-4.1802361125480445	0.01439078621278255
7.095	-4.188852975123122	0.014774540511790083
7.105	-4.197942105819475	0.014515506359959997
7.115	-4.207498935267383	0.014371598497832172
7.125	-4.21751869958328	0.014314035352981041
7.135	-4.227996442649361	0.014649820364612634
7.145	-4.238927018489985	0.013891905624072753
7.155	-4.25030509374372	0.013546526754965973
7.165	-4.2621251502298065	0.013901499481547942
7.175	-4.274381487607792	0.013930281053973507
7.185	-4.2870682261290085	0.012865362874227598
7.195	-4.300179309478516	0.013786373191845681
7.205	-4.313708507706098	0.012884550589177975
7.215	-4.327649420244873	0.013277898745660698
7.225	-4.341995479015932	0.013249117173235132
7.235	-4.356739951617526	0.012577547149971948
7.245	-4.37187594459712	0.011905977126708761
7.255	-4.387396406804706	0.012193792850964414
7.265	-4.403294132825655	0.01232810685561705
7.275	-4.4195617664913325	0.011704506119729806
7.285	-4.43619180446575	0.011886789411758384
7.295	-4.453176599906389	0.011589379830027545
7.305	-4.470508366197299	0.011128874671218505
7.315	-4.488179180752594	0.01109049924131775
7.325	-4.506180988888398	0.010984966809090679
7.335	-4.524505607761215	0.010428523075529753
7.345	-4.5431447303707255	0.010083144206422973
7.355	-4.562089929624953	0.010303802928352306
7.365	-4.581332662465643	0.010150301208749291
7.375	-4.600864274051814	0.010102331921373348
7.385	-4.620676001999256	0.009661014477514685
7.395	-4.6407589806737874	0.009526700472862047
7.405	-4.661104245536043	0.00926766632103196
7.415	-4.681702737535581	0.009344417180833469
7.425	-4.702545307551972	0.009296447893457526
7.435	-4.723622720880568	0.008941475166875558
7.445	-4.744925661760698	0.008615284012719153
7.455	-4.766444737943773	0.008097215709058981
7.465	-4.788170485299104	0.00839462529078982
7.475	-4.8100933724549115	0.0083274682884635
7.485	-4.832203805472132	0.007857369272179272
7.495	-4.854492132548594	0.0074544272582213605
7.505	-4.8769486487511156	0.006917171239610812
7.515	-4.899563600773037	0.007214580821341651
7.525	-4.922327191714676	0.007464021115696548
7.535	-4.9452295858842765	0.007003515956887507
7.545	-4.968260913616866	0.006907577382135623
7.555	-4.991411276108541	0.006600573942929596
7.565	-5.01467075026363	0.006475853795752147
7.575	-5.038029393552228	0.0064566660808017705
7.585	-5.061477248875505	0.006044130209368671
7.595	-5.085004349436296	0.0062647889312980026
7.605	-5.108600723612385	0.006245601216347626
7.615	-5.132256399829929	0.005727532912687455
7.625	-5.155961411434496	0.005084744461849834
7.635	-5.179705801557139	0.005689157482786701
7.645	-5.2034796279729605	0.005276621611353601
7.655	-5.2272729679496095	0.0053725601861054845
7.665	-5.251075923083214	0.00540134175853105
7.675	-5.27487862411914	0.004720177877792676
7.685	-5.298671235755152	0.005113526034275399
7.695	-5.322443961424314	0.00493124274224682
7.705	-5.346187048055287	0.005027181316998704
7.715	-5.369890790807431	0.004662614732941546
7.725	-5.3935455377781985	0.004528300728288908
7.735	-5.4171416946804944	0.004298048148884388
7.745	-5.440669729487389	0.004537894585764097
7.755	-5.464120177041886	0.0040102324246287365
7.765	-5.48748364362923	0.003971856994727983
7.775	-5.510750811509469	0.004058201712004678
7.785	-5.533912443407775	0.003655259698046767
7.795	-5.556959386960297	0.0035785088382452603
7.805	-5.579882579113177	0.003655259698046767
7.815	-5.602673050472377	0.00352094569339413
7.825	-5.625321929602152	0.0033770378312663048
7.835	-5.647820447269867	0.0037032289854227094
7.845	-5.670159940634943	0.003482570263493377
7.855	-5.692331857379764	0.0034250071186422465
7.865	-5.714327759780425	0.0035976965531956374
7.875	-5.736139328715167	0.003357850116315928
7.885	-5.7577583676084	0.003127597536911407
7.895	-5.779176806308373	0.0032043483967129143
7.905	-5.800386704896326	0.0028110002402301913
7.915	-5.821380257425302	0.003357850116315928
7.925	-5.842149795586585	0.0029549081023580166
7.935	-5.862687792301936	0.0025039968010241633
7.945	-5.88298686523972	0.0026383108056768005
7.955	-5.9030397802531684	0.002436839798697845
7.965	-5.922839454738987	0.0026958739505279308
7.975	-5.942378960914566	0.0026862800930527423
7.985	-5.961651529012159	0.0023217135089955844
7.995	-5.980650550388357	0.0027726248103294377
8.005	-5.999369580547322	0.002657498520627177
8.015	-6.017802342076179	0.0024272459412226564
8.025	-6.035942727491136	0.0025039968010241633
8.035	-6.053784801992866	0.002763030952854249
8.045	-6.071322806129755	0.0023409012239459614
8.055	-6.088551158367701	0.0020338977847399334
8.065	-6.105464457565153	0.002187399504342947
8.075	-6.122057485352171	0.0022737442216196426
8.085	-6.138325208412313	0.0023984643687970913
8.095	-6.1542627806662376	0.0025327783734497285
8.105	-6.169865545355933	0.002043491642215122
8.115	-6.185129037028545	0.0021682117893925706
8.125	-6.200048983418873	0.001976334639888803
8.135	-6.21462130722959	0.00193795920998805
8.145	-6.228842127808341	0.0018803960651369196
8.155	-6.2427077627209515	0.0018324267777609779
8.165	-6.256214729219969	0.0018803960651369196
8.175	-6.269359745607876	0.0019571469249384265
8.185	-6.282139732494355	0.0017364882030090941
8.195	-6.2945518139470344	0.0018036452053354127
8.205	-6.306593318535198	0.0018803960651369196
8.215	-6.318261780266018	0.0018036452053354127
8.225	-6.3295549394129464	0.0015925803408812686
8.235	-6.340470743235875	0.0017748636329098476
8.245	-6.351007346592863	0.0017077066305835292
8.255	-6.361163112443162	0.0014582663362286317
8.265	-6.370936612241415	0.0017748636329098476
8.275	-6.3803266262229466	0.0017748636329098476
8.285	-6.389332143580071	0.0015542049109805152
8.295	-6.3979523625294865	0.0014774540511790083
8.305	-6.406186690270807	0.0017173004880587175
8.315	-6.414034742836406	0.0017748636329098476
8.325	-6.421496344832747	0.0016021741983564572
8.335	-6.428571529073485	0.0016885189156331524
8.345	-6.435260536104644	0.0017364882030090941
8.355	-6.441563813622269	0.0016021741983564572
8.365	-6.447482015782968	0.0015062356236045734
8.375	-6.453016002407855	0.0015925803408812686
8.385	-6.458166838080452	0.0015158294810797618
8.395	-6.462935791139138	0.0014966417661293851
8.405	-6.467324332564836	0.0016213619133068338
8.415	-6.471334134764663	0.001419890906327878
8.425	-6.474967070252301	0.0016021741983564572
8.435	-6.4782252102259426	0.0014582663362286317
8.445	-6.481110823044705	0.0016213619133068338
8.455	-6.483626372604446	0.0016597373432075872
8.465	-6.48577451661399	0.0016117680558316455
8.475	-6.48755810477281	0.0016405496282572106
8.485	-6.488980176851281	0.0014774540511790083
8.495	-6.490043960674651	0.001573392625930892
8.505	-6.490752870011949	0.0013431400465263711
8.515	-6.4911105023710824	0.0015542049109805152
8.525	-6.491120636701424	0.0013527339040015597
8.535	-6.490787231005281	0.0014390786212782549
8.545	-6.4901144198596015	0.0016693312006827755
8.555	-6.48910651184942	0.001573392625930892
8.565	-6.48776798691451	0.0014102970488526897
8.575	-6.486103493610801	0.0013527339040015597
8.585	-6.4841178462881555	0.0016117680558316455
8.595	-6.481816022186133	0.0018516144927113547
8.605	-6.479203158449415	0.0015542049109805152
8.615	-6.476284549064617	0.001362327761476748
8.625	-6.4730656417202495	0.0016117680558316455
8.635	-6.469552034591614	0.0015158294810797618
8.645	-6.4657494730524805	0.0014774540511790083
8.655	-6.461663846315428	0.0017652697754346593
8.665	-6.4573011840027466	0.0014870479086541966
8.675	-6.452667652649854	0.0015829864834060803
8.685	-6.447769552143218	0.0017268943455339058
8.695	-6.442613312094786	0.0014966417661293851
8.705	-6.437205488154956	0.0017748636329098476
8.715	-6.431552758266223	0.00152542333855495
8.725	-6.4256619188595225	0.0015637987684557035
8.735	-6.419539880995481	0.001650143485732399
8.745	-6.413193666452693	0.0016021741983564572
8.755	-6.40663040376523	0.0018420206352361662
8.765	-6.399857324211586	0.0015158294810797618
8.775	-6.392881757757298	0.0015158294810797618
8.785	-6.3857111289534965	0.0014007031913775014
8.795	-6.37835295279367	0.0016597373432075872
8.805	-6.370814830530946	0.0017077066305835292
8.815	-6.363104445458171	0.0016117680558316455
8.825	-6.355229558653164	0.0016405496282572106
8.835	-6.3471980046914735	0.001755675917959471
8.845	-6.339017687328999	0.00193795920998805
8.855	-6.33069657515683	0.0014294847638030665
8.865	-6.3222426972307355	0.0018228329202857896
8.875	-6.313664138677662	0.0019475530674632382
8.885	-6.304969036281643	0.0018803960651369196
8.895	-6.296165574051572	0.0019475530674632382
8.905	-6.287261978773184	0.002072273214640687
8.915	-6.278266515547744	0.0017077066305835292
8.925	-6.269187483319809	0.001650143485732399
8.935	-6.260033210396537	0.0018899899226121081
8.945	-6.25081204996089	0.0017364882030090941
8.955	-6.241532375581295	0.0021106486445414403
8.965	-6.232202576720009	0.001784457490385036
8.975	-6.222831054242758	0.0021394302169670055
8.985	-6.213426215931989	0.002388870511321903
8.995	-6.203996472006144	0.00199552235483918
9.005	-6.194550230647379	0.002264150364144454
9.015	-6.185095893540115	0.002043491642215122
9.025	-6.175641851422772	0.0020914609295910637
9.035	-6.166196479655075	0.002120242502016629
9.045	-6.156768133803323	0.0020914609295910637
9.055	-6.147365145245861	0.0021010547870662522
9.065	-6.137995816801193	0.0023792766538467147
9.075	-6.128668418380964	0.002081867072115875
9.085	-6.1193911826701255	0.002072273214640687
9.095	-6.110172300836573	0.0020338977847399334
9.105	-6.101019918272452	0.0021682117893925706
9.115	-6.091942130369421	0.0022353687917188894
9.125	-6.08294697833001	0.002081867072115875
9.135	-6.074042445017317	0.002081867072115875
9.145	-6.065236450845145	0.002264150364144454
9.155	-6.056536849710706	0.002551966088400105
9.165	-6.047951424972026	0.0022737442216196426
9.175	-6.039487885472086	0.0019571469249384265
9.185	-6.031153861611753	0.0025039968010241633
9.195	-6.022956901473474	0.0023504950814211495
9.205	-6.014904466997764	0.0025231845159745404
9.215	-6.007003930214361	0.0023217135089955844
9.225	-5.999262569530021	0.0026862800930527423
9.235	-5.991687566074761	0.0025231845159745404
9.245	-5.984286000108405	0.0022065872192933243
9.255	-5.977064847489246	0.002657498520627177
9.265	-5.970030976206555	0.0025231845159745404
9.275	-5.963191142978673	0.00240805822627228
9.285	-5.956551989918323	0.0026958739505279308
9.295	-5.950120041266845	0.0024944029435489752
9.305	-5.94390170019887	0.0026095292332512354
9.315	-5.937903245699044	0.002763030952854249
9.325	-5.932130829512282	0.002801406382755003
9.335	-5.926590473168987	0.002436839798697845
9.345	-5.921288065086712	0.0027918125252798143
9.355	-5.916229357749578	0.0024176520837474683
9.365	-5.911419964966802	0.002657498520627177
9.375	-5.9068653592116105	0.0027438432379038725
9.385	-5.902570869041732	0.002763030952854249
9.395	-5.8985416766027035	0.0026862800930527423
9.405	-5.894782815215071	0.0028781572425565097
9.415	-5.891299167046616	0.0027150616654783074
9.425	-5.888095460870565	0.002657498520627177
9.435	-5.885176269910841	0.002676686235577554
9.445	-5.8825460097752345	0.002830187955180568
9.455	-Inf	0.0
9.465	-Inf	0.0
9.475	-Inf	0.0
9.485	-Inf	0.0
9.495	-Inf	0.0
9.505	-Inf	0.0
9.515	-Inf	0.0
9.525	-Inf	0.0
9.535	-Inf	0.0
9.545	-Inf	0.0
9.555	-Inf	0.0
9.565	-Inf	0.0
9.575	-Inf	0.0
9.585	-Inf	0.0
9.595	-Inf	0.0
9.605	-Inf	0.0
9.615	-Inf	0.0
9.625	-Inf	0.0
9.635	-Inf	0.0
9.645	-Inf	0.0
9.655	-Inf	0.0
9.665	-Inf	0.0
9.675	-Inf	0.0
9.685	-Inf	0.0
9.695	-Inf	0.0
9.705	-Inf	0.0
9.715	-Inf	0.0
9.725	-Inf	0.0
9.735	-Inf	0.0
9.745	-Inf	0.0
9.755	-Inf	0.0
9.765	-Inf	0.0
9.775	-Inf	0.0
9.785	-Inf	0.0
9.795	-Inf	0.0
9.805	-Inf	0.0
9.815	-Inf	0.0
9.825	-Inf	0.0
9.835	-Inf	0.0
9.845	-Inf	0.0
9.855	-Inf	0.0
9.865	-Inf	0.0
9.875	-Inf	0.0
9.885	-Inf	0.0
9.895	-Inf	0.0
9.905	-Inf	0.0
9.915	-Inf	0.0
9.925	-Inf	0.0
9.935	-Inf	0.0
9.945	-Inf	0.0
9.955	-Inf	0.0
9.965	-Inf	0.0
9.975	-Inf	0.0
9.985	-Inf	0.0
9.995	-Inf	0.0
