0.005	-Inf	0.0
0.015	-Inf	0.0
0.025	-Inf	0.0
0.035	-Inf	0.0
0.045	-Inf	0.0
0.055	-Inf	0.0
0.065	-Inf	0.0
0.075	-Inf	0.0
0.085	-Inf	0.0
0.095	-Inf	0.0
0.105	-Inf	0.0
0.115	-Inf	0.0
0.125	-Inf	0.0
0.135	-Inf	0.0
0.145	-Inf	0.0
0.155	-Inf	0.0
0.165	-Inf	0.0
0.175	-Inf	0.0
0.185	-Inf	0.0
0.195	-Inf	0.0
0.205	-Inf	0.0
0.215	-Inf	0.0
0.225	-Inf	0.0
0.235	-Inf	0.0
0.245	-Inf	0.0
0.255	-Inf	0.0
0.265	-Inf	0.0
0.275	-Inf	0.0
0.285	-Inf	0.0
0.295	-Inf	0.0
0.305	-Inf	0.0
0.315	-Inf	0.0
0.325	-Inf	0.0
0.335	-Inf	0.0
0.345	-Inf	0.0
0.355	-Inf	0.0
0.365	-Inf	0.0
0.375	-Inf	0.0
0.385	-Inf	0.0
0.395	-Inf	0.0
0.405	-Inf	0.0
0.415	-Inf	0.0
0.425	-Inf	0.0
0.435	-Inf	0.0
0.445	-Inf	0.0
0.455	-Inf	0.0
0.465	-Inf	0.0
0.475	-Inf	0.0
0.485	-Inf	0.0
0.495	-Inf	0.0
0.505	-Inf	0.0
0.515	-Inf	0.0
0.525	-Inf	0.0
0.535	-Inf	0.0
0.545	-Inf	0.0
0.555	-Inf	0.0
0.565	-Inf	0.0
0.575	-Inf	0.0
0.585	-Inf	0.0
0.595	-Inf	0.0
0.605	-Inf	0.0
0.615	-Inf	0.0
0.625	-Inf	0.0
0.635	-Inf	0.0
0.645	-Inf	0.0
0.655	-Inf	0.0
0.665	-Inf	0.0
0.675	-Inf	0.0
0.685	-Inf	0.0
0.695	-Inf	0.0
0.705	-Inf	0.0
0.715	-Inf	0.0
0.725	-Inf	0.0
0.735	-Inf	0.0
0.745	-Inf	0.0
0.755	-Inf	0.0
0.765	-Inf	0.0
0.775	-Inf	0.0
0.785	-Inf	0.0
0.795	-Inf	0.0
0.805	-Inf	0.0
0.815	-Inf	0.0
0.825	-Inf	0.0
0.835	-Inf	0.0
0.845	-Inf	0.0
0.855	-Inf	0.0
0.865	-4.286164780843964	0.013461975515371368
0.875	-4.2758664340502515	0.01358633556632168
0.885	-4.265835064483356	0.012995625324307694
0.895	-4.2560700348835265	0.014021595744647775
0.905	-4.246570512663545	0.014550125961186605
0.915	-4.237335469867004	0.01479884606308723
0.925	-4.228363683245932	0.014239225833810824
0.935	-4.219653734457973	0.01358633556632168
0.945	-4.2112040103833115	0.015140836203200591
0.955	-4.203012703561395	0.015203016228675748
0.965	-4.1950778127475	0.015140836203200591
0.975	-4.187397143589047	0.016104626598065518
0.985	-4.179968309421574	0.015980266547115204
0.995	-4.172788732184125	0.015047566164987857
1.005	-4.165855643453802	0.01535846629236364
1.015	-4.153927142143958	0.016260076661753407
1.025	-4.156893875489668	0.014581215973924184
1.035	-4.160097662027189	0.015980266547115204
1.045	-4.163534984600753	0.014767756050349653
1.055	-4.167202142637995	0.015109746190463014
1.065	-4.1710952538895665	0.014332495872023558
1.075	-4.1752102562839575	0.013741785630009572
1.085	-4.179542909896659	0.0149853861395127
1.095	-4.18408879903274	0.014674486012136919
1.105	-4.188843334421858	0.014923206114037545
1.115	-4.193801755524637	0.014954296126775122
1.125	-4.198959132949276	0.01464339599939934
1.135	-4.204310370977191	0.014301405859285979
1.145	-4.20985021019643	0.014861026088562388
1.155	-4.215573230241517	0.014394675897498715
1.165	-4.221473852638326	0.014270315846548401
1.175	-4.227546343752518	0.01414595579559809
1.185	-4.233784817840017	0.014581215973924184
1.195	-4.240183240197916	0.01308889536252043
1.205	-4.24673543041416	0.01392832570643504
1.215	-4.253435065714283	0.013835055668222306
1.225	-4.26027568440343	0.012871265273357382
1.235	-4.267250689401785	0.01324434542620832
1.245	-4.274353351871548	0.014674486012136919
1.255	-4.281576814933466	0.013710695617271994
1.265	-4.288914097470913	0.012467095107768864
1.275	-4.296358098019441	0.013275435438945899
1.285	-4.303901598739686	0.01395941571917262
1.295	-4.31153726947142	0.012560365145981599
1.305	-4.319257671866539	0.01411486578286051
1.315	-4.327055263598694	0.012840175260619804
1.325	-4.334922402647215	0.013648515591796837
1.335	-4.342851351652964	0.012653635184194335
1.345	-4.350834282343672	0.012000744916705192
1.355	-4.358863280026289	0.012591455158719178
1.365	-4.3669303481438115	0.013803965655484729
1.375	-4.375027412894054	0.013368705477158634
1.385	-4.383146327907714	0.012094014954917926
1.395	-4.391278878983128	0.012591455158719178
1.405	-4.399416788875007	0.012404915082293709
1.415	-4.407551722134434	0.01203183492944277
1.425	-4.415675289997381	0.011130224560053002
1.435	-4.423779055318945	0.012280555031343395
1.445	-4.431854537550473	0.011223494598265736
1.455	-4.439893217756747	0.011472214700166362
1.465	-4.44788654367033	0.01116131457279058
1.475	-4.455825934780165	0.01131676463647847
1.485	-4.463702787451513	0.011254584611003314
1.495	-4.471508480074255	0.01134785464921605
1.505	-4.4792343782365815	0.010073164126975342
1.515	-4.486871839921082	0.011036954521840267
1.525	-4.494412220720221	0.01047733429256386
1.535	-4.501846879068138	0.010166434165188077
1.545	-4.509167181485773	0.011223494598265736
1.555	-4.51636450783621	0.010321884228875968
1.565	-4.523430256587201	0.01047733429256386
1.575	-4.5303558500777745	0.011130224560053002
1.585	-4.537132739785843	0.010726054394464484
1.595	-4.543752411593721	0.009886624050549873
1.605	-4.5502063910484525	0.011254584611003314
1.615	-4.556486248613852	0.010508424305301437
1.625	-4.5625836049111586	0.011099134547315424
1.635	-4.5684901359452095	0.010166434165188077
1.645	-4.57419757831304	0.0101353441524505
1.655	-4.5796977343918135	0.010508424305301437
1.665	-4.584982477503018	0.009482453884961356
1.675	-4.590043757049849	0.009078283719372839
1.685	-4.594873603624714	0.010290794216138389
1.695	-4.599464134083827	0.009731173986861982
1.705	-4.603807556585846	0.010508424305301437
1.715	-4.6078961755915495	0.009824444025074716
1.725	-4.611722396821551	0.009482453884961356
1.735	-4.615278732169074	0.00923373378306073
1.745	-4.618557804564838	0.0087052035665219
1.755	-4.621552352791115	0.00923373378306073
1.765	-4.6242552362420675	0.008611933528309166
1.775	-4.626659439627472	0.009886624050549873
1.785	-4.628758077617002	0.009731173986861982
1.795	-4.630544399422221	0.00926482379579831
1.805	-4.632011793313534	0.010384064254351124
1.815	-4.633153791069333	0.008798473604734635
1.825	-4.633964072354601	0.010228614190663234
1.835	-4.634436469026344	0.00926482379579831
1.845	-4.634564969363161	0.010290794216138389
1.855	-4.6343437222163955	0.009793354012337139
1.865	-4.633767041080279	0.00923373378306073
1.875	-4.632829408078597	0.009389183846748621
1.885	-4.631525477865358	0.009451363872223778
1.895	-4.6298500814371	0.00976226399959956
1.905	-4.627798229854433	0.009140463744847995
1.915	-4.625365117870492	0.010570604330776594
1.925	-4.622546127464069	0.009327003821273465
1.935	-4.619336831275156	0.009979894088762608
1.945	-4.615732995940778	0.010010984101500186
1.955	-4.611730585328994	0.009482453884961356
1.965	-4.60732576366901	0.00957572392317409
1.975	-4.602514898575423	0.008860653630209792
1.985	-4.597294563964655	0.008332123413670962
1.995	-4.5916615428617105	0.009948804076025029
2.005	-4.585612830095437	0.009606813935911668
2.015	-4.579145634880562	0.008736293579259478
2.025	-4.572257383284788	0.011596574751116674
2.035	-4.564945720579362	0.01063278435625175
2.045	-4.5572085134715365	0.009109373732110418
2.055	-4.54904385221746	0.010508424305301437
2.065	-4.540450052614056	0.009295913808535887
2.075	-4.531425657868555	0.0101353441524505
2.085	-4.521969440344395	0.011130224560053002
2.095	-4.51208040318228	0.010042074114237765
2.105	-4.501757781795251	0.009637903948649247
2.115	-4.491001045236717	0.010943684483627533
2.125	-4.479809897440436	0.009793354012337139
2.135	-4.468184278331531	0.010694964381726907
2.145	-4.456124364807696	0.011068044534577845
2.155	-4.443630571589819	0.011534394725641519
2.165	-4.430703551941306	0.01203183492944277
2.175	-4.417344198255522	0.01116131457279058
2.185	-4.40355364251075	0.01134785464921605
2.195	-4.389333256592242	0.01187638486575488
2.205	-4.374684652480948	0.011969654903967614
2.215	-4.359609682308594	0.013524155540846525
2.225	-4.3441104382789	0.011254584611003314
2.235	-4.328189252454735	0.012560365145981599
2.245	-4.311848696411162	0.012094014954917926
2.255	-4.29509158075433	0.01221837500586824
2.265	-4.277920954506309	0.011378944661953628
2.275	-4.260340104355992	0.014674486012136919
2.285	-4.242352553776311	0.013648515591796837
2.295	-4.223962062008046	0.012871265273357382
2.305	-4.20517262291062	0.014052685757385355
2.315	-4.185988463680333	0.013461975515371368
2.325	-4.166414043436566	0.014052685757385355
2.335	-4.146454051676565	0.015109746190463014
2.345	-4.126113406599486	0.016260076661753407
2.355	-4.105397253300487	0.01464339599939934
2.365	-4.084310961835658	0.015234106241413326
2.375	-4.062860125158752	0.016104626598065518
2.385	-4.041050556930677	0.01585590649616489
2.395	-4.018888289202802	0.016322256687228563
2.405	-3.9963795699752502	0.01535846629236364
2.415	-3.973530860631334	0.017286047082093487
2.425	-3.9503488332494743	0.017752397273157163
2.435	-3.926840367793885	0.01725495706935591
2.445	-3.903012549185521	0.017721307260419584
2.455	-3.8788726642547084	0.0181254774260081
2.465	-3.8544281985770885	0.020177418266688264
2.475	-3.8296868331944474	0.019928698164787637
2.485	-3.8046564412221655	0.02042613836858889
2.495	-3.7793450843450307	0.021047938623340454
2.505	-3.7537610092032665	0.020674858470489513
2.515	-3.7279126436706402	0.022384809171056317
2.525	-3.70180859302663	0.022571349247481786
2.535	-3.675457636024661	0.021545378827141703
2.545	-3.6488687208585007	0.022726799311169676
2.555	-3.62205096102893	0.025120730291963198
2.565	-3.5950136311129213	0.024343479973523742
2.575	-3.567766162437548	0.024530020049949215
2.585	-3.5403181386609694	0.026271060763253595
2.595	-3.512679291262808	0.027328121196331254
2.605	-3.4848594949464275	0.027110491107168205
2.615	-3.4568687629554615	0.02630215077599117
2.625	-3.4287172423072345	0.0299707722790254
2.635	-3.400415208945567	0.028602811718571958
2.645	-3.371973062815612	0.030188402368188448
2.655	-3.343401322863412	0.030623662546514545
2.665	-3.314710621962827	0.031090012737578217
2.675	-3.2859117017726427	0.03357721375658448
2.685	-3.257015407526623	0.03205380313244314
2.695	-3.2280326827593635	0.03469645421513729
2.705	-3.198974563970782	0.03516280440620096
2.715	-3.1698521752321973	0.03463427418966213
2.725	-3.1406767227368935	0.03684166509403019
2.735	-3.1114594892982055	0.03802308557805816
2.745	-3.0822118287980684	0.03845834575638425
2.755	-3.0529451605891156	0.03923559607482371
2.765	-3.0236709638533656	0.041069906826340825
2.775	-2.9944007719205983	0.041225356890028715
2.785	-2.965146166549543	0.043184027692496144
2.795	-2.9359187721749977	0.04511160848222599
2.805	-2.9067302501240384	0.04545359862233935
2.815	-2.8775922928045343	0.04588885880066545
2.825	-2.848516617869098	0.05104980091510343
2.835	-2.819514962357739	0.05160942114437984
2.845	-2.790599076822407	0.05254212152650719
2.855	-2.761780719436671	0.05453188234171219
2.865	-2.7330716500937706	0.05574439283847774
2.875	-2.704483624496322	0.055278042647414066
2.885	-2.676028388240855	0.05732998348809423
2.895	-2.6477176709005437	0.060221354672689006
2.905	-2.6195631801093175	0.06342362598465956
2.915	-2.5915765956506362	0.06361016606108504
2.925	-2.5637695635542084	0.06376561612477293
2.935	-2.53615369020386	0.06737205760233199
2.945	-2.5087405364598734	0.06929963839206185
2.955	-2.4815416117989595	0.0692374583665867
2.965	-2.45456836847517	0.07181792942380569
2.975	-2.427832195704915	0.075921811105166
2.985	-2.401344413879319	0.07495802071030108
2.995	-2.3751162688071155	0.07899972236618624
3.005	-2.349158925991234	0.07812920200953406
3.015	-2.3234834649422442	0.07912408241713656
3.025	-2.2981008735318245	0.08496900481180127
3.035	-2.2730220423892975	0.08751838585628267
3.045	-2.2482577593443978	0.08801582606008393
3.055	-2.223818703919299	0.092212977779657
3.065	-2.1997154418729283	0.09482453884961356
3.075	-2.1759584198005864	0.09401619851843653
3.085	-2.1525579597918627	0.09696974972850646
3.095	-2.1295242541497394	0.0959126892954288
3.105	-2.1068673601738546	0.09917714063287451
3.115	-2.084597195010739	0.10172652167735592
3.125	-2.062723530573882	0.10744708402107031
3.135	-2.041255988536423	0.1070429138554818
3.145	-2.0202040353992086	0.10943684483627532
3.155	-1.9995769776369317	0.1130432863138344
3.165	-1.9793839569249871	0.1180487783645845
3.175	-1.9596339454497151	0.1167429978296062
3.185	-1.9403357413045423	0.11947891895051309
3.195	-1.921497963974577	0.12094014954917927
3.205	-1.9031290499121178	0.12289882035164669
3.215	-1.8852372482054913	0.12554147143434083
3.225	-1.8678306163435745	0.13154184389269344
3.235	-1.8509170160783373	0.13337615464421054
3.245	-1.8345041093876224	0.12933445298832538
3.255	-1.8185993545403836	0.13511719535751493
3.265	-1.8032100022665145	0.1374489463128333
3.275	-1.7883430920333376	0.13300307449135962
3.285	-1.7740054484307701	0.13981178728088925
3.295	-1.76020367766714	0.14441310916605082
3.305	-1.7469441641774992	0.14239225833810823
3.315	-1.7342330673463202	0.14459964924247629
3.325	-1.7220763183462795	0.14677595013410677
3.335	-1.7104796170948586	0.1504134816244034
3.345	-1.6994484293303733	0.147864100579922
3.355	-1.6889879838090018	0.15168817214664412
3.365	-1.6791032696242851	0.1578439946686846
3.375	-1.669799033650536	0.1558542338534796
3.385	-1.6610797781114899	0.15961612539472655
3.395	-1.6529497582754908	0.15824816483427312
3.405	-1.6454129802784103	0.16238313652837102
3.415	-1.6384731990754204	0.16017574562400297
3.425	-1.6321339165226987	0.16365782705061174
3.435	-1.6263983795900399	0.16179242628635704
3.445	-1.6212695787052867	0.15936740529282595
3.455	-1.6167502462314038	0.16303602679586016
3.465	-1.612842855076983	0.16424853729262573
3.475	-1.6095496174408233	0.16431071731810087
3.485	-1.606872483691228	0.16717099848995806
3.495	-1.6048131413805304	0.16536777775117853
3.505	-1.6033730143953098	0.16875658913957456
3.515	-1.6025532622426635	0.1667046482988944
3.525	-1.602354779472853	0.16906748926695034
3.535	-1.6027781952385314	0.16474597749642697
3.545	-1.6038238729906977	0.16564758786581674
3.555	-1.6054919103114558	0.1688187691650497
3.565	-1.6077821388835525	0.17217649054070816
3.575	-1.6106941245966238	0.165554317827604
3.585	-1.6142271677899718	0.163564557012399
3.595	-1.618380303631635	0.16151261617171883
3.605	-1.6231523026334318	0.16766843869375933
3.615	-1.628541671301584	0.16275621668122198
3.625	-1.6345466529224528	0.16179242628635704
3.635	-1.6411652284828198	0.16092190592970484
3.645	-1.6483951177241183	0.15703565433750757
3.655	-1.6562337803298877	0.15461063334397648
3.665	-1.6646784172457028	0.15576096381526686
3.675	-1.6737259721307107	0.15918086521640046
3.685	-1.6833731329398605	0.15510807354777773
3.695	-1.6936163336358354	0.1492942411658506
3.705	-1.704451756029616	0.14882789097478694
3.715	-1.7158753317485322	0.1501647615225028
3.725	-1.7278827443306084	0.1440089390004623
3.735	-1.740469431443893	0.14117974784134268
3.745	-1.753630587229464	0.1415528279941936
3.755	-1.7673611647666507	0.14233007831263308
3.765	-1.7816558786590209	0.13720022621093267
3.775	-1.7965092077395464	0.1421435382362076
3.785	-1.811915397893367	0.1395941571917262
3.795	-1.8278684649964307	0.13194601405828196
3.805	-1.8443621979683043	0.12933445298832538
3.815	-1.8613901619372988	0.1305780534978285
3.825	-1.8789457015160824	0.12809085247882226
3.835	-1.8970219441858185	0.12563474147255357
3.845	-1.915611803786855	0.1201628992307398
3.855	-1.9347079841139154	0.12143758975298051
3.865	-1.9543029826136702	0.11972763905241371
3.875	-1.9743890941825457	0.11776896824994629
3.885	-1.994958415062567	0.11484650705261393
3.895	-2.016002846832919	0.11040063523114024
3.905	-2.0375141004949713	0.1060480334478793
3.915	-2.059483700648342	0.1094679348490129
3.925	-2.0819029897556165	0.10800670425034672
3.935	-2.1047631324932654	0.09911496060739935
3.945	-2.1280551201862017	0.09986112091310123
3.955	-2.151769775323488	0.09594377930816637
3.965	-2.1758977561525517	0.0947623588241384
3.975	-2.200429561349292	0.09404728853117411
3.985	-2.2253555347614027	0.0884821762511476
3.995	-2.2506658702221904	0.08692767561426869
4.005	-2.2763506164321274	0.0882023661365094
4.015	-2.3023996819054067	0.0853420849646522
4.025	-2.3288028399786023	0.07934171250629961
4.035	-2.355549733878665	0.08095839316865368
4.045	-2.382629881847322	0.07666797141086788
4.055	-2.410032682319015	0.07511347077398897
4.065	-2.437747419149412	0.07601508114337874
4.075	-2.4657632668915728	0.07147593928369232
4.085	-2.494069296116767	0.07172465938559294
4.095	-2.522654478776962	0.06600409704187855
4.105	-2.551507693605957	0.06441850639226207
4.115	-2.580617731556133	0.06504030664701363
4.125	-2.609973301267793	0.06472940651963785
4.135	-2.6395630345679804	0.05997263457078838
4.145	-2.669375491995775	0.05686363329703056
4.155	-2.699399168350909	0.05826268387022158
4.165	-2.729622498262675	0.05443861230349946
4.175	-2.760033861776015	0.056925813322505715
4.185	-2.790621589951656	0.05235558145008172
4.195	-2.8213739704772474	0.051547241118904685
4.205	-2.852279253286346	0.05098762088962828
4.215	-2.883325656182199	0.050148190545713664
4.225	-2.9145013704631797	0.048220609755983815
4.235	-2.9457945665468124	0.04713245931016858
4.245	-2.9771933995892836	0.04355710784534708
4.255	-3.0086860150974046	0.041100996839078405
4.265	-3.040260554529893	0.043152937679758564
4.275	-3.071905160884974	0.04023047648242621
4.285	-3.103607984271224	0.039422136151249176
4.295	-3.1353571874586814	0.0383961657309091
4.305	-3.1671409514071627	0.03643749492844167
4.315	-3.1989474807688234	0.03516280440620096
4.325	-3.5873975318429765	0.02564926050850203
4.335	-3.6205475225142645	0.02353513964234671
4.345	-3.6536850892864243	0.0226957092984321
4.355	-3.6867985859881847	0.021669738878092017
4.365	-3.719876417164108	0.020270688304901
4.375	-3.7529070433612	0.021514288814404127
4.385	-3.7858789863695286	0.020768128508702247
4.395	-3.8187808344140786	0.019275807897298495
4.405	-3.8516012472951378	0.01781457729863232
4.415	-3.8843289614744747	0.019089267820873026
4.425	-3.9169527951046867	0.017503677171256535
4.435	-3.9494616529990534	0.018032207387795367
4.445	-3.9818445315393336	0.016633156814604345
4.455	-4.014090523518959	0.016166806623540673
4.465	-4.046188822919134	0.016104626598065518
4.475	-4.078128729615367	0.015420646317838795
4.485	-4.1098996540120565	0.014239225833810824
4.495	-4.14149112160273	0.014705576024874496
4.505	-4.172892777453672	0.014767756050349653
4.515	-4.204094390608648	0.013461975515371368
4.525	-4.235085858412509	0.013151075387995585
4.535	-4.265857210751553	0.01361742557905926
4.545	-4.296398614208512	0.012591455158719178
4.555	-4.326700376130121	0.012062924942180349
4.565	-4.356752948605277	0.011814204840279723
4.575	-4.386546932351866	0.01116131457279058
4.585	-4.416073080510353	0.011472214700166362
4.595	-4.445322302342358	0.01134785464921605
4.605	-4.474285666832399	0.010073164126975342
4.615	-4.502954406191169	0.009731173986861982
4.625	-4.5313199192586815	0.009327003821273465
4.635	-4.559373774805707	0.009917714063287451
4.645	-4.5871077147319985	0.009358093834011044
4.655	-4.614513657159879	0.009202643770323152
4.665	-4.641583699421768	0.008736293579259478
4.675	-4.668310120940404	0.008860653630209792
4.685	-4.6946853860004385	0.008922833655684949
4.695	-4.720702146410275	0.008238853375458228
4.705	-4.7463532440530205	0.007741413171656976
4.715	-4.7716317133255215	0.00749269306975635
4.725	-4.7965307834644895	0.008145583337245493
4.735	-4.821043880758815	0.007585963107969085
4.745	-4.845164630647244	0.007368333018806038
4.755	-4.868886859700661	0.006995252865955099
4.765	-4.892204597488236	0.006591082700366582
4.775	-4.915112078326874	0.006404542623941112
4.785	-4.937603742913341	0.006839802802267207
4.795	-4.959674239838664	0.006373452611203535
4.805	-4.98131842698432	0.00696416285321752
4.815	-5.002531372799905	0.006497812662153847
4.825	-5.023308357462012	0.005844922394664704
4.835	-5.04364487391412	0.006559992687629004
4.845	-5.063536628787352	0.005844922394664704
4.855	-5.082979543202052	0.006373452611203535
4.865	-5.101969753450205	0.006249092560253222
4.875	-5.120503611558767	0.005782742369189548
4.885	-5.138577685734073	0.005627292305501657
4.895	-5.156188760687533	0.005658382318239235
4.905	-5.173333837842939	0.005907102420139861
4.915	-5.19001013542571	0.005005492050750093
4.925	-5.206215088434541	0.004912222012537358
4.935	-5.221946348495949	0.005347482190863453
4.945	-5.2372017836022735	0.005782742369189548
4.955	-5.25197947773379	0.005129852101700406
4.965	-5.266277730365635	0.005347482190863453
4.975	-5.280095055860312	0.004663501910636732
4.985	-5.293430182746628	0.004383691795998529
4.995	-5.3062820528859485	0.005129852101700406
5.005	-5.3186498205267565	0.004290421757785794
5.015	-5.330532851248546	0.005098762088962827
5.025	-5.3419307207961335	0.004134971694097903
5.035	-5.3528432138055635	0.004725681936111889
5.045	-5.363270322422817	0.004383691795998529
5.055	-5.373212244816611	0.004445871821473685
5.065	-5.382669383586619	0.00435260178326095
5.075	-5.3916423440685275	0.004414781808736107
5.085	-5.400131932537373	0.004508051846948842
5.095	-5.40813915431067	0.004570231872423998
5.105	-5.41566521175292	0.005129852101700406
5.115	-5.422711502183094	0.003917341604934855
5.125	-5.429279615686802	0.004756771948849467
5.135	-5.435371332834839	0.004570231872423998
5.145	-5.440988622309918	0.004259331745048216
5.155	-5.44613363844341	0.004476961834211263
5.165	-5.450808718663963	0.004476961834211263
5.175	-5.455016380859936	0.004166061706835481
5.185	-5.458759320657608	0.004663501910636732
5.195	-5.462040408617191	0.0038240715667221207
5.205	-5.464862687348695	0.0038240715667221207
5.215	-5.467229368549747	0.00419715171957306
5.225	-5.469143829967517	0.004072791668622747
5.235	-5.47060961228691	0.004414781808736107
5.245	-5.471630415947267	0.004570231872423998
5.255	-5.472210097889804	0.004383691795998529
5.265	-5.472352668238098	0.0038551615794596987
5.275	-5.472062286913923	0.004539141859686419
5.285	-5.471343260190808	0.003326631362920869
5.295	-5.47020003718768	0.004103881681360324
5.305	-5.468637206305018	0.004134971694097903
5.315	-5.466659491605947	0.003979521630410012
5.325	-5.464271749144742	0.004663501910636732
5.335	-5.461478963245219	0.004166061706835481
5.345	-5.458286242731529	0.00435260178326095
5.355	-5.454698817113886	0.004445871821473685
5.365	-5.450722032731765	0.0036997115157718077
5.375	-5.446361348857151	0.004290421757785794
5.385	-5.441622333760398	0.0038551615794596987
5.395	-5.436510660741313	0.004725681936111889
5.405	-5.431032104128062	0.004539141859686419
5.415	-5.425192535246502	0.00419715171957306
5.425	-5.418997918362587	0.004787861961587045
5.435	-5.412454306600463	0.004166061706835481
5.445	-5.405567837838889	0.004166061706835481
5.455	-5.398344730588647	0.004445871821473685
5.465	-5.390791279853542	0.004850041987062202
5.475	-5.382913852977681	0.004601321885161576
5.485	-5.374718885481638	0.004694591923374311
5.495	-5.366212876890169	0.004508051846948842
5.505	-5.357402386554094	0.004290421757785794
5.515	-5.3482940294689705	0.004725681936111889
5.525	-5.338894472093207	0.003948431617672434
5.535	-5.3292104281681905	0.004476961834211263
5.545	-5.319248654543047	0.004943312025274937
5.555	-5.3090159470066185	0.004818951974324624
5.565	-5.298519136129235	0.005440752229076188
5.575	-5.287765083116805	0.005192032127175562
5.585	-5.276760675679813	0.005254212152650719
5.595	-5.265512823919697	0.004508051846948842
5.605	-5.254028456235123	0.00522312213991314
5.615	-5.2423145152506425	0.005782742369189548
5.625	-5.2303779537701525	0.005844922394664704
5.635	-5.218225730757621	0.005005492050750093
5.645	-5.205864807347444	0.005502932254551345
5.655	-5.193302142886839	0.005689472330976814
5.665	-5.180544691012577	0.005876012407402283
5.675	-5.167599395764389	0.006342362598465956
5.685	-5.1544731877373255	0.006249092560253222
5.695	-5.1411729802752975	0.006528902674891425
5.705	-5.127705665708014	0.006000372458352596
5.715	-5.114078111633482	0.007026342878692677
5.725	-5.100297157248219	0.006746532764054473
5.735	-5.0863696097272415	0.005596202292764079
5.745	-5.072302240655927	0.006000372458352596
5.755	-5.058101782515704	0.00662217271310416
5.765	-5.043774925225593	0.006901982827742364
5.775	-5.029328312741492	0.006591082700366582
5.785	-5.014768539715097	0.007026342878692677
5.795	-5.000102148214284	0.006777622776792051
5.805	-4.98533562450674	0.00609364249656533
5.815	-4.9704753959086005	0.007026342878692677
5.825	-4.9555278276997425	0.007212882955118146
5.835	-4.940499220107402	0.007057432891430255
5.845	-4.925395805359692	0.00696416285321752
5.855	-4.910223744810569	0.007212882955118146
5.865	-4.894989126137704	0.006497812662153847
5.875	-4.879697960614688	0.006901982827742364
5.885	-4.864356180458989	0.007181792942380568
5.895	-4.848969636256913	0.00767923314618182
5.905	-4.833544094466877	0.007399423031543615
5.915	-4.8180852350021866	0.007057432891430255
5.925	-4.802598648894464	0.008114493324507914
5.935	-4.7870898360387875	0.008083403311770336
5.945	-4.771564203021642	0.008052313299032759
5.955	-4.756027061032592	0.008456483464621274
5.965	-4.740483623860587	0.007959043260820024
5.975	-4.724939005975808	0.008798473604734635
5.985	-4.709398220697787	0.009327003821273465
5.995	-4.6938661784505635	0.008674113553784323
6.005	-4.678347685105518	0.008643023541046744
6.015	-4.6628474404125555	0.009513543897698934
6.025	-4.647370036520082	0.008674113553784323
6.035	-4.631919956584365	0.009513543897698934
6.045	-4.616501573468638	0.00976226399959956
6.055	-4.601119148532305	0.01010425413971292
6.065	-4.585776830510595	0.008860653630209792
6.075	-4.570478654484854	0.009948804076025029
6.085	-4.555228540943673	0.01047733429256386
6.095	-4.540030294934932	0.010042074114237765
6.105	-4.524887605308888	0.011192404585528158
6.115	-4.50980404405218	0.010943684483627533
6.125	-4.494783065712769	0.010042074114237765
6.135	-4.4798280069156595	0.010819324432677219
6.145	-4.464942085969161	0.011068044534577845
6.155	-4.450128402561479	0.011783114827542145
6.165	-4.435389937547306	0.011472214700166362
6.175	-4.420729552824019	0.011192404585528158
6.185	-4.406149991297049	0.012684725196931913
6.195	-4.391653876933939	0.012000744916705192
6.205	-4.377243714906524	0.012684725196931913
6.215	-4.3629218918206005	0.013368705477158634
6.225	-4.348690676032432	0.011752024814804566
6.235	-4.3345522180513605	0.013151075387995585
6.245	-4.320508551027715	0.012809085247882225
6.255	-4.306561591325193	0.012467095107768864
6.265	-4.292713139176799	0.012653635184194335
6.275	-4.278964879423411	0.012311645044080975
6.285	-4.265318382333935	0.014208135821073244
6.295	-4.251775104505993	0.014332495872023558
6.305	-4.238336389846064	0.012933445298832539
6.315	-4.225003470627872	0.013493065528108946
6.325	-4.211777468627817	0.015389556305101217
6.335	-4.1986593963362004	0.014550125961186605
6.345	-4.185650158242919	0.015296286266888483
6.355	-4.17275055219625	0.013897235693697463
6.365	-4.159961270833369	0.015109746190463014
6.375	-4.147282903081093	0.013835055668222306
6.385	-4.134715935725372	0.014892116101299965
6.395	-4.122260755048019	0.015762636457952155
6.405	-4.109917648529037	0.01501647615225028
6.415	-4.09768680661298	0.01535846629236364
6.425	-4.085568324537633	0.01607353658532794
6.435	-4.0735622042233555	0.015078656177725434
6.445	-4.061668356221312	0.017099507005668018
6.455	-4.049886601718838	0.01551391635605153
6.465	-4.038216674600132	0.017876757324107474
6.475	-4.026658223560406	0.017534767183994115
6.485	-4.015210814271657	0.018063297400532943
6.495	-4.003873931598134	0.018187657451483256
6.505	-3.992646981859547	0.01899599778266029
6.515	-3.9815292951400996	0.01865400764254693
6.525	-3.9705201276413242	0.017192777043880753
6.535	-3.959618664076714	0.018094387413270522
6.545	-3.948824020106096	0.01915144784634818
6.555	-3.9381352448077385	0.018964907769922712
6.565	-3.9275513231860515	0.018933817757185133
6.575	-3.9170711787128005	0.019462347973723964
6.585	-3.906693675899742	0.018902727744447557
6.595	-3.896417622900501	0.02023959829216342
6.605	-3.886241774139579	0.020581588432276778
6.615	-3.876164832966315	0.020550498419539202
6.625	-3.8661854543316263	0.01899599778266029
6.635	-3.856302247485324	0.02039504835585131
6.645	-3.8465137786918695	0.020146328253950685
6.655	-3.836818573962306	0.01952452799919912
6.665	-3.8272151218001835	0.021669738878092017
6.675	-3.81770187595929	0.021638648865354437
6.685	-3.8082772582109325	0.02002196820300037
6.695	-3.7989396611185935	0.02107902863607803
6.705	-3.789687450817731	0.020799218521439827
6.715	-3.7805189697985018	0.020985758597865296
6.725	-3.771432539689226	0.02145210878892897
6.735	-3.762426464038365	0.022260449120106003
6.745	-3.753499031092839	0.022602439260219362
6.755	-3.744648516570466	0.021887368967255065
6.765	-3.735873186424385	0.022726799311169676
6.775	-3.727171299597252	0.02285115936211999
6.785	-3.7185411107630912	0.022757889323907255
6.795	-3.709980873054642	0.022073909043680534
6.805	-3.7014888407740703	0.023472959616871552
6.815	-3.6930632720849577	0.021856278954517486
6.825	-3.684702431683466	0.025369450393863825
6.835	-3.6764045934465965	0.023783859744247335
6.845	-3.6681680430555224	0.02437456998626132
6.855	-3.6599910805919436	0.02213608906915569
6.865	-3.6518720231054864	0.023286419540446083
6.875	-3.643809207150129	0.024281299948048587
6.885	-3.6358009912877702	0.024716560126374684
6.895	-3.627845758556952	0.02617779072504086
6.905	-3.619941918904888	0.025711440533977184
6.915	-3.612087911580924	0.025555990470289294
6.925	-3.604282207489592	0.026053430674090546
6.935	-3.5965233115014774	0.026271060763253595
6.945	-3.588809764720125	0.02443675001173648
6.955	-3.5811401467032726	0.02543163041933898
6.965	-3.5735130776366963	0.02810537151477071
6.975	-3.5659272204590504	0.02723485115811852
6.985	-3.558381282936068	0.02636433080146633
6.995	-3.5508740196825483	0.02723485115811852
7.005	-3.5434042341306125	0.02564926050850203
7.015	-3.535970780442731	0.026395420814203905
7.025	-3.5285725653680804	0.027701201349182192
7.035	-3.5212085500408223	0.027514661272756723
7.045	-3.5138777517189625	0.028198641552983444
7.055	-3.5065792454624507	0.02596016063587781
7.065	-3.4993121657493	0.030965652686627904
7.075	-3.492075708028469	0.02913134193511079
7.085	-3.4848691302083705	0.030281672406401183
7.095	-3.4776917540798618	0.02891371184594774
7.105	-3.470542966672676	0.0289758918714229
7.115	-3.463422221544261	0.03087238264841517
7.125	-3.4563290400000564	0.02928679199879868
7.135	-3.44926301224431	0.03090347266115275
7.145	-3.442223798460569	0.02910025192237321
7.155	-3.4352111298210195	0.02981532221533751
7.165	-3.428224809423952	0.02978423220259993
7.175	-3.421264713158629	0.030779112610202435
7.185	-3.4143307904969147	0.030779112610202435
7.195	-3.40742306521109	0.03224034320886861
7.205	-3.400541636017297	0.029908592253550245
7.215	-3.39368667714416	0.03053039250830181
7.225	-3.386858438826129	0.03164963296685463
7.235	-3.380057247721217	0.031058922724840638
7.245	-3.37328350725279	0.03351503373110932
7.255	-3.3665376978751684	0.03196053309423041
7.265	-3.3598203772628583	0.03186726305601767
7.275	-3.3531321804232546	0.03329740364194627
7.285	-3.346473819732732	0.03320413360373353
7.295	-3.3398460848961267	0.03398138392217299
7.305	-3.333249842829621	0.03363939378205963
7.315	-3.326686037467107	0.03301759352730806
7.325	-3.3201556894902255	0.03292432348909533
7.335	-3.313659895982221	0.03388811388396026
7.345	-3.3071998300059287	0.03373266382027237
7.355	-3.3007767401061736	0.03261342336171955
7.365	-3.2943919497369833	0.034447734113236664
7.375	-3.2880468566140086	0.0338259338584851
7.385	-3.2817429319926847	0.035784604660952526
7.395	-3.2754817198726265	0.036188774826541044
7.405	-3.269264836128886	0.03715256522140597
7.415	-3.2630939675707107	0.03559806458452706
7.425	-3.2569708709284964	0.03534934448262643
7.435	-3.2508973717697143	0.0362509548520162
7.445	-3.2448753633446037	0.036313134877491354
7.455	-3.2389068053625127	0.03671730504307987
7.465	-3.232993722699763	0.03665512501760472
7.475	-3.227138204040065	0.03712147520866839
7.485	-3.2213424004484423	0.03646858494117925
7.495	-3.2156085238797605	0.03833398570543394
7.505	-3.2099388456229834	0.03836507571817152
7.515	-3.2043356946822787	0.03842725574364667
7.525	-3.198801456096239	0.03811635561627089
7.535	-3.1933385691964395	0.039795216304100114
7.545	-3.1879495258066313	0.03858270580733457
7.555	-3.1826368683839488	0.03895578596018551
7.565	-3.1774031881034848	0.03892469594744793
7.575	-3.1722511228877175	0.041163176864553556
7.585	-3.167183355382183	0.039328866113036445
7.595	-3.1622026108790235	0.03970194626588738
7.605	-3.157311655189849	0.04029265650790137
7.615	-3.1525132924695978	0.03970194626588738
7.625	-3.14781036299299	0.039391046138511604
7.635	-3.1432057408852305	0.04094554677539051
7.645	-3.138702331808701	0.039422136151249176
7.655	-3.1343030706073436	0.041722797093829964
7.665	-3.1300109189105525	0.041567347030142074
7.675	-3.125828862698301	0.041349716940979026
7.685	-3.1217599098294273	0.04274876751417005
7.695	-3.1178070875348776	0.04035483653337653
7.705	-3.113973439877806	0.0403859265461141
7.715	-3.110262025182469	0.04063464664801473
7.725	-3.1066759134338477	0.04194042718299301
7.735	-3.103218183649938	0.04343274779439677
7.745	-3.099891921228721	0.04190933717025544
7.755	-3.0967002152718432	0.04032374652063895
7.765	-3.0936461558869555	0.039546496202199494
7.775	-3.0907328314708544	0.041163176864553556
7.785	-3.0879633259754247	0.043028577628808254
7.795	-3.0853407161584623	0.04013720644421348
7.805	-3.0828680688215098	0.04445871821473685
7.815	-3.08054843803678	0.04333947775618403
7.825	-3.0783848623652568	0.041287536915503874
7.835	-3.076380362068173	0.042810947539645205
7.845	-3.074537936313919	0.0432462077179713
7.855	-3.0728605603825585	0.041349716940979026
7.865	-3.0713511828701066	0.04548468863507693
7.875	-3.070012722894677	0.042655497475957316
7.885	-3.0688480673066905	0.042810947539645205
7.895	-3.067860067905268	0.043121847667020985
7.905	-3.067051538662964	0.04604430886435334
7.915	-3.0664252529609985	0.044738528329375055
7.925	-3.065983940837087	0.042997487616070675
7.935	-3.065730286248081	0.04417890810009865
7.945	-3.065666924349463	0.04218914728489364
7.955	-3.0657964387938903	0.041256446902766294
7.965	-3.066121359050836	0.042997487616070675
7.975	-3.0666441577494803	0.044769618342112634
7.985	-3.0673672480468994	0.041442986979191763
7.995	-3.068292981023659	0.043090757654283406
8.005	-3.0694236431088227	0.044831798367587786
8.015	-3.0707614535364534	0.042624407463219736
8.025	-3.072308561835635	0.042873127565120364
8.035	-3.074067045355946	0.04511160848222599
8.045	-3.0760389068304663	0.042531137425007
8.055	-3.0782260719781727	0.04206478723394333
8.065	-3.080630387147722	0.043090757654283406
8.075	-3.0832536170044937	0.04271767750143247
8.085	-3.0860974422627843	0.041163176864553556
8.095	-3.089163457464991	0.041442986979191763
8.105	-3.0924531688096133	0.04169170708109239
8.115	-3.0959679920298666	0.04044810657158926
8.125	-3.0997092503246266	0.04212696725941848
8.135	-3.103678172343492	0.042935307590595516
8.145	-3.107875890227596	0.04150516700466692
8.155	-3.1123034377078325	0.0403859265461141
8.165	-3.116961748262133	0.041194266877291136
8.175	-3.121851653333338	0.04206478723394333
8.185	-3.126973880609226	0.04175388710656754
8.195	-3.132329052366182	0.039453226163986756
8.205	-3.137917683877955	0.03976412629136254
8.215	-3.14374018189092	0.04026156649516379
8.225	-3.149796843167227	0.040541376609802
8.235	-3.1560878530971324	0.03892469594744793
8.245	-3.1626132843817976	0.037650005425207224
8.255	-3.169373095787803	0.03830289569269636
8.265	-3.176367130974528	0.039453226163986756
8.275	-3.1835951173955537	0.037556735386994486
8.285	-3.19105666527517	0.03880033589649762
8.295	-3.1987512666610036	0.03836507571817152
8.305	-3.2066782945537593	0.0382407156672212
8.315	-3.2148370021150203	0.03814744562900847
8.325	-3.223226521953965	0.039328866113036445
8.335	-3.2318458654938134	0.037743275463419955
8.345	-3.2406939224188216	0.037929815539845424
8.355	-3.2497694602024962	0.03522498443167612
8.365	-3.259071123717705	0.03752564537425691
8.375	-3.2685974349292897	0.0362509548520162
8.385	-3.27834679266974	0.03733910529783144
8.395	-3.2883174724984072	0.034416644100499084
8.405	-3.2985076266446915	0.03373266382027237
8.415	-3.3089152840356206	0.03242688328529408
8.425	-3.3195383504080676	0.0338259338584851
8.435	-3.330374608505951	0.03276887342540744
8.445	-3.341421718362576	0.03279996343814502
8.455	-3.352677217668268	0.03286214346362017
8.465	-3.3641385222233886	0.034043563947648146
8.475	-3.3758029264767844	0.03258233334898197
8.485	-3.387667604149603	0.032302523234343766
8.495	-3.3997296089444062	0.03146309289042915
8.505	-3.411985875339451	0.030437122470089076
8.515	-3.4244332194678666	0.031152192763053373
8.525	-3.437068340081568	0.02894480185868532
8.535	-3.449887819599451	0.031121102750315793
8.545	-3.4628881252396058	0.029380062037011413
8.555	-3.476065610235019	0.02984641222807509
8.565	-3.489416515132304	0.03046821248282665
8.575	-3.5029369691728967	0.029006981884160475
8.585	-3.5166229917560905	0.029877502240812665
8.595	-3.5304704939832248	0.02872717176952227
8.605	-3.544475280282328	0.02807428150203313
8.615	-3.558633050112402	0.027639021323707033
8.625	-3.572939399746477	0.028136461527508285
8.635	-3.587389824132601	0.02701722106895547
8.645	-3.6019797188317386	0.025991250648615388
8.655	-3.6167043820316023	0.026022340661352967
8.665	-3.63155901663535	0.025214000330175936
8.675	-3.6465387324240086	0.024498930037211635
8.685	-3.6616385482914526	0.02334859956592124
8.695	-3.6768533945507427	0.024312389960786166
8.705	-3.692178115310506	0.024094759871623118
8.715	-3.707607470920042	0.022571349247481786
8.725	-3.7231361404817758	0.022975519413070303
8.735	-3.738758724429649	0.023255329527708507
8.745	-3.7544697471719344	0.02111011864881561
8.755	-3.770263659796979	0.02182518894177991
8.765	-3.786134842840276	0.020270688304901
8.775	-3.802077609111304	0.020301778317638575
8.785	-3.818086206578398	0.020519408406801623
8.795	-3.834154821309989	0.021358838750716234
8.805	-3.8502775804704825	0.020270688304901
8.815	-3.866448555368926	0.019773248101099747
8.825	-3.8826617645587076	0.01868509765528451
8.835	-3.8989111769863576	0.019835428126574902
8.845	-3.9151907151875722	0.018436377553383884
8.855	-3.931494258528522	0.019835428126574902
8.865	-3.9478156464904552	0.018405287540646305
8.875	-3.964148681995577	0.017130597018405597
8.885	-3.9804871347721575	0.017534767183994115
8.895	-3.99682474475682	0.01607353658532794
8.905	-4.013155225531853	0.017752397273157163
8.915	-4.02947226779543	0.017037326980192863
8.925	-4.045769542862597	0.01691296692924255
8.935	-4.062040706194773	0.015296286266888483
8.945	-4.078279400955616	0.016353346699966142
8.955	-4.094479261590945	0.01694405694198013
8.965	-4.110633917430526	0.015389556305101217
8.975	-4.126736996309367	0.015949176534377624
8.985	-4.142782128206266	0.015265196254150905
8.995	-4.158762948897285	0.015824816483427314
9.005	-4.17467310362178	0.015109746190463014
9.015	-4.190506250758697	0.014083775770122932
9.025	-4.206256065510686	0.015482826343313952
9.035	-4.2219162435937365	0.015140836203200591
9.045	-4.237480504929891	0.014861026088562388
9.055	-4.25294259734068	0.012840175260619804
9.065	-4.2682963002388385	0.014736666037612076
9.075	-4.283535428315922	0.01358633556632168
9.085	-4.298653835223415	0.012436005095031287
9.095	-4.313645417244882	0.01324434542620832
9.105	-4.328504116956799	0.012622545171456756
9.115	-4.343223926875591	0.011938564891230035
9.125	-4.357798893088521	0.0118452948530173
9.135	-4.372223118865989	0.01203183492944277
9.145	-Inf	0.0
9.155	-Inf	0.0
9.165	-Inf	0.0
9.175	-Inf	0.0
9.185	-Inf	0.0
9.195	-Inf	0.0
9.205	-Inf	0.0
9.215	-Inf	0.0
9.225	-Inf	0.0
9.235	-Inf	0.0
9.245	-Inf	0.0
9.255	-Inf	0.0
9.265	-Inf	0.0
9.275	-Inf	0.0
9.285	-Inf	0.0
9.295	-Inf	0.0
9.305	-Inf	0.0
9.315	-Inf	0.0
9.325	-Inf	0.0
9.335	-Inf	0.0
9.345	-Inf	0.0
9.355	-Inf	0.0
9.365	-Inf	0.0
9.375	-Inf	0.0
9.385	-Inf	0.0
9.395	-Inf	0.0
9.405	-Inf	0.0
9.415	-Inf	0.0
9.425	-Inf	0.0
9.435	-Inf	0.0
9.445	-Inf	0.0
9.455	-Inf	0.0
9.465	-Inf	0.0
9.475	-Inf	0.0
9.485	-Inf	0.0
9.495	-Inf	0.0
9.505	-Inf	0.0
9.515	-Inf	0.0
9.525	-Inf	0.0
9.535	-Inf	0.0
9.545	-Inf	0.0
9.555	-Inf	0.0
9.565	-Inf	0.0
9.575	-Inf	0.0
9.585	-Inf	0.0
9.595	-Inf	0.0
9.605	-Inf	0.0
9.615	-Inf	0.0
9.625	-Inf	0.0
9.635	-Inf	0.0
9.645	-Inf	0.0
9.655	-Inf	0.0
9.665	-Inf	0.0
9.675	-Inf	0.0
9.685	-Inf	0.0
9.695	-Inf	0.0
9.705	-Inf	0.0
9.715	-Inf	0.0
9.725	-Inf	0.0
9.735	-Inf	0.0
9.745	-Inf	0.0
9.755	-Inf	0.0
9.765	-Inf	0.0
9.775	-Inf	0.0
9.785	-Inf	0.0
9.795	-Inf	0.0
9.805	-Inf	0.0
9.815	-Inf	0.0
9.825	-Inf	0.0
9.835	-Inf	0.0
9.845	-Inf	0.0
9.855	-Inf	0.0
9.865	-Inf	0.0
9.875	-Inf	0.0
9.885	-Inf	0.0
9.895	-Inf	0.0
9.905	-Inf	0.0
9.915	-Inf	0.0
9.925	-Inf	0.0
9.935	-Inf	0.0
9.945	-Inf	0.0
9.955	-Inf	0.0
9.965	-Inf	0.0
9.975	-Inf	0.0
9.985	-Inf	0.0
9.995	-Inf	0.0
