0.005	-Inf	0.0
0.015	-Inf	0.0
0.025	-Inf	0.0
0.035	-Inf	0.0
0.045	-Inf	0.0
0.055	-Inf	0.0
0.065	-Inf	0.0
0.075	-Inf	0.0
0.085	-Inf	0.0
0.095	-Inf	0.0
0.105	-Inf	0.0
0.115	-Inf	0.0
0.125	-Inf	0.0
0.135	-Inf	0.0
0.145	-Inf	0.0
0.155	-Inf	0.0
0.165	-Inf	0.0
0.175	-Inf	0.0
0.185	-Inf	0.0
0.195	-Inf	0.0
0.205	-Inf	0.0
0.215	-Inf	0.0
0.225	-Inf	0.0
0.235	-Inf	0.0
0.245	-Inf	0.0
0.255	-Inf	0.0
0.265	-Inf	0.0
0.275	-Inf	0.0
0.285	-Inf	0.0
0.295	-Inf	0.0
0.305	-Inf	0.0
0.315	-Inf	0.0
0.325	-Inf	0.0
0.335	-Inf	0.0
0.345	-Inf	0.0
0.355	-Inf	0.0
0.365	-Inf	0.0
0.375	-Inf	0.0
0.385	-Inf	0.0
0.395	-Inf	0.0
0.405	-Inf	0.0
0.415	-Inf	0.0
0.425	-Inf	0.0
0.435	-Inf	0.0
0.445	-Inf	0.0
0.455	-Inf	0.0
0.465	-Inf	0.0
0.475	-Inf	0.0
0.485	-Inf	0.0
0.495	-Inf	0.0
0.505	-Inf	0.0
0.515	-Inf	0.0
0.525	-Inf	0.0
0.535	-Inf	0.0
0.545	-Inf	0.0
0.555	-Inf	0.0
0.565	-Inf	0.0
0.575	-Inf	0.0
0.585	-Inf	0.0
0.595	-Inf	0.0
0.605	-Inf	0.0
0.615	-Inf	0.0
0.625	-Inf	0.0
0.635	-Inf	0.0
0.645	-Inf	0.0
0.655	-Inf	0.0
0.665	-Inf	0.0
0.675	-Inf	0.0
0.685	-Inf	0.0
0.695	-Inf	0.0
0.705	-Inf	0.0
0.715	-Inf	0.0
0.725	-Inf	0.0
0.735	-Inf	0.0
0.745	-Inf	0.0
0.755	-Inf	0.0
0.765	-Inf	0.0
0.775	-Inf	0.0
0.785	-Inf	0.0
0.795	-Inf	0.0
0.805	-Inf	0.0
0.815	-Inf	0.0
0.825	-Inf	0.0
0.835	-Inf	0.0
0.845	-Inf	0.0
0.855	-Inf	0.0
0.865	-Inf	0.0
0.875	-Inf	0.0
0.885	-Inf	0.0
0.895	-Inf	0.0
0.905	-Inf	0.0
0.915	-Inf	0.0
0.925	-Inf	0.0
0.935	-Inf	0.0
0.945	-Inf	0.0
0.955	-Inf	0.0
0.965	-Inf	0.0
0.975	0.5578232946088657	0.6304517482406591
0.985	0.5691284594526356	0.6754192911891933
0.995	0.5804000768236777	0.6806296362159756
1.005	0.5916276659186377	0.6535584957507371
1.015	0.602800741614095	0.6714548982340328
1.025	0.6139088206297894	0.6801765627353858
1.035	0.6249414276903549	0.6588821091476669
1.045	0.6358881016819131	0.6696426043116738
1.055	0.6467384017998787	0.6696426043116738
1.065	0.6574819136843408	0.6801765627353858
1.075	0.6681082555393929	0.6746264125981611
1.085	0.6786070842327785	0.6571830835954552
1.095	0.6889681013722764	0.6774581218518472
1.105	0.6991810593552032	0.6670374317982826
1.115	0.7092357673874938	0.6853869077621682
1.125	0.7191220974687815	0.673040655416097
1.135	0.7288299903399724	0.6976198917380918
1.145	0.7383494613897912	0.6947881824844058
1.155	0.7476706065168319	0.6946749141142583
1.165	0.7567836079436636	0.7018108214335471
1.175	0.7656787399795613	0.7035098469857588
1.185	0.7743463747284944	0.7010179428425151
1.195	0.7827769877389994	0.7142703421497657
1.205	0.7909611635926466	0.7035098469857588
1.215	0.7988896014277984	0.7237848852421508
1.225	0.806553120395449	0.7043027255767909
1.235	0.8139426650439332	0.7065680929797397
1.245	0.8210493106293675	0.7268431312361316
1.255	0.8278642683487178	0.7143836105199132
1.265	0.8343788904924416	0.7120049747468169
1.275	0.8405846755136979	0.7209531759884648
1.285	0.8464732730111773	0.7308075241912921
1.295	0.8520364886226517	0.7335259650748307
1.305	0.8572662888264082	0.7210664443586122
1.315	0.8621548056477637	0.7339790385554205
1.325	0.8666943412679622	0.7091732654931309
1.335	0.8708773725327548	0.7077007766812141
1.345	0.8746965553580912	0.7251441056839201
1.355	0.8781447290303535	0.7276360098271638
1.365	0.8812149203986788	0.721292981098907
1.375	0.8839003479569425	0.7134774635587336
1.385	0.8861944258130783	0.7274094730868689
1.395	0.888090767543448	0.7262767893853945
1.405	0.8895831899300657	0.7130243900781439
1.415	0.8906657165785534	0.724351227092888
1.425	0.8913325814147504	0.7092865338632782
1.435	0.8915782320580234	0.7180081983646313
1.445	0.891397333069345	0.7199337606571378
1.455	0.8907847690723254	0.7161959044422722
1.465	0.8897356477454348	0.7004516009917778
1.475	0.8882453026837549	0.6978464284783867
1.485	0.8863092961286516	0.6938820355232262
1.495	0.8839234215638632	0.6890114956068862
1.505	0.881083706176577	0.6930891569321942
1.515	0.8777864131821231	0.6917299364904248
1.525	0.874028044011051	0.6849338342815784
1.535	0.8698053403573707	0.6742866074877188
1.545	0.8651152860868869	0.6708885563832956
1.555	0.8599551090046031	0.6637526490640068
1.565	0.8543222824802528	0.671228361493738
1.575	0.8482145269311454	0.6506135181269036
1.585	0.8416298111615408	0.6497073711657241
1.595	0.8345663535579069	0.6346426779361144
1.605	0.8270226231394577	0.6485746874642496
1.615	0.818997340463496	0.637134582079358
1.625	0.8104894783851522	0.6372478504495055
1.635	0.8014982626711746	0.6136880294588377
1.645	0.7920231724675855	0.6155003233811968
1.655	0.7820639406210159	0.6174258856737033
1.665	0.7716205538537024	0.596584505566574
1.675	0.7606932527921475	0.6006621668918819
1.685	0.7492825318495926	0.5980569943784908
1.695	0.7373891389624907	0.5701929753222202
1.705	0.7250140751812952	0.5723450743550216
1.715	0.7121585941159423	0.5653224354058802
1.725	0.698824201236486	0.5423289562659496
1.735	0.6850126530294713	0.5516169626180398
1.745	0.6707259560106635	0.5234131384513269
1.755	0.6559663655948893	0.5305490457706157
1.765	0.640736384823779	0.5325878764332697
1.775	0.6250387629523391	0.5121995698067302
1.785	0.60887649389532	0.5051769308575889
1.795	0.5922528145344499	0.5082351768515697
1.805	0.5751712028877058	0.4841090140101647
1.815	0.5576353761418238	0.47969154757441446
1.825	0.5396492885493864	0.47652003321028613
1.835	0.5212171291918799	0.4611155348702341
1.845	0.5023433196101861	0.4446916211988551
1.855	0.4830325113040632	0.4395945445422202
1.865	0.3735624233479702	0.41342955103816126
1.875	0.3545657627414476	0.39406065974294874
1.885	0.33514741072754384	0.38341343294908925
1.895	0.31531291107487736	0.37910923488348647
1.905	0.2950680231029503	0.36461088350461396
1.915	0.274418718432448	0.3545299985614917
1.925	0.2533711776175098	0.35577595063311357
1.935	0.23193178666209424	0.3460348708004336
1.945	0.2101071334226552	0.34478891872881173
1.955	0.18790400389940798	0.3176045098934258
1.965	0.16532937841851125	0.31828412011431045
1.975	0.1423904277075677	0.32168217121873366
1.985	0.11909450886692374	0.3080899668010407
1.995	0.09544916123925684	0.3083165035413356
2.005	0.07146210218006255	0.30276635340411095
2.015	0.04714122273166843	0.3011805962220468
2.025	0.022494583203466534	0.29857542370865564
2.035	-0.0024695913388943502	0.3061644045085342
2.045	-0.027742915672542834	0.2963100563057068
2.055	-0.053316849101809116	0.2918925898699566
2.065	-0.07918270022514218	0.2848699509208152
2.075	-0.10533163178157157	0.2844168774402254
2.085	-0.13175466557372129	0.2773942384910841
2.095	-0.1584426874643754	0.2878149285446487
2.105	-0.18538645244347196	0.2607437880794102
2.115	-0.21257658976247884	0.28203824166712915
2.125	-0.24000360813293886	0.2736563822762185
2.135	-0.2676579009860647	0.25632632164366
2.145	-0.2955297517901314	0.26278261874206416
2.155	-0.32360933942241776	0.2605172513391153
2.165	-0.3518867435924664	0.24692504692142234
2.175	-0.3803519503132957	0.26085705644955764
2.185	-0.4089948574173067	0.259158030897346
2.195	-0.4378052801134837	0.24817099899304418
2.205	-0.4667729565825553	0.24477294788862095
2.215	-0.49588755360669756	0.23627782012756282
2.225	-0.525138672230414	0.24726485203186466
2.235	-0.5545158534491343	0.2452260213692107
2.245	-0.5840085839221427	0.22914191280827403
2.255	-0.6136063017063473	0.2200804431964787
2.265	-0.6432984020074995	0.22132639526810058
2.275	-0.6730742429453598	0.22619693518444053
2.285	-0.7029231513293893	0.21033936336379874
2.295	-0.7328344284414863	0.22076005341736335
2.305	-0.7627973558223129	0.2044494081161318
2.315	-0.7928012010577744	0.20376979789524713
2.325	-0.822835223562185	0.19289603436109276
2.335	-0.852888680354665	0.20841380107129223
2.345	-0.8829508318253794	0.18927144651637465
2.355	-0.9130109474881352	0.19618081709536855
2.365	-0.9430583117159977	0.19686042731625322
2.375	-0.9730822294564563	0.18326822289856023
2.385	-1.003072031922833	0.1913102771790286
2.395	-1.03301708225853	0.17228119099425843
2.405	-1.0629067811708002	0.16956275011071983
2.415	-1.092730572530745	0.16775045618836076
2.425	-1.1224779489362058	0.1777180727613356
2.435	-1.1521384572343556	0.17284753284499563
2.445	-1.1817017040007034	0.15665015591391152
2.455	-1.211157360971366	0.16163396420039894
2.465	-1.240495170425399	0.15234595784830873
2.475	-1.269704950514104	0.1487213700035906
2.485	-1.298776600534174	0.1495142485946227
2.495	-1.3277001061416869	0.1495142485946227
2.505	-1.356465544503871	0.146002929120052
2.515	-1.385063089385735	0.15393171503037292
2.525	-1.4134830161686034	0.14441717193798784
2.535	-1.4417157067977013	0.13354340840383344
2.545	-1.4697516546559526	0.13309033492324368
2.555	-1.4975814693612217	0.13399648188442323
2.565	-1.5251958814842712	0.12946574707852557
2.575	-1.5525857471847586	0.12946574707852557
2.585	-1.57974205276266	0.12742691641587162
2.595	-1.6066559191225789	0.12097061931746746
2.605	-1.6333186061483795	0.11927159376525583
2.615	-1.6597215169857826	0.12176349790849954
2.625	-1.6858562022304708	0.11768583658319165
2.635	-1.7117143640194235	0.11338163851758888
2.645	-1.7372878600232131	0.11530720081009538
2.655	-1.762568707337059	0.11168261296537725
2.665	-1.7875490862685406	0.10556612097741541
2.675	-1.8122213440198875	0.10635899956844751
2.685	-1.8365779982628656	0.10273441172372938
2.695	-1.8606117406043392	0.10488651075653077
2.705	-1.8843154399406665	0.1011486545416652
2.715	-1.9076821456991304	0.10126192291181264
2.725	-1.9307050909647456	0.10375382705505636
2.735	-1.953377695490738	0.0965046513656201
2.745	-1.9756935685912318	0.0959383095148829
2.755	-1.9976465119145825	0.09639138299547266
2.765	-2.0192305220960103	0.09888328713871637
2.775	-2.0404397932881775	0.09548523603429313
2.785	-2.061268719568471	0.09208718492986989
2.795	-2.0817118972218256	0.08902893893588897
2.805	-2.1017641268979954	0.08970854915677362
2.815	-2.1214204156422483	0.0820062999867476
2.825	-2.1406759787985963	0.08789625523441455
2.835	-2.159526241784657	0.08653703479264525
2.845	-2.1779668417374216	0.07860824888232436
2.855	-2.1959936290292332	0.07860824888232436
2.865	-2.2136026686533627	0.07724902844055506
2.875	-2.2307902414786653	0.08245937346733737
2.885	-2.247552845372892	0.08302571531807457
2.895	-2.26388719619428	0.08087361628527319
2.905	-2.279790228651163	0.0800807376942411
2.915	-2.295259097029402	0.079287859103209
2.925	-2.3102911757875386	0.06728141186758022
2.935	-2.3248840600196417	0.07453058755701647
2.945	-2.339035565785892	0.07860824888232436
2.955	-2.3527437303110768	0.07747556518084994
2.965	-2.3660068120511815	0.07588980799878577
2.975	-2.378823290628408	0.06682833838699044
2.985	-2.3911918666349923	0.07747556518084994
2.995	-2.4031114613063016	0.06796102208846486
3.005	-2.4145812160637394	0.06830082719890719
3.015	-2.4256004919281215	0.06773448534816998
3.025	-2.4361688688041845	0.07067946297200346
3.035	-2.446286144637071	0.06569565468551604
3.045	-2.4559523344416085	0.06252414032138767
3.055	-2.465167669205359	0.07192541504362532
3.065	-2.473932594666457	0.07022638949141369
3.075	-2.4822477699673207	0.0707927313421509
3.085	-2.4901140661854333	0.06920697416008671
3.095	-2.4975325647424316	0.06309048217212487
3.105	-2.5045045556928325	0.05991896780799652
3.115	-2.511031535893779	0.06682833838699044
3.125	-2.51711520705732	0.06569565468551604
3.135	-2.5227574736867027	0.06988658438097137
3.145	-2.5279604408983403	0.06037204128858629
3.155	-2.5327264121311153	0.06309048217212487
3.165	-2.537057886744762	0.05969243106770163
3.175	-2.540957557509154	0.06410989750345185
3.185	-2.544428307986368	0.05799340551549002
3.195	-2.547473209807478	0.06071184639902861
3.205	-2.5500955198460735	0.06467623935418906
3.215	-2.552298677290576	0.058673015736374665
3.225	-2.5540863006174956	0.06048530965873373
3.235	-2.5554621844677836	0.05833321062593234
3.245	-2.556430296428556	0.061051651509470936
3.255	-2.556994773722469	0.06275067706168255
3.265	-2.557159919807099	0.05674745344386816
3.275	-2.5569302008867467	0.06229760358109279
3.285	-2.556310242339108	0.06241087195124023
3.295	-2.555304825059321	0.06082511476917605
3.305	-2.5539188817239395	0.06059857802888117
3.315	-2.552157492977443	0.06229760358109279
3.325	-2.550025883543908	0.07124580482274066
3.335	-2.5475294182665387	0.0669416067571379
3.345	-2.54467359807778	0.06501604446463138
3.355	-2.541464055902771	0.06716814349743278
3.365	-2.537906552498943	0.06546911794522114
3.375	-2.534006972234611	0.06546911794522114
3.385	-2.529771318809394	0.06626199653625324
3.395	-2.525205710919412	0.06433643424374673
3.405	-2.5203163778701345	0.0669416067571379
3.415	-2.5151096551398977	0.06354355565271465
3.425	-2.5095919798970185	0.06546911794522114
3.435	-2.5037698864735427	0.0675079486078751
3.445	-2.4976500017986516	0.06399662913330441
3.455	-2.491239040794764	0.0675079486078751
3.465	-2.484543801739413	0.06422316587359929
3.475	-2.4775711615959564	0.05935262595725931
3.485	-2.470328071316248	0.06252414032138767
3.495	-2.4628215511183367	0.06071184639902861
3.505	-2.4550586857423484	0.07056619460185601
3.515	-2.447046619687637	0.06660180164669556
3.525	-2.4387925524343643	0.061051651509470936
3.535	-2.430303733652613	0.0675079486078751
3.545	-2.4215874584021977	0.06467623935418906
3.555	-2.412651062326276	0.06716814349743278
3.565	-2.40350191684191	0.07283156200480484
3.575	-2.3941474243307015	0.07305809874509972
3.585	-2.3845950133326115	0.06773448534816998
3.595	-2.3748521337460824	0.0707927313421509
3.605	-2.3649262520375736	0.06909370578993927
3.615	-2.3548248464635706	0.07147234156303554
3.625	-2.3445554023081603	0.07158560993318298
3.635	-2.33412540713924	0.06467623935418906
3.645	-2.323542346086366	0.07724902844055506
3.655	-2.312813697143297	0.07419078244657414
3.665	-2.3019469264981924	0.0727182936346574
3.675	-2.2909494838944595	0.07532346614804855
3.685	-2.2798287980251954	0.07622961310922809
3.695	-2.2685922719641303	0.07679595495996529
3.705	-2.257247278635961	0.07985420095394621
3.715	-2.2458011563289375	0.08143995813601039
3.725	-2.234261204252511	0.08211956835689505
3.735	-2.2226346781428608	0.08370532553895922
3.745	-2.210928785919001	0.08132668976586295
3.755	-2.1991506833922294	0.08279917857777969
3.765	-2.187307470031548	0.08438493575984386
3.775	-2.17540618478771	0.08234610509718993
3.785	-2.1634538019784726	0.08234610509718993
3.795	-2.151457227237577	0.0866503031627927
3.805	-2.1394232935299673	0.08110015302556807
3.815	-2.1273587572356907	0.0885758654552992
3.825	-2.1152702943048625	0.08551761946131828
3.835	-2.103164496486035	0.09525869929399824
3.845	-2.0910478676302766	0.09537196766414568
3.855	-2.0789268200731756	0.09231372167016477
3.865	-2.066807671096954	0.09775060343724196
3.875	-2.0546966394748236	0.09016162263736338
3.885	-2.0425998420996154	0.09548523603429313
3.895	-2.030523290698726	0.1019415331326973
3.905	-2.018472888637284	0.09378621048208151
3.915	-2.0064544278114385	0.10058231269092799
3.925	-1.9944735856335847	0.09469235744326104
3.935	-1.9825359221112548	0.09639138299547266
3.945	-1.9706468770213943	0.09763733506709452
3.955	-1.9588117671816068	0.09265352678060709
3.965	-1.9470357838199528	0.1011486545416652
3.975	-1.9353239900447523	0.10624573119830007
3.985	-1.92368131841583	0.10590592608785775
3.995	-1.9121125686185276	0.11202241807581959
4.005	-1.9006224052417773	0.10284768009387682
4.015	-1.8892153556614013	0.10012923921033823
4.025	-1.8778958080298038	0.11519393243994794
4.035	-1.8666680093730874	0.1057926577177103
4.045	-1.855536063796571	0.1098703190430182
4.055	-1.8445039307996383	0.10749168326992192
4.065	-1.8335754237007165	0.1156470059205377
4.075	-1.2716539826584434	0.18643973726268862
4.085	-1.2609282887346371	0.20082482027141366
4.095	-1.2503167694958548	0.1976533059072853
4.105	-1.2398226400144208	0.20071155190126622
4.115	-1.2294489629826646	0.20546882344745876
4.125	-1.219198647812018	0.19799311101772762
4.135	-1.2090744498459436	0.20954648477276666
4.145	-1.1990789696869322	0.20954648477276666
4.155	-1.1892146526377028	0.20977302151306154
4.165	-1.17948378825667	0.21328434098763221
4.175	-1.1698885100276768	0.21090570521453594
4.185	-1.1604307951438926	0.21305780424733733
4.195	-1.151112464405733	0.2206467850472159
4.205	-1.141935182232533	0.21860795438456196
4.215	-1.1329004567876735	0.22325195756060706
4.225	-1.1240096402167667	0.21668239209205548
4.235	-1.1152639289984192	0.2197406380860364
4.245	-1.106664364407048	0.22109985852780567
4.255	-1.0982118330871047	0.23446552620520378
4.265	-1.0899070677380318	0.22404483615163917
4.275	-1.08175064790917	0.22868883932768425
4.285	-1.0737430009037996	0.22302542082031218
4.295	-1.0658844027913583	0.22665000866503032
4.305	-1.0581749795268913	0.23412572109476146
4.315	-1.0506147081766557	0.2332195741335819
4.325	-1.0432034182487513	0.2386564559006591
4.335	-1.0359407931275793	0.23503186805594098
4.345	-1.0288263716108774	0.23707069871859493
4.355	-1.0218595495479716	0.2369574303484475
4.365	-1.015039581577863	0.24386680092744142
4.375	-1.0083655829656724	0.24624543670053767
4.385	-1.001836531535914	0.23661762523800517
4.395	-0.9954512697010033	0.2452260213692107
4.405	-0.989208506583332	0.238882992640954
4.415	-0.9831068202291988	0.23457879457535122
4.425	-0.9771446599128042	0.2529282705392367
4.435	-0.971320348528492	0.25360788076012136
4.445	-0.9656320850693032	0.23661762523800517
4.455	-0.960077947189921	0.25190885520790973
4.465	-0.9546558938519849	0.2541742226108586
4.475	-0.9493637680496996	0.2531548072795316
4.485	-0.9441992996136457	0.24635870507068514
4.495	-0.9391601080906078	0.25077617150643533
4.505	-0.9342437056972075	0.23922279775139632
4.515	-0.9294475003450848	0.2523619286884995
4.525	-0.9247687987353064	0.2495302194348135
4.535	-0.9202048095196633	0.24307392233640931
4.545	-0.9157526465264302	0.23978913960213352
4.555	-0.9114093320481882	0.2566661267541023
4.565	-0.9071718001891862	0.24783119388260186
4.575	-0.903036900269768	0.24817099899304418
4.585	-0.8990014002852694	0.24998329291540325
4.595	-0.8950619904168293	0.24964348780496093
4.605	-0.8912152865914837	0.24228104374537723
4.615	-0.8874578340888735	0.24420660603788374
4.625	-0.8837861111919131	0.2372972354588898
4.635	-0.8801965328786815	0.24760465714230698
4.645	-0.8766854545528313	0.24862407247363394
4.655	-0.8732491758097229	0.24499948462891583
4.665	-0.8698839442355322	0.23684416197830005
4.675	-0.866585959236517	0.24296065396626187
4.685	-0.863351375895616	0.24828426736319162
4.695	-0.8601763088535732	0.24352699581699908
4.705	-0.8570568362116959	0.24783119388260186
4.715	-0.8539890034534287	0.23095420673063308
4.725	-0.8509688273818319	0.24828426736319162
4.735	-0.847992300070112	0.2421677753752298
4.745	-0.8450553928223012	0.24567909484980047
4.755	-0.8421540601411981	0.23571147827682562
4.765	-0.8392842437006734	0.23718396708874237
4.775	-0.8364418763194389	0.2375237721991847
4.785	-0.8336228859334047	0.23922279775139632
4.795	-0.8308231995637084	0.23050113325004332
4.805	-0.8280387472775381	0.24171470189464003
4.815	-0.8252654661388846	0.23457879457535122
4.825	-0.8224993041463242	0.2315205485813703
4.835	-0.819736224154997	0.24296065396626187
4.845	-0.8169722077799245	0.23831665079021677
4.855	-0.8142032592778279	0.23163381695151775
4.865	-0.8114254094046409	0.23435225783505634
4.875	-0.8086347192459122	0.2326532322828447
4.885	-0.8058272840173373	0.2372972354588898
4.895	-0.8029992368326337	0.22789596073665216
4.905	-0.8001467524360639	0.23491859968579354
4.915	-0.797266050896877	0.22766942399635728
4.925	-0.7943534012630016	0.23503186805594098
4.935	-0.7914051251713448	0.2156629767607285
4.945	-0.7884176004120795	0.2160027818711708
4.955	-0.7853872644443265	0.23469206294549866
4.965	-0.7823106178607069	0.2326532322828447
4.975	-0.7791842277982253	0.22483771474267125
4.985	-0.7760047312930345	0.21838141764426708
4.995	-0.7727688385766321	0.23412572109476146
5.005	-0.7694733363111068	0.2216662003785429
5.015	-0.7661150907610758	0.21067916847424106
5.025	-0.7626910509000181	0.2195141013457415
5.035	-0.7591982514487501	0.22177946874869034
5.045	-0.7556338158438046	0.2288021076978317
5.055	-0.751994959133599	0.22189273711883778
5.065	-0.7482789908002333	0.2241581045217866
5.075	-0.7444833175049012	0.22098659015765823
5.085	-0.7406054457548749	0.21634258698161316
5.095	-0.7366429844901439	0.21679566046220292
5.105	-0.7325936475877886	0.22098659015765823
5.115	-0.7284552562822735	0.23276650065299215
5.125	-0.7242257414998622	0.22132639526810058
5.135	-0.719903146105451	0.21860795438456196
5.145	-0.7154856270601684	0.21679566046220292
5.155	-0.7109714574881183	0.22574386170385077
5.165	-0.7063590286507707	0.22189273711883778
5.175	-0.7016468518275101	0.2086403378115871
5.185	-0.6968335601009429	0.21385068283836944
5.195	-0.6919179100456332	0.2274428872560624
5.205	-0.6868987833189965	0.2154364400204336
5.215	-0.6817751881531513	0.21328434098763221
5.225	-0.6765462607465828	0.20931994803247178
5.235	-0.6712112665545868	0.21339760935777966
5.245	-0.6657696014774679	0.21124551032497826
5.255	-0.6602207929455904	0.2090934112921769
5.265	-0.6545645009004306	0.21033936336379874
5.275	-0.6488005186708464	0.21577624513087593
5.285	-0.6429287737438605	0.2189477594950043
5.295	-0.6369493284293308	0.2061484336683434
5.305	-0.6308623804179501	0.22132639526810058
5.315	-0.6246682632320752	0.20648823877878575
5.325	-0.6183674465690037	0.2222325422292801
5.335	-0.6119605365363361	0.21679566046220292
5.345	-0.605448275779179	0.21192512054586293
5.355	-0.5988315434989997	0.21804161253382476
5.365	-0.5921113553640225	0.22291215245016474
5.375	-0.1693287796533205	0.33063037246038157
5.385	-0.1601583405377578	0.3302905673499392
5.395	-0.1508883088494981	0.32689251624551596
5.405	-0.1415202430589637	0.33719993792893316
5.415	-0.1320558360298647	0.3466012126511708
5.425	-0.12249691428075882	0.34014491555276666
5.435	-0.11284543713949202	0.344335845248222
5.445	-0.10310349579100375	0.3420704778452731
5.455	-0.09327331221908086	0.34999926375559404
5.465	-0.08335723804267758	0.3564555608539982
5.475	-0.07335775324752891	0.34864004331382475
5.485	-0.06327746481384267	0.343316429916895
5.495	-0.053119105240927444	0.36483742024490884
5.505	-0.04288553096967718	0.3565688292241456
5.515	-0.03257972070392978	0.3720865959343451
5.525	-0.022204773631768426	0.35328404648986983
5.535	-0.011763907547903907	0.3599668803285689
5.545	-0.0012604568783451953	0.37287947452537723
5.555	0.009302129391336678	0.3714069857134605
5.565	0.019920289882831677	0.37491830518803115
5.575	0.030590353085564237	0.37163352245375536
5.585	0.041308539709350445	0.37265293778508235
5.595	0.05207096512767628	0.3805817236954032
5.605	0.06287364191000133	0.37627752562980044
5.615	0.0737124824413995	0.3941739281130962
5.625	0.08458330162781413	0.3869247524236599
5.635	0.09548181968512903	0.38726455753410227
5.645	0.10640366501018428	0.3980250526981092
5.655	0.11734437713184254	0.3893033881967562
5.665	0.12829940974011989	0.40119656706223755
5.675	0.13926413379136515	0.3982515894384041
5.685	0.15023384068739676	0.4102580366740329
5.695	0.1612037455264579	0.4121835989665394
5.705	0.17216899042381595	0.4132030142978664
5.715	0.183124647899771	0.4077661325307892
5.725	0.19406572433275482	0.43030653819013004
5.735	0.2049871634752356	0.4414068384645793
5.745	0.2158838500300102	0.42928712285880305
5.755	0.22675061328447255	0.43234536885278396
5.765	0.23758223080040097	0.43891493432133555
5.775	0.2483734321567459	0.4403874231332523
5.785	0.259118902742866	0.4579440205061057
5.795	0.26981328759964396	0.4520540652584388
5.805	0.2804511953058577	0.43755571387956627
5.815	0.29102720190712694	0.4403874231332523
5.825	0.3015358548847886	0.4444650844585602
5.835	0.31197167716195295	0.47119641981335636
5.845	0.3223291711439966	0.4620216818314136
5.855	0.3326028227907245	0.4583970939866955
5.865	0.34278710571740456	0.4454844997898872
5.875	0.3528764853218367	0.4579440205061057
5.885	0.36286542293461754	0.4614553399806764
5.895	0.3727483799897484	0.46802490544922803
5.905	0.3825198222126762	0.4791252057236773
5.915	0.3921742238228916	0.4756138862491066
5.925	0.40170607174816864	0.48671418652355586
5.935	0.4111098698475044	0.49249087340107534
5.945	0.42038014313983574	0.5021186848636079
5.955	0.42951144203559677	0.4945297040637293
5.965	0.438498346568146	0.4946429724338767
5.975	0.4473354706221244	0.5150312790604162
5.985	0.4560174661557861	0.5093678605530442
5.995	0.4645390274143324	0.531908266212385
6.005	0.4728948951313148	0.5121995698067302
6.015	0.4810798607151354	0.5225069914901473
6.025	0.48908877041770227	0.5212610394185255
6.035	0.4969165294823057	0.5441412501883086
6.045	0.5045581062677895	0.5417626144152123
6.055	0.5120085363460793	0.5443677869286035
6.065	0.5192629265701847	0.5563742341642324
6.075	0.5263164591097738	0.5346267070959235
6.085	0.5331643954514425	0.5551282820926104
6.095	0.5398020803608432	0.5527496463195142
6.105	0.5462249458038275	0.5620376526716044
6.115	0.552428514823774	0.552183304468777
6.125	0.5584084053723652	0.5687204865103035
6.135	0.564160334091012	0.5746104417579704
6.145	0.5696801200402042	0.5826524960384387
6.155	0.5749636883741078	0.5705327804326625
6.165	0.580007073957719	0.5666816558476495
6.175	0.5848064249239511	0.5749502468684127
6.185	0.5893580061680574	0.5818596174474067
6.195	0.5936582027768333	0.5999825566709973
6.205	0.5977035233900643	0.585031131811535
6.215	0.6014906034917504	0.5885424512861057
6.225	0.6050162086286797	0.5954518218650996
6.235	0.18527924962977393	0.3893033881967562
6.245	0.1870994532780097	0.39179529233999993
6.255	0.1886492900243073	0.4016496405428273
6.265	0.18992607631619096	0.3982515894384041
6.275	0.19092727358474093	0.38635841057292275
6.285	0.19165049097860143	0.39156875559970505
6.295	0.19209348800958237	0.406180375348725
6.305	0.19225417710784232	0.4036884712054813
6.315	0.19213062608466247	0.4004036884712055
6.325	0.19172106050086812	0.4028955926144492
6.335	0.19102386593905907	0.40142310380253243
6.345	0.1900375901778335	0.38658494731321763
6.355	0.1887609452662522	0.40119656706223755
6.365	0.18719280949688288	0.39156875559970505
6.375	0.18533222927580395	0.39983734662046827
6.385	0.1831784208879894	0.3933810495220641
6.395	0.18073077215664668	0.3908891453788204
6.405	0.1779888439950259	0.40300886098459665
6.415	0.17495237184941415	0.39349431789221156
6.425	0.17162126703198366	0.396439295516045
6.435	0.1679956179423283	0.38613187383262787
6.445	0.16407569117651066	0.3932677811519167
6.455	0.15986193252259595	0.39983734662046827
6.465	0.15535496784165836	0.38545226361174323
6.475	0.15055560383332456	0.39020953515793577
6.485	0.14546482868505894	0.37820308792230695
6.495	0.14008381260436598	0.3862451422027753
6.505	0.13441390823326493	0.39383412300265386
6.515	0.12845665094437397	0.38771763101469203
6.525	0.12221375901811193	0.3743519633372939
6.535	0.11568713370049932	0.38307362783864696
6.545	0.10887885914122242	0.3758244521492107
6.555	0.10179120221162274	0.3775234777014223
6.565	0.09442661220238935	0.37163352245375536
6.575	0.08678772040079763	0.3678956662388898
6.585	0.07887733954743248	0.3680089346090372
6.595	0.07069846317239215	0.3849991901311534
6.605	0.062254264811048454	0.3714069857134605
6.615	0.05354809709955921	0.36676298253741535
6.625	0.04458349075032597	0.37072737549257584
6.635	0.035364153407761445	0.35940053847783165
6.645	0.025893968384747668	0.3678956662388898
6.655	0.016176993280260454	0.37163352245375536
6.665	0.006217458478720239	0.3566820975942931
6.675	-0.0039802344682901	0.36676298253741535
6.685	-0.014411514577242879	0.36370473654343444
6.695	-0.025071643284002576	0.3681222029791847
6.705	-0.03595571641044515	0.34671448102131824
6.715	-0.047058666245407554	0.34150413599453594
6.725	-0.05837526373891988	0.3504523372361838
6.735	-0.06990012080866914	0.3556626822629661
6.745	-0.08162769275748927	0.3523778995286903
6.755	-0.09355228080065281	0.34773389635264523
6.765	-0.10566803470163588	0.34241028295571546
6.775	-0.11796895551497366	0.3390122318512922
6.785	-0.13044889843472562	0.3451287238392541
6.795	-0.14310157574704063	0.3386724267408499
6.805	-0.15592055988521147	0.3441093085079271
6.815	-0.16889928658551678	0.33119671431111875
6.825	-0.18203105814214726	0.3336886184543625
6.835	-0.19530904675938798	0.3222485130694709
6.845	-0.20872629799917286	0.332555934752888
6.855	-0.2222757343220897	0.3294976887589071
6.865	-0.23595015871980252	0.3160187527113616
6.875	-0.2497422584368746	0.3291578836484648
6.885	-0.26364460877977947	0.3169248996725411
6.895	-0.2776496770110086	0.32054948751725926
6.905	-0.2917498263259415	0.3162452894516565
6.915	-0.30593731991021844	0.3028796217742584
6.925	-0.32020432507524865	0.3040123054757328
6.935	-0.3345429174694205	0.3108084076845793
6.945	-0.34894508536255525	0.30933591887266254
6.955	-0.3634027340010702	0.3033326952548482
6.965	-0.37790769003131	0.2992550339295403
6.975	-0.39245170598837475	0.3033326952548482
6.985	-0.4070264648478071	0.2866822448431743
6.995	-0.4216235846374367	0.3043521105861751
7.005	-0.43623462310659217	0.2941579572729054
7.015	-0.4508510824498971	0.29778254511762353
7.025	-0.4654644140828144	0.2844168774402254
7.035	-0.4800660234660499	0.28498321929096265
7.045	-0.49464727497590055	0.28271785188801385
7.055	-0.509199496817621	0.2761482864194622
7.065	-0.5237139859787816	0.26810623213899387
7.075	-0.5381820132196293	0.280452484485065
7.085	-0.5525948280974221	0.2690123791001734
7.095	-0.5669436640216327	0.26278261874206416
7.105	-0.5812197433369422	0.2643683759241283
7.115	-0.5954142824308978	0.26232954526147434
7.125	-0.6095184968631049	0.25020982965569816
7.135	-0.6235236065127723	0.24647197344083258
7.145	-0.6374208407414312	0.24499948462891583
7.155	-0.6512014435676703	0.25893149415705113
7.165	-0.6648566788506084	0.2585916890466088
7.175	-0.678377835478958	0.24443314277817862
7.185	-0.6917562325623975	0.2506629031362879
7.195	-0.7049832246220318	0.24488621625876839
7.205	-0.7180502067767044	0.23854318753051165
7.215	-0.7309486199218932	0.23118074347092796
7.225	-0.7436699558979771	0.24364026418714652
7.235	-0.7562057626445741	0.23627782012756282
7.245	-0.768547649337757	0.2288021076978317
7.255	-0.7806872915068798	0.23333284250372935
7.265	-0.7926164361277755	0.2290286444381266
7.275	-0.8043269066891122	0.22653674029488288
7.285	-0.8158106082287003	0.2295949862888638
7.295	-0.8270595323365295	0.22483771474267125
7.305	-0.8380657621213596	0.21532317165028617
7.315	-0.8488214771377127	0.2189477594950043
7.325	-0.8593189582700742	0.21113224195483082
7.335	-0.8695505925712249	0.21849468601441452
7.345	-0.8795088780515642	0.22053351667706847
7.355	-0.889186428416352	0.21113224195483082
7.365	-0.8985759777478138	0.20931994803247178
7.375	-0.9076703851291003	0.20603516529819596
7.385	-0.9164626392070818	0.20728111736981783
7.395	-0.9249458626910378	0.20241057745347785
7.405	-0.9331133167843061	0.19844618449831739
7.415	-0.9409584055460001	0.21464356142940152
7.425	-0.948474680179965	0.2055820918176062
7.435	-0.9556558432481168	0.20546882344745876
7.445	-0.9624957528054582	0.19686042731625322
7.455	-0.9689884264539874	0.19674715894610578
7.465	-0.9751280453128675	0.1976533059072853
7.475	-0.9809089579021979	0.1987859896087597
7.485	-0.9863256839378193	0.20195750397288809
7.495	-0.9913729180346227	0.18893164140593233
7.505	-0.9960455333158716	0.20422287137583692
7.515	-1.0003385849261441	0.19720023242669554
7.525	-1.0042473134454832	0.1905173985879965
7.535	-1.0077671482024906	0.19312257110138764
7.545	-1.010893710484082	0.1960675487252211
7.555	-1.0136228166397236	0.19855945286846483
7.565	-1.015950481078034	0.19255622925065044
7.575	-1.0178729191536502	0.1891581781462272
7.585	-1.0193865499424106	0.19289603436109276
7.595	-1.0204879989028626	0.18088958712546396
7.605	-1.0211741004222794	0.18122939223590628
7.615	-1.021441900245344	0.18847856792534254
7.625	-1.0212886577838098	0.18009670853443188
7.635	-1.0207118483054454	0.18553359030150907
7.645	-1.0197091650007017	0.17975690342398956
7.655	-1.0182785209255867	0.19255622925065044
7.665	-1.0164180508192864	0.19346237621182996
7.675	-1.014126112795209	0.17590577883897654
7.685	-1.0114012899041245	0.18440090660003466
7.695	-1.0082423915682162	0.19198988739991324
7.705	-1.0046484548849035	0.18122939223590628
7.715	-1.0006187457993845	0.1820222708269384
7.725	-0.9961527601449219	0.19368891295212484
7.735	-0.9912502245499759	0.17839768298222025
7.745	-0.9859110972113887	0.18383456474929746
7.755	-0.9801355685328587	0.17805787787177793
7.765	-0.9739240616280908	0.18553359030150907
7.775	-0.9672772326880238	0.18530705356121419
7.785	-0.9601959712116763	0.17590577883897654
7.795	-0.9526814001001934	0.1746598267673547
7.805	-0.9447348756137861	0.18474071171047698
7.815	-0.936357987191335	0.1773782676508933
7.825	-0.9275525571324912	0.18032324527472676
7.835	-0.9183206401422358	0.17556597372853422
7.845	-0.9086645227378963	0.1752261686180919
7.855	-0.8985867225187495	0.17567924209868166
7.865	-0.888089987298367	0.16865660314954029
7.875	-0.8771772941000159	0.1705821654420468
7.885	-0.8658518480154488	0.1694494817405724
7.895	-0.8541170809275332	0.17613231557927142
7.905	-0.8419766500972582	0.16695757759732868
7.915	-0.8294344366157131	0.16956275011071983
7.925	-0.8164945437217578	0.16695757759732868
7.935	-0.8031612949861311	0.16287991627202078
7.945	-0.7894392323629095	0.16809026129880308
7.955	-0.7753331141092059	0.16061454886907195
7.965	-0.7608479125741778	0.1645789418242324
7.975	-0.7459888118584377	0.16231357442128358
7.985	-0.7307612053450603	0.1560838140631743
7.995	-0.7151706931034573	0.1593685967974501
8.005	-0.6992230791674545	0.1541582517706678
8.015	-0.6829243686890416	0.15359190991993057
8.025	-0.6662807649692559	0.1590287916870078
8.035	-0.6492986663678111	0.15438478851096268
8.045	-0.6319846630931355	0.15812264472582824
8.055	-0.6143455338745349	0.154724593621405
8.065	-0.5963882425183176	0.17296080121514307
8.075	-0.5781199343497522	0.17012909196145704
8.085	-0.5595479325428087	0.16967601848086727
8.095	-0.5406797343397395	0.17499963187779702
8.105	-0.5215230071625527	0.18734588422386814
8.115	-0.5020855846186059	0.18111612386575884
8.125	-0.48237546240249574	0.19119700880888113
8.135	-0.4624007940965811	0.19482159665359927
8.145	-0.442169886872504	0.20150443049229833
8.155	-0.42169119709611624	0.20682804388922807
8.165	-0.4009733258383273	0.21011282662350386
8.175	-0.3800250142944211	0.2069413122593755
8.185	-0.3588551391144415	0.20886687455188202
8.195	-0.3374727076473144	0.21305780424733733
8.205	-0.31588685310145714	0.22891537606797915
8.215	-0.2941068296246472	0.23922279775139632
8.225	-0.2721420073059302	0.23514513642608842
8.235	-0.25000186710254635	0.2367308936081526
8.245	-0.22769599569471488	0.24103509167375536
8.255	-0.2052340802713153	0.26006417785852554
8.265	-0.1826259032494878	0.25870495741675625
8.275	-0.1598813369311618	0.267879695398699
8.285	-0.13701033809971286	0.26821950050914134
8.295	-0.11402294255983536	0.28113209470594963
8.305	-0.09092925962386655	0.29008029594759754
8.315	-0.067739466547723	0.2960835195654119
8.325	-0.04446380291978558	0.3025398166638161
8.335	-0.021112565005994788	0.3117145546457588
8.345	0.0023038999455321507	0.3284782734275802
8.355	0.02577519943701967	0.33391515519465736
8.365	0.04929090148724846	0.3444491136183694
8.375	0.07284054042812271	0.34648794428102336
8.385	0.09641362272815246	0.3536238516003122
8.395	0.11999963283938853	0.36857527645977445
8.405	0.14358803906434192	0.36563029883594095
8.415	0.16716829943946943	0.3870380207938074
8.425	0.19072986763162247	0.3950800750742757
8.435	0.21426219884405184	0.4088988162322636
8.445	0.23775475572843185	0.4190929695455333
8.455	0.26119701429932896	0.4202256532470077
8.465	0.2845784698476468	0.43970781291236766
8.475	0.3078886428494969	0.4581705572464006
8.485	0.3311170848669611	0.4600961195389071
8.495	0.3542533844371971	0.4843355507504596
8.505	0.37728717294642866	0.4918112631801907
8.515	0.4002081304851717	0.4977012184278577
8.525	0.423005991681356	0.508574981962012
8.535	0.44567055150764734	0.53655226938843
8.545	0.4681916710596501	0.5524098412090719
8.555	0.49055928330138876	0.5621509210417518
8.565	0.5127633987746696	0.5747237101281178
8.575	0.5347941112688692	0.5935262595725931
8.585	0.556641603447718	0.5977171892680485
8.595	0.5782961524296613	0.6261475501750563
8.605	0.5997481353184873	0.6328303840137554
8.615	0.6209880346808072	0.6301119431302167
8.625	0.6420064439670705	0.666357821577398
8.635	0.6627940728728956	0.6531054222701473
8.645	0.6833417526373751	0.67689178000111
8.655	0.703640441275192	0.6801765627353858
8.665	0.7236812287393417	0.7218593229496443
8.675	0.7434553420113272	0.7430405081672158
8.685	0.7629541501156898	0.7588980799878576
8.695	0.7821691690558881	0.7815517540173459
8.705	0.8010920666684327	0.7723770160354031
8.715	0.8197146673923466	0.8046585015274239
8.725	0.8380289569510158	0.8392053544223936
8.735	0.8560270869435977	0.8338817410254639
8.745	0.8737013793431108	0.8558558048340675
8.755	0.8910443308984926	0.8796421625650301
8.765	0.9080486174378704	0.8764706482009018
8.775	0.9247070980704724	0.8908557312096269
8.785	0.9410128192844875	0.9334446383850649
8.795	0.9569590189384094	0.9554187021936685
8.805	0.9725391301433981	0.9704833954232782
8.815	0.9877467850341972	0.9849817468021507
8.825	1.0025758184263496	1.0038975646167734
8.835	1.0170202713573602	1.0115998137867994
8.845	1.0310743945096503	1.0489783759354552
8.855	1.0447326515131516	1.0388974909923328
8.865	1.0579897221254873	1.0495447177861923
8.875	1.070840505287725	1.08329869209013
8.885	1.0832801220538004	1.0805802512065914
8.895	1.095303918391782	1.1136546152896443
8.905	1.1069074678551745	1.1340429219161836
8.915	1.1180865741225905	1.1263406727461576
8.925	1.1288372734041965	1.1699489952529225
8.935	1.1391558367133534	1.1738001198379355
8.945	1.1490387720020476	1.2023437491150908
8.955	1.158482826158703	1.231906793723573
8.965	1.1674849868671138	1.2071010206612833
8.975	1.176042484325266	1.2286220109892974
8.985	1.1841527928229394	1.2437999725890545
8.995	1.1918136321770536	1.2597708127798437
9.005	1.1990229690237793	1.2934115187136337
9.015	1.205779017966595	1.2741558957885688
9.025	1.2120802425794426	1.2749487743796009
9.035	-Inf	0.0
9.045	-Inf	0.0
9.055	-Inf	0.0
9.065	-Inf	0.0
9.075	-Inf	0.0
9.085	-Inf	0.0
9.095	-Inf	0.0
9.105	-Inf	0.0
9.115	-Inf	0.0
9.125	-Inf	0.0
9.135	-Inf	0.0
9.145	-Inf	0.0
9.155	-Inf	0.0
9.165	-Inf	0.0
9.175	-Inf	0.0
9.185	-Inf	0.0
9.195	-Inf	0.0
9.205	-Inf	0.0
9.215	-Inf	0.0
9.225	-Inf	0.0
9.235	-Inf	0.0
9.245	-Inf	0.0
9.255	-Inf	0.0
9.265	-Inf	0.0
9.275	-Inf	0.0
9.285	-Inf	0.0
9.295	-Inf	0.0
9.305	-Inf	0.0
9.315	-Inf	0.0
9.325	-Inf	0.0
9.335	-Inf	0.0
9.345	-Inf	0.0
9.355	-Inf	0.0
9.365	-Inf	0.0
9.375	-Inf	0.0
9.385	-Inf	0.0
9.395	-Inf	0.0
9.405	-Inf	0.0
9.415	-Inf	0.0
9.425	-Inf	0.0
9.435	-Inf	0.0
9.445	-Inf	0.0
9.455	-Inf	0.0
9.465	-Inf	0.0
9.475	-Inf	0.0
9.485	-Inf	0.0
9.495	-Inf	0.0
9.505	-Inf	0.0
9.515	-Inf	0.0
9.525	-Inf	0.0
9.535	-Inf	0.0
9.545	-Inf	0.0
9.555	-Inf	0.0
9.565	-Inf	0.0
9.575	-Inf	0.0
9.585	-Inf	0.0
9.595	-Inf	0.0
9.605	-Inf	0.0
9.615	-Inf	0.0
9.625	-Inf	0.0
9.635	-Inf	0.0
9.645	-Inf	0.0
9.655	-Inf	0.0
9.665	-Inf	0.0
9.675	-Inf	0.0
9.685	-Inf	0.0
9.695	-Inf	0.0
9.705	-Inf	0.0
9.715	-Inf	0.0
9.725	-Inf	0.0
9.735	-Inf	0.0
9.745	-Inf	0.0
9.755	-Inf	0.0
9.765	-Inf	0.0
9.775	-Inf	0.0
9.785	-Inf	0.0
9.795	-Inf	0.0
9.805	-Inf	0.0
9.815	-Inf	0.0
9.825	-Inf	0.0
9.835	-Inf	0.0
9.845	-Inf	0.0
9.855	-Inf	0.0
9.865	-Inf	0.0
9.875	-Inf	0.0
9.885	-Inf	0.0
9.895	-Inf	0.0
9.905	-Inf	0.0
9.915	-Inf	0.0
9.925	-Inf	0.0
9.935	-Inf	0.0
9.945	-Inf	0.0
9.955	-Inf	0.0
9.965	-Inf	0.0
9.975	-Inf	0.0
9.985	-Inf	0.0
9.995	-Inf	0.0
