0.005	-Inf	0.0
0.015	-Inf	0.0
0.025	-Inf	0.0
0.035	-Inf	0.0
0.045	-Inf	0.0
0.055	-Inf	0.0
0.065	-Inf	0.0
0.075	-Inf	0.0
0.085	-Inf	0.0
0.095	-Inf	0.0
0.105	-Inf	0.0
0.115	-Inf	0.0
0.125	-Inf	0.0
0.135	-Inf	0.0
0.145	-Inf	0.0
0.155	-Inf	0.0
0.165	-Inf	0.0
0.175	-Inf	0.0
0.185	-Inf	0.0
0.195	-Inf	0.0
0.205	-Inf	0.0
0.215	-Inf	0.0
0.225	-Inf	0.0
0.235	-Inf	0.0
0.245	-Inf	0.0
0.255	-Inf	0.0
0.265	-Inf	0.0
0.275	-Inf	0.0
0.285	-Inf	0.0
0.295	-Inf	0.0
0.305	-Inf	0.0
0.315	-Inf	0.0
0.325	-Inf	0.0
0.335	-Inf	0.0
0.345	-Inf	0.0
0.355	-Inf	0.0
0.365	-Inf	0.0
0.375	-Inf	0.0
0.385	-Inf	0.0
0.395	-Inf	0.0
0.405	-Inf	0.0
0.415	-Inf	0.0
0.425	-Inf	0.0
0.435	-Inf	0.0
0.445	-Inf	0.0
0.455	-Inf	0.0
0.465	-Inf	0.0
0.475	-Inf	0.0
0.485	-Inf	0.0
0.495	-Inf	0.0
0.505	-Inf	0.0
0.515	-Inf	0.0
0.525	-Inf	0.0
0.535	-Inf	0.0
0.545	-Inf	0.0
0.555	-Inf	0.0
0.565	-Inf	0.0
0.575	-Inf	0.0
0.585	-Inf	0.0
0.595	-Inf	0.0
0.605	-Inf	0.0
0.615	-Inf	0.0
0.625	-Inf	0.0
0.635	-Inf	0.0
0.645	-Inf	0.0
0.655	-Inf	0.0
0.665	-Inf	0.0
0.675	-Inf	0.0
0.685	-Inf	0.0
0.695	-Inf	0.0
0.705	-Inf	0.0
0.715	-Inf	0.0
0.725	-Inf	0.0
0.735	-Inf	0.0
0.745	-Inf	0.0
0.755	-Inf	0.0
0.765	-Inf	0.0
0.775	-Inf	0.0
0.785	-Inf	0.0
0.795	-Inf	0.0
0.805	-Inf	0.0
0.815	2.9900031862087957	3.07353352029395
0.825	2.961839706210542	2.9707994865066536
0.835	2.9335737110076283	2.9361422220964815
0.845	2.9052198361056236	2.781687525860331
0.855	2.876792706879228	2.662597385144765
0.865	2.8483069302894037	2.5187520555647898
0.875	2.819777086631137	2.49214022753555
0.885	2.7912177213166975	2.381537580144924
0.895	2.7626433366992638	2.2966626468955225
0.905	2.734068383941718	2.206571441706835
0.915	2.7055072549354082	2.1362843876096744
0.925	2.676974274273623	2.015426019118079
0.935	2.64848369128448	1.9678606919428934
0.945	2.6200496721278985	1.8983693403449458
0.955	2.5916862919612758	1.8031502746057735
0.965	2.5634075271784305	1.7341009799518334
0.975	2.535227247726337	1.6352570472718013
0.985	2.5071592095041115	1.5749604801092056
0.995	2.479217046848651	1.5404800384766364
1.005	2.451414265111291	1.458522681057683
1.015	2.423764233329737	1.4291700999755985
1.025	2.3962801769995234	1.3419080592285575
1.035	2.368975170949118	1.2931049726101518
1.045	2.3418621323227873	1.2294487726731007
1.055	2.314953813675207	1.2436830062701356
1.065	2.2882627961817725	1.1680912688448875
1.075	2.261801482968455	1.1313121311034802
1.085	2.2355820925649907	1.0879021392019634
1.095	2.2096166524850984	1.0259257556521402
1.105	2.1839169929373417	0.9948049467940262
1.115	2.158494740670159	0.9489194360060685
1.125	2.133361312954512	0.9185059182583664
1.135	2.108527911707497	0.8895069827314875
1.145	2.0840055177601706	0.8669620785871153
1.155	2.059804885272777	0.83999660500267
1.165	2.035936536300422	0.7906630500514554
1.175	2.01241075551218	0.7751910570112
1.185	1.9892375850665063	0.7385887420473956
1.195	1.9664268196457226	0.7162206606806262
1.205	1.943988001652246	0.7125957937397663
1.215	1.9219304165691322	0.675816655998359
1.225	1.9002630884873917	0.6763471243311678
1.235	1.878994775802428	0.6271903921575561
1.245	1.8581339670818495	0.6125141016165139
1.255	1.8376888771067976	0.5874052671968992
1.265	1.8176674430887916	0.570253457769416
1.275	1.798077321064047	0.5708723374910263
1.285	1.7789258824670275	0.553897350841146
1.295	1.760220210884941	0.5140238144916875
1.305	1.7419670989947555	0.5042101503347255
1.315	1.7241730456841804	0.49855182145143206
1.325	1.7068442533579593	0.4760953286958613
1.335	1.6899866254307139	0.4496603234442248
1.345	1.673605764007427	0.45434612705070215
1.355	1.6577069677525598	0.43560291262479267
1.365	1.6422952299486913	0.4222527929157722
1.375	1.6273752367454088	0.4092563187619576
1.385	1.6129513655990988	0.3853852437855635
1.395	1.5990276839041502	0.3851200096191591
1.405	1.5856079478159624	0.3754831682398
1.415	1.5726956012660276	0.36390127630680874
1.425	1.560293775169263	0.36407809908441163
1.435	1.548405286823608	0.3487829288217591
1.445	1.5370326395018035	0.3313658852278715
1.455	1.5261780222351804	0.324735031067762
1.465	1.5158433097890898	0.3197839932948803
1.475	1.5060300628295773	0.3164243605204248
1.485	1.4967395282807143	0.3117385569139474
1.495	1.4879726398719317	0.3014828358129781
1.505	1.4797300188745441	0.29538244998567736
1.515	1.4720119750265728	0.2956476841520817
1.525	1.4648185076448308	0.2814134505550467
1.535	1.4581493069231406	0.28362373527508317
1.545	1.4520037554154177	0.26806333084602624
1.555	1.4463809297022705	0.25179563530655763
1.565	1.44127960223962	0.2606367741867036
1.575	1.4366982433877729	0.25294498336097665
1.585	1.4326350236192127	0.2502926416969328
1.595	1.4290878159033547	0.2519724580841606
1.605	1.426054198266287	0.24481113559124232
1.615	1.423531456523532	0.24215879392719852
1.625	1.4215165871836675	0.225714275610127
1.635	1.420006300520595	0.2353511169894861
1.645	1.4189970238121186	0.22288511116848028
1.655	1.4184849047424073	0.2276593261637591
1.665	1.418465814965821	0.21386714951073138
1.675	1.4189353538294438	0.21660790256357662
1.685	1.4198888522516633	0.2065290042402102
1.695	1.4213213767539108	0.20909293451545255
1.705	1.4232277336427293	0.19777627674886566
1.715	1.425602473339124	0.21324826978912115
1.725	1.4284398948521477	0.19256000480957955
1.735	1.4317340503935427	0.18973084036793283
1.745	1.4354787501301942	0.19247159342077808
1.755	1.4396675670710803	0.19211794786557224
1.765	1.4442938420852791	0.18133175843179414
1.775	1.4493506890476056	0.1831883975966248
1.785	1.454831000108257	0.1777068914909343
1.795	1.4607274510828945	0.17708801176932407
1.805	1.4670325069594337	0.17116444871962627
1.815	1.4737384275177865	0.19070336564474888
1.825	1.4808372730587382	0.2109495736802832
1.835	1.4883209102380426	0.24074421170637517
1.845	1.4961810180018338	0.2777001722253854
1.855	1.5044090936192844	0.2999798422033533
1.865	1.5129964588085258	0.32729896134300435
1.875	1.5219342659516477	0.3366705685559591
1.885	1.5312135043946735	0.36407809908441163
1.895	1.540825006828277	0.3815835540671007
1.905	1.5507594557449973	0.4240210206918014
1.915	1.561007389968677	0.42304849541498535
1.925	1.5715592112517642	0.442587412340108
1.935	1.5824051909361712	0.47468074647503794
1.945	1.5935354766732266	0.48449441063199994
1.955	1.604940099198376	0.5088075425524015
1.965	1.6166089791561071	0.5272855228119065
1.975	1.628531933970687	0.5301146872535533
1.985	1.6406986847581826	0.54929995862347
1.995	1.653098863275268	0.572552153878254
2.005	1.665722018900297	0.5889966721953255
2.015	1.6785576256420776	0.5744972044318861
2.025	1.6915950891718519	0.5927983619137883
2.035	1.704823753873868	0.591383779692965
2.045	1.7182329099100386	0.6042918424579781
2.055	1.731811800294102	0.608712411898051
2.065	1.7455496279707423	0.6251569302151225
2.075	1.7594355628951241	0.6446074357514437
2.085	1.773458749108281	0.6472597774154876
2.095	1.7876083118038735	0.6438117332522306
2.105	1.801873364381744	0.6500889418571343
2.115	1.8162430154838338	0.6649420551757795
2.125	1.830706376007923	0.6789994659952117
2.135	1.8452525660948023	0.6721917890574992
2.145	1.8598707220843946	0.6749325421103445
2.155	1.8745500034364468	0.6972122120883123
2.165	1.8892795996114475	0.6978310918099225
2.175	1.9040487369073769	0.6996877309747532
2.185	1.9188466852480621	0.7285098437240292
2.195	1.9336627649188034	0.7327535903864992
2.205	1.94848635324513	0.7181657112342583
2.215	1.963306891210443	0.7086172812437007
2.225	1.9781138900084707	0.7459268873179167
2.235	1.9928969375264367	0.7413294951002408
2.245	2.0076457047549217	0.7274489070584116
2.255	2.0223499521204604	0.7401801470458218
2.265	2.0369995357369337	0.7518504503676146
2.275	2.051584413571959	0.7560941970300846
2.285	2.0660946515244247	0.7556521400860773
2.295	2.080520429409495	0.7525577414780262
2.305	2.09485204684741	0.760780000636562
2.315	2.1090799290524807	0.766173095353451
2.325	2.123194632518793	0.7771361075648321
2.335	2.1371868505991345	0.7713009559039357
2.345	2.151047418973829	0.7766056392320233
2.355	2.164767321006131	0.7814682656161036
2.365	2.178337692981029	0.7780202214528467
2.375	2.191749829224275	0.7854467781121692
2.385	2.204995187098639	0.7824407908929196
2.395	2.218065391874398	0.7689138484062963
2.405	2.230952241471207	0.7778433986752438
2.415	2.243647711068564	0.7827944364481255
2.425	2.2561439575821614	0.7470762353723357
2.435	2.2684333240035626	0.7605147664701576
2.445	2.2805083436006393	0.7731575950687664
2.455	2.292361743976426	0.7725387153471561
2.465	2.3039864509840164	0.7629902853565985
2.475	2.315375592495326	0.7919892208834773
2.485	2.3265225020215894	0.7927849233826905
2.495	2.3374207221835794	0.7829712592257284
2.505	2.348064008029633	0.7938458600483079
2.515	2.3584463301996688	0.7693559053503036
2.525	2.3685618779335105	0.7720082470143473
2.535	2.3784050619218764	0.7743069431231854
2.545	2.3879705169985814	0.7621945828573854
2.555	2.397253104672534	0.7579508361949153
2.565	2.4062479154982546	0.7506126909243941
2.575	2.4149502712837476	0.7569783109180992
2.585	2.4233557271346546	0.752911387033232
2.595	2.4314600733337457	0.7410642609338365
2.605	2.4392593370548767	0.7522040959228203
2.615	2.4467497839107235	0.7533534439772394
2.625	2.4539279193336148	0.739826501490616
2.635	2.4607904897890016	0.7366436914937634
2.645	2.4673344838211193	0.7492865200923722
2.655	2.4735571329305808	0.7267416159479999
2.665	2.479455912283697	0.70676064207887
2.675	2.4850285412534903	0.7169279517910379
2.685	2.4902729837923974	0.7152481354038102
2.695	2.4951874486368517	0.6919959401490262
2.705	2.4997703893440075	0.7158670151254204
2.715	2.50402050416095	0.701190724584378
2.725	2.507936735726923	0.6967701551443051
2.735	2.511518270609117	0.7120653254069577
2.745	2.5147645386727704	0.6785574090512043
2.755	2.5176752122863597	0.6942946362578641
2.765	2.5202502053628266	0.6726338460015066
2.775	2.5224896722378394	0.6492932393579212
2.785	2.5243940063862427	0.6745788965551386
2.795	2.5259638389779484	0.6743136623887342
2.805	2.527200037274566	0.6644999982317722
2.815	2.528103702868261	0.6522992265771708
2.825	2.528676169764382	0.650796232967546
2.835	2.5289190023094874	0.6335560121512612
2.845	2.5288339929665433	0.6522108151883693
2.855	2.52842315993915	0.6347053602056802
2.865	2.527688744646704	0.6328487210408495
2.875	2.5266332090525854	0.6332907779848569
2.885	2.525259232847487	0.6272788035463576
2.895	2.523569710490113	0.6376229360361284
2.905	2.5215677481075813	0.6311689046536219
2.915	2.5192566602579287	0.6141055066149401
2.925	2.5166399665572454	0.6169346710565868
2.935	2.513721388173991	0.6144591521701459
2.945	2.5105048441932	0.6093312916196613
2.955	2.5069944478533017	0.6149896205029547
2.965	2.503194502658415	0.6082703549540438
2.975	2.4991094983690285	0.6081819435652422
2.985	2.4947441068740366	0.6099501713412715
2.995	2.490103177947241	0.6119836332837051
3.005	2.4851917348914077	0.5997828616291037
3.015	2.4800149700731433	0.6110995193956905
3.025	2.4745782403518204	0.6042918424579781
3.035	2.4688870624059533	0.6090660574532569
3.045	2.4629471079603666	0.6095081143972642
3.055	2.4567641989176883	0.6148127977253518
3.065	2.450344302397684	0.6149012091141532
3.075	2.443693525687988	0.6050875449571912
3.085	2.4368181111099196	0.6192333671654248
3.095	2.4297244308030495	0.6022583805155445
3.105	2.4224189814322825	0.6019931463491401
3.115	2.4149083788212105	0.615254854669359
3.125	2.4071993525156428	0.6053527791235955
3.135	2.3992987402811012	0.6192333671654248
3.145	2.3912134825382694	0.6018163235715371
3.155	2.382950616740332	0.6174651393893956
3.165	2.3745172716961616	0.6141939180037416
3.175	2.3659206618434285	0.6017279121827357
3.185	2.357168081475615	0.6181724304998073
3.195	2.3482668989270836	0.6067673613444189
3.205	2.3392245507202296	0.6177303735558
3.215	2.3300485356788787	0.6100385827300729
3.225	2.320746409012051	0.6253337529927255
3.235	2.311325776372242	0.6139286838373372
3.245	2.301794287892392	0.6042034310691766
3.255	2.2921596322057067	0.6051759563459926
3.265	2.2824295304525086	0.6228582341062846
3.275	2.272611730278323	0.6255989871591299
3.285	2.26271399982736	0.6372692904809226
3.295	2.25274412173558	0.6278976832679678
3.305	2.24270988712753	0.6158737343909693
3.315	2.232619089621127	0.6172883166117926
3.325	2.22247951934452	0.6143707407813445
3.335	2.2122989569692275	0.6453147268618554
3.345	2.202085167763642	0.6194986013318291
3.355	2.191845895671025	0.6234771138278948
3.365	2.18158885741612	0.6244496391047109
3.375	2.171321736644408	0.640805746032981
3.385	2.1610521780980756	0.6247148732711153
3.395	2.1507877818327126	0.6280745060455708
3.405	2.140536097478711	0.6082703549540438
3.415	2.130304618551326	0.6416898599209956
3.425	2.120100776813306	0.6180840191110057
3.435	2.1099319366939606	0.6066789499556174
3.445	2.099805389768514	0.6239191707719022
3.455	2.0897283493015077	0.6328487210408495
3.465	2.0797079448580185	0.6481438913035021
3.475	2.0697512169863526	0.6051759563459926
3.485	2.059865111975884	0.6203827152198438
3.495	2.0500564766935945	0.6204711266086452
3.505	2.0403320535028664	0.6245380504935124
3.515	2.030698475267972	0.6178187849446014
3.525	2.021162260447701	0.6156085002245649
3.535	2.0117298082814132	0.619852246887035
3.545	2.002407394070865	0.6301963793768058
3.555	1.993201164560967	0.6076514752324336
3.565	1.9841171334226257	0.6166694368901824
3.575	1.975161176840752	0.6288702085447839
3.585	1.9663390292104141	0.6206479493862481
3.595	1.9576562789440521	0.6326718982632467
3.605	1.9491183643926175	0.6321414299304379
3.615	1.9407305698833646	0.6243612277159094
3.625	1.9324980218769912	0.616404202723778
3.635	1.9244256852467334	0.6129561585605211
3.645	1.9165183596818969	0.611011108006889
3.655	1.9087806762182797	0.611187930784492
3.665	1.9012170938977941	0.6059716588452058
3.675	1.8938318965595533	0.6202058924422408
3.685	1.88662918976457	0.5881125583073109
3.695	1.8796128978561257	0.6130445699493225
3.705	1.8727867611577858	0.6005785641283168
3.715	1.8661543333109272	0.5999596844067066
3.725	1.8597189787535537	0.6020815577379416
3.735	1.8534838703420897	0.5896155519169357
3.745	1.8474519871177129	0.5947434124674204
3.755	1.8416261122187256	0.6007553869059197
3.765	1.836008830940326	0.6005785641283168
3.775	1.8306025289430763	0.5799787105375765
3.785	1.8254093906112252	0.5829846977568263
3.795	1.8204313975619728	0.5745856158206876
3.805	1.8156703273066297	0.5749392613758934
3.815	1.8111277520645561	0.5775031916511357
3.825	1.8068050377306155	0.583338343312032
3.835	1.80270334299682	0.5533668825083372
3.845	1.7988236186286968	0.5579642747260131
3.855	1.795166606896828	0.5515102433435065
3.865	1.7917328411638946	0.5531900597307343
3.875	1.7885226456274572	0.567954761660578
3.885	1.7855361352185863	0.5542509963963518
3.895	1.7827732156563694	0.5620311986108802
3.905	1.780233583658193	0.5533668825083372
3.915	1.7779167273056005	0.571579628601438
3.925	1.7758219265654298	0.5591136227804321
3.935	1.7739482539658105	0.5607050277788583
3.945	1.7722945754265012	0.554869876117962
3.955	1.7708595512429535	0.5310872125303693
3.965	1.7696416372233585	0.5550466988955649
3.975	1.7686390859778587	0.553897350841146
3.985	1.7678499483589718	0.5473549080698379
3.995	1.7672720750522	0.5442605094617868
4.005	1.7669031183156554	0.5574338063932044
4.015	1.7667405338674935	0.5435532183513752
4.025	1.7667815829197684	0.5436416297401766
4.035	1.7670233343572797	0.5364803072472584
4.045	1.7674626670598668	0.5370991869688686
4.055	1.7680962723664937	0.5462939714042204
4.065	1.7689206566793856	0.5447025664057941
4.075	1.7699321442063876	0.5314408580855752
4.085	1.7711268798395867	0.5307335669751635
4.095	1.7725008321681992	0.535065725026435
4.105	1.7740497966235775	0.5318829150295824
4.115	1.7757693987541519	0.5347120794712291
4.125	1.7776550976279764	0.5475317308474408
4.135	1.7797021893605207	0.5358614275256481
4.145	1.7819058107652133	0.5337395541944131
4.155	1.784260943124192	0.5498304269562788
4.165	1.7867624160766078	0.5274623455895094
4.175	1.7894049116217796	0.5519523002875139
4.185	1.7921829682343637	0.5319713264183838
4.195	1.7950909850887031	0.5491231358458671
4.205	1.7981232263893756	0.5396631172441109
4.215	1.801273825804911	0.5492115472346686
4.225	1.8045367910015973	0.5480621991802496
4.235	1.8079060082741882	0.5623848441660861
4.245	1.8113752472702962	0.5480621991802496
4.255	1.8149381658051484	0.5296726303095459
4.265	1.8185883147633723	0.567954761660578
4.275	1.822319143084341	0.5550466988955649
4.285	1.8261240028276537	0.5571685722267999
4.295	1.8299961543151633	0.5732594449886657
4.305	1.8339287713459926	0.5576106291708073
4.315	1.837914946480873	0.5489463130682641
4.325	1.8419476963921295	0.5477969650138452
4.335	1.8460199672755642	0.5543394077851532
4.345	1.8501246403204616	0.5421386361305518
4.355	1.8542545372339023	0.5592020341692335
4.365	1.8584024258154723	0.5588483886140277
4.375	1.8625610255785616	0.5694577552702029
4.385	1.8667230134142223	0.5838688116448408
4.395	1.8708810292936828	0.5705186919358204
4.405	1.8750276820055158	0.5653908313853357
4.415	1.879155554923425	0.5845761027552525
4.425	1.883257211800625	0.5824542294240175
4.435	1.8873252025867622	0.5839572230336423
4.445	1.8913520692632646	0.5827194635904218
4.455	1.8953303516930777	0.5912953683041634
4.465	1.8992525934806177	0.5876705013633036
4.475	1.9031113478379025	0.5831615205344292
4.485	1.9068991834526592	0.5794482422047679
4.495	1.9106086903543584	0.5955391149666335
4.505	1.914232485773977	0.6234771138278948
4.515	1.9177632199934331	0.5822774066464146
4.525	1.921193582180511	0.6009322096835226
4.535	1.9245163062052195	0.5938592985794058
4.545	1.9277241764334174	0.602169969126743
4.555	1.9308100334936742	0.611011108006889
4.565	1.9337667800132678	0.6053527791235955
4.575	1.9365873863192293	0.6113647535620949
4.585	1.939264896100467	0.6034961399587649
4.595	1.9417924320268742	0.6238307593831007
4.605	1.9441632013215226	0.6290470313223868
4.615	1.946370501281892	0.6276324491015635
4.625	1.9484077247462959	0.6143707407813445
4.635	1.9502683655015218	0.6199406582758364
4.645	1.9519460236279313	0.6321414299304379
4.655	1.9534344107780959	0.6574270871276554
4.665	1.954727355385305	0.6182608418886087
4.675	1.9558188077981036	0.6486743596363109
4.685	1.9567028453372624	0.6479670685258992
4.695	1.9573736772715233	0.6617592451789269
4.705	1.9578256497085125	0.6433696763082233
4.715	1.9580532503973322	0.6544210999084058
4.725	1.9580511134393244	0.6277208604903649
4.735	1.957814023903623	0.6545095112972072
4.745	1.957336922344148	0.6616708337901255
4.755	1.9566149092147223	0.6590184921260817
4.765	1.9556432491791225	0.6759050673871605
4.775	1.9544173753128917	0.6682132765614335
4.785	1.952932893193863	0.6601678401805007
4.795	1.9511855848783364	0.6664450487854043
4.805	1.9491714127600146	0.6778501179407926
4.815	1.9468865233088337	0.6718381435022934
4.825	1.9443272506868605	0.6548631568524131
4.835	1.9414901202386639	0.6856303201553211
4.845	1.938371851853403	0.680414048216035
4.855	1.9349693631962155	0.6712192637806832
4.865	1.9312797728063908	0.6779385293295941
4.875	1.9273004030600025	0.6738716054447269
4.885	1.9230287829947008	0.6807676937712408
4.895	1.918462650994503	0.6499121190795314
4.905	1.9135999573324964	0.6773196496079839
4.915	1.9084388665694136	0.6873985479313504
4.925	1.9029777598062738	0.6766123584975722
4.935	1.897215236789163	0.6862491998769313
4.945	1.8911501178645544	0.6688321562830437
4.955	1.8847814457834922	0.6707772068366759
4.965	1.8781084873531722	0.6896972440401883
4.975	1.8711307349344788	0.6764355357199693
4.985	1.8638479077842003	0.6850114404337109
4.995	1.8562599532407105	0.6839505037680934
5.005	1.848367047752006	0.6770544154415795
5.015	1.8401695977451324	0.6895204212625854
5.025	1.831668240336096	0.6807676937712408
5.035	1.8228638438794658	0.6735179598895211
5.045	1.8137575083570163	0.6735179598895211
5.055	1.8043505656048402	0.6849230290449094
5.065	1.794644579378442	0.6503541760235386
5.075	1.7846413452555059	0.6705119726702715
5.085	1.7743428903760463	0.6595489604588904
5.095	1.7637514730198505	0.666179814619
5.105	1.7528695820211642	0.6527412835211781
5.115	1.7416999360206962	0.6486743596363109
5.125	1.7302454825551574	0.6574270871276554
5.135	1.7185093969846217	0.6600794287916992
5.145	1.7064950812581254	0.6479670685258992
5.155	1.6942061625180087	0.641778271309797
5.165	1.681646491543657	0.6428392079754145
5.175	1.6688201410353551	0.6332023665960554
5.185	1.6557314037390962	0.6380649929801357
5.195	1.6423847904133209	0.6423971510314073
5.205	1.628785027638627	0.6332023665960554
5.215	1.6149370554716103	0.6318761957640335
5.225	1.6008460249441212	0.6348821829832831
5.235	1.586517295409319	0.6228582341062846
5.245	1.5719564317359702	0.6318761957640335
5.255	1.55716920135261	0.6318761957640335
5.265	1.5421615711432424	0.5920026594145751
5.275	1.5269397041963506	0.5926215391361853
5.285	1.5115099564091308	0.6017279121827357
5.295	1.4958788729489045	0.6204711266086452
5.305	1.480053184573828	0.5887314380289211
5.315	1.4640398038150528	0.5744972044318861
5.325	1.4478458210226393	0.5999596844067066
5.335	1.4314785002775539	0.5675127047165708
5.345	1.4149452751722582	0.5922678935809795
5.355	1.3982537444624206	0.5713143944350335
5.365	1.3814116675923955	0.567954761660578
5.375	1.3644269600972048	0.5651255972189313
5.385	1.347307688883828	0.583338343312032
5.395	1.3300620673947288	0.5778568372063415
5.405	1.3126984506565735	0.5568149266715942
5.415	1.2952253302172387	0.5410776994649342
5.425	1.2776513289741933	0.5411661108537357
5.435	1.2599851958975583	0.5462939714042204
5.445	1.2422358006510679	0.5464707941818233
5.455	1.2244121281143465	0.5477969650138452
5.465	1.20652327280991	0.5281696366999211
5.475	1.1885784332384095	0.5136701689364818
5.485	1.1705869061257053	0.5136701689364818
5.495	1.1525580805853828	0.5257825292022817
5.505	1.1345014322004427	0.509691656440416
5.515	1.1164265170278653	0.519682143374981
5.525	1.0983429655299415	0.4989054670066379
5.535	1.0802604764361874	0.49802135311862333
5.545	1.0621888105397659	0.48732357507364665
5.555	1.0441377844324158	0.5048290300563357
5.565	1.026117264181892	0.47291251869900874
5.575	1.0081371589559578	0.4929819039569401
5.585	0.9902074145970688	0.48201889174555906
5.595	0.9723380071518972	0.4920977900689255
5.605	0.9545389363598049	0.46672372148290653
5.615	0.9368202191045896	0.4742386895310306
5.625	0.9191918828336647	0.47034858842376637
5.635	0.9016639589489754	0.4453281653929532
5.645	0.8842464761739612	0.4554954751051211
5.655	0.8669494539008799	0.44771527289059265
5.665	0.8497828955228198	0.44948350066662185
5.675	0.8327567817547914	0.43754796317842476
5.685	0.8158810639482473	0.4369290834568146
5.695	0.7991656574034509	0.430475052074308
5.705	0.7826204346840275	0.42357896374779413
5.715	0.7662552189381693	0.42304849541498535
5.725	0.75007977723088	0.4244630776358087
5.735	0.7341038138916154	0.40174135071383354
5.745	0.7183369638818062	0.4111129579267883
5.755	0.7027887861865842	0.40793014792993576
5.765	0.6874687572351577	0.39493367377612115
5.775	0.6723862643541769	0.39687872432975324
5.785	0.6575505992584967	0.3921929207232759
5.795	0.6429709515836155	0.3906015157248496
5.805	0.628656402464193	0.3907783385024525
5.815	0.6146159181629312	0.38299813628792406
5.825	0.6008583437540569	0.3837938387871372
5.835	0.5873923968657151	0.3813183199006963
5.845	0.574226661485479	0.37663251629421896
5.855	0.5613695818331301	0.37203512407654304
5.865	0.5488294563049425	0.37733980740463063
5.875	0.5366144314934718	0.3765441049054175
5.885	0.5247324962870334	0.36345921936280146
5.895	0.5131914760528122	0.36593473824924233
5.905	0.5019990269076506	0.35355714381703796
5.915	0.49116263008038263	0.35550219437067004
5.925	0.48068958636964165	0.3635476307516029
5.935	0.4705870107009513	0.37327288351976345
5.945	0.4608618267868363	0.35417602353864813
5.955	0.451520761893732	0.3414447835512379
5.965	0.44257034171924037	0.36319398519639706
5.975	0.43401688538339833	0.3383503849431868
5.985	0.42586650053741026	0.3418868404952452
5.995	0.41812507859334214	0.3494902199321708
6.005	0.4107982900780782	0.3540876121498467
6.015	0.40389158011490833	0.3567399538138905
6.025	0.39741016403593044	0.3547064918714569
6.035	0.3913590231283859	0.33764309383277513
6.045	0.38574290051807214	0.34277095438325983
6.055	0.3805662971927042	0.3509932135417956
6.065	0.3758334681682074	0.3447160049368919
6.075	0.3715484188006968	0.3348139293911284
6.085	0.36771490124689965	0.34029543549681895
6.095	0.36433641107560755	0.3379083279991795
6.105	0.36141618403273235	0.3408259038296277
6.115	0.3589571929623929	0.3331341130039007
6.125	0.35696214488637734	0.34515806188089926
6.135	0.35543347824423477	0.3562094854810817
6.145	0.35437336029614963	0.3502859224313839
6.155	0.35378368469064103	0.34975545409857517
6.165	0.3536660691990403	0.33286887883749633
6.175	0.3540218536186073	0.3402070241080175
6.185	0.35485209784598926	0.3429477771608627
6.195	0.3561575801226964	0.3509932135417956
6.205	0.35793879545410934	0.35178891604100876
6.215	0.36019595420341055	0.3523193843738175
6.225	0.3629289808618146	0.353380321039435
6.235	0.3661375129962292	0.35532537159306715
6.245	0.36982090037548687	0.35063956798658974
6.255	0.3739782042760815	0.35603266270347883
6.265	0.378608196968351	0.347987226322546
6.275	0.38370936138373946	0.365492681305235
6.285	0.3892798909639015	0.353380321039435
6.295	0.3953176896921051	0.36169099158677226
6.305	0.4018203723073206	0.36257510547478683
6.315	0.40878526470137233	0.35267302992902333
6.325	0.4162094044992397	0.35603266270347883
6.335	0.4240895418226407	0.37283082657575617
6.345	0.43242214023677805	0.37203512407654304
6.355	0.44120337788016295	0.35532537159306715
6.365	0.4504291487771144	0.3668188521372569
6.375	0.4600950643326447	0.3775166301822335
6.385	0.47019645500915086	0.3714162443549328
6.395	0.4807283721842506	0.37247718102055033
6.405	0.4916855901891002	0.3784891554590496
6.415	0.5030626085262202	0.3806994401790861
6.425	0.5148536542659428	0.3756599910174029
6.435	0.5270526846202981	0.3921929207232759
6.445	0.5396533896932156	0.3771629846270277
6.455	0.5526491954056119	0.3848547754527547
6.465	0.5660332665940317	0.37504111129579265
6.475	0.5797985102812406	0.3806994401790861
6.485	0.5939375791170689	0.404128458211473
6.495	0.6084428749878414	0.40916790737315617
6.505	0.6233065527923887	0.41429576792364087
6.515	0.6385205243827692	0.3958177876641357
6.525	0.6540764626674995	0.4099636098723693
6.535	0.669965805875167	0.40333275571225985
6.545	0.6861797619760839	0.404128458211473
6.555	0.7027093132595725	0.42304849541498535
6.565	0.7195452210643802	0.4353376784583883
6.575	0.7366780306595948	0.4369290834568146
6.585	0.7540980762733791	0.43197804568393283
6.595	0.7717954862666532	0.4278227104102642
6.605	0.7897601884489125	0.42490513457981605
6.615	0.807981915533077	0.43781319734482915
6.625	0.8264502107263495	0.4569100573259445
6.635	0.8451544334538896	0.45257789927467296
6.645	0.8640837652119978	0.465662784817289
6.655	0.8832272155474881	0.4606233356556058
6.665	0.9025736281597817	0.465662784817289
6.675	0.9221116871222146	0.45178219677545983
6.685	0.9418299232189373	0.46530913926208317
6.695	0.9617167203937027	0.48803086618405833
6.705	0.9817603223068474	0.48148842341275033
6.715	1.0019488389965612	0.49112526479210944
6.725	1.022270253640528	0.49881705561783646
6.735	1.042712429414067	0.501999865614689
6.745	1.063263116440599	0.5042985617235269
6.755	1.0839099588304044	0.47848243619350067
6.765	1.1046405018034984	0.514112225880489
6.775	1.1254421988923702	0.5033260364467109
6.785	1.1463024192202926	0.5070393147763722
6.795	1.1672084548509223	0.5204778458741941
6.805	1.1881475282047262	0.5096032450516146
6.815	1.2091067995377922	0.5025303339474978
6.825	1.2300733744786276	0.5230417761494365
6.835	1.2510343116183065	0.5090727767188058
6.845	1.2719766301494324	0.5110178272724379
6.855	1.2928873175493474	0.5210967255958043
6.865	1.3137533373028503	0.535065725026435
6.875	1.3345616366598718	0.5134933461588788
6.885	1.355299154423266	0.5432879841849707
6.895	1.3759528287620855	0.5207430800405985
6.905	1.3965096050455341	0.5431111614073678
6.915	1.4169564436928126	0.543730041128978
6.925	1.4372803280341344	0.5466476169594262
6.935	1.4574682721779895	0.5282580480887226
6.945	1.4775073288799334	0.5333859086392072
6.955	1.4973845974079916	0.5493883700122715
6.965	1.517087231399942	0.5561960469499839
6.975	1.5366024467075208	0.5442605094617868
6.985	1.5559175292228045	0.562561666943689
6.995	1.5750198426818647	0.5683084072157839
7.005	1.5938968364409567	0.5459403258490145
7.015	1.6125360532203123	0.5641530719421153
7.025	1.6309251368108078	0.5660981224957474
7.035	1.6490518397386977	0.5783873055391503
7.045	1.666904030883603	0.5577874519484102
7.055	1.6844697030450893	0.5667170022173577
7.065	1.7017369804529956	0.5668054136061591
7.075	1.7186941262169055	0.5739667360990773
7.085	1.7353295497100176	0.572552153878254
7.095	1.751631813882868	0.5827194635904218
7.105	1.7675896425021982	0.5814817041472015
7.115	1.7831919273104861	0.5837804002560394
7.125	1.7984277351015832	0.5994292160738978
7.135	1.813286314707997	0.6156969116133664
7.145	1.8277571038953628	0.5893503177505314
7.155	1.8418297361597935	0.6261294554919387
7.165	1.8554940474236967	0.6202058924422408
7.175	1.8687400826258345	0.624272816327108
7.185	1.8815581022014483	0.6083587663428452
7.195	1.893938588448225	0.6217088860518657
7.205	1.9058722517740785	0.6195870127206307
7.215	1.9173500368227017	0.6370040563145182
7.225	1.9283631284729503	0.6338212463176657
7.235	1.9389029577081573	0.6431928535306204
7.245	1.9489612073516307	0.6326718982632467
7.255	1.9585298176645212	0.6509730557451489
7.265	1.967600991802494	0.6552168024076189
7.275	1.976167201127567	0.6538022201867956
7.285	1.9842211903717049	0.6557472707404277
7.295	1.9917559826486957	0.6676828082286248
7.305	1.9987648843110462	0.6821822759920642
7.315	2.005241489648668	0.6611403654573167
7.325	2.011179685426203	0.6549515682412146
7.335	2.0165736552560034	0.6547747454636116
7.345	2.0214178838037595	0.6587532579596773
7.355	2.025707160824	0.6847462062673065
7.365	2.029436585022676	0.6553052137964204
7.375	2.0326015677442313	0.6624665362893386
7.385	2.035197836480588	0.6711308523918817
7.395	2.0372214381996367	0.6841273265456963
7.405	2.0386687424909065	0.6784689976624029
7.415	2.0395364445261954	0.6850114404337109
7.425	2.0398215678330645	0.6675059854510218
7.435	2.0395214668791875	0.6797067571056233
7.445	2.0386338294656863	0.6766123584975722
7.455	2.0371566789276816	0.6803256368272336
7.465	2.035088376140405	0.6736063712783226
7.475	2.032427621329342	0.6499121190795314
7.485	2.029173455682964	0.6619360679565299
7.495	2.025325262766785	0.6676828082286248
7.505	2.020882769737532	0.6696278587822568
7.515	2.0158460483563756	0.6553052137964204
7.525	2.0102155158002826	0.6554820365740233
7.535	2.003991935270667	0.6461104293610686
7.545	1.9971764163986432	0.6721917890574992
7.555	1.9897704154463007	0.6476134229706934
7.565	1.9817757353035703	0.6468177204714802
7.575	1.9731945252803067	0.6475250115818919
7.585	1.9640292806934394	0.6348821829832831
7.595	1.9542828422490741	0.6205595379974467
7.605	1.9439583952195885	0.6328487210408495
7.615	1.9330594684159124	0.6247148732711153
7.625	1.9215899329552708	0.6199406582758364
7.635	1.909554000824793	0.6209131835526525
7.645	1.8969562232415564	0.597926222464273
7.655	1.8838014888097179	0.5878473241409066
7.665	1.870095021475498	0.5969536971874568
7.675	1.855842378280974	0.594478178301016
7.685	1.8410494469176746	0.5911185455265605
7.695	1.8257224430811716	0.580243944703981
7.705	1.8098679076278927	0.5659212997181445
7.715	1.7934927035356178	0.5568149266715942
7.725	2.3248598151083018	0.9681047073759853
7.735	2.3087965288527528	0.967839473209581
7.745	2.2922350623121006	0.9547545876669649
7.755	2.275183532683176	0.9362766074074598
7.765	2.257650361198765	0.9391941832379079
7.775	2.2396442689460794	0.9216003168664174
7.785	2.2211742725020245	0.8921593243955314
7.795	2.2022496793875206	0.9056862668821547
7.805	2.1828800833434223	0.8829645399601795
7.815	2.163075359430546	0.856529534708543
7.825	2.142845658956424	0.8534351361004919
7.835	2.1222014042316717	0.8216070361319664
7.845	2.1011532831587334	0.8274421877928627
7.855	2.0797122436560596	0.8315975230665313
7.865	2.057889487920805	0.8217838589095693
7.875	2.0356964665331523	0.770593664793524
7.885	2.0131448724056584	0.7814682656161036
7.895	1.9902466345809307	0.7506126909243941
7.905	1.9670139118811365	0.7555637286972758
7.915	1.9434590864129064	0.7701516078495168
7.925	1.9195947569312954	0.7489328745371664
7.935	1.8954337320665509	0.727714141224816
7.945	1.870989023417522	0.7184309454006628
7.955	1.8462738385156607	0.7027821295828043
7.965	1.8213015736635187	0.6682132765614335
7.975	1.7960858066519536	0.6688321562830437
7.985	1.7706402893600934	0.6752861876655503
7.995	1.7449789402423816	0.6457567838058628
8.005	1.7191158367068808	0.6264831010471444
8.015	1.6930652073893713	0.6094197030084627
8.025	1.6668414243275353	0.6184376646662116
8.035	1.6404589950398307	0.5748508499870919
8.045	1.6139325545135959	0.5751160841534964
8.055	1.58727685710694	0.5469128511258307
8.065	1.5605067683692275	0.5505377180666905
8.075	1.5336372567847802	0.5343584339160233
8.085	1.5066833854446466	0.5120787639380554
8.095	1.4796603036512366	0.5012925745042773
8.105	1.452583238460699	0.4879424547952569
8.115	1.425467486167981	0.4897106825712861
8.125	1.3983284037395194	0.47636056286226564
8.135	1.3711814001985339	0.4651323164844803
8.145	1.344041927968004	0.45284313344107735
8.155	1.3169254741762795	0.4386973112328438
8.165	1.289847551930524	0.4173901665316919
8.175	1.2628236915630526	0.4174785779204934
8.185	1.2358694318556478	0.40324434432345835
8.195	1.209000311247042	0.3906015157248496
8.205	1.1822318590287257	0.39617143321934156
8.215	1.1555795865342307	0.39838171793937804
8.225	1.1290589783270735	0.382025611011108
8.235	1.1026854833925666	0.3859157121183722
8.245	1.0764745063385945	0.39378432572170213
8.255	1.0504413986106487	0.37433382018538097
8.265	1.0246014497262772	0.38122990851189487
8.275	0.9989698785339951	0.37433382018538097
8.285	0.9735618245020133	0.3745106429629839
8.295	0.9483923390417741	0.36743773185886713
8.305	0.9234763768714995	0.36699567491485985
8.315	0.8988287874248452	0.36955960519010217
8.325	0.8744643063097284	0.3660231496380438
8.335	0.8503975468224373	0.36743773185886713
8.345	0.826642991521983	0.35727042214669924
8.355	0.803214983869736	0.3529382640954277
8.365	0.7801277199393284	0.35002068826497956
8.375	0.7573952402017086	0.36469697880602187
8.385	0.7350314213902296	0.35302667548422917
8.395	0.7130499684506466	0.34789881493374447
8.405	0.6914644065807798	0.3586850043675226
8.415	0.6702880733645964	0.36257510547478683
8.425	0.6495341110054249	0.3447160049368919
8.435	0.6292154586628707	0.34860610604415615
8.445	0.6093448448980583	0.3523193843738175
8.455	0.5899347802317159	0.3520541502074131
8.465	0.5709975498195186	0.3396765557752087
8.475	0.5525452062490741	0.3449812391032963
8.485	0.5345895624628896	0.34515806188089926
8.495	0.5171421848115223	0.3434782454936715
8.505	0.5002143862411021	0.35072797937539124
8.515	0.4838172196193209	0.33614010022315033
8.525	0.46796147120381715	0.34338983410487006
8.535	0.452657654257028	0.34056066966322335
8.545	0.43791600281116816	0.3372894482775693
8.555	0.4237464655872363	0.32959765745184233
8.565	0.41015870007163	0.33773150522157663
8.575	0.39716206675395394	0.34586535299131094
8.585	0.3847656235295074	0.34312459993846567
8.595	0.37297812026983923	0.3362285116119518
8.605	0.36180799356460724	0.356651542425089
8.615	0.35126336163798033	0.3538223779834423
8.625	0.34135201944264537	0.3477219921561416
8.635	0.3320814339343472	0.3547064918714569
8.645	0.3234587395299089	0.3494902199321708
8.655	0.3154907337514379	0.3487829288217591
8.665	0.30818387305938977	0.3474567579897372
8.675	0.30154426887702845	0.35355714381703796
8.685	0.29557768380872496	0.3628403396411912
8.695	0.29028952805437447	0.3759252251838073
8.705	0.28568485602217875	0.3549717260378613
8.715	0.2817683631418395	0.364520156028419
8.725	0.2785443828801508	0.36876390269088904
8.735	0.27601688396081014	0.38626935767357806
8.745	0.2741894677902057	0.3859157121183722
8.755	0.2730653660907594	0.3875955285056
8.765	0.2726474387433151	0.3951989079425255
8.775	0.27293817183992664	0.394137971276908
8.785	0.2739396759482853	0.41040566681637664
8.795	0.2756536845888824	0.40810697070753865
8.805	0.27808155292590775	0.42128026763895615
8.815	0.2812242566727208	0.4486877981674087
8.825	0.2850823912126339	0.443559937616924
8.835	0.2896561709356096	0.44948350066662185
8.845	0.29494542879133734	0.44921826650021746
8.855	0.3009496160590521	0.48228412591196346
8.865	0.3076678023342905	0.4894454484048817
8.875	0.3150986757326899	0.48458282202080144
8.885	0.3232405433107801	0.4966067708978
8.895	0.3320913317036096	0.5198589661525839
8.905	0.34164858797890174	0.5191516750421722
8.915	0.3519094807073113	0.5257825292022817
8.925	0.36287080124824667	0.5454098575162057
8.935	0.37452896525054413	0.5611470847228657
8.945	0.3868800143672364	0.5874936785857007
8.955	0.3999196181834077	0.5836035774784365
8.965	0.41364307635615427	0.6079167093988379
8.975	0.42804532096539627	0.6357662968712977
8.985	0.443120919074258	0.6648536437869781
8.995	0.4588640754975928	0.6703351498926685
9.005	0.47526863577704637	0.6871333137649459
9.015	0.4923280893610298	0.6906697693170043
9.025	0.5100355729877493	0.7224978692855298
9.035	0.5283838742694176	0.7353175206617415
9.045	0.5473654354755255	0.7545912034204598
9.055	0.5669723575131187	0.7899557589410438
9.065	0.5871964041016953	0.7947299739363226
9.075	0.6080290061403857	0.8479536299948014
9.085	0.6294612662649164	0.8544960727661094
9.095	0.6514839635916672	0.8617458066478292
9.105	0.6740875586461974	0.9146158171511021
9.115	0.6972621984732743	0.9344199682426291
9.125	0.7209977219255757	0.9926830734627912
9.135	0.7452836651279107	1.0291085656489927
9.145	0.7701092671138441	1.031672495924235
9.155	0.7954634756315069	1.0826858672626773
9.165	0.8213349531151296	1.1205259416697022
9.175	0.8477120828189219	1.1685333257888948
9.185	0.874582975109699	1.1918739324324803
9.195	-Inf	0.0
9.205	-Inf	0.0
9.215	-Inf	0.0
9.225	-Inf	0.0
9.235	-Inf	0.0
9.245	-Inf	0.0
9.255	-Inf	0.0
9.265	-Inf	0.0
9.275	-Inf	0.0
9.285	-Inf	0.0
9.295	-Inf	0.0
9.305	-Inf	0.0
9.315	-Inf	0.0
9.325	-Inf	0.0
9.335	-Inf	0.0
9.345	-Inf	0.0
9.355	-Inf	0.0
9.365	-Inf	0.0
9.375	-Inf	0.0
9.385	-Inf	0.0
9.395	-Inf	0.0
9.405	-Inf	0.0
9.415	-Inf	0.0
9.425	-Inf	0.0
9.435	-Inf	0.0
9.445	-Inf	0.0
9.455	-Inf	0.0
9.465	-Inf	0.0
9.475	-Inf	0.0
9.485	-Inf	0.0
9.495	-Inf	0.0
9.505	-Inf	0.0
9.515	-Inf	0.0
9.525	-Inf	0.0
9.535	-Inf	0.0
9.545	-Inf	0.0
9.555	-Inf	0.0
9.565	-Inf	0.0
9.575	-Inf	0.0
9.585	-Inf	0.0
9.595	-Inf	0.0
9.605	-Inf	0.0
9.615	-Inf	0.0
9.625	-Inf	0.0
9.635	-Inf	0.0
9.645	-Inf	0.0
9.655	-Inf	0.0
9.665	-Inf	0.0
9.675	-Inf	0.0
9.685	-Inf	0.0
9.695	-Inf	0.0
9.705	-Inf	0.0
9.715	-Inf	0.0
9.725	-Inf	0.0
9.735	-Inf	0.0
9.745	-Inf	0.0
9.755	-Inf	0.0
9.765	-Inf	0.0
9.775	-Inf	0.0
9.785	-Inf	0.0
9.795	-Inf	0.0
9.805	-Inf	0.0
9.815	-Inf	0.0
9.825	-Inf	0.0
9.835	-Inf	0.0
9.845	-Inf	0.0
9.855	-Inf	0.0
9.865	-Inf	0.0
9.875	-Inf	0.0
9.885	-Inf	0.0
9.895	-Inf	0.0
9.905	-Inf	0.0
9.915	-Inf	0.0
9.925	-Inf	0.0
9.935	-Inf	0.0
9.945	-Inf	0.0
9.955	-Inf	0.0
9.965	-Inf	0.0
9.975	-Inf	0.0
9.985	-Inf	0.0
9.995	-Inf	0.0
