0.005	-Inf	0.0
0.015	-Inf	0.0
0.025	-Inf	0.0
0.035	-Inf	0.0
0.045	-Inf	0.0
0.055	-Inf	0.0
0.065	-Inf	0.0
0.075	-Inf	0.0
0.085	-Inf	0.0
0.095	-Inf	0.0
0.105	-Inf	0.0
0.115	-Inf	0.0
0.125	-Inf	0.0
0.135	-Inf	0.0
0.145	-Inf	0.0
0.155	-Inf	0.0
0.165	-Inf	0.0
0.175	-Inf	0.0
0.185	-Inf	0.0
0.195	-Inf	0.0
0.205	-Inf	0.0
0.215	-Inf	0.0
0.225	-Inf	0.0
0.235	-Inf	0.0
0.245	-Inf	0.0
0.255	-Inf	0.0
0.265	-Inf	0.0
0.275	-Inf	0.0
0.285	-Inf	0.0
0.295	-Inf	0.0
0.305	-Inf	0.0
0.315	-Inf	0.0
0.325	-Inf	0.0
0.335	-Inf	0.0
0.345	-Inf	0.0
0.355	-Inf	0.0
0.365	-Inf	0.0
0.375	-Inf	0.0
0.385	-Inf	0.0
0.395	-Inf	0.0
0.405	-Inf	0.0
0.415	-Inf	0.0
0.425	-Inf	0.0
0.435	-Inf	0.0
0.445	-Inf	0.0
0.455	-Inf	0.0
0.465	-Inf	0.0
0.475	-Inf	0.0
0.485	-Inf	0.0
0.495	-Inf	0.0
0.505	-Inf	0.0
0.515	-Inf	0.0
0.525	-Inf	0.0
0.535	-Inf	0.0
0.545	-Inf	0.0
0.555	-Inf	0.0
0.565	-Inf	0.0
0.575	-Inf	0.0
0.585	-Inf	0.0
0.595	-Inf	0.0
0.605	-Inf	0.0
0.615	-Inf	0.0
0.625	-Inf	0.0
0.635	-Inf	0.0
0.645	-Inf	0.0
0.655	-Inf	0.0
0.665	-Inf	0.0
0.675	-Inf	0.0
0.685	-Inf	0.0
0.695	-Inf	0.0
0.705	-Inf	0.0
0.715	-Inf	0.0
0.725	-Inf	0.0
0.735	-Inf	0.0
0.745	-Inf	0.0
0.755	-Inf	0.0
0.765	-Inf	0.0
0.775	-Inf	0.0
0.785	-Inf	0.0
0.795	-Inf	0.0
0.805	-Inf	0.0
0.815	-Inf	0.0
0.825	-Inf	0.0
0.835	-Inf	0.0
0.845	-Inf	0.0
0.855	-Inf	0.0
0.865	-Inf	0.0
0.875	-Inf	0.0
0.885	-Inf	0.0
0.895	-Inf	0.0
0.905	-Inf	0.0
0.915	-Inf	0.0
0.925	-Inf	0.0
0.935	-Inf	0.0
0.945	-1.386311574907213	0.18602854753244732
0.955	-1.3720856725489543	0.18811251184386385
0.965	-1.3579724244101392	0.18651480587177785
0.975	-1.3439793052934568	0.19096059640279975
0.985	-1.3301137320774856	0.20276972750082664
0.995	-1.3163830599480375	0.20040790128122127
1.005	-1.3027945786603223	0.20144988343692952
1.015	-1.289355508834003	0.2061735358761403
1.025	-1.2760729982831898	0.204159037041771
1.035	-1.262954118383414	0.2160376336168451
1.045	-1.2500058604775846	0.21138344665468156
1.055	-1.237235132322918	0.2197193039003476
1.065	-1.2246487545808293	0.21707961577255336
1.075	-1.212253457351699	0.22194219916585856
1.085	-1.2000558767564713	0.22180326821176413
1.095	-1.1880625515669507	0.2257628004034555
1.105	-1.176279919886689	0.2201360967626309
1.115	-1.1647143158842828	0.22340097418385013
1.125	-1.1533719665809166	0.23180629690656337
1.135	-1.1422589886939147	0.23215362429179948
1.145	-1.1313813855380612	0.2302780564115246
1.155	-1.1207450439864133	0.22958340164105243
1.165	-1.1103557314922798	0.24146199821612657
1.175	-1.1002190931740365	0.2355574326671131
1.185	-1.0903406489643717	0.23951696485880447
1.195	-1.0807257908255705	0.2391696374735684
1.205	-1.071379780032355	0.2391696374735684
1.215	-1.0623077445238116	0.23910017199652117
1.225	-1.053514676325855	0.2464635125635262
1.235	-1.0450054290456645	0.24701923637990392
1.245	-1.0367847154394858	0.24437954825210967
1.255	-1.0288571050551316	0.2516734233420675
1.265	-1.0212270219505009	0.24840854592084827
1.275	-1.0138987424893664	0.25035357927817037
1.285	-1.006876393215658	0.24986732093883982
1.295	-1.000163948807407	0.24778335662742332
1.305	-0.9937652301114919	0.2641077437335193
1.315	-0.9876839022602574	0.2587589020008836
1.325	-0.9819234728710511	0.257925316276317
1.335	-0.9764872903296724	0.25980088415659186
1.345	-0.9713785421586614	0.25743905793698646
1.355	-0.9666002534713433	0.2611901936975362
1.365	-0.9621552855124547	0.2575779888910809
1.375	-0.9580463342861696	0.26508026041218036
1.385	-0.954275929272254	0.2668168973383608
1.395	-0.9508464322310617	0.26042607345001684
1.405	-0.9477600360980118	0.26584438065969973
1.415	-0.9450187639681462	0.26528865684332203
1.425	-0.9426244681713194	0.2749443581528852
1.435	-0.9405788294385016	0.26626117352198303
1.445	-0.9388833561596557	0.26056500440411123
1.455	-0.9375393837335622	0.2668168973383608
1.465	-0.9365480740099477	0.26702529376950246
1.475	-0.9359104148241866	0.27056803309891053
1.485	-0.935627219624826	0.27161001525461875
1.495	-0.9356991271941042	0.25959248772545024
1.505	-0.9361266014615933	0.2757779438774518
1.515	-0.9369099314110519	0.25577188648785326
1.525	-0.9380492310804913	0.26626117352198303
1.535	-0.9395444396554479	0.25855050556974196
1.545	-0.9413953216553598	0.2622321758532445
1.555	-0.9436014672129227	0.2582726436615531
1.565	-0.9461622924462372	0.2586199710467892
1.575	-0.9490770399234963	0.25472990433214504
1.585	-0.9523447792199365	0.25855050556974196
1.595	-0.9559644075666862	0.25493830076328666
1.605	-0.9599346505911346	0.2530627328830118
1.615	-0.9642540631483527	0.2547993698091922
1.625	-0.9689210302430805	0.25452150790100336
1.635	-0.973933768041717	0.2456993923160068
1.645	-0.9792903249737125	0.248964269737226
1.655	-0.9849885829217142	0.24715816733399837
1.665	-0.9910262584997531	0.25327112931415346
1.675	-0.9974009044187243	0.2461161851782901
1.685	-1.004109910938349	0.24590778874714844
1.695	-1.011150507404779	0.24021161962927665
1.705	-1.0185197638729284	0.2408368089227016
1.715	-1.026214592812596	0.23437651955731043
1.725	-1.0342317508973737	0.22923607425581635
1.735	-1.0425678408753023	0.21985823485444206
1.745	-1.051219313520191	0.22798569566896645
1.755	-1.0601824696624553	0.231042176659044
1.765	-1.0694534622983056	0.22194219916585856
1.775	-1.079028298776058	0.2217338027347169
1.785	-1.0889028430583003	0.222081130119953
1.795	-1.0990728180586111	0.2196498384233004
1.805	-1.109533808051477	0.21263382524153146
1.815	-1.1202812611540147	0.21492618598408963
1.825	-1.131310491878069	0.2107582573612566
1.835	-1.1426166837512222	0.1984628679238992
1.845	-1.1541948920051903	0.20395064061062934
1.855	-1.166040046330076	0.2033254513172044
1.865	-1.178146953692886	0.1976987476763798
1.875	-1.1905103012186906	0.1964483690895299
1.885	-1.2031246591327838	0.19137738926508305
1.895	-1.2159844837621436	0.18609801300949455
1.905	-1.2290841205944822	0.18950182138480817
1.915	-1.2424178073931214	0.184639237991503
1.925	-1.2559796773659309	0.18130489509323658
1.935	-1.269763762386493	0.17970718912115058
1.945	-1.2837639962656722	0.18519496180788073
1.955	-1.2979742180717113	0.17144079735253173
1.965	-1.3123881754969604	0.17505300215898703
1.975	-1.326999528269319	0.16692554134446264
1.985	-1.3418018516064536	0.16616142109694323
1.995	-1.356788639710812	0.16511943894123499
2.005	-1.3719533093034493	0.1672728687296987
2.015	-1.3872892031946664	0.1585896840987966
2.025	-1.4027895938894122	0.15886754600698547
2.035	-1.418447687225422	0.16032632102497701
2.045	-1.4342566260420113	0.15831182219060771
2.055	-1.4502094938774546	0.15588053049395512
2.065	-1.4662993186928506	0.1472668113401002
2.075	-1.4825190766203695	0.14622482918439195
2.085	-0.9882209045366174	0.24257344584888202
2.095	-1.006478214356451	0.24055894701451275
2.105	-1.024844112514833	0.23326507192455495
2.115	-1.0433114057237758	0.23444598503435762
2.125	-1.0618728678986749	0.23097271118199678
2.135	-1.0805212440079597	0.22611012778869158
2.145	-1.0992492539320837	0.21575977170865623
2.155	-1.1180495963296904	0.2144399276447591
2.165	-1.136914952508798	0.21742694315778946
2.175	-1.1558379903007991	0.20992467163669
2.185	-1.1748113679351364	0.20679872516956524
2.195	-1.193827737912449	0.19985217746484352
2.205	-1.2128797508740554	0.20117202152874064
2.215	-1.2319600594655788	0.19999110841893797
2.225	-1.2510613221925806	0.19387814643878287
2.235	-1.2701762072660252	0.1924193714207913
2.245	-1.2892973964354666	0.19339188809945235
2.255	-1.308417588807783	0.18436137608331413
2.265	-1.32752950464937	0.1733163652328066
2.275	-1.346625889169656	0.18033237841457553
2.285	-1.3656995162838634	0.17567819145241198
2.295	-1.3847431923528983	0.17519193311308145
2.305	-1.403749759898344	0.17095453901320123
2.315	-1.4227121012904593	0.16595302466580159
2.325	-1.441623142407186	0.16296600915277126
2.335	-1.4604758562621163	0.16171563056592136
2.345	-1.4792632665994578	0.15747823646604112
2.355	-1.49797845145399	0.15650571978738007
2.365	-1.5166145466740852	0.15365763522844417
2.375	-1.5351647494058476	0.14796146611057237
2.385	-1.5536223215364828	0.1517126018711221
2.395	-1.5719805930950064	0.15358816975139697
2.405	-1.5902329656084477	0.13962560886490633
2.415	-1.6083729154117306	0.1411538493599451
2.425	-1.6263939969094143	0.14407139939592822
2.435	-1.644289845787573	0.14407139939592822
2.445	-1.6620541821740293	0.12635770274888786
2.455	-1.67968081374529	0.1342767671322706
2.465	-1.6971636387784703	0.1321928028208541
2.475	-1.7144966491466154	0.12677449561117116
2.485	-1.731673933255786	0.13073402780286253
2.495	-1.7486896789223674	0.12225923960310206
2.505	-1.765538176189056	0.12580197893251013
2.515	-1.782213820078055	0.12344015271290475
2.525	-1.7987111132800067	0.11600734666885251
2.535	-1.8150246687772695	0.115521088329522
2.545	-1.831149212400149	0.11718825977865521
2.555	-1.8470795853147668	0.11927222409007172
2.565	-1.8628107464412687	0.11385391688038879
2.575	-1.87833777480113	0.10933866087231968
2.585	-1.8936558717923437	0.11336765854105826
2.595	-1.90876036339135	0.11364552044924714
2.605	-1.923646702280553	0.11100583232145289
2.615	-1.938310469900406	0.10732416203795038
2.625	-1.9527473784249831	0.10058601076437032
2.635	-1.9669532726600938	0.10517073224948666
2.645	-1.980924131862991	0.10218371673645632
2.655	-1.9946560714827775	0.10315623341511736
2.665	-2.0081453448206936	0.09739059882019835
2.675	-2.021388344609469	0.0951677035546874
2.685	-2.034381604511008	0.09773792620543442
2.695	-2.0471218005317016	0.09787685715952886
2.705	-2.059605752354738	0.09975242503980372
2.715	-2.071830424588791	0.09530663450878182
2.725	-2.083792927932561	0.09419518687602636
2.735	-2.0954905202546414	0.09363946305964863
2.745	-2.1069206075883	0.0898883272990989
2.755	-2.118080745040742	0.08905474157453229
2.765	-2.1289686376165315	0.0911387058859488
2.775	-2.1395821409548614	0.08377536531894379
2.785	-2.1499192619804273	0.09106924040890159
2.795	-2.159978159467719	0.08877687966634343
2.805	-2.169757144518578	0.0887074141892962
2.815	-2.179254680952921	0.08836008680406013
2.825	-2.1884693856126	0.08981886182205168
2.835	-2.197400028578402	0.0887074141892962
2.845	-2.20604553330024	0.08495627842874648
2.855	-2.2144049766406573	0.08308071054847162
2.865	-2.22247758883179	0.08447002008941597
2.875	-2.230262753346012	0.0830112450714244
2.885	-2.2377600066805177	0.07780133429288312
2.895	-2.244969038056147	0.08064941885181903
2.905	-2.2518896890308207	0.07953797121906356
2.915	-2.25852195302799	0.08155247005343284
2.925	-2.2648659747805606	0.07939904026496912
2.935	-2.2709220496908036	0.08196926291571616
2.945	-2.276690623106795	0.08558146772217144
2.955	-2.2821722895160015	0.07460592234871113
2.965	-2.2873677916566546	0.08113567719114954
2.975	-2.2922780195476156	0.08106621171410233
2.985	-2.2969040094374753	0.07870438549449695
2.995	-2.3012469426736724	0.07432806044052227
3.005	-2.3053081444924777	0.07926010931087468
3.015	-2.3090890827307198	0.07960743669611077
3.025	-2.3125913664601727	0.07134104492749194
3.035	-2.3158167445455855	0.07932957478792191
3.045	-2.3187671041273563	0.07960743669611077
3.055	-2.32144446902991	0.07842652358630808
3.065	-2.3238509980968765	0.07530057711918331
3.075	-2.3259889834542085	0.07349447471595567
3.085	-2.327860848702409	0.07543950807327775
3.095	-2.3294691470390942	0.07502271521099445
3.105	-2.3308165593131456	0.0800936950354413
3.115	-2.3319058920117435	0.07543950807327775
3.125	-2.3327400751816154	0.07307768185367236
3.135	-2.333322160285859	0.07995476408134686
3.145	-2.3336553179977604	0.07717614499945817
3.155	-2.3337428359330192	0.07370287114709732
3.165	-2.3335881163218795	0.07828759263221365
3.175	-2.33319467362264	0.08064941885181903
3.185	-2.332566132078107	0.07266088899138906
3.195	-2.3317062232165338	0.07703721404536373
3.205	-2.330618783298655	0.07856545454040251
3.215	-2.329307750712434	0.07634255927489157
3.225	-2.3277771633171738	0.07710667952241096
3.235	-2.3260311557386784	0.0784959890633553
3.245	-2.324073956617156	0.0784959890633553
3.255	-2.3219098858096014	0.07821812715516643
3.265	-2.3195433515484085	0.07988529860429963
3.275	-2.316978847557982	0.07634255927489157
3.285	-2.3142209501311486	0.08044102242067737
3.295	-2.311274315167183	0.08078834980591346
3.305	-2.3081436751732785	0.07953797121906356
3.315	-2.3048338362313188	0.08002422955839407
3.325	-2.301349674931822	0.0829417795943772
3.335	-2.2976961352769347	0.08127460814524398
3.345	-2.2938782255543795	0.07613416284374992
3.355	-2.2899010151842663	0.08023262598953572
3.365	-2.2857696315406986	0.08002422955839407
3.375	-2.2814892567500964	0.07974636765020521
3.385	-2.2770651244681894	0.08516467485988814
3.395	-2.27250251663764	0.0813440736222912
3.405	-2.267806760228236	0.08537307129102979
3.415	-2.262983223961644	0.07821812715516643
3.425	-2.258037315022678	0.08398376175008544
3.435	-2.2529744757590624	0.08481734747465206
3.445	-2.2478001803716743	0.08599826058445474
3.455	-2.242519931597232	0.08481734747465206
3.465	-2.2371392573854196	0.085442536768077
3.475	-2.231663707572415	0.08620665701559639
3.485	-2.226098850552813	0.08565093319921865
3.495	-2.2204502699518907	0.08974939634500446
3.505	-2.2147235613002128	0.09009672373024055
3.515	-2.2089243287125093	0.0858593296303603
3.525	-2.203058181572802	0.08738757012539908
3.535	-2.197130731227713	0.09211122256460984
3.545	-2.191147587689899	0.09426465235307357
3.555	-2.1851143563535316	0.09454251426126244
3.565	-2.179036634723744	0.08974939634500446
3.575	-2.172920009161943	0.09252801542689315
3.585	-2.1667700516488733	0.09245854994984593
3.595	-2.160592316567303	0.08822115584996569
3.605	-2.1543923375062044	0.09106924040890159
3.615	-2.148175624088238	0.09280587733508201
3.625	-2.141947658822391	0.09377839401374305
3.635	-2.135713893983554	0.09537609998582905
3.645	-2.1294797485208186	0.09891883931523712
3.655	-2.123250604996264	0.0988493738381899
3.665	-2.1170318065559535	0.09495930712354575
3.675	-2.1108286539348673	0.09989135599389816
3.685	-2.1046464024974547	0.10294783698397571
3.695	-2.098490259315467	0.09961349408570928
3.705	-2.092365380284704	0.09739059882019835
3.715	-2.086276867282298	0.1041287500937784
3.725	-2.0802297653660893	0.10100280362665363
3.735	-2.0742290600176663	0.10593485249700604
3.745	-2.0682796744305807	0.10218371673645632
3.755	-2.0623864668452283	0.10760202394613926
3.765	-2.0565542279318545	0.10593485249700604
3.775	-2.050787678223096	0.10204478578236188
3.785	-2.04509146559748	0.10697683465271429
3.795	-2.039470162815197	0.10586538701995883
3.805	-2.0339282651075	0.10725469656090317
3.815	-2.0284701878210023	0.09947456313161486
3.825	-2.023100264118123	0.10468447391015613
3.835	-2.0178227427348867	0.1057959215429116
3.845	-2.0126417857972703	0.10933866087231968
3.855	-2.0075614666972	0.10350356080035344
3.865	-2.0025857680293244	0.10398981913968397
3.875	-1.997718579589605	0.11621574309999418
3.885	-1.9929636964367246	0.1110752977985001
3.895	-1.988324817017329	0.11642413953113583
3.905	-1.9838055413559894	0.11232567638535002
3.915	-1.9794093693107977	0.11274246924763331
3.925	-1.9751396988954513	0.11628520857704139
3.935	-1.9709998246686138	0.11302033115582219
3.945	-1.9669929361913225	0.11281193472468053
3.955	-1.963122116553163	0.11503482999019148
3.965	-1.9593903409678868	0.11329819306401105
3.975	-1.9558004754390899	0.11454857165086096
3.985	-1.952355275496556	0.11802184550322181
3.995	-1.9490573850037904	0.12191191221786597
4.005	-1.9459093350372447	0.11663253596227748
4.015	-1.9429135428376845	0.11413177878857765
4.025	-1.9400723108341063	0.11399284783448323
4.035	-1.937387825740554	0.11760505264093851
4.045	-1.9348621577261558	0.1183691728884579
4.055	-1.9324972596586516	0.11600734666885251
4.065	-1.9302949664216174	0.12142565387853545
4.075	-1.9282569943055825	0.1163546740540886
4.085	-1.9263849404731515	0.11975848242940224
4.095	-1.924680282498222	0.12524625511613238
4.105	-1.9231443779793398	0.113923382357436
4.115	-1.9217784642271676	0.11906382765893007
4.125	-1.920583658026037	0.11941115504416616
4.135	-1.9195609554694548	0.11545162285247478
4.145	-1.9187112318694488	0.11823024193436346
4.155	-1.9180352417395328	0.1216340503096771
4.165	-1.917533618851083	0.12344015271290475
4.175	-1.9172068763628238	0.11482643355904983
4.185	-1.9170554070231016	0.12135618840148824
4.195	-1.9170794834445986	0.11941115504416616
4.205	-1.9172792584510352	0.12086993006215771
4.215	-1.917654765495446	0.12045313719987441
4.225	-1.9182059191494922	0.11232567638535002
4.235	-1.9189325156632944	0.11371498592629435
4.245	-1.9198342335951892	0.11892489670483564
4.255	-1.9209106345107847	0.11545162285247478
4.265	-1.922161163750646	0.12274549794243257
4.275	-1.9235851512658981	0.1175355871638913
4.285	-1.9251818125210125	0.11531269189838035
4.295	-1.9269502494629611	0.12045313719987441
4.305	-1.9288894515559387	0.10892186801003638
4.315	-1.9309982968807662	0.11906382765893007
4.325	-1.9332755532980737	0.11864703479664676
4.335	-1.93571987967433	0.11566001928361644
4.345	-1.9383298271697333	0.11434017521971931
4.355	-1.9411038405869445	0.11531269189838035
4.365	-1.9440402597796198	0.1179523800261746
4.375	-1.9471373211196563	0.11461803712790818
4.385	-1.9503931590220343	0.11663253596227748
4.395	-1.9538058075260953	0.11378445140334158
4.405	-1.9573732019320964	0.1167714669163719
4.415	-1.9610931804917888	0.11051957398212237
4.425	-1.964963486151819	0.11607681214589974
4.435	-1.9689817683486468	0.11406231331153044
4.445	-1.9731455848536839	0.1159378811918053
4.455	-1.977452403667335	0.10857454062480029
4.465	-1.9818996049605717	0.1179523800261746
4.475	-1.9864844830626511	0.11010278111983907
4.485	-1.9912042484935841	0.10767148942318647
4.495	-1.9960560300399153	0.11399284783448323
4.505	-2.0010368768723468	0.11003331564279185
4.515	-2.006143760703749	0.1098249192116502
4.525	-2.0113735779860415	0.1082272132395642
4.535	-2.016723152144426	0.10913026444117803
4.545	-2.0221892358474474	0.10454554295606171
4.555	-2.0277685133113086	0.10635164535928934
4.565	-2.0334576026368727	0.10801881680842255
4.575	-2.039253058177763	0.10301730246102292
4.585	-2.045151372937956	0.10280890602988127
4.595	-2.051148980997244	0.10558752511176996
4.605	-2.057242259962943	0.10419821557082562
4.615	-2.0634275334461933	0.10121120005779528
4.625	-2.0697010735612063	0.10072494171846476
4.635	-2.076059103445785	0.10260050959873962
4.645	-2.082497799801462	0.09690434048086782
4.655	-2.08901329545155	0.10100280362665363
4.665	-2.0956016819154364	0.10107226910370085
4.675	-2.1022590119974374	0.10593485249700604
4.685	-2.108981302388482	0.09968295956275651
4.695	-2.11576453627897	0.1000302869479926
4.705	-2.1226046659810702	0.09676540952677339
4.715	-2.1294976155587726	0.09662647857267895
4.725	-2.1364392834639876	0.09607075475630121
4.735	-2.143425545176996	0.09225015351870428
4.745	-2.1504522558495447	0.09482037616945131
4.755	-2.157515252948903	0.09579289284811235
4.765	-2.164610358901181	0.09537609998582905
4.775	-2.171733383732232	0.09537609998582905
4.785	-2.1788801277044545	0.09370892853669584
4.795	-2.1860463839478332	0.09016618920728776
4.805	-2.1932279410835505	0.08947153443681559
4.815	-2.2004205858385193	0.09259748090394036
4.825	-2.2076201056491964	0.08891581062043785
4.835	-2.2148222912530535	0.0878738284647296
4.845	-2.2220229392660817	0.09002725825319333
4.855	-2.2292178547447388	0.085442536768077
4.865	-2.2364028537307368	0.08759596655654073
4.875	-2.243573765777125	0.08731810464835187
4.885	-2.250726436454088	0.08412269270417988
4.895	-2.2578567298329406	0.08377536531894379
4.905	-2.2649605309468015	0.08912420705157952
4.915	-2.272033748226438	0.08794329394177682
4.925	-2.2790723159098247	0.08961046539091003
4.935	-2.2860721964239445	0.08106621171410233
4.945	-2.293029382737412	0.08148300457638563
4.955	-2.299939900682502	0.08030209146658294
4.965	-2.306799811245211	0.08634558796969083
4.975	-2.313605212821983	0.07557843902737219
4.985	-2.3203522434417736	0.08558146772217144
4.995	-2.3270370829521374	0.07696774856831652
5.005	-2.33365595516808	0.07967690217315798
5.015	-2.3402051299823983	0.07571736998146661
5.025	-2.346680925436313	0.07828759263221365
5.035	-2.353079709749185	0.07773186881583591
5.045	-2.35939790330617	0.07655095570603322
5.055	-2.365631980602668	0.07634255927489157
5.065	-2.3717784721444852	0.078079196201072
5.075	-2.3778339663026262	0.0760646973667027
5.085	-2.3837951111217075	0.07773186881583591
5.095	-2.3896586160809754	0.0752311116421361
5.105	-2.395421253806978	0.07113264849635029
5.115	-2.401079861736951	0.0736334056700501
5.125	-2.406631343732041	0.07127157945044472
5.135	-2.4120726716394953	0.07314714733071959
5.145	-2.4174008868029997	0.07370287114709732
5.155	-2.422613101520395	0.07328607828481401
5.165	-2.427706500448005	0.07502271521099445
5.175	-2.432678341950884	0.07370287114709732
5.185	-2.4375259593983065	0.07009066634064202
5.195	-2.4422467624038715	0.07203569969796411
5.205	-2.446838238009622	0.07161890683568081
5.215	-2.4512979518136286	0.07356394019300289
5.225	-2.4556235490405394	0.07099371754225585
5.235	-2.4598127555545797	0.06849296036855604
5.245	-2.463863378814622	0.0712021139733975
5.255	-2.4677733087708833	0.07154944135863359
5.265	-2.4715405187029225	0.0752311116421361
5.275	-2.4751630659986166	0.07002120086359481
5.285	-2.478639092873842	0.06696471987351726
5.295	-2.4819668270326267	0.06765937464398944
5.305	-2.4851445822675755	0.06738151273580056
5.315	-2.488170759000444	0.06738151273580056
5.325	-2.4910438447626984	0.06884028775379213
5.335	-2.4937624146160555	0.07411966400938062
5.345	-2.4963251315129167	0.07147997588158637
5.355	-2.4987307465967357	0.0687708222767449
5.365	-2.5009780994423734	0.07196623422091689
5.375	-2.5030661182365215	0.06765937464398944
5.385	-2.5049938198983233	0.07085478658816143
5.395	-2.5067603101403826	0.07043799372587811
5.405	-2.5083647834703484	0.06272732577363702
5.415	-2.5098065231333475	0.06703418535056448
5.425	-2.5110849009955505	0.06863189132265048
5.435	-2.5121993773691926	0.06856242584560325
5.445	-2.5131495007794205	0.06807616750627274
5.455	-2.5139349076733875	0.06800670202922551
5.465	-2.514555322072029	0.06849296036855604
5.475	-2.5150105551649924	0.06675632344237561
5.485	-2.515300504849268	0.06529754842438405
5.495	-2.5154251552120503	0.06661739248828118
5.505	-2.5153845759584454	0.06842349489150883
5.515	-2.515178921784641	0.06953494252426429
5.525	-2.514808431697214	0.06870135679969769
5.535	-2.5142734282792554	0.06418610079162858
5.545	-2.513574316904076	0.06807616750627274
5.555	-2.5127115848972448	0.06738151273580056
5.565	-2.511685800647756	0.06828456393741439
5.575	-2.5104976126691674	0.07196623422091689
5.585	-2.509147748611586	0.07050745920292534
5.595	-2.5076370142253683	0.06786777107513109
5.605	-2.5059662922774986	0.06897921870788656
5.615	-2.504136541421582	0.07439752591756948
5.625	-2.502148795022437	0.06904868418493378
5.635	-2.500004159936317	0.0679372365521783
5.645	-2.4977038152478066	0.07418912948642784
5.655	-2.4952490109644354	0.07210516517501132
5.665	-2.4926410666701395	0.06911814966198099
5.675	-2.4898813701386806	0.07273035446843627
5.685	-2.4869713759081544	0.07113264849635029
5.695	-2.48391260381779	0.06786777107513109
5.705	-2.4807066375082107	0.06814563298331995
5.715	-2.4773551228863653	0.0699517353865476
5.725	-2.4738597665564015	0.06738151273580056
5.735	-2.4702223342177057	0.07203569969796411
5.745	-2.466444649031398	0.06925708061607543
5.755	-2.4625285899565776	0.07106318301930308
5.765	-2.4584760900576352	0.06925708061607543
5.775	-2.454289134783952	0.07057692467997255
5.785	-2.4499697602233437	0.06988226990950037
5.795	-2.445520051330605	0.07411966400938062
5.805	-2.44094214013251	0.07300821637662515
5.815	-2.4362382039106936	0.07203569969796411
5.825	-2.4314104633637847	0.07418912948642784
5.835	-2.426461180750195	0.07300821637662515
5.845	-2.4213926580130147	0.07175783778977524
5.855	-2.4162072348884114	0.0748143187798528
5.865	-2.410907286998987	0.0756479045044194
5.875	-2.4054952239335288	0.0784959890633553
5.885	-2.3999734873146163	0.07641202475193878
5.895	-2.394344548855503	0.07530057711918331
5.905	-2.388610908407788	0.07842652358630808
5.915	-2.382775092001279	0.07613416284374992
5.925	-2.3768396498775615	0.07453645687166392
5.935	-2.3708071545186904	0.07780133429288312
5.945	-2.3646801986725086	0.07926010931087468
5.955	-2.358461393376026	0.07926010931087468
5.965	-2.3521533659783382	0.07467538782575836
5.975	-2.3457587581645276	0.08245552125504667
5.985	-2.339280223982016	0.07710667952241096
5.995	-2.3327204278707883	0.07946850574201633
6.005	-2.3260820426989675	0.07828759263221365
6.015	-2.3193677478051438	0.076481490228986
6.025	-2.312580227048892	0.07912117835678024
6.035	-2.305722166870907	0.0821776593468578
6.045	-2.2987962543641416	0.08384483079599102
6.055	-2.291805175357367	0.08238605577799946
6.065	-2.2847516125125162	0.08488681295169927
6.075	-2.277638243437206	0.07912117835678024
6.085	-2.27046773881376	0.08238605577799946
6.095	-2.263242760546115	0.08287231411732997
6.105	-2.2559659599259088	0.08530360581398257
6.115	-2.2486399758190623	0.08773489751063517
6.125	-2.2412674328741606	0.08377536531894379
6.135	-2.2338509397538884	0.08898527609748508
6.145	-2.2263930873907998	0.08453948556646318
6.155	-2.2188964472686186	0.08453948556646318
6.165	-2.2113635697303264	0.08905474157453229
6.175	-2.203796982314185	0.08836008680406013
6.185	-2.1961991881189036	0.08440055461236874
6.195	-2.1885726641990577	0.08606772606150195
6.205	-2.1809198599919193	0.08974939634500446
6.215	-2.1732431957767506	0.09141656779413768
6.225	-2.165545061167667	0.09016618920728776
6.235	-2.157827813641105	0.09711273691200947
6.245	-2.1500937770989004	0.09447304878421522
6.255	-2.1423452404679653	0.09509823807764017
6.265	-2.134584456337549	0.09461197973830966
6.275	-2.126813639634978	0.09530663450878182
6.285	-2.1190349663408172	0.09468144521535687
6.295	-2.111250572244272	0.09586235832515956
6.305	-2.10346255173973	0.09829365002181216
6.315	-2.095672956665197	0.09676540952677339
6.325	-2.087883795183449	0.1004470798102759
6.335	-2.0800970307066167	0.0955844964169707
6.345	-2.0723145808649086	0.09836311549885939
6.355	-2.064538316520184	0.10211425125940911
6.365	-2.056770060824981	0.09989135599389816
6.375	-2.049011588327639	0.10433714652492004
6.385	-2.0412646241240657	0.10482340486425057
6.395	-2.0335308430567	0.10121120005779528
6.405	-2.025811868961185	0.09961349408570928
6.415	-2.018109273961193	0.10475393938720336
6.425	-2.010424577811856	0.1008638726725592
6.435	-2.0027592472921905	0.10510126677243943
6.445	-1.9951146956468642	0.10718523108385596
6.455	-1.9874922820776533	0.10913026444117803
6.465	-1.979893311284836	0.1061432489281477
6.475	-1.9723190330588092	0.10468447391015613
6.485	-1.9647706419221094	0.10760202394613926
6.495	-1.9572492768220244	0.10954705730346133
6.505	-1.9497560208739246	0.1130897966328694
6.515	-1.9422919011554065	0.11406231331153044
6.525	-1.934857888551327	0.10947759182641412
6.535	-1.927454897649719	0.11621574309999418
6.545	-1.9200837866885918	0.11364552044924714
6.555	-1.9127453575535642	0.1130897966328694
6.565	-1.9054403558262227	0.1151042954672387
6.575	-1.8981694708830887	0.11975848242940224
6.585	-1.890933336045013	0.11566001928361644
6.595	-1.8837325287768105	0.11906382765893007
6.605	-1.876567570936872	0.11864703479664676
6.615	-1.8694389290764972	0.12545465154727403
6.625	-1.8623470147886068	0.11906382765893007
6.635	-1.8552921851054958	0.12156458483262989
6.645	-1.8482747429452437	0.12170351578672432
6.655	-1.8412949376063428	0.12246763603424371
6.665	-1.8343529653100865	0.12350961818995196
6.675	-1.8274489697902285	0.12566304797841568
6.685	-1.8205830429293692	0.12851113253735158
6.695	-1.813755225441514	0.12607984084069898
6.705	-1.8069655076001987	0.1285805980143988
6.715	-1.800213830011532	0.12712182299640726
6.725	-1.7935000844315225	0.13073402780286253
6.735	-1.786824114626944	0.13066456232581533
6.745	-1.7801857172790436	0.12830273610620993
6.755	-1.7735846429293056	0.13615233501254548
6.765	-1.7670205969664767	0.12726075395050168
6.775	-1.7604932406540315	0.12920578730782376
6.785	-1.754002192197212	0.1240653420063297
6.795	-1.7475470278487668	0.13045616589467368
6.805	-1.7411272830524387	0.1317760099585708
6.815	-1.7347424536233131	0.13198440638971246
6.825	-1.728391996963994	0.1265660991800295
6.835	-1.722075333315641	0.13698592073711208
6.845	-1.7157918470428444	0.13379050879294008
6.855	-1.709540887951258	0.13441569808636505
6.865	-1.7033217726369503	0.13879202314033973
6.875	-1.6971337858663293	0.13497142190274278
6.885	-1.690976181985572	0.14025079815833127
6.895	-1.6848481863583404	0.1415706422222284
6.905	-1.678748996830692	0.13483249094864835
6.915	-1.6726777852219388	0.1403202636353785
6.925	-1.6666336988402664	0.13823629932396198
6.935	-1.6606158620218852	0.14094545292880345
6.945	-1.6546233776924604	0.14775306967943072
6.955	-1.64865532894957	0.14796146611057237
6.965	-1.642710780664879	0.14108438388289787
6.975	-1.6367887811047712	0.1383057648010092
6.985	-1.6308883635681006	0.14351567557955047
6.995	-1.6250085480397427	0.14365460653364492
7.005	-1.6191483428586073	0.14177903865337005
7.015	-1.6133067463987703	0.14546070893687255
7.025	-1.60748274876235	0.1480309315876196
7.035	-1.6016753334827576	0.1427515553320311
7.045	-1.5958834792369638	0.14705841490895855
7.055	-1.5901061615653445	0.14865612088104455
7.065	-1.5843423545977657	0.1419179696074645
7.075	-1.5785910327844666	0.1512958090088388
7.085	-1.5728511726303434	0.14740574229419465
7.095	-1.5671217544312244	0.14351567557955047
7.105	-1.5614017640107256	0.14990649946789444
7.115	-1.5556901944562584	0.14823932801876125
7.125	-1.5499860478527787	0.14539124345982535
7.135	-1.5442883370128606	0.15143473996293322
7.145	-1.538596087201666	0.15143473996293322
7.155	-1.5329083378554067	0.14976756851380002
7.165	-1.527224144291881	0.15108741257769714
7.175	-1.5215425794116717	0.14865612088104455
7.185	-1.5158627353886014	0.15483854833824687
7.195	-1.5101837253480543	0.15199046377931097
7.205	-1.5045046850317705	0.15303244593501922
7.215	-1.4988247744477063	0.15358816975139697
7.225	-1.4931431795036303	0.1582423567135605
7.235	-1.487459113623038	0.15720037455785224
7.245	-1.4817718193420784	0.15504694476938852
7.255	-1.4760805698861001	0.15018436137608332
7.265	-1.4703846707245352	0.1528935149809248
7.275	-1.4646834611027724	0.16692554134446264
7.285	-1.458976315549719	0.1573393055119467
7.295	-1.4532626453597832	0.15060115423836662
7.305	-1.4475419000479812	0.1582423567135605
7.315	-1.4418135687769462	0.15567213406281347
7.325	-1.4360771817545679	0.15261565307273592
7.335	-1.4303323116010882	0.1590064769610799
7.345	-1.4245785746844084	0.15775609837423
7.355	-1.4188156324224859	0.154560686430058
7.365	-1.4130431925516307	0.15997899363974094
7.375	-1.4072610103595764	0.16039578650202424
7.385	-1.4014688898822367	0.15775609837423
7.395	-1.3956666850630393	0.1639385258314323
7.405	-1.3898543008738038	0.15351870427434974
7.415	-1.3840316943961124	0.1606736484102131
7.425	-1.3781988758621786	0.16122937222659084
7.435	-1.3723559096542362	0.1650499734641878
7.445	-1.3665029152614818	0.16532783537237664
7.455	-1.3606400681936834	0.1610904412724964
7.465	-1.3547676008505247	0.15803396028241884
7.475	-1.348885803345848	0.1656056972805655
7.485	-1.3429950242859592	0.1668560758674154
7.495	-1.3370956715011957	0.16095151031840196
7.505	-1.331188212729977	0.1650499734641878
7.515	-1.3252731762546262	0.1668560758674154
7.525	-1.319351151488249	0.1607431138872603
7.535	-1.3134227895119843	0.15921487339222154
7.545	-1.30748880356203	0.16122937222659084
7.555	-1.30154996946581	0.15970113173155207
7.565	-1.2956071260267485	0.16539730084942386
7.575	-1.2896611753570824	0.1664392830051321
7.585	-1.2837130831582793	0.1606041829331659
7.595	-1.2777638789485377	0.1672728687296987
7.605	-1.2718146562370078	0.16880110922473748
7.615	-1.2658665726443246	0.163521732969149
7.625	-1.259920849969101	0.1615766996118269
7.635	-1.2539787742000996	0.16900950565587916
7.645	-1.2480416954738012	0.1611599067495436
7.655	-1.2421110279771446	0.1663003520510377
7.665	-1.236188249795232	0.16671714491332099
7.675	-1.230274902703889	0.16657821395922656
7.685	-1.2243725919069122	0.174080485480326
7.695	-1.2184829857179755	0.17123240092139008
7.705	-1.2126078151871464	0.16949576399520966
7.715	-1.2067488736720022	0.16498050798714056
7.725	-1.2009080163534225	0.17276064141642888
7.735	-1.1950871596961146	0.16852324731654864
7.745	-1.189288280854018	0.1701209532886346
7.755	-1.1835134170207295	0.17025988424272906
7.765	-1.1777646647251827	0.1797766545981978
7.775	-1.1720441790727911	0.1728995723705233
7.785	-1.166354172932364	0.17039881519682348
7.795	-1.1606969160691156	0.1737331580950899
7.805	-1.1550747342241017	0.1765812426540258
7.815	-1.1494900081405246	0.1656056972805655
7.825	-1.1439451725373166	0.1725522449852872
7.835	-1.138442715030488	0.1774148283785924
7.845	-1.132985175002762	0.17609498431469528
7.855	-1.1275751424220495	0.17512246763603426
7.865	-1.1222152566093448	0.17262171046233443
7.875	-1.1169082049566899	0.17248277950824
7.885	-1.1116567215958708	0.17505300215898703
7.895	-1.106463586018531	0.18248580820303925
7.905	-1.1013316216484734	0.17303850332461773
7.915	-1.096263694366909	0.1713018663984373
7.925	-1.0912627109914639	0.18290260106532255
7.935	-1.0863316177098001	0.17470567477375096
7.945	-1.0814733984687341	0.17685910456221468
7.955	-1.076691073319753	0.17324689975575938
7.965	-0.5248484077033471	0.31335876695999626
7.975	-0.5184281210698014	0.30932976929125766
7.985	-0.5120929881324097	0.3068290121175578
7.995	-0.5058461559787217	0.30967709667649373
8.005	-0.4996907989091146	0.3111358716944853
8.015	-0.49363011654186195	0.3093992347683049
8.025	-0.4876673318819289	0.3082877871355494
8.035	-0.4818056893546745	0.3195411944171985
8.045	-0.476048452805645	0.31988852180243466
8.055	-0.47039890346769186	0.32113890038928455
8.065	-0.46486033789666203	0.31919386703196245
8.075	-0.4594360658769421	0.3188465396467264
8.085	-0.45412940829814574	0.3296831540660922
8.095	-0.4489436950042973	0.3252373635350704
8.105	-0.4438822626168324	0.3287106373874312
8.115	-0.438948452332818	0.3284327754792423
8.125	-0.43414560769976873	0.33378161721187805
8.135	-0.4294770723684853	0.3300999469283756
8.145	-0.42494618782535554	0.325445759966212
8.155	-0.4205562911055647	0.3445487661541967
8.165	-0.41631071248870466	0.3501754697950213
8.175	-0.4122127731782652	0.34524342092466886
8.185	-0.40826578296652016	0.3543433984178543
8.195	-0.4044730378863326	0.3494113495475019
8.205	-0.40083781785142647	0.3567052246374597
8.215	-0.39736338428666684	0.35003653884092684
8.225	-0.3940529777499253	0.35726094845383743
8.235	-0.39090981554710336	0.35608003534403476
8.245	-0.3879370893419012	0.35969224015049
8.255	-0.38513796276193624	0.3591365163341123
8.265	-0.38251556900281947	0.34843883286884086
8.275	-0.3800730084317838	0.36316551400285085
8.285	-0.37781334619251994	0.36511054736017295
8.295	-0.37573960981281584	0.3645548235437952
8.305	-0.3738547868166475	0.3696258033682421
8.315	-0.37216182234234485	0.37018152718461983
8.325	-0.37066361676848336	0.36504108188312573
8.335	-0.3693630233491141	0.3704593890928087
8.345	-0.3682628458600068	0.3709456474321392
8.355	-0.36736583625749897	0.37483571414678335
8.365	-0.3666746923516244	0.3785173844302859
8.375	-0.366192055495125	0.3772670058434359
8.385	-0.36592050828999434	0.3754609034402083
8.395	-0.3658625723131548	0.3690006140748171
8.405	-0.3660207058628975	0.3749051796238306
8.415	-0.36639730172769447	0.3770586094122943
8.425	-0.36699468497896315	0.3835883642547327
8.435	-0.36781511078940654	0.38789522383166014
8.445	-0.36886076227846987	0.3743494558074528
8.455	-0.3701337483865157	0.3799761594482774
8.465	-0.3716361017792458	0.3776837987057192
8.475	-0.3733697767839317	0.37948990110894687
8.485	-0.3753366473589639	0.3808792106498912
8.495	-0.3775385050982343	0.38518607022681867
8.505	-0.3799770572718626	0.37907310824666357
8.515	-0.3826539249046983	0.3779616606139081
8.525	-0.38557064089411885	0.38428301902520484
8.535	-0.3887286481684906	0.3762250236877277
8.545	-0.39212929788776685	0.379837228494183
8.555	-0.39577384768758006	0.36865328668958103
8.565	-0.39966345996821073	0.37650288559591655
8.575	-0.40379920022978877	0.37907310824666357
8.585	-0.40818203545503096	0.3689311485977699
8.595	-0.412812832540826	0.37608609273363325
8.605	-0.41769235677992844	0.3687922176436755
8.615	-0.4228212703940202	0.3706677855239503
8.625	-0.4282001311193169	0.3704593890928087
8.635	-0.43382939084595495	0.3653884092683618
8.645	-0.4397093943122712	0.37205709506489465
8.655	-0.44584037785511677	0.36594413308473955
8.665	-0.4522224682173075	0.37164030220261135
8.675	-0.4588556814132472	0.36017849848982053
8.685	-0.4657399216537679	0.3667082533322589
8.695	-0.47287498033117337	0.35642736272927084
8.705	-0.4802605350654583	0.3612204806455288
8.715	-0.4878961488125837	0.35892811990297063
8.725	-0.49578126903575725	0.36462428902084243
8.735	-0.5039152269405136	0.3575388103620263
8.745	-0.5122972367744381	0.36003956753572613
8.755	-0.5209263951922907	0.35295408887691
8.765	-0.5298016806872838	0.352328899583485
8.775	-0.5389219530891978	0.3437151804296301
8.785	-0.5482859531299877	0.3384358041740416
8.795	-0.5578923020775113	0.342395336365733
8.805	-0.5677395014379356	0.33746328749538057
8.815	-0.5778259327273854	0.33829687321994717
8.825	-0.5881498573132906	0.33572665056920015
8.835	-0.5987094163259143	0.33232284219388647
8.845	-0.6095026306404352	0.3291274302497145
8.855	-0.6205274009300061	0.3343373410282558
8.865	-0.6317815077900422	0.31836028130739585
8.875	-0.6432626119340665	0.3191244015549152
8.885	-0.6549682544613271	0.3197495908483402
8.895	-0.6668958571963783	0.3114831990797214
8.905	-0.679042723100786	0.3144007491157045
8.915	-0.6914060367570299	0.31266411218952406
8.925	-0.7039828649246967	0.3059954263929912
8.935	-0.7167701571689236	0.3050923751913774
8.945	-0.7297647465611476	0.301132842999686
8.955	-0.7429633504519587	0.29404736434086987
8.965	-0.7563625713160598	0.2892542464246119
8.975	-0.7699588976690748	0.2900878321491785
8.985	-0.7837487050560229	0.2895321083328008
8.995	-0.7977282571112254	0.2818214403805597
9.005	-0.8118937066892862	0.2897405047639424
9.015	-0.8262410970668416	0.27633366769382955
9.025	-0.8407663632146639	0.2861282999574871
9.035	-0.8554653331397045	0.2753611510151685
9.045	-0.8703337292965306	0.2761252712626879
9.055	-0.8853671700677213	0.27098482596119383
9.065	-Inf	0.0
9.075	-Inf	0.0
9.085	-Inf	0.0
9.095	-Inf	0.0
9.105	-Inf	0.0
9.115	-Inf	0.0
9.125	-Inf	0.0
9.135	-Inf	0.0
9.145	-Inf	0.0
9.155	-Inf	0.0
9.165	-Inf	0.0
9.175	-Inf	0.0
9.185	-Inf	0.0
9.195	-Inf	0.0
9.205	-Inf	0.0
9.215	-Inf	0.0
9.225	-Inf	0.0
9.235	-Inf	0.0
9.245	-Inf	0.0
9.255	-Inf	0.0
9.265	-Inf	0.0
9.275	-Inf	0.0
9.285	-Inf	0.0
9.295	-Inf	0.0
9.305	-Inf	0.0
9.315	-Inf	0.0
9.325	-Inf	0.0
9.335	-Inf	0.0
9.345	-Inf	0.0
9.355	-Inf	0.0
9.365	-Inf	0.0
9.375	-Inf	0.0
9.385	-Inf	0.0
9.395	-Inf	0.0
9.405	-Inf	0.0
9.415	-Inf	0.0
9.425	-Inf	0.0
9.435	-Inf	0.0
9.445	-Inf	0.0
9.455	-Inf	0.0
9.465	-Inf	0.0
9.475	-Inf	0.0
9.485	-Inf	0.0
9.495	-Inf	0.0
9.505	-Inf	0.0
9.515	-Inf	0.0
9.525	-Inf	0.0
9.535	-Inf	0.0
9.545	-Inf	0.0
9.555	-Inf	0.0
9.565	-Inf	0.0
9.575	-Inf	0.0
9.585	-Inf	0.0
9.595	-Inf	0.0
9.605	-Inf	0.0
9.615	-Inf	0.0
9.625	-Inf	0.0
9.635	-Inf	0.0
9.645	-Inf	0.0
9.655	-Inf	0.0
9.665	-Inf	0.0
9.675	-Inf	0.0
9.685	-Inf	0.0
9.695	-Inf	0.0
9.705	-Inf	0.0
9.715	-Inf	0.0
9.725	-Inf	0.0
9.735	-Inf	0.0
9.745	-Inf	0.0
9.755	-Inf	0.0
9.765	-Inf	0.0
9.775	-Inf	0.0
9.785	-Inf	0.0
9.795	-Inf	0.0
9.805	-Inf	0.0
9.815	-Inf	0.0
9.825	-Inf	0.0
9.835	-Inf	0.0
9.845	-Inf	0.0
9.855	-Inf	0.0
9.865	-Inf	0.0
9.875	-Inf	0.0
9.885	-Inf	0.0
9.895	-Inf	0.0
9.905	-Inf	0.0
9.915	-Inf	0.0
9.925	-Inf	0.0
9.935	-Inf	0.0
9.945	-Inf	0.0
9.955	-Inf	0.0
9.965	-Inf	0.0
9.975	-Inf	0.0
9.985	-Inf	0.0
9.995	-Inf	0.0
