0.005	-Inf	0.0
0.015	-Inf	0.0
0.025	-Inf	0.0
0.035	-Inf	0.0
0.045	-Inf	0.0
0.055	-Inf	0.0
0.065	-Inf	0.0
0.075	-Inf	0.0
0.085	-Inf	0.0
0.095	-Inf	0.0
0.105	-Inf	0.0
0.115	-Inf	0.0
0.125	-Inf	0.0
0.135	-Inf	0.0
0.145	-Inf	0.0
0.155	-Inf	0.0
0.165	-Inf	0.0
0.175	-Inf	0.0
0.185	-Inf	0.0
0.195	-Inf	0.0
0.205	-Inf	0.0
0.215	-Inf	0.0
0.225	-Inf	0.0
0.235	-Inf	0.0
0.245	-Inf	0.0
0.255	-Inf	0.0
0.265	-Inf	0.0
0.275	-Inf	0.0
0.285	-Inf	0.0
0.295	-Inf	0.0
0.305	-Inf	0.0
0.315	-1.1533782874562497	0.20464509329816513
0.325	-1.1607954877527282	0.20771039070134734
0.335	-1.1681179163020095	0.19924433120684407
0.345	-1.1753386911463573	0.20106891299445254
0.355	-1.182451002974063	0.20048504682241783
0.365	-1.189448119463397	0.19362461930101002
0.375	-1.1963233895792844	0.1915081044273842
0.385	-1.2030702478200572	0.19252987022844492
0.395	-1.209682218411643	0.19647096688967922
0.405	-1.216152919446602	0.20012013046489613
0.415	-1.2224760669654473	0.19099722152685383
0.425	-1.2286454789777161	0.1923109204139319
0.435	-1.2346550794203213	0.1949383181880881
0.445	-1.2404989020507098	0.19639798361817487
0.455	-1.2461710942724407	0.19012142226880177
0.465	-1.2516659208908028	0.19340566948649698
0.475	-1.256977767796153	0.19085125498384514
0.485	-1.2621011455727005	0.1877129743091586
0.495	-1.267030693030497	0.19260285349994927
0.505	-1.271761180658459	0.188661756838715
0.515	-1.276287513996277	0.18442872709146335
0.525	-1.2806047369231386	0.1905593218978278
0.535	-1.2847080348612203	0.18917263973924536
0.545	-1.2885927378919815	0.1955221843601228
0.555	-1.2922543237833237	0.19223793714242757
0.565	-1.2956884209257535	0.1810714966022638
0.575	-1.298890811175733	0.1845017103629677
0.585	-1.3018574326044585	0.1873480579516369
0.595	-1.3045843821503804	0.1875670077661499
0.605	-1.307067918173815	0.1776412828415599
0.615	-1.3093044629120825	0.18654524196508918
0.625	-1.3112906048336512	0.20070399663693084
0.635	-1.313023100889839	0.18537750962101976
0.645	-1.3144988786626821	0.1869831415941152
0.655	-1.3157150384076512	0.18501259326349806
0.665	-1.3166688549899528	0.18180132931730716
0.675	-1.3173577797132274	0.18691015832261088
0.685	-1.3177794420395184	0.1877129743091586
0.695	-1.3179316511994512	0.19034037208331478
0.705	-1.3178123976916414	0.1877129743091586
0.715	-1.3174198546703981	0.19347865275800133
0.725	-1.316752379220887	0.1881508739381846
0.735	-1.3158085135209585	0.1873480579516369
0.745	-1.3145869858889363	0.18114447987376814
0.755	-1.313086711716726	0.18318801147588962
0.765	-1.3113067942876735	0.18946457282526272
0.775	-1.3092465254786734	0.18267712857535923
0.785	-1.3069053863461058	0.17895498172863797
0.795	-1.3042830475952454	0.18077956351624644
0.805	-1.301379369932861	0.18931860628225403
0.815	-1.2981944043027946	0.18537750962101976
0.825	-1.2947283920043913	0.1809255300592551
0.835	-1.290981764693702	0.1842827605484547
0.845	-1.286955144267485	0.18004973080120304
0.855	-1.282649342630069	0.18493960999199374
0.865	-1.2780653613432482	0.18705612486561954
0.875	-1.2732043911594235	0.1820202791318202
0.885	-1.2680678114382962	0.17975779771518569
0.895	-1.262657189447476	0.17953884790067268
0.905	-1.25697427954746	0.18311502820438527
0.915	-1.251021022261479	0.183917844190933
0.925	-1.244799543230809	0.1875670077661499
0.935	-1.2383121520562004	0.1882968404811933
0.945	-1.2315613410261497	0.1835529278334113
0.955	-1.2245497837328114	0.18347994456190697
0.965	-1.2172803335764155	0.18625330887907182
0.975	-1.209756022159126	0.18858877356721065
0.985	-1.2019800575693436	0.18216624567482886
0.995	-1.1939558225575193	0.18172834604580285
1.005	-1.1856868726046246	0.18238519548934187
1.015	-1.177176933884473	0.18296906166137658
1.025	-1.1684299011211694	0.18654524196508918
1.035	-1.1594498353430134	0.18515855980650675
1.045	-1.1502409615342701	0.19384356911552303
1.055	-1.1408076661862447	0.1882968404811933
1.065	-1.1311544947492085	0.19727378287622693
1.075	-1.1212861489867432	0.18961053936827138
1.085	-1.1112074842341566	0.1892456230107497
1.095	-1.1009235065626675	0.19391655238702737
1.105	-1.0904393698511248	0.19201898732791456
1.115	-1.0797603727670748	0.19333268621499267
1.125	-1.068891955659054	0.20106891299445254
1.135	-1.0578396973620319	0.19727378287622693
1.145	-1.0466093119179845	0.1993173144783484
1.155	-1.0352066452136428	0.2017257624379916
1.165	-1.0236376715374806	0.19887941484932237
1.175	-1.0119084900580928	0.1982955486772877
1.185	-1.0000253212261379	0.20924303940293845
1.195	-0.987994503102076	0.21092165464753823
1.205	-0.9758224876119728	0.20617774199975622
1.215	-0.9635158367336901	0.20771039070134734
1.225	-0.9510812186158245	0.20391526058312173
1.235	-0.93852540363179	0.21172447063408595
1.245	-0.925855260371492	0.20544790928471285
1.255	-0.9130777515730679	0.20960795576046015
1.265	-0.9001999299972063	0.21566556729532024
1.275	-0.8872289342466027	0.20749144088683433
1.285	-0.8741719845331235	0.22172317883018033
1.295	-0.8610363783953109	0.2114325375480686
1.305	-0.84782948636885	0.22026351340009356
1.315	-0.8345587476126912	0.2224530115452237
1.325	-0.8212316654935156	0.221650195558676
1.335	-0.8078558031312765	0.23186785356928338
1.345	-0.7944387789085552	0.22106632938664128
1.355	-0.78098826194651	0.22500742604787555
1.365	-0.7675119675502011	0.22938642233813586
1.375	-0.7540176526261008	0.23026222159618792
1.385	-0.7405131110746147	0.23843634800467384
1.395	-0.7270061691604481	0.24697539077068145
1.405	-0.7135046808636694	0.23850933127617818
1.415	-0.7000165232143338	0.24420202645351657
1.425	-0.6865495916135396	0.25091648743191575
1.435	-0.6731117951437882	0.25150035360395046
1.445	-0.6597110518715419	0.2616450283430535
1.455	-0.6463552841448597	0.25434670119261965
1.465	-0.6330524138890015	0.25675514915226283
1.475	-0.6198103579029002	0.2639804930311923
1.485	-0.6066370231593701	0.2601123796414624
1.495	-0.5935403021119587	0.26974617148003505
1.505	-0.5805280680113085	0.2745630673993214
1.515	-0.5676081702339049	0.2728114688832173
1.525	-0.5547884296260699	0.2819343778212596
1.535	-0.5420766338660652	0.2889407718856761
1.545	-0.5294805328471368	0.288283922442137
1.555	-0.5170078340843298	0.2827371938078073
1.565	-0.5046661981478855	0.29404960089097976
1.575	-0.4924632341260138	0.29134921984531925
1.585	-0.4804064951198175	0.3042672589015872
1.595	-0.4685034737731144	0.3003991455118572
1.605	-0.4567615978398978	0.3005451120548659
1.615	-0.4451882257921289	0.30923012136388217
1.625	-0.4337906424705502	0.3130982347536121
1.635	-0.42257605478117233	0.3184260135734288
1.645	-0.4115515874400415	0.3170393314148464
1.655	-0.40072427876890426	0.325578374180854
1.665	-0.3901010765442958	0.31995866227501996
1.675	-0.37968883390261166	0.3265271567104104
1.685	-0.3694943053036184	0.33725569762154817
1.695	-0.3595241425548781	0.3273299726969581
1.705	-0.3497848908994805	0.34068591138225207
1.715	-0.3402829851694693	0.34178066045481714
1.725	-0.33102474600728526	0.340029061938713
1.735	-0.322016376157507	0.3458677236590601
1.745	-0.31326395683114594	0.34426209168596467
1.755	-0.3047734441446699	0.3385693965086263
1.765	-0.296550665635932	0.3522902515514419
1.775	-0.2886013168590704	0.35995349505939744
1.785	-0.2809309580604551	0.3572531140137369
1.795	-0.27354501093767336	0.3595885787018757
1.805	-0.2664487554834809	0.3597345452448844
1.815	-0.25964732691664105	0.3611942106749712
1.825	-0.2531457127014636	0.3644054746211621
1.835	-0.2469487496578362	0.3636756419061187
1.845	-0.24106112116346678	0.3603184114169191
1.855	-0.23548735445000668	0.36623005640877054
1.865	-0.23023181799465342	0.3770315805914126
1.875	-0.2252987190087885	0.37367435010221306
1.885	-0.2206921010251317	0.3746961159032738
1.895	-0.2164158415848223	0.37294451738716966
1.905	-0.21247365002581065	0.382067426325212
1.915	-0.20886906537383898	0.38250532595423803
1.925	-0.2056054543372463	0.37119291887106554
1.935	-0.20268600940676285	0.3779073798494647
1.945	-0.20011374706140872	0.38294322558326405
1.955	-0.1978915060815034	0.38980365310467185
1.965	-0.19602194596978118	0.3957152980965233
1.975	-0.19450754548149352	0.3898766363761762
1.985	-0.193350601264332	0.395861264639532
1.995	-0.19255322660894203	0.38498675718538555
2.005	-0.19211735031070964	0.3860085229864463
2.015	-0.19204471564344971	0.3854976400859159
2.025	-0.192336879445544	0.38520570699989853
2.035	-0.19299521131902364	0.387030288787507
2.045	-0.19402089294198666	0.39024155273369787
2.055	-0.1954149174947144	0.3911903352632543
2.065	-0.19717808919974367	0.39126331853475865
2.075	-0.1993110229760915	0.39608021445404495
2.085	-0.20181414420777388	0.3949854653814799
2.095	-0.20468768862666065	0.4004592107443053
2.105	-0.20793170230965918	0.3852786902714029
2.115	-0.21154604179013847	0.39834269587067944
2.125	-0.2155303742834369	0.39396369958041916
2.135	-0.21988417802622617	0.38053477762362087
2.145	-0.22460674272943248	0.39243105087882807
2.155	-0.22969717014434132	0.38235935941122934
2.165	-0.23515437474145284	0.3790751121935341
2.175	-0.24097708450156885	0.3815565434246816
2.185	-0.24716384181853912	0.37739649694893435
2.195	-0.2537130045130205	0.368273588010892
2.205	-0.2606227469565132	0.37608279806185624
2.215	-0.2678910613049126	0.3727255675726567
2.225	-0.2755157588407	0.36761673856735294
2.235	-0.283494471422872	0.3722146846721263
2.245	-0.2918246530435986	0.3652082906077098
2.255	-0.30050358149057144	0.3597345452448844
2.265	-0.3095283601139214	0.3608292943174495
2.275	-0.31889591969650954	0.3517063853794072
2.285	-0.32860302042636214	0.3572531140137369
2.295	-0.33864625396992043	0.36097526086045817
2.305	-0.3490220456447466	0.3457217571160514
2.315	-0.35972665669024106	0.34535684075852974
2.325	-0.37075618663488985	0.34564877384454706
2.335	-0.3821065757584676	0.3297384206566013
2.345	-0.3937736076476108	0.33652586490650477
2.355	-0.4057529118430605	0.33419040021836594
2.365	-0.41803996657688747	0.32521345782333233
2.375	-0.4306301015978766	0.3309061530006707
2.385	-0.44351850108327073	0.321272361162098
2.395	-0.4567002066349666	0.30974100426441253
2.405	-0.470170120358228	0.31995866227501996
2.415	-0.48392300802094246	0.3145579001836989
2.425	-0.49795350229135016	0.3096680209929082
2.435	-0.5122561060521953	0.3009830116838919
2.445	-0.5268251957891383	0.3071136064902564
2.455	-0.5416550250512755	0.2992314131677878
2.465	-0.55673972798153	0.29667699866513597
2.475	-0.5720733229146486	0.2955822495925709
2.485	-0.5876497160405172	0.2914222031168236
2.495	-0.6034627051304366	0.2819343778212596
2.505	-0.6195059833239787	0.28390492615187674
2.515	-0.6357731429740214	0.28733513991258064
2.525	-0.6522576795474833	0.28222631090727696
2.535	-0.6689529955793079	0.2666808740768528
2.545	-0.6858524046771377	0.27200865289666953
2.555	-0.702949135574183	0.2638345264881836
2.565	-0.7202363362276587	0.26405347630269665
2.575	-0.7377070779602299	0.25821481458234957
2.585	-0.7553543596418059	0.2547116175501413
2.595	-0.7731711119090712	0.24135567886484738
2.605	-0.7911502014200308	0.24792417330023783
2.615	-0.8092844351409325	0.24179357849387342
2.625	-0.8275665646628152	0.2461725747841337
2.635	-0.8459892905449746	0.23142995394025734
2.645	-0.8645452666826126	0.2328896193703441
2.655	-0.8832271046958867	0.2296053721526489
2.665	-0.9020273783376334	0.23070012122521397
2.675	-0.9209386279169575	0.2286565896230925
2.685	-0.9399533647359172	0.22646709147796232
2.695	-0.9590640755365241	0.21661434982487662
2.705	-0.9782632269552434	0.21084867137603389
2.715	-0.9975432699822163	0.20982690557497316
2.725	-1.016896644422412	0.21077568810452954
2.735	-1.0363157833558791	0.2053749260132085
2.745	-1.055793117594354	0.20625072527126057
2.755	-1.0753210801313973	0.1909242382553495
2.765	-1.094892110583292	0.198149582134279
2.775	-1.1144986596179294	0.19085125498384514
2.785	-1.1341331933689216	0.1875670077661499
2.795	-1.1537881978321667	0.18654524196508918
2.805	-1.1734561832421717	0.18720209140862823
2.815	-1.1931296884253444	0.1852315430780111
2.825	-1.2128012851276186	0.1747949352528907
2.835	-1.2324635823136576	0.1772763664840382
2.845	-1.2521092304350163	0.1680074910029872
2.855	-1.2717309256645837	0.17136472149218676
2.865	-1.2913214140946971	0.16567202631484837
2.875	-1.31087349589632	0.16348252816971823
2.885	-1.3303800294367296	0.16472324378529196
2.895	-1.349833935353136	0.16559904304334402
2.905	-1.3692282005797578	0.1553084017612323
2.915	-1.3885558823258468	0.15574630139025833
2.925	-1.4078101120022184	0.15523541848972797
2.935	-1.426984099093887	0.14706129208124205
2.945	-1.446071134976394	0.15187818800052838
2.955	-1.4650645966735318	0.14443389430708586
2.965	-1.4839579505541312	0.14618549282319
2.975	-1.502744755965653	0.14903184041185918
2.985	-1.521418668802383	0.14209842961894703
2.995	-1.5399734450060394	0.13910611548726917
3.005	-1.558402943996657	0.1378653998716954
3.015	-1.5767011320316888	0.14005489801682555
3.025	-1.5948620854912468	0.1329025374094004
3.035	-1.612879994087538	0.13341342030993075
3.045	-1.6307491639965166	0.12961829019170515
3.055	-1.6484640209098924	0.12575017680197523
3.065	-1.6660191130056388	0.13042110617825287
3.075	-1.6834091138352352	0.12348769538534073
3.085	-1.7006288251258963	0.11969256526711512
3.095	-1.717673179496143	0.11969256526711512
3.105	-1.7345372430830586	0.11772201693649798
3.115	-1.751216218079712	0.11940063218109777
3.125	-1.767705445181224	0.1147297028048201
3.135	-1.7840004059380372	0.11750306712198497
3.145	-1.8000967250150235	0.1118833552161509
3.155	-1.8159901723550838	0.11005877342854244
3.165	-1.8316766652460132	0.11122650577261185
3.175	-1.8471522702894145	0.11005877342854244
3.185	-1.8624132052705322	0.10400116189368235
3.195	-1.8774558409279518	0.10991280688553376
3.205	-1.892276702622147	0.10064393140448277
3.215	-1.906872471901941	0.10494994442323875
3.225	-1.9212399879680297	0.10078989794749145
3.235	-1.935376249032721	0.10151973066253484
3.245	-1.949278413575204	0.1023955299205869
3.255	-1.9629438014916292	0.09933023251740468
3.265	-1.9763698951394393	0.10232254664908257
3.275	-1.989554340275376	0.09487825295564004
3.285	-2.002494946886735	0.09611896857121378
3.295	-2.0151896899154376	0.09502421949864871
3.305	-2.0276367098746264	0.0906452232083884
3.315	-2.0398343133574803	0.09334560425404893
3.325	-2.051780973438107	0.09188593882396216
3.335	-2.0634753299643585	0.09283472135351856
3.345	-2.074916189742524	0.09655686820023981
3.355	-2.086102526613938	0.09166698900944914
3.365	-2.0970334814235567	0.08962345740732766
3.375	-2.1077083618806904	0.09079118975139708
3.385	-2.1181266423121015	0.08882064142077994
3.395	-2.1282879633077543	0.0836388291439719
3.405	-2.1381921312596073	0.09115610610891878
3.415	-2.147839117793847	0.08838274179175391
3.425	-2.157229059097081	0.08582832728910206
3.435	-2.16636225513706	0.08582832728910206
3.445	-2.175239168778537	0.08298197970043286
3.455	-2.1838604247950086	0.08123038118432874
3.465	-2.1922268087770593	0.08247109679990249
3.475	-2.2003392659381813	0.08371181241547625
3.485	-2.2081988998189286	0.08757992580520618
3.495	-2.2158069708904167	0.08327391278645022
3.505	-2.2231648950581473	0.0840037455014936
3.515	-2.2302742420672867	0.07758121760911181
3.525	-2.2371367338105204	0.08349286260096322
3.535	-2.243754242539727	0.08495252803105
3.545	-2.250128788982728	0.08159529754185044
3.555	-2.2562625403664525	0.08422269531600661
3.565	-2.2621578083479297	0.08502551130255434
3.575	-2.2678170468545282	0.07933281612521594
3.585	-2.273242849834998	0.08144933099884176
3.595	-2.2784379489228477	0.07728928452309446
3.605	-2.2834052110136946	0.08108441464132006
3.615	-2.2881476357582615	0.08013563211176367
3.625	-2.292668352972762	0.0811573979128244
3.635	-2.2969706199684428	0.07612155217902504
3.645	-2.301057818802117	0.08239811352839815
3.655	-2.3049334534495936	0.07838403359565954
3.665	-2.308601146903899	0.07947878266822461
3.675	-2.3120646382003107	0.07940579939672028
3.685	-2.315327779370197	0.08269004661441551
3.695	-2.318394532325743	0.07721630125159012
3.705	-2.3212689656776893	0.08225214698538948
3.715	-2.3239552514882025	0.08013563211176367
3.725	-2.326457661961129	0.07962474921123329
3.735	-2.3287805660718055	0.08093844809831138
3.745	-2.330928426138753	0.07393205403389488
3.755	-2.332905794339509	0.08276302988591984
3.765	-2.3347173091729965	0.08035458192627667
3.775	-2.3363676918707688	0.07714331798008578
3.785	-2.33786174275954	0.0811573979128244
3.795	-2.339204337577458	0.07692436816557277
3.805	-2.3404004237465723	0.0805735317407897
3.815	-2.3414550166039914	0.07962474921123329
3.825	-2.342373195594242	0.08028159865477234
3.835	-2.3431601004254015	0.07590260236451203
3.845	-2.343820927191511	0.07685138489406843
3.855	-2.3443609244639196	0.08276302988591984
3.865	-2.3447853893541106	0.08130336445583308
3.875	-2.345099663550655	0.07670541835105975
3.885	-2.34530912933292	0.08144933099884176
3.895	-2.3454192055641734	0.07714331798008578
3.905	-2.345435343666773	0.07860298341017255
3.915	-2.3453630235820695	0.08159529754185044
3.925	-2.3452077497177335	0.07860298341017255
3.935	-2.3449750468851756	0.07838403359565954
3.945	-2.3446704562297533	0.07933281612521594
3.955	-2.344299531156481	0.07838403359565954
3.965	-2.3438678332538805	0.0830549629719372
3.975	-2.343380928218742	0.080208615383268
3.985	-2.342844381784415	0.07823806705265086
3.995	-2.34226375565538	0.08042756519778102
4.005	-2.341644603450739	0.07692436816557277
4.015	-2.340992466659328	0.07780016742362483
4.025	-2.340312870609108	0.07670541835105975
4.035	-2.339611320453478	0.07670541835105975
4.045	-2.338893297177198	0.08188723062786778
4.055	-2.3381642536244915	0.07823806705265086
4.065	-2.337429610551997	0.07765420088061616
4.075	-2.3366947527091178	0.07882193322468557
4.085	-2.335965024948397	0.08188723062786778
4.095	-2.335245728368427	0.07998966556875499
4.105	-2.3345421164918596	0.07787315069512916
4.115	-2.3338593914810204	0.07969773248273763
4.125	-2.333202700393601	0.08174126408485911
4.135	-2.3325771314809	0.08290899642892852
4.145	-2.3319877105310383	0.07539171946398165
4.155	-2.3314393972595373	0.07473487002044261
4.165	-2.3309370817496444	0.07772718415212049
4.175	-2.3304855809447202	0.08152231427034609
4.185	-2.3300896351950016	0.08093844809831138
4.195	-2.3297539048609845	0.08152231427034609
4.205	-2.3294829669756707	0.07933281612521594
4.215	-2.329281311967845	0.07984369902574631
4.225	-2.329153340448536	0.08429567858751096
4.235	-2.3291033600627626	0.08254408007140683
4.245	-2.329135582408619	0.07860298341017255
4.255	-2.3292541200257073	0.08137634772733741
4.265	-2.329462983454908	0.08692307636166714
4.275	-2.329766078371379	0.08108441464132006
4.285	-2.3301672027926745	0.08123038118432874
4.295	-2.330670044363791	0.0830549629719372
4.305	-2.331278177720933	0.08108441464132006
4.315	-2.3319950619356895	0.07955176593972896
4.325	-2.3328240380413114	0.08042756519778102
4.335	-2.333768326642686	0.08298197970043286
4.345	-2.3348310256115656	0.08239811352839815
4.355	-2.3360151078685663	0.08276302988591984
4.365	-2.337323419253358	0.08152231427034609
4.375	-2.3387586764844435	0.08188723062786778
4.385	-2.34032346520985	0.08473357821653699
4.395	-2.342020238149993	0.08101143136981573
4.405	-2.343851313333935	0.07933281612521594
4.415	-2.3458188724301565	0.08188723062786778
4.425	-2.3479249591729454	0.08290899642892852
4.435	-2.3501714778854077	0.08123038118432874
4.445	-2.3525601921000625	0.08101143136981573
4.455	-2.3550927232779135	0.0807924815553027
4.465	-2.3577705496268146	0.08042756519778102
4.475	-2.3605950050199054	0.08174126408485911
4.485	-2.36356727801479	0.08290899642892852
4.495	-2.3666884109741213	0.08247109679990249
4.505	-2.3699592992881193	0.0769973514370771
4.515	-2.373380690699542	0.08166828081335477
4.525	-2.376953184731534	0.08123038118432874
4.535	-2.380677232218701	0.0792598328537116
4.545	-2.3845531349417275	0.07634050199353806
4.555	-2.388581045365743	0.08071949828379837
4.565	-2.392760966482604	0.0767784016225641
4.575	-2.3970927517571785	0.08035458192627667
4.585	-2.401576105177658	0.0769973514370771
4.595	-2.40621058140985	0.07524575292097298
4.605	-2.410995586055331	0.07947878266822461
4.615	-2.415930376013284	0.07911386631070293
4.625	-2.421014059945768	0.0773622677945988
4.635	-2.426245598846093	0.07714331798008578
4.645	-2.4316238067099354	0.07276432168982547
4.655	-2.4371473513087167	0.07495381983495562
4.665	-2.442814755064731	0.06867725848558252
4.675	-2.4486243960274576	0.07714331798008578
4.685	-2.4545745089503654	0.07342117113336452
4.695	-2.4606631864675257	0.07334818786186018
4.705	-2.4668883803692285	0.07553768600699033
4.715	-2.473247902975762	0.07758121760911181
4.725	-2.479739428608438	0.07794613396663351
4.735	-2.4863604951568825	0.07502680310645997
4.745	-2.4931085057415614	0.07028289045867796
4.755	-2.49998073047043	0.0713046562597387
4.765	-2.5069743082885445	0.06612284398293067
4.775	-2.5140862489193996	0.06955305774363459
4.785	-2.521313434896733	0.07174255588876473
4.795	-2.5286526236854225	0.06940709120062591
4.805	-2.5361004498900854	0.07101272317372134
4.815	-2.5436534275499225	0.06802040904204347
4.825	-2.551307952518276	0.06510107818186993
4.835	-2.559060304925346	0.0697720075581476
4.845	-2.566906651722423	0.06517406145337427
4.855	-2.574843049305959	0.07042885700168663
4.865	-2.5828654462197393	0.06831234212806082
4.875	-2.590969685933384	0.06670671015496538
4.885	-2.599151509695328	0.06590389416841766
4.895	-2.6074065594583975	0.06232771386470507
4.905	-2.6157303808760566	0.06283859676523544
4.915	-2.624118426367339	0.06225473059320073
4.925	-2.6325660582484467	0.06261964695072242
4.935	-2.6410685519289436	0.06254666367921809
4.945	-2.649621099170428	0.060211198991079254
4.955	-2.6582188114055363	0.06094103170612264
4.965	-2.6668567231151012	0.06152489787815735
4.975	-2.6755297952611956	0.0557592194293146
4.985	-2.6842329187738394	0.059627332819044546
4.995	-2.6929609180890255	0.059627332819044546
5.005	-2.7017085547357684	0.05641606887285365
5.015	-2.7104705309697623	0.05933539973302719
5.025	-2.7192414934512787	0.059627332819044546
5.035	-2.7280160369648723	0.055248336528784234
5.045	-2.7367887081784055	0.0608680484346183
5.055	-2.74555400943896	0.05845960047497513
5.065	-2.7543064026030635	0.060649098620105285
5.075	-2.7630403128987586	0.05532131980028857
5.085	-2.7717501328169094	0.05349673801268011
5.095	-2.780430226029217	0.05648905214435799
5.105	-2.7890749313303056	0.052474972211619376
5.115	-2.797678566601319	0.053715687827193125
5.125	-2.8062354327923607	0.05597816924382762
5.135	-2.8147398179211676	0.052110055854097684
5.145	-2.823186001085362	0.049628624622950174
5.155	-2.831568256485629	0.0494826580799415
5.165	-2.8398808574571364	0.05094232351002827
5.175	-2.8481180805065467	0.0504314406094979
5.185	-2.8562742093519415	0.049044758450915465
5.195	-2.864343538962956	0.04846089227888076
5.205	-2.8723203795984737	0.05021249079498488
5.215	-2.8801990608391916	0.04831492573587208
5.225	-2.887973935612361	0.048095975921359065
5.235	-2.8956393842060546	0.05130723986754996
5.245	-2.9031898182702847	0.04641736067675928
5.255	-2.910619684802309	0.048095975921359065
5.265	-2.9179234701134726	0.047512109749324356
5.275	-2.925095703774951	0.048606858821889434
5.285	-2.932130962539766	0.048022992649854726
5.295	-2.9390238742384707	0.04276819710154235
5.305	-2.945769121645883	0.044665762160655154
5.315	-2.9523614463163153	0.045614544690211555
5.325	-2.958795652384726	0.04926370826542848
5.335	-2.965066610331266	0.05021249079498488
5.345	-2.9711692607066924	0.042184330929507644
5.355	-2.977098617816166	0.0443738290746378
5.365	-2.9828497733589674	0.0453226116041942
5.375	-2.988417900021692	0.047147193391802664
5.385	-2.993798255022523	0.04495769524667251
5.395	-2.9989861836041927	0.04233029747251632
5.405	-3.0039771224732945	0.04473874543215949
5.415	-3.0087666031836378	0.04430084580313346
5.425	-3.013350255461363	0.045030678518176846
5.435	-3.0177238104695787	0.045030678518176846
5.445	-3.021883104010329	0.04473874543215949
5.455	-3.025824079661706	0.04517664506118552
5.465	-3.0295427918480256	0.043133113459064044
5.475	-3.033035408840948	0.04072466549942088
5.485	-3.0362982156895395	0.041089581856942566
5.495	-3.039327617077269	0.04006781605588183
5.505	-3.0421201401040023	0.03860815062579506
5.515	-3.0446724369911093	0.04386294617410743
5.525	-3.0469812877078177	0.04393592944561177
5.535	-3.049043602517033	0.04145449821446426
5.545	-3.050856424438887	0.04006781605588183
5.555	-3.0524169316302947	0.042476264015525
5.565	-3.0537224396789133	0.042549247287029336
5.575	-3.054770403809903	0.043133113459064044
5.585	-3.055558421003959	0.04079764877092522
5.595	-3.0560842320251567	0.04240328074402066
5.605	-3.0563457233571842	0.0415274814859686
5.615	-3.0563409290466144	0.0415274814859686
5.625	-3.056068032451913	0.03933798334083845
5.635	-3.055525367896966	0.04138151494295992
5.645	-3.0547114222279204	0.04145449821446426
5.655	-3.053624836272262	0.04444681234614214
5.665	-3.0522644061990585	0.0405786989564122
5.675	-3.050629084779379	0.04014079932738617
5.685	-3.0487179825459894	0.03955693315535146
5.695	-3.0465303688514447	0.039483949883847125
5.705	-3.0440656728237987	0.04123554839995124
5.715	-3.0413234842191947	0.044519795617646477
5.725	-3.0383035541706906	0.044154879260124784
5.735	-3.0350057958327055	0.03933798334083845
5.745	-3.0314302849205896	0.041089581856942566
5.755	-3.027577260144827	0.04568752796171589
5.765	-3.023447123539496	0.03787831791075168
5.775	-3.0190404406846767	0.03911903352632543
5.785	-3.0143579408225207	0.04320609673056838
5.795	-3.009400516866826	0.04386294617410743
5.805	-3.0041692253059766	0.04539559487569854
5.815	-2.998665285999217	0.04065168222791654
5.825	-2.992890081866271	0.043060130187559706
5.835	-2.986845158470391	0.04240328074402066
5.845	-2.9805322234950036	0.04269521383003801
5.855	-2.9739531461141775	0.04743912647782002
5.865	-2.9671099562572003	0.04298714691605537
5.875	-2.960004843767633	0.04349802981658574
5.885	-2.9526401574572816	0.04539559487569854
5.895	-2.9450184040555643	0.04568752796171589
5.905	-2.9371422470548696	0.04619841086224626
5.915	-2.929014505452514	0.045103661789681185
5.925	-2.9206381523900276	0.05021249079498488
5.935	-2.912016313690498	0.04846089227888076
5.945	-2.903152266294857	0.04736614320631568
5.955	-2.8940494365979657	0.04729315993481134
5.965	-2.8847113986854858	0.05145320641055864
5.975	-2.8751418724725664	0.051088290053036944
5.985	-2.8653447217454318	0.04992055770896753
5.995	-2.8553239521070344	0.05116127332454128
6.005	-2.8450837088279797	0.05174513949657599
6.015	-2.8346282746040314	0.050066524251976205
6.025	-2.8239620672214993	0.0523290056686107
6.035	-2.8130896371319487	0.05437253727073217
6.045	-2.802015664937674	0.05167215622507165
6.055	-2.790744958789452	0.052547955483123715
6.065	-2.7792824516981653	0.05495640344276688
6.075	-2.7676331987619305	0.054153587456219156
6.085	-2.7558023743103934	0.05780275103143608
6.095	-2.7437952689679665	0.05656203541586233
6.105	-2.731617286637798	0.053131821655158416
6.115	-2.7192739414082956	0.059627332819044546
6.125	-2.70677085438414	0.0548104368997582
6.135	-2.6941137504437123	0.05845960047497513
6.145	-2.6813084549249515	0.057656784488427405
6.155	-2.66836089024166	0.056124135786836296
6.165	-2.655277072432386	0.060722081891609624
6.175	-2.6420631076439856	0.060722081891609624
6.185	-2.6287251885520497	0.060649098620105285
6.195	-2.615269590720441	0.05933539973302719
6.205	-2.60170266890218	0.05926241646152285
6.215	-2.5880308532839686	0.06386036256629618
6.225	-2.5742606456767287	0.06101401497762698
6.235	-2.560398615654504	0.06699864324098273
6.245	-2.546451396644131	0.06677969342646972
6.255	-2.5324256819681352	0.06459019528133957
6.265	-2.5183282208433266	0.06707162651248708
6.275	-2.5041658143375933	0.06553897781089596
6.285	-2.4899453112874275	0.06867725848558252
6.295	-2.475673604178736	0.06918814138611289
6.305	-2.4613576249935467	0.07006394064416495
6.315	-2.4470043410251874	0.07093973990221701
6.325	-2.4326207506645945	0.07181553916026907
6.335	-2.4182138791603864	0.06991797410115627
6.345	-2.4037907743553717	0.0737860874908862
6.355	-2.3893585024021977	0.0767784016225641
6.365	-2.374924143460824	0.08619324364662376
6.375	-2.3604947873805457	0.0792598328537116
6.385	-2.346077529369274	0.0792598328537116
6.395	-2.331679465652857	0.08254408007140683
6.405	-2.3173076891271434	0.07882193322468557
6.415	-2.3029692850055636	0.09086417302290142
6.425	-2.288671326464966	0.08349286260096322
6.435	-2.2744208702925173	0.0906452232083884
6.445	-2.260224952536362	0.08896660796378862
6.455	-2.2460905841628676	0.0855363942030847
6.465	-2.232024746723163	0.0919589220954665
6.475	-2.218034388031768	0.09203190536697084
6.485	-2.204126417860035	0.09524316931316172
6.495	-2.190307703647167	0.09677581801475284
6.505	-2.1765850662315316	0.09509720277015304
6.515	-2.16296527560499	0.09706775110077019
6.525	-2.149455046692986	0.10020603177545674
6.535	-2.1360610351630416	0.09436737005510966
6.545	-2.1227898332643766	0.09699476782926585
6.555	-2.1096479657013014	0.09517018604165739
6.565	-2.0966418855430216	0.098965316159883
6.575	-2.0837779701724983	0.1010818310335088
6.585	-2.071062517276918	0.10130078084802183
6.595	-2.05850174088241	0.09801653363032659
6.605	-2.0461017674354887	0.10159271393403918
6.615	-2.0338686319338155	0.11399987008977672
6.625	-2.0218082741087025	0.10925595744199472
6.635	-2.0099265346618673	0.10626364331031683
6.645	-1.9982291515588446	0.11297810428871598
6.655	-1.98672175638145	0.1128321377457073
6.665	-1.9754098707416707	0.10991280688553376
6.675	-1.9642989027592643	0.1207873143396802
6.685	-1.9533941436053988	0.11305108756022032
6.695	-1.9427007641145426	0.12020344816764549
6.705	-1.9322238114668082	0.11801395002251533
6.715	-1.9219682059429117	0.11837886638003703
6.725	-1.9119387377538772	0.12151714705472358
6.735	-1.9021400639475168	0.12531227717294918
6.745	-1.8925767053937417	0.12516631062994052
6.755	-1.883253043850666	0.11874378273755871
6.765	-1.8741733191134045	0.12509332735843617
6.775	-1.8653416262474714	0.12231996304127131
6.785	-1.8567619129085795	0.12480139427241882
6.795	-1.8484379767505983	0.12961829019170515
6.805	-1.8403734629233965	0.1302751396352442
6.815	-1.832571861662234	0.12976425673471384
6.825	-1.8250365059702691	0.1301291730922355
6.835	-1.817770569395763	0.13545695191205223
6.845	-1.8107770639054348	0.12728282550356632
6.855	-1.8040588378554083	0.12939934037719214
6.865	-1.7976185740611033	0.12764774186108802
6.875	-1.7914587879673773	0.13392430321046112
6.885	-1.7855818259201637	0.13020215636373986
6.895	-1.779989863540764	0.13523800209753922
6.905	-1.77468490420393	0.1359678348125826
6.915	-1.7696687776207702	0.13684363407063466
6.925	-1.7649431385274554	0.13363237012444376
6.935	-1.7605094654806637	0.13392430321046112
6.945	-1.7563690597605914	0.13487308574001752
6.955	-1.7525230443823259	0.13925208203027784
6.965	-1.7489723632162888	0.13844926604373012
6.975	-1.7457177802184005	0.14326616196301645
6.985	-1.7427598787705483	0.13859523258673878
6.995	-1.7400990611318512	0.14144158017540798
7.005	-1.7377355480011822	0.13947103184479084
7.015	-1.735669378191303	0.14253632924797308
7.025	-1.7339004084149223	0.14494477720761623
7.035	-1.7324283131828957	0.1426093125194774
7.045	-1.731252584814738	0.14063876418886026
7.055	-1.730372533561535	0.14027384783133856
7.065	-1.7297872878412632	0.13961699838779953
7.075	-1.729495794586486	0.1437040615920425
7.085	-1.7294968197042788	0.13757346678567806
7.095	-1.729788948648214	0.1403468311028429
7.105	-1.7303705871021224	0.14151456344691232
7.115	-1.7312399617753125	0.13852224931523446
7.125	-1.732395121308832	0.13859523258673878
7.135	-1.7338339372923026	0.14078473073186895
7.145	-1.7355541053907904	0.13874119912974747
7.155	-1.7375531465810787	0.14020086455983424
7.165	-1.7398284084966893	0.13903313221576483
7.175	-1.7423770668808727	0.13757346678567806
7.185	-1.7451961271467737	0.13801136641470407
7.195	-1.7482824260438647	0.14180649653292968
7.205	-1.7516326334297052	0.13771943332868672
7.215	-1.7552432541460017	0.12910740729117479
7.225	-1.759110629997884	0.1287424909336531
7.235	-1.7632309418352452	0.13866821585824313
7.245	-1.7676002117349234	0.13363237012444376
7.255	-1.7722143052824526	0.13180778833683532
7.265	-1.7770689339520365	0.13034812290674855
7.275	-1.78215965758333	0.13100497235028757
7.285	-1.7874818869535802	0.13545695191205223
7.295	-1.7930308864435778	0.12764774186108802
7.305	-1.7988017767958386	0.12764774186108802
7.315	-1.8047895379633794	0.13166182179382663
7.325	-1.8109890120473655	0.12852354111914008
7.335	-1.8173949063218797	0.13078602253577457
7.345	-1.8240017963439958	0.1249473608154275
7.355	-1.8308041291472836	0.12859652439064442
7.365	-1.8377962265168157	0.13173480506533097
7.375	-1.8449722883437172	0.12421752810038411
7.385	-1.8523263960572083	0.11713815076446327
7.395	-1.8598525161320802	0.12385261174286241
7.405	-1.8675445036694631	0.12100626415419322
7.415	-1.8753961060487403	0.12202802995525396
7.425	-1.8834009666483582	0.11808693329401967
7.435	-1.8915526286332898	0.12056836452516718
7.445	-1.899844538806847	0.11626235150641122
7.455	-1.908270051524477	0.11845184965154136
7.465	-1.9168224326671859	0.11597041842039386
7.475	-1.9254948636721332	0.11567848533437651
7.485	-1.934280445617955	0.11494865261933312
7.495	-1.9431722033623018	0.11436478644729842
7.505	-1.9521630897290867	0.1160434016918982
7.515	-1.9612459897428447	0.11429180317579407
7.525	-1.970413724907631	0.11545953551986349
7.535	-1.979659057527823	0.10480397788023008
7.545	-1.9889746950681921	0.11443776971880275
7.555	-1.9983532945505373	0.11035070651455979
7.565	-2.0077874669842046	0.10684750948235154
7.575	-2.0172697818277516	0.10684750948235154
7.585	-2.0267927714790335	0.10801524182642096
7.595	-2.03634893579091	0.09816250017333526
7.605	-2.04593074660983	0.10721242583987324
7.615	-2.0555306523344674	0.09662985147174416
7.625	-2.065141082491606	0.09757863400130055
7.635	-2.074754452326468	0.09699476782926585
7.645	-2.084363167404613	0.09976813214643071
7.655	-2.0939596282226023	0.10078989794749145
7.665	-2.103536234824549	0.10006006523244806
7.675	-2.113085391421734	0.10210359683456954
7.685	-2.1225995110123876	0.09312665443953591
7.695	-2.1320710199988113	0.094440353326614
7.705	-2.141492362798963	0.0972867009152832
7.715	-2.1508560064496574	0.09787056708731791
7.725	-2.1601544451985157	0.09173997228095349
7.735	-2.169380205081839	0.0919589220954665
7.745	-2.17852584848554	0.09422140351210098
7.755	-2.1875839786863125	0.09079118975139708
7.765	-2.1965472443702336	0.09268875481050988
7.775	-2.2054083441259644	0.08663114327564979
7.785	-2.2141600309097744	0.09006135703635369
7.795	-2.222795116479607	0.08794484216272788
7.805	-2.2313064757954373	0.08896660796378862
7.815	-2.239687051383157	0.08801782543423221
7.825	-2.2479298576593147	0.08706904290467582
7.835	-2.2560279852139695	0.08320092951494587
7.845	-2.26397460504902	0.0868500930901628
7.855	-2.2717629727693476	0.08188723062786778
7.865	-2.2793864327241895	0.08487954475954566
7.875	-2.286838422096115	0.08378479568698058
7.885	-2.2941124749350843	0.07947878266822461
7.895	-2.301202226135059	0.08524446111706735
7.905	-2.3081014153506842	0.08166828081335477
7.915	-2.3148038908515733	0.08458761167352831
7.925	-2.3213036133118288	0.07984369902574631
7.935	-2.3275946595323758	0.07809210050964219
7.945	-2.3336712260938075	0.07962474921123329
7.955	-2.3395276329374575	0.08217916371388513
7.965	-2.3451583268724354	0.07758121760911181
7.975	-2.350557885006441	0.07845701686716387
7.985	-2.355721018098196	0.07539171946398165
7.995	-2.3606425738293892	0.07823806705265086
8.005	-2.365317539994095	0.07692436816557277
8.015	-2.3697410476036342	0.07488083656345129
8.025	-2.373908373904932	0.0741510038484079
8.035	-2.3778149453104986	0.07582961909300769
8.045	-2.3814563402381452	0.07780016742362483
8.055	-2.384828291858672	0.07393205403389488
8.065	-2.38792669074979	0.07305625477584282
8.075	-2.3907475874545945	0.07305625477584282
8.085	-2.393287194942979	0.07385907076239055
8.095	-2.3955418909744184	0.07385907076239055
8.105	-2.397508220360656	0.0735671376763732
8.115	-2.399182897126814	0.07458890347743394
8.125	-2.400562806569598	0.07451592020592959
8.135	-2.4016450072112567	0.0741510038484079
8.145	-2.4024267326480664	0.07312923804734717
8.155	-2.4029053932921562	0.07298327150433849
8.165	-2.4030785780055637	0.07028289045867796
8.175	-2.402944055625472	0.07108570644522569
8.185	-2.4024997763796403	0.0722534387892951
8.195	-2.4017438731911387	0.07203448897478208
8.205	-2.4006746628715168	0.07232642206079944
8.215	-2.3992906472016498	0.06969902428664326
8.225	-3.2613567304973348	0.02948524168775275
8.235	-3.247352893331532	0.03160175656137856
8.245	-3.2330308750833128	0.03225860600491761
8.255	-3.2183899259495803	0.032550539090934964
8.265	-3.2034294847936864	0.03284247217695232
8.275	-3.188149179539972	0.030142091131291796
8.285	-3.1725488274525464	0.03364528816350004
8.295	-3.15662843529808	0.03211263946190893
8.305	-3.1403881993924747	0.034521087421552105
8.315	-3.123828505531363	0.03576180303712586
8.325	-3.106949928804421	0.03335335507748269
8.335	-3.089753233293611	0.032477555819430626
8.345	-3.0722393716554754	0.03386423797801306
8.355	-3.0544094845877097	0.035469869951108506
8.365	-3.0362649001803463	0.036418652480664906
8.375	-3.0178071331518823	0.04021378259889051
8.385	-2.999037883970801	0.03919201679782977
8.395	-2.9799590378630105	0.038024284453760354
8.405	-2.9605726637057765	0.03831621753977771
8.415	-2.9408810128087923	0.036564619023673584
8.425	-2.9208865175831367	0.04276819710154235
8.435	-2.9005917900988925	0.04284118037304669
8.445	-2.879999620532279	0.04473874543215949
8.455	-2.859112975503272	0.04386294617410743
8.465	-2.8379349963046776	0.046125427590741924
8.475	-2.8164689970237324	0.04400891271711611
8.485	-2.794718462557381	0.045614544690211555
8.495	-2.772687046522419	0.04101659858543823
8.505	-2.7503785690617644	0.05021249079498488
8.515	-2.7277970145482398	0.05013950752348054
8.525	-2.7049465291871444	0.053642704555688786
8.535	-2.681831418519235	0.05072337369551525
8.545	-2.658456144825501	0.05298585511214974
8.555	-2.634825324435392	0.051599172953567314
8.565	-2.610943724940123	0.05145320641055864
8.575	-2.586816262312742	0.05218303912560202
8.585	-2.5624479979367516	0.05627010232984497
8.595	-2.5378441355450976	0.05736485140241005
8.605	-2.51301001807136	0.0589704833755055
8.615	-2.4879511244151273	0.05933539973302719
8.625	-2.4626730661235245	0.05758380121692307
8.635	-2.4371815839909052	0.05889750010400116
8.645	-2.4114825445788233	0.05933539973302719
8.655	-2.3855819366584115	0.06269263022222676
8.665	-2.3594858675773467	0.06174384769267036
8.675	-2.3332005595536414	0.06648776034045237
8.685	-2.3067323458985625	0.06510107818186993
8.695	-2.2800876671709362	0.0656119610824003
8.705	-2.2532730672652774	0.06984499082965194
8.715	-2.2262951894361254	0.06707162651248708
8.725	-2.1991607722610196	0.07524575292097298
8.735	-2.1718766455446175	0.07911386631070293
8.745	-2.1444497261664774	0.07466188674893827
8.755	-2.116887013875064	0.08159529754185044
8.765	-2.089195587030589	0.08042756519778102
8.775	-2.0613825982992466	0.08144933099884176
8.785	-2.033455270301596	0.07991668229725064
8.795	-2.0054208912177196	0.08757992580520618
8.805	-1.9772868103518553	0.09035329012237105
8.815	-1.9490604336592936	0.09319963771104026
8.825	-1.9207492192382543	0.0959730020282051
8.835	-1.8923606727895543	0.09772460054430923
8.845	-1.8639023430468786	0.10064393140448277
8.855	-1.8353818171804368	0.10509591096624743
8.865	-1.8068067161768886	0.1077233087404036
8.875	-1.7781846901983842	0.1115184388586292
8.885	-1.7495234139235898	0.1094019239850034
8.895	-1.7208305818735519	0.11888974928056739
8.905	-1.6921139037253383	0.118159916565524
8.915	-1.6633810996163283	0.12027643143914983
8.925	-1.6346398954420467	0.1264800095170186
8.935	-1.6058980181505011	0.1236336619283494
8.945	-1.577163191035849	0.13560291845506092
8.955	-1.5484431290344236	0.13078602253577457
8.965	-1.5197455340259118	0.13947103184479084
8.975	-1.4910780901426872	0.15224310435805008
8.985	-1.4624484590901672	0.15654911737680605
8.995	-1.4338642754810629	0.15727895009184945
9.005	-1.4053331421864812	0.16713169174493514
9.015	-1.3768626257067047	0.16917522334705662
9.025	-1.3484602515645334	0.16625589248688308
9.035	-1.3201334997240477	0.1737001861803256
9.045	-1.2918898000376533	0.18267712857535923
9.055	-1.2637365277241708	0.18114447987376814
9.065	-1.235680998880843	0.18946457282526272
9.075	-1.2077304660320147	0.20055803009392217
9.085	-1.1798921137172096	0.20303946132506967
9.095	-1.152173054121429	0.21347606915019007
9.105	-1.1245803227502753	0.2120164037201033
9.115	-1.097120874152686	0.22726990746451006
9.125	-1.0698015776938528	0.2286565896230925
9.135	-1.042629213380999	0.23354646881388316
9.145	-1.0156104677445958	0.24303429410944716
9.155	-0.9887519297775406	0.24318026065245585
9.165	-0.9620600869348719	0.2533979186630632
9.175	-0.9355413211964787	0.26595104136180947
9.185	-0.909201905195238	0.27332235178374764
9.195	-0.8830479984129933	0.273395335055252
9.205	-0.8570856434467602	0.28645934065452855
9.215	-0.8313207623474517	0.29908544662477915
9.225	-0.805759153033394	0.29404960089097976
9.235	-0.780406485780901	0.3108357533369776
9.245	-0.7552682997940254	0.3175502143153768
9.255	-0.7303499998556817	0.3291545544845666
9.265	-0.7056568530622056	0.3299573704711143
9.275	-0.6811939856433207	0.33805851360809586
9.285	-0.656966379869593	0.34521087421552105
9.295	-0.6329788710492172	0.3604643779599278
9.305	-0.6092361446160346	0.36396757499213606
9.315	-0.5857427333105849	0.3728715341156653
9.325	-0.562503014455952	0.3828702423117597
9.335	-0.5395212073300983	0.3953503817390016
9.345	-0.5168013706363286	0.39542336501050596
9.355	-0.4943474000734178	0.4070277051796958
9.365	-0.47216302600699356	0.4160046475747294
9.375	-0.4502518112435503	0.41556674794570336
9.385	-0.4286171489085211	0.4253465063272847
9.395	-0.4072622604297118	0.43184201749117085
9.405	-0.38619019362737017	0.44760640413610797
9.415	-0.3654038209120607	0.45745914578919367
9.425	-0.3449058375914904	0.4508906513538032
9.435	-0.3246987602873337	0.47439126477820015
9.445	-0.30478492546301617	0.490520567780659
9.455	-0.28516648806343814	0.48344119044473816
9.465	-0.26584542026743274	0.5019789414068401
9.475	-0.24682351035376038	0.5067228540546221
9.485	-0.22810236168134868	0.5176703447802729
9.495	-0.20968339178441386	0.529347668220967
9.505	-0.19156783158302604	0.5223412741565505
9.515	-0.17375672470964432	0.5405141087611308
9.525	-0.1562509269519714	0.5529942481883727
9.535	-0.13905110581257785	0.5602925753388066
9.545	-0.12215774018549941	0.5659122872446406
9.555	-0.10557112015004533	0.5782464601288738
9.565	-0.08929134688194629	0.5833552891341776
9.575	-0.0733183326818998	0.5932080307872633
9.585	-0.05765180112150281	0.5941568133168197
9.595	-0.042291287306496894	0.6133514137224606
9.605	-0.02723613825713822	0.6204307910583815
9.615	-0.012485513405493087	0.6182412929132514
9.625	0.001961614790650934	0.6342246293727014
9.635	0.016106460117651045	0.6324730308565973
9.645	0.02995042176007834	0.6487483004020648
9.655	0.04349508333952867	0.6533462465068381
9.665	0.05674221183875172	0.6648776034045236
9.675	0.06969375641177011	0.6613744063723154
9.685	0.08235184708071097	0.6718839974689401
9.695	-Inf	0.0
9.705	-Inf	0.0
9.715	-Inf	0.0
9.725	-Inf	0.0
9.735	-Inf	0.0
9.745	-Inf	0.0
9.755	-Inf	0.0
9.765	-Inf	0.0
9.775	-Inf	0.0
9.785	-Inf	0.0
9.795	-Inf	0.0
9.805	-Inf	0.0
9.815	-Inf	0.0
9.825	-Inf	0.0
9.835	-Inf	0.0
9.845	-Inf	0.0
9.855	-Inf	0.0
9.865	-Inf	0.0
9.875	-Inf	0.0
9.885	-Inf	0.0
9.895	-Inf	0.0
9.905	-Inf	0.0
9.915	-Inf	0.0
9.925	-Inf	0.0
9.935	-Inf	0.0
9.945	-Inf	0.0
9.955	-Inf	0.0
9.965	-Inf	0.0
9.975	-Inf	0.0
9.985	-Inf	0.0
9.995	-Inf	0.0
