0.005	-Inf	0.0
0.015	-Inf	0.0
0.025	-Inf	0.0
0.035	-Inf	0.0
0.045	-Inf	0.0
0.055	-Inf	0.0
0.065	-Inf	0.0
0.075	-Inf	0.0
0.085	-Inf	0.0
0.095	-Inf	0.0
0.105	-Inf	0.0
0.115	-Inf	0.0
0.125	-Inf	0.0
0.135	-Inf	0.0
0.145	-Inf	0.0
0.155	-Inf	0.0
0.165	-Inf	0.0
0.175	-Inf	0.0
0.185	-Inf	0.0
0.195	-Inf	0.0
0.205	-Inf	0.0
0.215	-Inf	0.0
0.225	-Inf	0.0
0.235	-Inf	0.0
0.245	-Inf	0.0
0.255	-Inf	0.0
0.265	-Inf	0.0
0.275	-Inf	0.0
0.285	-Inf	0.0
0.295	-Inf	0.0
0.305	-Inf	0.0
0.315	-Inf	0.0
0.325	-Inf	0.0
0.335	-Inf	0.0
0.345	-Inf	0.0
0.355	-Inf	0.0
0.365	-Inf	0.0
0.375	-Inf	0.0
0.385	-Inf	0.0
0.395	-Inf	0.0
0.405	-Inf	0.0
0.415	-Inf	0.0
0.425	-Inf	0.0
0.435	-Inf	0.0
0.445	-Inf	0.0
0.455	-Inf	0.0
0.465	-Inf	0.0
0.475	-Inf	0.0
0.485	-Inf	0.0
0.495	-Inf	0.0
0.505	-Inf	0.0
0.515	-Inf	0.0
0.525	-Inf	0.0
0.535	-Inf	0.0
0.545	-Inf	0.0
0.555	-Inf	0.0
0.565	-Inf	0.0
0.575	-Inf	0.0
0.585	-Inf	0.0
0.595	-Inf	0.0
0.605	-Inf	0.0
0.615	-Inf	0.0
0.625	-Inf	0.0
0.635	-Inf	0.0
0.645	-Inf	0.0
0.655	-Inf	0.0
0.665	-Inf	0.0
0.675	-Inf	0.0
0.685	-Inf	0.0
0.695	-Inf	0.0
0.705	-Inf	0.0
0.715	-Inf	0.0
0.725	-Inf	0.0
0.735	-Inf	0.0
0.745	1.1718914855085856	1.0290692108873927
0.755	1.1670304928961661	0.9909233049728917
0.765	1.162710948786652	0.9490063209071473
0.775	1.1589349175085053	0.9279753081405974
0.785	1.1557041855714592	0.9667013799245204
0.795	1.1530202599090975	0.8954860194529616
0.805	1.1508843662772394	0.8492177913665517
0.815	1.1492974478095221	0.84733225229093
0.825	1.148260163731472	0.8290570274041349
0.835	1.1477728882342708	0.8395000130537321
0.845	1.1478357095093392	0.8146979221359387
0.855	1.1484484289447257	0.7611776206817529
0.865	1.1496105604842475	0.766544154973907
0.875	1.1513213301501928	0.7456581836747126
0.885	1.1535796757303132	0.7041763240110348
0.895	1.1563842466297287	0.6854659747221731
0.905	1.159733403888286	0.6735725743990207
0.915	1.163625220363793	0.6792291916258858
0.925	1.1680574810814561	0.6490605664159383
0.935	1.1730276837497717	0.6541370177733814
0.945	1.1785330394429718	0.654572142175448
0.955	1.1845704734500901	0.6007617577865512
0.965	1.1911366262905483	0.5862576110509995
0.975	1.1982278548961163	0.5835018231712447
0.985	1.205840233958959	0.5839369475733113
0.995	1.2139695574454041	0.5543484882327857
1.005	1.2226113402749688	0.5388290512257454
1.015	1.231760820164046	0.5389740926931009
1.025	1.2414129596336054	0.5188133287306841
1.035	1.251562448180124	0.5170728311224179
1.045	1.2622037046088574	0.5093856333525755
1.055	1.273330879528513	0.4863240400430483
1.065	1.2849378580062112	0.47805667640378385
1.075	1.2970182623816053	0.49604181835586797
1.085	1.309565455238846	0.47385047385047385
1.095	1.322572542535077	0.46862898102567524
1.105	1.3360323768839346	0.470804603036008
1.115	1.3499375609925512	0.45862111977814457
1.125	1.3642804512503686	0.4496285488021025
1.135	1.3790531614680213	0.46529302727649835
1.145	1.394247566764454	0.445277304781437
1.155	1.4098553076003224	0.4615219491252549
1.165	1.4258677939556677	0.44788805119383635
1.175	1.4422762096497161	0.4560103733657453
1.185	1.4590715168006438	0.4400558119566384
1.195	1.476244460422944	0.4367198582074615
1.205	1.4937855731600798	0.4374450655442391
1.215	1.5116851801499056	0.4252615822863757
1.225	1.5299334040203276	0.4214905041351322
1.235	1.5485201700125506	0.43410911179506223
1.245	1.5674352112292138	0.42497149935166467
1.255	1.5866680740045886	0.4451322633140815
1.265	1.6062081233939947	0.41568884544091156
1.275	2.429793653675069	0.9111504979273575
1.285	2.446686572662579	0.9005624708104047
1.295	2.4638537423758464	0.9072343783087585
1.305	2.481283859927485	0.8870736143463416
1.315	2.4989654702802166	0.8643021039715255
1.325	2.516886972386882	0.8429810082702645
1.335	2.535036625427445	0.856324823266972
1.345	2.553402555139592	0.8357289349024887
1.355	2.5719727602393525	0.8164384197442048
1.365	2.590735118928248	0.8032396462148529
1.375	2.609677395483288	0.7830788822524359
1.385	2.6287872469261715	0.7766970576887933
1.395	2.648052229767938	0.7807582187747477
1.405	2.6674598068253026	0.7653838232350629
1.415	2.6869973541048244	0.7489941374238895
1.425	2.706652167751024	0.7424672713928913
1.435	2.7264114710545555	0.7706053160598615
1.445	2.74626242151641	0.7366656126986706
1.455	2.766192117964194	0.7397114835131364
1.465	2.7861876077164	0.7472536398156233
1.475	2.8062358937905927	0.7281081661246951
1.485	2.8263239421514084	0.7520400082383554
1.495	2.846438688994198	0.7508796764995113
1.505	2.8665670480601597	0.718825512213942
1.515	2.886695917978724	0.7327494930800716
1.525	2.906812189633027	0.7276730417226285
1.535	2.9269027535441454	0.735650322427182
1.545	2.9469545072699006	0.6993899555883027
1.555	2.9669543628139023	0.7093978168358334
1.565	2.9868892540405687	0.7375358615028037
1.575	3.006746144091798	0.7130238535197213
1.585	3.0265120328009782	0.7133139364544323
1.595	3.046173964100046	0.7127337705850103
1.605	3.065719033415219	0.6844506844506845
1.615	3.08513439504715	0.7121536047155882
1.625	3.104407269531104	0.7365205712313151
1.635	3.12352495097291	0.7391313176437143
1.645	3.1424748143563463	0.7282532075920506
1.655	3.1612443228176628	0.766254072039196
1.665	3.1798210348829716	0.7125887291176547
1.675	3.1981926116642	0.7244821294408071
1.685	3.2163468240094177	0.7327494930800716
1.695	3.2342715596032185	0.744352810468513
1.705	3.251954830013041	0.7096878997705444
1.715	3.26938477767716	0.7225965903651854
1.725	3.286549682830254	0.7034511166742572
1.735	3.303437970362391	0.706206904554012
1.745	3.320038216607349	0.7021457434680575
1.755	3.336339156056221	0.7127337705850103
1.765	3.3523296879922615	0.7279631246573396
1.775	3.367998883043036	0.7369556956333816
1.785	3.383335989645892	0.7820635919809473
1.795	3.398330440422897	0.7646586158982853
1.805	3.412971858461378	0.7692999428536619
1.815	3.427250063496283	0.7983082363247652
1.825	3.4411550779906137	0.8003388168677424
1.835	3.454677133110243	0.8207896637648704
1.845	3.467806674589508	0.8184690002871822
1.855	3.480534368483968	0.8524087036483731
1.865	3.4928511068068646	0.85995085995086
1.875	3.504748013045803	0.8667678089165692
1.885	3.516216447556288	0.8719893017413679
1.895	3.5272480128288057	0.8805467483153434
1.905	3.5378345586262023	0.9043335489616482
1.915	3.5479681869881916	0.8775008775008775
1.925	3.5576412570998848	0.8943256877141175
1.935	3.566846390021346	0.8930203145079179
1.945	3.5755764732751905	0.9214484421095992
1.955	3.583824665289407	0.9166620736868671
1.965	3.591584399692576	0.9263798519996868
1.975	3.5988493894588136	0.9137612443397567
1.985	3.6056136308998177	0.950891859982769
1.995	3.6118714075014737	0.9638005505774101
2.005	3.6176172936026054	0.9687319604674977
2.015	3.6228461579134787	0.9358075473777954
2.025	3.6275531668718464	0.9806253607906501
2.035	3.631733787834312	0.9668464213918759
2.045	3.080260127465529	0.5746542936625582
2.055	3.0866044949575118	0.5810361182262008
2.065	3.0924107114375654	0.573493961923714
2.075	3.0976754764877477	0.5788604962158681
2.085	3.102395804026739	0.5980059699067963
2.095	3.1065690244730813	0.5790055376832236
2.105	3.110192786731262	0.6191820241407018
2.115	3.113265059999278	0.6142506142506142
2.125	3.1157841353963796	0.5975708455047298
2.135	3.117748627409834	0.6097543287625933
2.145	3.1191574751596134	0.6267241804431887
2.155	3.120009943480058	0.6197621900101239
2.165	3.1203056238176394	0.6271593048452553
2.175	3.1200444349440657	0.6288998024535215
2.185	3.1192266234840926	0.6383274978316301
2.195	3.117852764257478	0.6425337003849401
2.205	3.115923760434665	0.6412283271787405
2.215	3.1134408435058556	0.6493506493506493
2.225	3.1104055730632547	0.6434039491890732
2.235	3.106819836396398	0.6658853766291782
2.245	3.102685847900528	0.6516713128283377
2.255	3.0980061482981616	0.6465948614708945
2.265	3.3239870438202335	0.7835140066545025
2.275	3.297720575052269	0.8078809731702293
2.285	3.2709179647276407	0.8336983543595113
2.295	3.2435830473670775	0.8035297291495639
2.305	3.2157199771355107	0.7822086334483028
2.315	3.187333225951116	0.795697489912366
2.325	3.1584275814113187	0.7859797115995463
2.335	3.1290081445367948	0.7942470752388108
2.345	3.0990803273344976	0.7766970576887933
2.355	3.068649850180954	0.752765215575133
2.365	3.0377227390270787	0.7719106892660612
2.375	3.0063053224259555	0.7787276382317705
2.385	2.974404228385042	0.757841666932576
2.395	2.9420263810444505	0.7291234563961837
2.405	2.9091789971830004	0.7163598072688981
2.415	2.8758695825538405	0.7089626924337669
2.425	2.8421059280515997	0.6869163893957283
2.435	2.807896105713017	0.6989548311862361
2.445	2.7732484645532414	0.6805345648320855
2.455	2.7381716262399287	0.6407932027766738
2.465	2.7026744806075325	0.6655952936944672
2.475	2.6667661810140997	0.6951837530349927
2.485	2.6304561395431447	0.6310754244638542
2.495	2.593754022053132	0.6167163191956581
2.505	2.556669743077282	0.611639867838215
2.515	2.5192134605764602	0.6284646780514549
2.525	2.481395570547978	0.6129452410444146
2.535	2.443226701493291	0.5865476939857105
2.545	2.404717708747585	0.5833567817038892
2.555	2.3658796686743653	0.5589898151881623
2.565	2.3267238727282584	0.5511575759509644
2.575	2.2872618213892526	0.5349129316071465
2.585	2.247505217971778	0.5418749220402113
2.595	2.2074659623119706	0.5082253016137314
2.605	2.1671561443367184	0.48777445471660347
2.615	2.1265880375179194	0.49024015966164725
2.625	2.0857740922157286	0.4766062617302287
2.635	2.0447269289143617	0.47370543238311835
2.645	2.003459331354321	0.4636975711355877
2.655	1.961984239564834	0.45673558070252285
2.665	1.920314742800348	0.4638426126029432
2.675	2.487935678367495	0.775246643015238
2.685	2.4664214698699856	0.757841666932576
2.695	2.4447529475222405	0.769880108723084
2.705	2.4229437250661494	0.7550858790528212
2.715	2.401007528852971	0.7291234563961837
2.725	2.378958190289182	0.7692999428536619
2.735	2.356809638215177	0.7321693272106495
2.745	2.334575891221032	0.7092527753684779
2.755	2.3122710499037153	0.7024358264027686
2.765	2.289909289070099	0.7115734388461661
2.775	2.2675048498901256	0.7402916493825585
2.785	2.245072032004641	0.7137490608564989
2.795	2.2226251855922547	0.6830002697771292
2.805	2.2001787033997804	0.6712519109213324
2.815	2.1777470127407503	0.6721221597254655
2.825	2.155344567466491	0.6857560576568841
2.835	2.1329858399143644	0.654572142175448
2.845	2.1106853128376883	0.6757481964093535
2.855	2.088457471321952	0.6560225568490031
2.865	2.0663167946918506	0.6567477641857807
2.875	2.044277748413826	0.6535568519039594
2.885	2.0223547759985934	0.6439841150584952
2.895	2.0005622909083427	0.6454345297320504
2.905	1.9789146684731995	0.6445642809279173
2.915	1.9574262378214775	0.6313655073985652
2.925	1.9361112738284099	0.6609539667390907
2.935	1.9149839890878355	0.6383274978316301
2.945	1.8940585259115166	0.6229531022919452
2.955	1.8733489483605246	0.6146857386526808
2.965	1.8528692343133613	0.6130902825117701
2.975	1.832633267575218	0.6341212952783201
2.985	1.8126548300329262	0.6129452410444146
2.995	1.7929475938600974	0.6177316094671467
3.005	1.7735251137768226	0.6094642458278822
3.015	1.7544008193684038	0.6117849093055705
3.025	1.7355880074674919	0.5929295185493533
3.035	1.71709983460396	0.6096092872952377
3.045	1.698949309526814	0.5826315743671115
3.055	1.681149285802465	0.5901737306695984
3.065	1.6637124544935173	0.5676923032294933
3.075	1.646651336922285	0.5623257689373392
3.085	1.6299782775232092	0.5629059348067612
3.095	1.6137054367881702	0.5607303127964285
3.105	1.5978447843088273	0.5421650049749224
3.115	1.5824080919198638	0.5177980384591955
3.125	1.5674069269471533	0.522439365414572
3.135	1.5528526455646057	0.5172178725897735
3.145	1.5387563862635885	0.5148972091120851
3.155	1.52512906343859	0.5112711724281972
3.165	1.5119813610927881	0.49082032553106936
3.175	1.4993237266672004	0.47631617879551763
3.185	1.4871663649968336	0.4870492473798259
3.195	1.4755192323973885	0.46094178325583285
3.205	1.4643920308858296	0.4722550177095632
3.215	1.453794202538166	0.45978145151698874
3.225	1.4437349239876476	0.48327816922858247
3.235	1.4342231010665358	0.46630831754798696
3.245	1.4252673635945077	0.44397193157523734
3.255	1.416876060316656	0.4573157465719449
3.265	1.4090572539940165	0.4333839044582846
3.275	1.4018187166493865	0.44556738771614807
3.285	1.3951679249711832	0.44397193157523734
3.295	1.3891120558779484	0.4529645025512794
3.305	1.3836579822460382	0.4625372393967435
3.315	1.3788122688029474	0.4551401245616122
3.325	1.3745811681886033	0.44397193157523734
3.335	1.3709706171868774	0.4561554148331008
3.345	1.3679862331294599	0.43410911179506223
3.355	1.3656333104741796	0.4348343191318398
3.365	1.3639168175596672	0.4348343191318398
3.375	1.3628413935382704	0.44556738771614807
3.385	1.3624113454889115	0.4355595264686174
3.395	1.3626306457115764	0.4330938215235736
3.405	1.363502929204955	0.43425415326241773
3.415	1.3650314913286534	0.4519492122797908
3.425	1.3672192856513434	0.42758224576406395
3.435	1.370068921986022	0.43962068755457184
3.445	1.3735826646135365	0.4204752138636436
3.455	1.3777624306953498	0.4400558119566384
3.465	1.3826097888764692	0.43294878005621806
3.475	1.3881259580792924	0.4254066237537312
3.485	1.3943118064890716	0.4336739873929957
3.495	1.401167850731568	0.4216355456024878
3.505	1.4086942552433188	0.4460025121182146
3.515	1.416890831834905	0.4153987625062005
3.525	1.4257570394474155	0.43280373858886256
3.535	1.4352919841022715	0.42584174815579773
3.545	1.445494419044373	0.43875043875043873
3.555	1.4563627450785277	0.4129330575611567
3.565	1.4678950110989022	0.427872328698775
3.575	1.4800889148112006	0.42018513092893256
3.585	1.4929418036471405	0.4229409188086874
3.595	1.5064506758706802	0.41220785022437917
3.605	1.5206121818753386	0.4484682170632584
3.615	1.5354226256718597	0.4364297752727505
3.625	1.550877966565355	0.43831531434837223
3.635	1.5669738210209212	0.4451322633140815
3.645	1.5837054647166893	0.4259867896231533
3.655	1.6010678347830654	0.43541448500126184
3.665	1.6190555322268962	0.4313533239153074
3.675	1.6376628245391558	0.45673558070252285
3.685	1.6568836484846061	0.4474529267917698
3.695	1.6767116130718749	0.4510789634756577
3.705	1.697140002702183	0.47486576412196246
3.715	1.7181617804949276	0.4671785663521201
3.725	1.7397695917882148	0.47036947863394146
3.735	1.7619557678122768	0.4519492122797908
3.745	1.784712329533724	0.4863240400430483
3.755	1.8080309916683466	0.5040190990604214
3.765	1.831903166860223	0.4758810543934511
3.775	1.85631997002467	0.5079352186790204
3.785	1.8812722228525944	0.5035839746583548
3.795	1.906750458473605	0.5012633111806666
3.805	1.9327449262752678	0.4927058646066911
3.815	1.9592455968756652	0.5045992649298434
3.825	1.9862421672464798	0.534767890139791
3.835	2.0137240659836166	0.5267906094352376
3.845	2.0416804587223565	0.5629059348067612
3.855	2.070100253693961	0.5697228837724706
3.865	2.0989721074205088	0.5666770129580047
3.875	2.128284430544735	0.5694328008377595
3.885	2.158025393791553	0.5669670958927158
3.895	2.1881829340577887	0.5573943590472517
3.905	2.218744760626738	0.5691427179030485
3.915	2.2496983615039197	0.5872729013224881
3.925	2.281031009870462	0.6040977115357281
3.935	2.3127297706504266	0.6072886238175494
3.945	2.3447815071883107	0.6233882266940118
3.955	2.3771728880329572	0.6384725392989856
3.965	2.4098903938239853	0.6574729715225583
3.975	2.4429203242768356	0.6364419587560084
3.985	2.4762488052624514	0.6535568519039594
3.995	2.509861795977596	0.6695114133130662
4.005	2.543745096201687	0.6840155600486179
4.015	2.577884353636106	0.6934432554267265
4.025	2.6122650713217284	0.6840155600486179
4.035	2.646872615130553	0.68459572591804
4.045	2.681692221327144	0.7131688949870768
4.055	2.7167090041956174	0.6961990433064813
4.065	2.7519079637278625	0.7234668391693185
4.075	2.7872739933686423	0.6947486286329262
4.085	2.822791887813218	0.7492842203586005
4.095	2.858446350853099	0.7476887642176898
4.105	2.8942220032654546	0.7720557307334167
4.115	2.9301033907417984	0.7514598423689333
4.125	2.9660749918514644	0.7346350321556934
4.135	3.0021212260353654	0.7430474372623133
4.145	3.0382264616255954	0.7558110863895988
4.155	3.074375023886329	0.7549408375854657
4.165	3.1105512030715197	0.7804681358400367
4.175	3.1467392624949238	0.774956560080527
4.185	3.18292344660786	0.8036747706169194
4.195	3.2190879890802435	0.7762619332867267
4.205	3.255217120880348	0.7505895935648002
4.215	3.2912950783488273	0.7495743032933115
4.225	3.3273061112624447	0.7713305233966391
4.235	3.3632344908830474	0.8081710561049404
4.245	3.3990645179873114	0.7782925138297039
4.255	3.4347805308727968	0.7881553336098791
4.265	3.470366913335858	0.7682846525821733
4.275	3.5058081026169945	0.7592920816061312
4.285	3.541088597309243	0.7777123479602819
4.295	3.5761929652252684	0.7800330114379701
4.305	3.611105851218758	0.7903309556202118
4.315	3.6458119849558477	0.8087512219743624
4.325	3.6802961886322856	0.7611776206817529
4.335	3.7145433846321376	0.8059954340946076
4.345	3.748538603123745	0.7936669093693887
4.355	3.7822669895888663	0.792361536163189
4.365	3.815713812280815	0.7887354994793011
4.375	3.8488644696075967	0.7978731119226987
4.385	3.8817044974359494	0.7942470752388108
4.395	3.914219576312359	0.804690060888408
4.405	3.9463955385971294	0.8339884372942225
4.415	3.978218375507619	0.8096214707784956
4.425	4.0096742440668995	0.8100565951805622
4.435	4.040749473954001	0.7980181533900542
4.445	4.0714305742521475	0.8096214707784956
4.455	4.10170424009129	0.7927966605652557
4.465	4.131557359181456	0.7996136095309649
4.475	4.160977018233369	0.7985983192594763
4.485	4.1899505092629585	0.7906210385549228
4.495	4.218465335776376	0.8196293320260263
4.505	4.246509218832326	0.8100565951805622
4.515	4.2740701029784285	0.8014991486065867
4.525	4.301136162058541	0.8228202443078476
4.535	4.3276958048880125	0.7848193798607022
4.545	4.353737680793886	0.7675594452453957
4.555	4.379250685017183	0.7591470401387757
4.565	4.404223963974504	0.7897507897507897
4.575	4.428646920376197	0.7626280353553081
4.585	4.45250921819851	0.8086061805070069
4.595	4.47580078750721	0.7829338407850804
4.605	4.498511829130164	0.7608875377470419
4.615	4.520632819176628	0.7871400433383905
4.625	4.542154513400913	0.7999036924656759
4.635	4.563067951408309	0.7890255824140122
4.645	4.583364460701181	0.7764069747540822
4.655	4.603035660563277	0.7800330114379701
4.665	4.622073465780372	0.7797429285032591
4.675	4.640470090195472	0.7806131773073922
4.685	4.658218050096908	0.7736511868743273
4.695	4.6753101674377255	0.7784375552970595
4.705	4.691739572884927	0.7897507897507897
4.715	4.707499708697156	0.7768420991561488
4.725	4.722584331429579	0.7582767913346425
4.735	4.736987514464776	0.7885904580119456
4.745	4.750703650368582	0.7851094627954133
4.755	4.76372745306993	0.7690098599189509
4.765	4.776053959863796	0.779162762633837
4.775	4.787678533236543	0.7868499604036794
4.785	4.798596862512968	0.7877202092078125
4.795	4.808804965324541	0.7784375552970595
4.805	4.818299188898379	0.7974379875206321
4.815	4.827076211166613	0.7842392139912802
4.825	4.835133041695948	0.7729259795375498
4.835	4.842467022437244	0.7529102570424885
4.845	4.849075828295163	0.7794528455685481
4.855	4.85495746751789	0.7981631948574097
4.865	4.860110281907189	0.7830788822524359
4.875	4.864532946849047	0.7933768264346777
4.885	4.8682244711653055	0.7829338407850804
4.895	4.8711841967868175	0.7524751326404219
4.905	4.8734117982486715	0.7798879699706146
4.915	4.8749072820082695	0.7485590130218229
4.925	4.875670985586992	0.7743763942111049
4.935	4.875703576536415	0.7659639891044849
4.945	4.8750060512300735	0.7740863112763939
4.955	4.873579733481871	0.783659048121858
4.965	4.871426272992366	0.7845292969259912
4.975	4.868547643624232	0.7817735090462363
4.985	4.8649461415083035	0.7717656477987057
4.995	4.860624382981708	0.8286219030020683
5.005	4.855585302359675	0.7858346701321908
5.015	4.849832149542726	0.8119421342561839
5.025	4.843368487461017	0.7868499604036794
5.035	4.836198189357731	0.7972929460532766
5.045	4.8283254359134515	0.7835140066545025
5.055	4.819754712213605	0.8287669444694238
5.065	4.810490804561093	0.7851094627954133
5.075	4.800538797136358	0.7999036924656759
5.085	4.7899040685072	0.8267363639264466
5.095	4.778592287990692	0.8177437929504046
5.105	4.766609411869762	0.8447215058785307
5.115	4.7539616794669035	0.8350037275657111
5.125	4.740655609077713	0.8286219030020683
5.135	4.726697993766949	0.8487826669644851
5.145	4.7120958970298945	0.8077359317028738
5.155	4.6968566483218686	0.8252859492528914
5.165	4.680987838458861	0.8400801789231541
5.175	4.664497314892246	0.8545843256587058
5.185	4.647393176860657	0.833843395826867
5.195	4.62968377042215	0.8453016717479528
5.205	4.611377683369879	0.8397900959884431
5.215	4.592483740034476	0.838629764249599
5.225	4.573010995976514	0.8635768966347479
5.235	4.552968732572402	0.8550194500607724
5.245	4.532366451497103	0.8692335138616131
5.255	4.511213869107215	0.8434161326723311
5.265	4.4895209107278955	0.868073182122769
5.275	4.467297704847235	0.8455917546826638
5.285	4.44455457722168	0.8651723527756585
5.295	4.42130204489617	0.8477673766929965
5.305	4.397550810142736	0.8287669444694238
5.315	4.373311754321239	0.84312604973762
5.325	4.348595931666114	0.8406603447925762
5.335	4.323414563002825	0.8210797466995814
5.345	4.297779029398002	0.8276066127305797
5.355	4.271700865747036	0.833843395826867
5.365	4.245191754303113	0.8571950720711051
5.375	4.2182635181515415	0.813392548929739
5.385	4.190928114633383	0.8347136446310001
5.395	4.16319762872233	0.8627066478306148
5.405	4.135084266358816	0.8274615712632242
5.415	4.106600347745388	0.8545843256587058
5.425	4.077758300607276	0.8087512219743624
5.435	4.048570653422301	0.8323929811533117
5.445	4.019050028624042	0.85153845484424
5.455	3.9892091357823727	0.8028045218127863
5.465	3.959060764765356	0.7926516190979
5.475	3.9286177788865495	0.8036747706169194
5.485	3.8978931080417727	0.7999036924656759
5.495	3.8668997418393434	0.8077359317028738
5.505	3.8356507227278223	0.7885904580119456
5.515	3.80415913912522	0.7819185505135918
5.525	3.7724381185537705	0.7639334085615077
5.535	3.7405008207841624	0.7887354994793011
5.545	3.7083604309932143	0.7983082363247652
5.555	3.6760301529389707	0.7587119157367092
5.565	3.6435232021571267	0.7476887642176898
5.575	3.6108527991826547	0.7862697945342574
5.585	3.5780321628005263	0.7685747355168843
5.595	3.5450745033294266	0.753635464379266
5.605	3.511993015942127	0.7481238886197564
5.615	3.4788008740264718	0.7585668742693537
5.625	3.4455112225905937	0.7447879348705795
5.635	3.412137171716104	0.7288333734614726
5.645	3.3786917900629234	0.7133139364544323
5.655	3.3451880984293907	0.7344899906883378
5.665	3.311639063371172	0.6847407673853955
5.675	3.278057590882537	0.7053366557498789
5.685	3.244456520143499	0.6888019284713499
5.695	3.2108486173362127	0.7246271709081626
5.705	3.1772465695339975	0.6905424260796161
5.715	3.1436629786663466	0.7012754946639245
5.725	3.11011035556318	0.6770535696155531
5.735	3.07660111408148	0.6866263064610172
5.745	3.0431475653175752	0.6960540018391258
5.755	3.0097619119080283	0.6793742330932414
5.765	2.9764562424222163	0.6476101517423831
5.775	2.9432425258495623	0.6490605664159383
5.785	2.9101326061842636	0.641373368646096
5.795	2.8771381971103374	0.6619692570105793
5.805	2.8442708767897527	0.666900666900667
5.815	2.811542082756315	0.65515230804487
5.825	2.7789631069178706	0.6494956908180048
5.835	2.7465450906693825	0.6432589077217177
5.845	2.7142990201193156	0.6268692219105443
5.855	2.682235721431711	0.6438390735911397
5.865	2.650365856286215	0.6358617928865863
5.875	2.61869991745825	0.6213576461510346
5.885	2.5872482245215447	0.6364419587560084
5.895	2.556020919674955	0.6338312123436091
5.905	2.5250279636955946	0.6168613606630136
5.915	2.494279132020168	0.5907538965390206
5.925	2.463784010956229	0.6187468997386353
5.935	2.4335519940251014	0.6020671309927509
5.945	2.403592278438115	0.603517545666306
5.955	2.3739138617076097	0.5939448088208419
5.965	2.3445255383941648	0.6006167163191957
5.975	2.3154358969914393	0.5872729013224881
5.985	2.286653316949852	0.5733489204563584
5.995	2.2581859658402292	0.5723336301848698
6.005	2.2300417966585377	0.5820514084976895
6.015	2.202228545272709	0.5468063319302989
6.025	2.174753728012335	0.5707381740439592
6.035	2.1476246394021694	0.5665319714906492
6.045	2.1208483500400304	0.5646464324150274
6.055	2.0944317046197387	0.5405695488340116
6.065	2.068381320099648	0.5782803303464461
6.075	2.042703584017159	0.5508674930162534
6.085	2.017404652949517	0.5399893829645895
6.095	1.9924904511211674	0.5495621198100537
6.105	1.9679666691578306	0.5495621198100537
6.115	1.9438387629872758	0.5315769778579696
6.125	1.9201119528867863	0.552462949157164
6.135	1.8967912226772177	0.5378137609542568
6.145	1.8738813190633419	0.5357831804112796
6.155	1.8513867511201996	0.5394092170951675
6.165	1.8293117899250693	0.5312868949232585
6.175	1.80766046833448	0.5552187370369188
6.185	1.7864365809057272	0.5016984355827331
6.195	1.7656436839622087	0.5127215871017524
6.205	1.7452850958017652	0.5154773749815073
6.215	1.7253638970472016	0.5235996971534161
6.225	1.705882931138006	0.5237447386207716
6.235	1.6868448049622549	0.5196835775348172
6.245	1.6682518896275798	0.526645567967882
6.255	1.6501063213699572	0.5372335950848348
6.265	1.6324100025990533	0.5083703430810869
6.275	1.6151646030787654	0.5249050703596159
6.285	1.5983715612414542	0.5144620847100186
6.295	1.5820320856343493	0.5112711724281972
6.305	1.5661471564965528	0.5373786365521903
6.315	1.5507175274648615	0.5022786014521552
6.325	1.5357437274066963	0.5238897800881273
6.335	1.5212260623782878	0.5070649698748873
6.345	1.5071646177061493	0.5124315041670413
6.355	1.4935592601898813	0.5299815217170589
6.365	1.4804096404242448	0.5159124993835738
6.375	1.4677151952383312	0.5044542234624879
6.385	1.455475150249632	0.5037290161257103
6.395	1.4436885225307825	0.5128666285691079
6.405	1.4323541233865738	0.5076451357443093
6.415	1.4214705612388623	0.5096757162872866
6.425	1.4110362446169369	0.4895149523248697
6.435	1.4010493852508021	0.49546165248644586
6.445	1.3915080012647574	0.5070649698748873
6.455	1.3824099204687184	0.513736877373241
6.465	1.373752783744543	0.5051794307992655
6.475	1.365534048524582	0.4842934595000711
6.485	1.3577509923597562	0.5027137258542217
6.495	1.3504007165742313	0.5025686843868662
6.505	1.3434801500038291	0.5061947210707541
6.515	1.3369860528152762	0.49966785503975586
6.525	1.3309150204032762	0.5280959826414372
6.535	1.3252634873623725	0.5080802601463759
6.545	1.320027731530618	0.4982174403662007
6.555	1.3152038781018929	0.5288211899782148
6.565	1.310787903803781	0.5330273925315248
6.575	1.3067756411378393	0.4983624818335562
6.585	1.303162782679069	0.5389740926931009
6.595	1.299944885431382	0.49952281357240036
6.605	1.297117375235835	0.509530674819931
6.615	1.294675551228354	0.5212790336757279
6.625	1.2926145903436386	0.5476765807344319
6.635	1.29092955186202	0.5101108406893531
6.645	1.2896153819958807	0.51765299699184
6.655	1.2886669185123385	0.522439365414572
6.665	1.2880788953888447	0.5369435121501237
6.675	1.287845947498335	0.5014083526480221
6.685	1.2879626153205832	0.5170728311224179
6.695	1.2884233496763715	0.5318670607926806
6.705	1.2892225164811544	0.5253401947616824
6.715	1.2903544015147583	0.5198286190021727
6.725	1.291813215203836	0.5088054674831535
6.735	1.2935930974136733	0.5054695137339765
6.745	1.295688122245973	0.5172178725897735
6.755	1.2980923028392908	0.5405695488340116
6.765	1.3007995961687664	0.5115612553629083
6.775	1.3038039078418349	0.5317220193253251
6.785	1.3070990968865785	0.5024236429195107
6.795	1.310678980529478	0.5064848040054651
6.805	1.3145373389592039	0.4973471915620676
6.815	1.3186679200732572	0.5151872920467961
6.825	1.323064444204225	0.5164926652529959
6.835	1.3277206088223887	0.483713293630649
6.845	1.3326300932115687	0.5085153845484424
6.855	1.3377865631150263	0.5018434770500886
6.865	1.343183675348291	0.49865256476826725
6.875	1.3488150823758764	0.4964769427579345
6.885	1.3546744368487902	0.4854537912389152
6.895	1.3607553960998418	0.49415627928024625
6.905	1.367051626593797	0.5031488502562883
6.915	1.3735568083294178	0.5214240751430834
6.925	1.3802646391905435	0.49966785503975586
6.935	1.3871688392433268	0.475300888524029
6.945	1.3942631549768767	0.4841484180327156
6.955	1.4015413634845189	0.49082032553106936
6.965	1.4089972765830423	0.4967670256926455
6.975	1.4166247448672291	0.4893699108575142
6.985	1.4244176616971234	0.4655831102112094
6.995	1.4323699671154808	0.4615219491252549
7.005	1.440475651692971	0.47385047385047385
7.015	1.4487287602986592	0.48458354243478213
7.025	1.4571233957934622	0.4667434419500535
7.035	1.4656537226442712	0.4766062617302287
7.045	1.4743139704564954	0.4871942888471814
7.055	1.4830984374229157	0.4697893127645194
7.065	1.4920014936866866	0.45136904641036873
7.075	1.501017584616505	0.4400558119566384
7.085	1.510141233991961	0.44788805119383635
7.095	1.5193670470972056	0.46935418836245285
7.105	1.528689713721076	0.44803309266119185
7.115	1.5381040110619728	0.4690641054277418
7.125	1.5476048065357888	0.4519492122797908
7.135	1.5571870604852964	0.4545599586921901
7.145	1.566845828789471	0.4603616173864108
7.155	1.5765762653713082	0.4487582999979694
7.165	1.5863736246027413	0.47036947863394146
7.175	1.5962332636053875	0.44904838293268046
7.185	1.606150644445901	0.4552851660289677
7.195	1.6161213362247895	0.4560103733657453
7.205	1.626141017057635	0.432368614186796
7.215	1.6362054759477695	0.4742855982525404
7.225	1.646310614549468	0.4529645025512794
7.235	1.6564524488208774	0.4821178374897383
7.245	1.666627110565932	0.46079674178847735
7.255	1.6768308488646233	0.45876616124550007
7.265	1.6870600313910231	0.4658731931459204
7.275	1.6973111456186074	0.4916905743352024
7.285	1.707580799912464	0.5018434770500886
7.295	1.7178657245080597	0.5151872920467961
7.305	1.7281627723763489	0.4958967768885124
7.315	1.7384689199750372	0.5009732282459555
7.325	1.748781267885971	0.517362914057129
7.335	1.7590970413386198	0.5119963797649748
7.345	1.7694135906198025	0.548256746603854
7.355	1.7797283913697663	0.5752344595319802
7.365	1.7900390447649412	0.5460811245935213
7.375	1.800343277587673	0.556379068775763
7.385	1.8106389421833753	0.5794406620852902
7.395	1.8209240163056046	0.5916241453431537
7.405	1.831196602849627	0.6152659045221028
7.415	1.8414549294751732	0.603807628601017
7.425	1.8516973481190977	0.6022121724601064
7.435	1.8619223343987747	0.5943799332229084
7.445	1.8721284869071526	0.6187468997386353
7.455	1.8823145264004182	0.629334926855588
7.465	1.892479294879339	0.659068427663469
7.475	1.9026217545654256	0.6336861708762536
7.485	1.912740986773116	0.6270142633778998
7.495	1.9228361906792428	0.6673357913027335
7.505	1.9329066819911835	0.663274630216779
7.515	1.9429518915150732	0.6510911469589156
7.525	1.9529713636255956	0.6979395409147475
7.535	1.9629647546389464	0.6861911820589507
7.545	1.9729318310905497	0.680969689234152
7.555	1.9828724679192842	0.6861911820589507
7.565	1.9927866465599386	0.6903973846122606
7.575	2.0026744529457954	0.7034511166742572
7.585	2.0125360754231583	0.7034511166742572
7.595	2.022371802579863	0.7128788120523658
7.605	2.0321820209897257	0.7173750975403868
7.615	2.0419672128750395	0.7305738710697388
7.625	2.0517279536892765	0.753635464379266
7.635	2.061464909622125	0.7471085983482678
7.645	2.0711788350291713	0.7402916493825585
7.655	2.080870569788477	0.766254072039196
7.665	2.0905410365864503	0.7629181182900191
7.675	2.100191238135354	0.7840941725239245
7.685	2.1098222543249467	0.7901859141528563
7.695	2.119435239310723	0.8014991486065867
7.705	2.129031418541275	0.7840941725239245
7.715	2.1386120857274076	0.8155681709400717
7.725	2.1481785997555694	0.8014991486065867
7.735	2.1577323815482767	0.787285084805746
7.745	2.1672749108742253	0.783659048121858
7.755	2.176807723110838	0.8249958663181803
7.765	2.1863324059619584	0.8300723176756235
7.775	2.1958505961335346	0.8651723527756585
7.785	2.205363975970082	0.8415305935967093
7.795	2.214874270054759	0.83891984718431
7.805	2.224383241775987	0.8487826669644851
7.815	2.233892689863433	0.830217359142979
7.825	2.2434044448963064	0.8776459189682331
7.835	2.2529203657869057	0.8746000481537671
7.845	2.2624423362423585	0.8846079094012979
7.855	2.2719722612074875	0.873729799349634
7.865	2.2815120632918426	0.8600959014182155
7.875	2.2910636791838	0.8628516892979703
7.885	2.300629056054783	0.842835966802909
7.895	2.310210147956591	0.8776459189682331
7.905	2.3198089122148	0.847622335225641
7.915	2.3294273058213064	0.86836326505748
7.925	2.339067281828914	0.8551644915281279
7.935	2.3487307857510893	0.8722793846760789
7.945	2.358419751969757	0.8637219381021034
7.955	2.368136100154225	0.8744550066864116
7.965	2.377881731694125	0.8721343432087234
7.975	2.387658526149408	0.8419657179987758
7.985	2.397468337720306	0.8432710912049756
7.995	2.407312991740211	0.8351487690330666
8.005	2.4171942811943907	0.8460268790847303
8.015	2.427113963267423	0.8528438280504397
8.025	2.4370737559222637	0.847622335225641
8.035	2.4470753345137637	0.8183239588198266
8.045	2.4571203284394807	0.804980143823119
8.055	2.467210317830586	0.7891706238813677
8.065	2.4773468302856356	0.7742313527437494
8.075	2.487531337649939	0.7510247179668668
8.085	2.497765252843227	0.7298486637329613
8.095	2.5080499267383325	0.7288333734614726
8.105	2.5183866450934085	0.7195507195507196
8.115	2.528776625540413	0.6851758917874621
8.125	2.539221014632306	0.6629845472820679
8.135	2.5497208849515083	0.6303502171270766
8.145	2.5602772322820826	0.6207774802816125
8.155	2.5708909728480465	0.5965555552332412
8.165	2.5815629406202043	0.5859675281162885
8.175	2.5922938846937393	0.543470378181122
8.185	2.603084466738995	0.5189583701980396
8.195	2.613935258527439	0.4811025472182497
8.205	2.6248467395351676	0.4313533239153074
8.215	2.635819294625912	0.3753673175160778
8.225	2.646853211815673	0.3473743143164631
8.235	2.657948680120917	0.2842812760168132
8.245	2.6691057874922843	0.23989858700602504
8.255	2.6803245188356666	0.1994320176138358
8.265	2.6916047541224044	0.15954561409106863
8.275	2.7029462665904394	0.18028654392290755
8.285	2.7143487210379558	0.1727443876204207
8.295	2.725811672211222	0.1866683684865503
8.305	2.737334563288079	0.19217994424605994
8.315	2.748916724458589	0.18637828555183927
8.325	2.760557371604207	0.19159977837663789
8.335	2.7722556050767873	0.20392830310185683
8.345	2.7840104085786868	0.2003022664179689
8.355	2.7958206481451304	0.20697417391632267
8.365	2.8076850712299173	0.20726425685103372
8.375	2.8196023058954953	0.22829526961758367
8.385	2.8315708601083722	0.2327915551056047
8.395	2.8435891211406883	0.23206634776882712
8.405	2.8556553550787602	0.248310992112645
8.415	2.867767706439322	0.2541126508068657
8.425	2.8799241978940566	0.2526622361333105
8.435	2.892122730103001	0.2703572951506836
8.445	2.9043610816573	0.28558664922301286
8.455	2.9166369091316664	0.286746980961857
8.465	2.9289477472468914	0.29298376405814425
8.475	2.9412910091426347	0.2881973956354122
8.485	2.9536639867606183	0.320686684323048
8.495	2.9660638513383186	0.33272512611355587
8.505	2.97848765401314	0.3288090064949569
8.515	2.990932326536943	0.3373664530689324
8.525	3.0033946821008186	0.36927557588714616
8.535	3.015871416269771	0.3710160734954123
8.545	3.0283591080270273	0.37261152963632305
8.555	3.0408542209275318	0.40945206234462433
8.565	3.0533531043601214	0.4058260256607364
8.575	3.0658519949178107	0.4011846987053599
8.585	3.0783470178755175	0.43962068755457184
8.595	3.0908341887744735	0.43439919472977323
8.605	3.103309415112533	0.4420863924996156
8.615	3.1157684981394445	0.45644549776781185
8.625	3.128207134756106	0.4638426126029432
8.635	3.140620919516776	0.4938661963455352
8.645	3.153005346733064	0.49879760623562275
8.655	3.1653558126785217	0.5341877242703689
8.665	3.177667617892527	0.5231645727513496
8.675	3.189935969582103	0.5360732633459906
8.685	3.202155984120223	0.5560889858410519
8.695	3.21432268963912	0.5853873622468664
8.705	3.226431028716983	0.6065634164807718
8.715	3.238475861156399	0.6152659045221028
8.725	3.2504519668528054	0.6734275329316651
8.735	3.2623540487511846	0.654572142175448
8.745	3.2741767358891005	0.6827101868424182
8.755	3.2859145865241723	0.6982296238494585
8.765	3.2975620913439627	0.6847407673853955
8.775	3.3091136767562688	0.7214362586263413
8.785	3.3205637082576307	0.753055298509844
8.795	3.3319064938779053	0.7574065425305094
8.805	3.343136287698676	0.7916363288264114
8.815	3.354247293443133	0.8012090656718756
8.825	3.365233668135141	0.8110718854520508
8.835	3.3760895258250043	0.8712640944045903
8.845	3.386808941379516	0.9126009126009126
8.855	3.3973859543336857	0.907669502710825
8.865	3.4078145728016978	0.9484261550377253
8.875	3.418088777444334	0.9579988918831894
8.885	3.4282025254902733	1.0033968711654662
8.895	3.4381497548085442	1.0074580322514206
8.905	3.4479243880293255	1.057207255554363
8.915	3.457520336710319	1.074612231637025
8.925	3.4669315055458716	1.1181246718436801
8.935	3.4761517966159214	1.1249416208093894
8.945	3.48517511367184	1.1704846415590218
8.955	3.4939953664562724	1.1791871296003527
8.965	3.502606475053957	1.2182032843189867
8.975	3.5110023742704803	1.2556239828967102
8.985	3.519177018035963	1.2683876320239957
8.995	3.5271243838305857	1.30609841353643
9.005	3.534838477128838	1.3704968250422795
9.015	3.542313335859439	1.4218415044861326
9.025	3.5495430348776953	1.4602774933353446
9.035	3.556521690447193	1.4785527182221396
9.045	3.5632434647276567	1.5488978298895655
9.055	3.569702570265776	1.5763106672197582
9.065	3.5758932744857677	1.6028532557458177
9.075	3.581809904176521	1.6463656959524728
9.085	3.5874468499720606	1.7020616194169913
9.095	3.5927985708221293	1.7697959846720177
9.105	3.5978595984496726	1.792857577981545
9.115	3.6026245417919824	1.8563857406832613
9.125	3.607088091422252	1.9048295907800041
9.135	3.6112450239484044	1.9783656147292512
9.145	3.615090206385867	2.0094044887433316
9.155	3.6186186005011876	2.010564820482176
9.165	3.6218252671232163	2.066695868348761
9.175	3.6247053704187246	2.1557513293050485
9.185	3.6272541821292412	2.2124625430410556
9.195	3.629467085766004	2.2556849003129997
9.205	3.6313395807598523	2.3174725654064496
9.215	3.632867286562959	2.363885834960215
9.225	3.6340459466993194	2.4082685239710035
9.235	3.6348714327609106	2.4899268700921593
9.245	3.635339748346521	2.536050056711214
9.255	3.635447032940196	2.564188101378184
9.265	-Inf	0.0
9.275	-Inf	0.0
9.285	-Inf	0.0
9.295	-Inf	0.0
9.305	-Inf	0.0
9.315	-Inf	0.0
9.325	-Inf	0.0
9.335	-Inf	0.0
9.345	-Inf	0.0
9.355	-Inf	0.0
9.365	-Inf	0.0
9.375	-Inf	0.0
9.385	-Inf	0.0
9.395	-Inf	0.0
9.405	-Inf	0.0
9.415	-Inf	0.0
9.425	-Inf	0.0
9.435	-Inf	0.0
9.445	-Inf	0.0
9.455	-Inf	0.0
9.465	-Inf	0.0
9.475	-Inf	0.0
9.485	-Inf	0.0
9.495	-Inf	0.0
9.505	-Inf	0.0
9.515	-Inf	0.0
9.525	-Inf	0.0
9.535	-Inf	0.0
9.545	-Inf	0.0
9.555	-Inf	0.0
9.565	-Inf	0.0
9.575	-Inf	0.0
9.585	-Inf	0.0
9.595	-Inf	0.0
9.605	-Inf	0.0
9.615	-Inf	0.0
9.625	-Inf	0.0
9.635	-Inf	0.0
9.645	-Inf	0.0
9.655	-Inf	0.0
9.665	-Inf	0.0
9.675	-Inf	0.0
9.685	-Inf	0.0
9.695	-Inf	0.0
9.705	-Inf	0.0
9.715	-Inf	0.0
9.725	-Inf	0.0
9.735	-Inf	0.0
9.745	-Inf	0.0
9.755	-Inf	0.0
9.765	-Inf	0.0
9.775	-Inf	0.0
9.785	-Inf	0.0
9.795	-Inf	0.0
9.805	-Inf	0.0
9.815	-Inf	0.0
9.825	-Inf	0.0
9.835	-Inf	0.0
9.845	-Inf	0.0
9.855	-Inf	0.0
9.865	-Inf	0.0
9.875	-Inf	0.0
9.885	-Inf	0.0
9.895	-Inf	0.0
9.905	-Inf	0.0
9.915	-Inf	0.0
9.925	-Inf	0.0
9.935	-Inf	0.0
9.945	-Inf	0.0
9.955	-Inf	0.0
9.965	-Inf	0.0
9.975	-Inf	0.0
9.985	-Inf	0.0
9.995	-Inf	0.0
