0.005	-Inf	0.0
0.015	-Inf	0.0
0.025	-Inf	0.0
0.035	-Inf	0.0
0.045	-Inf	0.0
0.055	-Inf	0.0
0.065	-Inf	0.0
0.075	-Inf	0.0
0.085	-Inf	0.0
0.095	-Inf	0.0
0.105	-Inf	0.0
0.115	-Inf	0.0
0.125	-Inf	0.0
0.135	-Inf	0.0
0.145	-Inf	0.0
0.155	-Inf	0.0
0.165	-Inf	0.0
0.175	-Inf	0.0
0.185	-Inf	0.0
0.195	-Inf	0.0
0.205	-Inf	0.0
0.215	-Inf	0.0
0.225	-Inf	0.0
0.235	-Inf	0.0
0.245	-Inf	0.0
0.255	-Inf	0.0
0.265	-Inf	0.0
0.275	-Inf	0.0
0.285	-Inf	0.0
0.295	-Inf	0.0
0.305	-Inf	0.0
0.315	-Inf	0.0
0.325	-2.9969067150422735	0.04853597174063398
0.335	-2.99074367122707	0.04853597174063398
0.345	-2.9847900502531033	0.049290266579400555
0.355	-2.9790440356855368	0.047984756281535326
0.365	-2.9735037676075953	0.04958037997892616
0.375	-2.9681673444801007	0.04804277896144045
0.385	-2.9630328249957962	0.05010258409807226
0.395	-2.9580982299271676	0.0495513686389736
0.405	-2.953361543966468	0.04807179030139301
0.415	-2.9488207175566865	0.04923224389949544
0.425	-2.9444736687122046	0.04891311916001727
0.435	-2.9403182848279084	0.05085687893683883
0.445	-2.936352424475545	0.05059577687726579
0.455	-2.9325739191861206	0.051088969656459315
0.465	-2.9289805752171825	0.04998653873826201
0.475	-2.925570175303802	0.052278434594514304
0.485	-2.9223404803921604	0.051088969656459315
0.495	-2.919289231354604	0.05239447995432455
0.505	-2.9164141506850867	0.050508742857408105
0.515	-2.9137129441739495	0.050363686157645304
0.525	-2.9111833025609797	0.053467899532569294
0.535	-2.9088229031657526	0.052307445934466866
0.545	-2.906629411494257	0.05256854799403991
0.555	-2.904600482820853	0.0544252737510038
0.565	-2.9027337637446124	0.05355493355242697
0.575	-2.9010268937191617	0.0495513686389736
0.585	-2.8994775065551135	0.05309075211318601
0.595	-2.8980832318942635	0.052133377894751504
0.605	-2.8968416966547204	0.05297470675337576
0.615	-2.8957505264461774	0.05161117377560541
0.625	-2.894807346954562	0.05114699233636444
0.635	-2.8940097852953346	0.05187227583517846
0.645	-2.8933554713347283	0.05178524181532077
0.655	-2.892842038978274	0.052887672733518076
0.665	-2.892467127425948	0.050798856256933714
0.675	-2.8922283823933634	0.05282965005361296
0.685	-2.8921234572984025	0.05195930985503614
0.695	-2.8921500144127696	0.05219140057465663
0.705	-2.8923057259779372	0.051843264495225895
0.715	-2.8925882752850214	0.05030566347774018
0.725	-2.892995357718131	0.051727219135415656
0.735	-2.893524681760788	0.053641967572284656
0.745	-2.894173969965033	0.05178524181532077
0.755	-2.8949409598828817	0.05340987685266417
0.765	-2.895823404959808	0.051698207795463094
0.775	-2.8968190753899905	0.050189618117929935
0.785	-2.8979257589330727	0.05027665213778762
0.795	-2.89914126169222	0.05166919645551053
0.805	-2.9004634088533177	0.05335185417275905
0.815	-2.9018900453851426	0.04989950471840433
0.825	-2.90341903670042	0.05323580881294881
0.835	-2.90504826927769	0.05297470675337576
0.845	-2.906775651243923	0.049638402658831286
0.855	-2.908599112917902	0.05253953665408735
0.865	-2.910516607314384	0.05076984491698115
0.875	-2.912526110609103	0.05161117377560541
0.885	-2.914625622564701	0.052887672733518076
0.895	-2.916813166917728	0.053061740773233446
0.905	-2.9190867917268473	0.05201733253494126
0.915	-2.921444569682449	0.04810080164134557
0.925	-2.9238845983779016	0.049261255239448
0.935	-2.926405000542671	0.05042170883755042
0.945	-2.929003924237615	0.04966741399878385
0.955	-2.9316795430127622	0.04998653873826201
0.965	-2.9344300560279137	0.049638402658831286
0.975	-2.937253688136463	0.050653799557170906
0.985	-2.9401486899328217	0.051292049036127246
0.995	-3.3470292003074436	0.031622360548291116
1.005	-3.349810476267584	0.03307292754591915
1.015	-3.3526580280828027	0.0333340296054922
1.025	-3.3555702090740955	0.033101938885871714
1.035	-3.358545398011156	0.03345007496530244
1.045	-3.3615819989516673	0.03165137188824368
1.055	-3.3646784410478645	0.030287838910473326
1.065	-3.3678331783209936	0.0317093945681488
1.075	-3.3710446894043145	0.031622360548291116
1.085	-3.374311477255339	0.03350809764520756
1.095	-3.3776320688380017	0.029475521391801627
1.105	-3.3810050147754946	0.03217357600738977
1.115	-3.3844288889745	0.03173840590810136
1.125	-3.387902288221627	0.031448292508575754
1.135	-3.3914238317528045	0.030171793550663083
1.145	-3.3949921607964786	0.030926088389429663
1.155	-3.3986059380914284	0.030577952309998935
1.165	-3.402263847380063	0.030316850250425888
1.175	-3.4059645928780693	0.031158179109050145
1.185	-3.409706898721301	0.029475521391801627
1.195	-3.4134895083908185	0.030113770870757964
1.205	-3.4173111841169903	0.030635974989904054
1.215	-3.4211707062636214	0.029475521391801627
1.225	-3.42506687269303	0.03034586159037845
1.235	-3.428998498113066	0.031622360548291116
1.245	-3.4329644134070327	0.029736623451374674
1.255	-3.436963464947521	0.030026736850900283
1.265	-3.4409945138951477	0.03124521312890783
1.275	-3.4450564354832114	0.028866283252797855
1.285	-3.449148118289308	0.028750237892987612
1.295	-3.4532684634949127	0.02872122655303505
1.305	-3.4574163841339924	0.03078103168966686
1.315	-3.4615908043316805	0.029272442012133703
1.325	-3.4657906585340803	0.029388487371943946
1.335	-3.470014890730247	0.028431113153509446
1.345	-3.4742624536674187	0.028605181193224808
1.355	-3.4785323080605624	0.02901133995256066
1.365	-3.482823421797304	0.027125602855644214
1.375	-3.487134769139315	0.028489135833414565
1.385	-3.491465329921231	0.028808260572892732
1.395	-3.4958140887481726	0.028779249232940174
1.405	-3.500180034192943	0.027966931714268475
1.415	-3.5045621579939708	0.027966931714268475
1.425	-3.508959454255069	0.02779286367455311
1.435	-3.5133709186480715	0.025733058537921304
1.445	-3.5177955476194076	0.027125602855644214
1.455	-3.5222323376016758	0.027067580175739094
1.465	-3.526680284231255	0.026690432756355804
1.475	-3.5311383815729998	0.02686450079607117
1.485	-3.535605621353062	0.026081194617352033
1.495	-3.5400809922008483	0.02683548945611861
1.505	-3.544563478901143	0.028518147173367127
1.515	-3.5490520616573926	0.026371308016877638
1.525	-3.553545715367155	0.02773484099464799
1.535	-3.558043408910687	0.025704047197968743
1.545	-3.5625441044536448	0.026342296676925076
1.555	-3.5670467567648534	0.027995943054221036
1.565	-3.571550312550084	0.025007775039107286
1.575	-3.576053709802767	0.02611020595730459
1.585	-3.580555877172554	0.02550096781830082
1.595	-3.585055733352614	0.02648735337668788
1.605	-3.589552186486551	0.024920741019249605
1.615	-3.594044133595792	0.02700955749583397
1.625	-3.5985304600282944	0.024746672979534243
1.635	-3.6030100389293738	0.02602317193744691
1.645	-3.607481730735484	0.024137434840530467
1.655	-3.6119443826916835	0.02561701317811106
1.665	-3.6163968283935914	0.02471766163958168
1.675	-3.620837887354532	0.02605218327739947
1.685	-3.6252663645985987	0.024949752359202167
1.695	-3.629681050280318	0.025297888438632895
1.705	-3.634080719331577	0.024021389480720225
1.715	-3.638464131136466	0.02567503585801618
1.725	-3.6428300292346267	0.022947969902475482
1.735	-3.647177141053723	0.026081194617352033
1.745	-3.65150417767157	0.026168228637209714
1.755	-3.6558098336084806	0.025181843078822652
1.765	-3.6600927866503175	0.024079412160625344
1.775	-3.664351697702746	0.025704047197968743
1.785	-3.668585210677138	0.022744890522807554
1.795	-3.6727919524085384	0.02512382039891753
1.805	-3.676970532606105	0.024108423500577906
1.815	-3.681119543836388	0.023035003922333163
1.825	-3.685237561539765	0.023557208041479254
1.835	-3.6893231440803675	0.023470174021621572
1.845	-3.693374832829747	0.0238183101010523
1.855	-3.697391152284547	0.024572604939818877
1.865	-3.701370610218384	0.022164663723756344
1.875	-3.70531169786813	0.022686867842902435
1.885	-3.7092128901547343	0.0238183101010523
1.895	-3.713072645938724	0.023122037942190844
1.905	-3.716889408310463	0.02149740290484745
1.915	-3.7206616049152217	0.02291895856252292
1.925	-3.7243876483131	0.021700482284515373
1.935	-3.728065936373776	0.022773901862760116
1.945	-3.7316948527060605	0.021816527644325616
1.955	-3.735272767122181	0.021816527644325616
1.965	-3.7387980361366866	0.021961584344088417
1.975	-3.742269003499845	0.022773901862760116
1.985	-3.7456840007653693	0.023064015262285725
1.995	-3.749041347892268	0.021845538984278174
2.005	-3.7523393538805894	0.021439380224942326
2.015	-3.7555763174408012	0.02251279980318707
2.025	-3.7587505276965114	0.02120728950532184
2.035	-3.7618602649201955	0.021758504964420493
2.045	-3.764903801301589	0.021410368884989765
2.055	-3.7678794017483384	0.022367743103424268
2.065	-3.7707853247185095	0.02416644618048303
2.075	-3.7736198230844833	0.02161344826465769
2.085	-3.7763811450277776	0.02199059568404098
2.095	-3.779067534964269	0.021062232805559036
2.105	-3.7816772344992806	0.021758504964420493
2.115	-3.784208483411966	0.021381357545037206
2.125	-3.7866595206683837	0.021874550324230736
2.135	-3.7890285854626384	0.020946187445748794
2.145	-3.791313918285433	0.020859153425891112
2.155	-3.7935137620193373	0.02112025548546416
2.165	-3.795626363060073	0.022309720423519145
2.175	-3.797649972463062	0.02172949362446793
2.185	-3.799582847114483	0.021903561664183297
2.195	-3.801423250926035	0.022599833823044754
2.205	-3.8031694560525926	0.020104858587124536
2.215	-3.8048197441319065	0.02149740290484745
2.225	-3.8063724075454917	0.01993079054740917
2.235	-3.8078257506997923	0.021526414244800007
2.245	-3.8091780913267232	0.021381357545037206
2.255	-3.810427761802649	0.020859153425891112
2.265	-3.8115731104848294	0.02114926682541672
2.275	-3.8126125030643596	0.02030793796679246
2.285	-3.8135443239346003	0.02172949362446793
2.295	-3.814366977574076	0.020975198785701355
2.305	-3.8150788899427903	0.021265312185226964
2.315	-3.8156785098909225	0.020336949306745022
2.325	-3.8161643105787872	0.020946187445748794
2.335	-3.816534790907004	0.020627062706270627
2.345	-3.816788476955742	0.020627062706270627
2.355	-3.816923923431908	0.0220486183639461
2.365	-3.816939715123154	0.02077211940603343
2.375	-3.816834468357532	0.020569040026365507
2.385	-3.8166068324676403	0.021903561664183297
2.395	-3.8162554912580626	0.021845538984278174
2.405	-3.815779164474928	0.020917176105796235
2.415	-3.8151766092763704	0.020917176105796235
2.425	-3.814446621702683	0.0220486183639461
2.435	-3.8135880381449505	0.020714096726128308
2.445	-3.812599736810908	0.020452994666555264
2.455	-3.8114806391868212	0.02120728950532184
2.465	-3.810229711494113	0.02172949362446793
2.475	-3.8088459661395153	0.020917176105796235
2.485	-3.807328463157463	0.02112025548546416
2.495	-3.8056763116435146	0.021700482284515373
2.505	-3.8038886711774955	0.021758504964420493
2.515	-3.8019647532351293	0.02283192454266524
2.525	-3.799903822586908	0.022164663723756344
2.535	-3.7977051986829014	0.020046835907219413
2.545	-3.795368257022282	0.022222686403661464
2.555	-3.792892430506291	0.021062232805559036
2.565	-3.7902772107734015	0.02201960702399354
2.575	-3.7875221495154046	0.021033221465606478
2.585	-3.784626859773218	0.021410368884989765
2.595	-3.7815910172111185	0.020452994666555264
2.605	-3.778414361368228	0.02201960702399354
2.615	-3.775096696885981	0.02199059568404098
2.625	-3.7716378947103815	0.020917176105796235
2.635	-3.7680378932678327	0.021410368884989765
2.645	-3.764296699613356	0.02248378846323451
2.655	-3.760414390550008	0.022686867842902435
2.665	-3.7563911137183106	0.020801130745985993
2.675	-3.752227088654573	0.02297698124242804
2.685	-3.7479226078169177	0.021352346205084645
2.695	-3.7434780375779173	0.021758504964420493
2.705	-3.738893819182714	0.022570822483092192
2.715	-3.7341704696715197	0.022396754443376826
2.725	-3.729308582765438	0.02338314000176389
2.735	-3.7243088297145355	0.02207762970389866
2.745	-3.7191719601071314	0.023760287421147178
2.755	-3.71389880263927	0.023122037942190844
2.765	-3.708490265843411	0.023296105981906207
2.775	-3.702947338775324	0.022309720423519145
2.785	-3.697271091658262	0.02428249154029327
2.795	-3.691462676483484	0.02468865029962912
2.805	-3.6855233275661927	0.024079412160625344
2.815	-3.6794543620560587	0.02552997915825338
2.825	-3.6732571804014262	0.025007775039107286
2.835	-3.6669332667664167	0.023325117321858768
2.845	-3.6604841894000955	0.025994160597494348
2.855	-3.653911600956966	0.02515283173887009
2.865	-3.6472172387680186	0.02550096781830082
2.875	-3.640402925061642	0.02262884516299731
2.885	-3.6334705671337133	0.02550096781830082
2.895	-3.626422157466194	0.02422446886038815
2.905	-3.619259773793653	0.025355911118538015
2.915	-3.611985579117083	0.026313285336972518
2.925	-3.604601821664498	0.025704047197968743
2.935	-3.5971108347977485	0.02692252347597629
2.945	-3.589515036865105	0.02561701317811106
2.955	-3.5818169309991283	0.026226251317114833
2.965	-3.5740191048594188	0.026806478116166047
2.975	-3.5661242303198635	0.02645834203673532
2.985	-3.5581350631000173	0.027966931714268475
2.995	-3.5500544423403295	0.0272126368755019
3.005	-3.541885290120918	0.028373090473604323
3.015	-3.533630610923663	0.027589784294885185
3.025	-3.5252934910374165	0.026545376056593004
3.035	-3.516877097906165	0.02915639665232346
3.045	-3.5083846794200078	0.02773484099464799
3.055	-3.4998195631488853	0.028460124493462004
3.065	-3.491185155518985	0.0281700110939364
3.075	-3.4824849409318137	0.028779249232940174
3.085	-3.4737224808259937	0.027705829654695428
3.095	-3.464901412681802	0.029823657471232355
3.105	-3.456025448968606	0.030548940970046373
3.115	-3.4470983760352976	0.02924343067218114
3.125	-3.4381240529439454	0.028982328612608098
3.135	-3.4291064102468605	0.029301453352086265
3.145	-3.4200494487073683	0.030606963649951493
3.155	-3.4109572379645527	0.031100156429145025
3.165	-3.401833915142346	0.0308970770494771
3.175	-3.3926836834033383	0.03217357600738977
3.185	-3.383510810447711	0.03228962136720001
3.195	-3.3743196269577838	0.032811825486346105
3.205	-3.365114524988647	0.030606963649951493
3.215	-3.3558999563054375	0.03478459660312023
3.225	-3.3466804306678246	0.03139026982867063
3.235	-3.337460514062333	0.03217357600738977
3.245	-3.328244826883151	0.03359513166506524
3.255	-3.319038042062115	0.03423338114402158
3.265	-3.3098448831486156	0.03353710898516012
3.275	-3.300670122340171	0.033827222384685725
3.285	-3.2915185784645113	0.03577098216150729
3.295	-3.282395114913974	0.03574197082155473
3.305	-3.2733046375331276	0.034697562583262544
3.315	-3.264252092460524	0.036960447099562276
3.325	-3.2552424639255344	0.03545185742202912
3.335	-3.2462807720012594	0.03577098216150729
3.345	-3.237372070314535	0.03513273268255096
3.355	-3.228521443714103	0.036496265660321305
3.365	-3.2197340058980117	0.03823694605747495
3.375	-3.211014897001417	0.03788880997804422
3.385	-3.202369281145887	0.03736660585889813
3.395	-3.193802343951453	0.039919603774723464
3.405	-3.185319290012596	0.03896222955628896
3.415	-3.176925340339436	0.04003564913453371
3.425	-3.1686257297654072	0.04015169449434395
3.435	-3.160425704322722	0.04131214809244638
3.445	-3.1523305185869996	0.04224051097092832
3.455	-3.1443454329923703	0.03971652439505554
3.465	-3.1364757111185275	0.04090598933311053
3.475	-3.1287266169510928	0.04018070583429651
3.485	-3.1211034121167742	0.041718306851782225
3.495	-3.113611353094792	0.0416602841718771
3.505	-3.106255688406069	0.04322689652931538
3.515	-3.0990416557817007	0.041602261491971985
3.525	-3.0919744793122805	0.042037431591260395
3.535	-3.085059366579612	0.04195039757140271
3.545	-3.078301505772424	0.04073192129339517
3.555	-3.071706062787693	0.042907771789837214
3.565	-3.0652781783191902	0.042907771789837214
3.575	-3.0590229649349174	0.045605826405425355
3.585	-3.052945504145077	0.044822520226706214
3.595	-3.0470508434622694	0.04453240682718061
3.605	-3.041343993455613	0.043517009928840986
3.615	-3.035829924800479	0.04734650680257899
3.625	-3.030513565325588	0.04496757692646902
3.635	-3.0253997970591775	0.0447644975468011
3.645	-3.0204934532760084	0.04519966764608951
3.655	-3.015799315546952	0.04540274702575743
3.665	-3.011322110792918	0.04609901918461889
3.675	-3.0070665083449106	0.04644715526404961
3.685	-3.003037117011976	0.04612803052457145
3.695	-2.99923848215884	0.04432932744751269
3.705	-2.9956750827950085	0.045315713005899746
3.715	-2.99235132867714	0.048390915040871174
3.725	-2.98927155742647	0.04685331402338546
3.735	-2.9864400316630952	0.04537373568580487
3.745	-2.983860936158904	0.04868102844039678
3.755	-2.9815383750109605	0.049029164519827514
3.765	-2.9794763688371195	0.04978345935859409
3.775	-2.977678851995673	0.04888410782006471
3.785	-2.9761496698308187	0.04743354082243668
3.795	-2.974892575945711	0.0465341892839073
3.805	-2.973911229504891	0.048390915040871174
3.815	-2.973209192567836	0.04853597174063398
3.825	-2.9727899274554233	0.04673726866357522
3.835	-2.9726567941509985	0.0460119851647612
3.845	-2.9728130477378496	0.0466792459836701
3.855	-2.973261835874749	0.04508362228627926
3.865	-2.974006196311316	0.04656320062385986
3.875	-2.9750490544448787	0.0477816769018674
3.885	-2.976393220920513	0.046621223303764975
3.895	-2.9780413892759268	0.04714342742291107
3.905	-2.9799961336328304	0.049029164519827514
3.915	-2.9822599064364246	0.04691133670329058
3.925	-2.984835036244609	0.04746255216238924
3.935	-2.9877237255684976	0.0458669284649984
3.945	-2.990928048765803	0.047375518142531554
3.955	-2.994449949988624	0.04554780372552023
3.965	-2.9982912411871703	0.04685331402338546
3.975	-3.002453600170891	0.04850696040068142
3.985	-3.006938568728488	0.04699837072314827
3.995	-3.011747550808244	0.04511263362623182
4.005	-3.016881810760075	0.04685331402338546
4.015	-3.0223424716406875	0.04479350888675365
4.025	-3.0281305135831857	0.044851531566658775
4.035	-3.034246772232459	0.04511263362623182
4.045	-3.0406919372476064	0.04467746352694341
4.055	-3.0474665508726977	0.04461944084703829
4.065	-3.054571006577039	0.043807123328366594
4.075	-3.0620055477661605	0.04369107796855635
4.085	-3.069770266564669	0.045170656306136946
4.095	-3.0778651026720687	0.04226952231088088
4.105	-3.0862898422926244	0.04244359035059624
4.115	-3.0950441171403233	0.04229853365083344
4.125	-3.104127403519903	0.041167091392683576
4.135	-3.113539021484925	0.04078994397330028
4.145	-3.123278134073819	0.039368388315624815
4.155	-3.1333437466247336	0.04076093263334772
4.165	-3.1437347061700818	0.03710550379932508
4.175	-3.154449700911529	0.040238728514201634
4.185	-3.1654872597762074	0.03826595739742751
4.195	-3.1768457520548314	0.03971652439505554
4.205	-3.1885233871223995	0.039919603774723464
4.215	-3.200518214242081	0.03867211615676336
4.225	-3.212828122452879	0.037134515139277645
4.235	-3.225450840541566	0.0371635264792302
4.245	-3.2383839370993983	0.03774375327828142
4.255	-3.251624820664025	0.03609010690098546
4.265	-3.265170739946977	0.03492965330288303
4.275	-3.2790187841470844	0.03542284608207656
4.285	-3.293165883350079	0.03359513166506524
4.295	-3.30760880901468	0.03353710898516012
4.305	-3.3223441745452784	0.03307292754591915
4.315	-3.337368435951427	0.033479086305255
4.325	-3.3526778925941874	0.03257973476672562
4.335	-3.3682686880194086	0.033827222384685725
4.345	-3.3841368108778935	0.031158179109050145
4.355	-3.4002780959324284	0.0308970770494771
4.365	-3.4166882251515487	0.031042133749239902
4.375	-3.4333627288898985	0.03153532652843344
4.385	-3.4502969871549625	0.02962057809156443
4.395	-3.4674862309599153	0.027937920374315913
4.405	-3.484925543762282	0.028953317272655536
4.415	-3.5026098629880478	0.027647806974790308
4.425	-3.520533981640824	0.027705829654695428
4.435	-3.5386925499955653	0.027270659555407018
4.445	-3.557080077376392	0.026748455436260928
4.455	-3.5756909340178877	0.027647806974790308
4.465	-3.5945193530093227	0.02373127608119462
4.475	-3.613559432321101	0.023470174021621572
4.485	-3.632805136912751	0.024485570919961196
4.495	-3.6522503009216507	0.025704047197968743
4.505	-3.671888629931761	0.02378929876109974
4.515	-3.691713703321425	0.024369525560150953
4.525	-3.7117189766893754	0.022773901862760116
4.535	-3.731897784357985	0.022657856502949873
4.545	-3.7522433419527625	0.022860935882617797
4.555	-3.7727487490570275	0.02210664104385122
4.565	-3.7934069919406963	0.02065607404622319
4.575	-3.81421094636201	0.020511017346460384
4.585	-3.835153380441028	0.019176495708642594
4.595	-3.856226957603675	0.019669688487836127
4.605	-3.8774242395949994	0.019814745187598928
4.615	-3.8987376895604076	0.01888638230911699
4.625	-3.9201596751934376	0.01813208747035041
4.635	-3.9416824719487016	0.016913611192342862
4.645	-3.9632982663185254	0.018248132830160652
4.655	-3.9849991591718132	0.017348781291631272
4.665	-4.006777169153584	0.016681520472722377
4.675	-4.02862423614362	0.017058667892105667
4.685	-4.050532224772616	0.016391407073196772
4.695	-4.072492927994159	0.016043270993766044
4.705	-4.094498070710882	0.016478441093054453
4.715	-4.116539313453038	0.014476658636327768
4.725	-4.138608256107757	0.01584019161409812
4.735	-4.160696441697157	0.014244567916707283
4.745	-4.182795360203527	0.013403239058083024
4.755	-4.204896452439682	0.013490273077940707
4.765	-4.2269911139625975	0.0132001596784151
4.775	-3.571230880636083	0.02729967089535958
4.785	-3.5990234777778567	0.027502750275027504
4.795	-3.6267835990874464	0.026226251317114833
4.805	-3.6545024990326906	0.025820092557778986
4.815	-3.682171406974713	0.02344116268166901
4.825	-3.709781531299841	0.023151049282143406
4.835	-3.737324063580756	0.021787516304373054
4.845	-3.4576325129400143	0.029823657471232355
4.855	-3.4852647095431744	0.03043289561023613
4.865	-3.5128028299432814	0.03005574819085284
4.875	-3.540238040579631	0.028982328612608098
4.885	-3.567561512247027	0.026690432756355804
4.895	-3.594764424387091	0.02555899049820594
4.905	-3.621837969393547	0.02550096781830082
4.915	-3.6487733569292455	0.024369525560150953
4.925	-3.6755618182526995	0.025297888438632895
4.935	-3.7021946105518047	0.02434051422019839
4.945	-3.7286630212825056	0.02262884516299731
4.955	-3.754958372510088	0.023093026602238283
4.965	-3.781072025250815	0.02193257300413586
4.975	-3.806995383811585	0.02164245960461025
4.985	-3.8327199001252894	0.02161344826465769
4.995	-3.858237078079556	0.02155542558475257
5.005	-3.8835384778365567	0.019727711167741246
5.015	-3.908615720141552	0.020075847247171975
5.025	-3.9334604906178257	0.01906045034883235
5.035	-3.9580645440456985	0.01763889469115688
5.045	-3.982419708623301	0.017377792631583833
5.055	-4.0065178902067515	0.017667906031109442
5.065	-4.030351076527458	0.017058667892105667
5.075	-4.053911341384192	0.016043270993766044
5.085	-4.0771908488076605	0.01671053181267494
5.095	-4.100181857195253	0.016623497792817257
5.105	-4.122876723413677	0.01412852255689704
5.115	-4.145267906867232	0.014824794715758496
5.125	-4.167347973529404	0.01453468131623289
5.135	-4.1891095999355885	0.014331601936564966
5.145	-4.210545577134623	0.0132001596784151
5.155	-4.231648814597024	0.015376010174857149
5.165	-4.2524123440775945	0.013751375137513752
5.175	-4.272829323430309	0.012648944219316447
5.185	-4.292893040373275	0.01235883081979084
5.195	-4.312596916201631	0.012503887519553643
5.205	-4.331934509446241	0.013113125658557417
5.215	-4.350899519476134	0.012097728760217794
5.225	-4.369485790042573	0.013258182358320221
5.235	-4.387687312762694	0.011807615360692188
5.245	-4.405498230540773	0.011140354541783293
5.255	-4.422912840925036	0.012010694740360112
5.265	-4.439925599398106	0.010850241142257687
5.275	-4.4565311225991495	0.011662558660929384
5.285	-4.472724191475811	0.010676173102542322
5.295	-4.488499754364087	0.010531116402779518
5.305	-4.503852929994298	0.009602753524297578
5.315	-4.518779010421368	0.009457696824534775
5.325	-4.533273463877648	0.009341651464724533
5.335	-4.547331937546585	0.011633547320976824
5.345	-4.560950260255524	0.009370662804677092
5.355	-4.574124445086021	0.010066934963538549
5.365	-4.586850691900059	0.009863855583870623
5.375	-4.59912538978062	0.009457696824534775
5.385	-4.610945119385077	0.009428685484582214
5.395	-4.622306655209947	0.010415071042969275
5.405	-4.633206967765576	0.009109560745104047
5.415	-4.643643225659357	0.00971879888410782
5.425	-4.653612797586187	0.009370662804677092
5.435	-4.663113254224819	0.008442299926195152
5.445	-4.672142370038903	0.009892866923823185
5.455	-4.680698124981511	0.008123175186716984
5.465	-4.688778706102021	0.008964504045341243
5.475	-4.696382509054238	0.008877470025483562
5.485	-4.70350813950473	0.009138572085056607
5.495	-4.710154414440394	0.008935492705388683
5.505	-4.716320363374291	0.009167583425009168
5.515	-4.722005229448895	0.008007129826906741
5.525	-4.727208470435901	0.008616367965910515
5.535	-4.731929759631822	0.00832625456638491
5.545	-4.736168986648669	0.00794910714700162
5.555	-4.739926258099011	0.007775039107286256
5.565	-4.743201898174849	0.008065152506811862
5.575	-4.745996449119706	0.00835526590633747
5.585	-4.748310671593458	0.008616367965910515
5.595	-4.750145544929465	0.0075719597276183315
5.605	-4.7515022672835965	0.008790436005625879
5.615	-4.752382255674859	0.00794910714700162
5.625	-4.752787145917303	0.008529333946052833
5.635	-4.752718792443061	0.007978118486954181
5.645	-4.752179268016306	0.00751393704771321
5.655	-4.751170863338079	0.007658993747476014
5.665	-4.749696086541915	0.007833061787191377
5.675	-4.74775766258031	0.008587356625957955
5.685	-4.745358532502108	0.00792009580704906
5.695	-4.742501852620936	0.008297243226432348
5.705	-4.739190993574905	0.008239220546527226
5.715	-4.735429539277805	0.00794910714700162
5.725	-4.731221285762143	0.00841328858624259
5.735	-4.72657023991437	0.007862073127143938
5.745	-4.72148061810276	0.008761424665673319
5.755	-4.715956844698399	0.008645379305863076
5.765	-4.71000355048985	0.007891084467096498
5.775	-4.703625570992121	0.008268231886479788
5.785	-4.696827944650554	0.008877470025483562
5.795	-4.689615910940422	0.008616367965910515
5.805	-4.681994908362935	0.008558345286005395
5.815	-4.67397057233857	0.00922560610491429
5.825	-4.66554873299857	0.009196594764961728
5.835	-4.656735412875568	0.008877470025483562
5.845	-4.647536824494356	0.009457696824534775
5.855	-4.6379593678638535	0.010241003003253913
5.865	-4.628009627871366	0.009486708164487335
5.875	-4.6176943715803365	0.009196594764961728
5.885	-4.607020545432802	0.009573742184345016
5.895	-4.595995272357806	0.009109560745104047
5.905	-4.584625848787111	0.009312640124771971
5.915	-4.57291974157961	0.010502105062826958
5.925	-4.560884584855837	0.01058913908268464
5.935	-4.548528176744032	0.010357048363064154
5.945	-4.53585847603937	0.010299025683159034
5.955	-4.522883598777842	0.009428685484582214
5.965	-4.509611814726461	0.009805832903965502
5.975	-4.496051543791457	0.010299025683159034
5.985	-4.482211352346187	0.010444082382921837
5.995	-4.4680999494804725	0.010531116402779518
6.005	-4.453726183173235	0.011778604020739627
6.015	-4.439099036390272	0.011082331861878172
6.025	-4.424227623108983	0.011430467941308899
6.035	-4.409121184272115	0.011169365881735853
6.045	-4.393789083672374	0.012213774120028036
6.055	-4.378240803769985	0.011546513301119141
6.065	-4.362485941445233	0.011401456601356339
6.075	-4.346534203688095	0.012968068958794614
6.085	-4.330395403227018	0.013258182358320221
6.095	-4.3140794540990814	0.012648944219316447
6.105	-4.297596367163718	0.012503887519553643
6.115	-4.280956245562157	0.012474876179601083
6.125	-4.264169280124915	0.014650726676043132
6.135	-4.24724574472961	0.01409951121694448
6.145	-4.230195991611372	0.014215556576754723
6.155	-4.213030446628223	0.01360631843775095
6.165	-4.1957596044838175	0.013461261737988145
6.175	-4.1783940239098625	0.015376010174857149
6.185	-4.160944322810713	0.014592703996138011
6.195	-4.143421173372548	0.01575315759424044
6.205	-4.125835297139581	0.01584019161409812
6.215	-4.108197460059792	0.015172930795189225
6.225	-4.090518467502679	0.015492055534667391
6.235	-4.072809159251555	0.016623497792817257
6.245	-4.055080404472912	0.0159272256339558
6.255	-4.037343096665381	0.017812962730872243
6.265	-4.019608148590877	0.018306155510065775
6.275	-4.00188648719049	0.01676855449258006
6.285	-3.984189048487691	0.017696917371062
6.295	-3.9665267724814264	0.018799348289259308
6.305	-3.948910598031761	0.018654291589496504
6.315	-3.9313514577405835	0.01816109881030297
6.325	-3.91386027283005	0.018857370969164428
6.335	-3.8964479480213456	0.019118473028737475
6.345	-3.879125366416372	0.01993079054740917
6.355	-3.8619033843849695	0.019263529728500275
6.365	-3.844792826460317	0.0202789266268399
6.375	-3.8278044802450806	0.02112025548546416
6.385	-3.8109490913308885	0.022135652383803783
6.395	-3.7942373582338247	0.02077211940603343
6.405	-3.777679927348428	0.02248378846323451
6.415	-3.7612873879228266	0.022367743103424268
6.425	-3.745070267057579	0.022686867842902435
6.435	-3.729039024730798	0.02283192454266524
6.445	-3.713204048852016	0.022715879182854996
6.455	-3.697575650347483	0.024021389480720225
6.465	-3.6821640582792616	0.023470174021621572
6.475	-3.6669794150006805	0.02431150288024583
6.485	-3.652031771350688	0.024195457520435587
6.495	-3.63733108188946	0.024543593599866315
6.505	-3.6228872001777694	0.025268877098680333
6.515	-3.608709874102536	0.026081194617352033
6.525	-3.5948087412509513	0.026255262657067395
6.535	-3.581193324335514	0.02593613791758923
6.545	-3.5678730266723537	0.026139217297257152
6.555	-3.554857127715186	0.02773484099464799
6.565	-3.5421547786471197	0.027705829654695428
6.575	-3.5297749980326376	0.02692252347597629
6.585	-3.517726667531938	0.027647806974790308
6.595	-3.506018527679843	0.02811198841403128
6.605	-3.4946591737314603	0.02901133995256066
6.615	-3.4836570515766874	0.028808260572892732
6.625	-3.4730204537256677	0.029765634791327236
6.635	-3.462757515367231	0.02991069149109004
6.645	-3.4528762105023865	0.030606963649951493
6.655	-3.4433843481547695	0.02996871417099516
6.665	-3.4342895686600405	0.03165137188824368
6.675	-3.4255993400360847	0.029736623451374674
6.685	-3.4173209544358705	0.031593349208338554
6.695	-3.409461524684823	0.032492700746867935
6.705	-3.4020279809043954	0.03298589352606147
6.715	-3.3950270672235927	0.031216201788955268
6.725	-3.3884653385801595	0.03298589352606147
6.735	-3.3823491576129605	0.032057530647579525
6.745	-3.376684691647211	0.03269578012653586
6.755	-3.3714779097740504	0.03411733578421133
6.765	-3.3667345800259225	0.03257973476672562
6.775	-3.362460266649191	0.03304391620596659
6.785	-3.3586603274754028	0.03463953990335743
6.795	-3.355339911392456	0.03411733578421133
6.805	-3.352503955916966	0.03397227908444853
6.815	-3.3501571848690794	0.03432041516387926
6.825	-3.34830410615083	0.03173840590810136
6.835	-3.3469490096291774	0.03440744918373694
6.845	-3.3460959651247957	0.032376655387057696
6.855	-3.345748820507544	0.03379821104473316
6.865	-3.3459111998996276	0.0318544512679116
6.875	-3.346586501987251	0.034581517223452304
6.885	-3.347777898441671	0.03223159868729489
6.895	-3.349488332450317	0.03150631518848088
6.905	-3.3517205173587783	0.03257973476672562
6.915	-3.354476935424212	0.032782814146393544
6.925	-3.357759836680837	0.032376655387057696
6.935	-3.361571237917996	0.03350809764520756
6.945	-3.365912921771251	0.03214456466743721
6.955	-3.3707864359269566	0.0317093945681488
6.965	-3.376193092440607	0.030316850250425888
6.975	-3.382133967169296	0.032811825486346105
6.985	-3.3886098993184737	0.031477303848528315
6.995	-3.395621491103192	0.03226061002724745
7.005	-2.801708862842941	0.055295613949580616
7.015	-2.8040558599927903	0.058864008763745576
7.025	-2.8069388998123768	0.0558178180687267
7.035	-2.810357635459621	0.0556727613689639
7.045	-2.8143114831270464	0.05668815826730353
7.055	-2.8187996223899985	0.05999545102189544
7.065	-2.8238209966688235	0.05549869332924854
7.075	-2.829374313804668	0.05596287476848951
7.085	-2.8354580467485455	0.05564375002901134
7.095	-2.8420704343632126	0.05314877479309112
7.105	-2.849209482337379	0.05410614901152563
7.115	-2.8568729642116697	0.05381603561200002
7.125	-2.865058422515766	0.0544252737510038
7.135	-2.873763170016014	0.05242349129427711
7.145	-2.882984291072793	0.05166919645551053
7.155	-2.8927186431068614	0.052626570673945036
7.165	-2.902962858173816	0.050392697497597866
7.175	-2.913713344645787	0.05056676553731323
7.185	-2.924966288999407	0.05074083357702859
7.195	-2.936717657709031	0.05143710573589005
7.205	-2.9489631992441576	0.050653799557170906
7.215	-2.9616984461699243	0.04888410782006471
7.225	-2.9749187173495146	0.046940348043243145
7.235	-2.988619120247228	0.04786871092172509
7.245	-3.002794553330959	0.048303881021013496
7.255	-3.017439708572765	0.0458669284649984
7.265	-3.032549074046093	0.04569286042528303
7.275	-3.0481169366183027	0.04311085116950514
7.285	-3.0641373847369673	0.0429948058096949
7.295	-3.0806043113084334	0.04197940891135527
7.305	-3.097511416667076	0.04401020270803452
7.315	-3.114852211633638	0.04093500067306309
7.325	-3.1326200206609567	0.041283136752493815
7.335	-3.150807985065408	0.04180534087163991
7.345	-3.169409066342317	0.04180534087163991
7.355	-3.188416049563489	0.03852705945700055
7.365	-3.2078215468551026	0.03791782131799678
7.375	-3.227618000954041	0.03730858317899301
7.385	-3.247797688840748	0.037859798638091656
7.395	-3.268352725446703	0.038033866677807025
7.405	-3.2892750674344584	0.03536482340217144
7.415	-3.3105565170482776	0.034610528563404866
7.425	-3.3321887260332916	0.034291403823926696
7.435	-3.3541631996210626	0.03359513166506524
7.445	-3.3764713005794658	0.03133224714876551
7.455	-3.39910425332472	0.033682165684922924
7.465	-3.422053148093382	0.03095509972938222
7.475	-3.445308945172076	0.030287838910473326
7.485	-3.468862479182769	0.02956255541165931
7.495	-3.4927044634212576	0.028953317272655536
7.505	-3.516825494246627	0.029214419332228583
7.515	-3.54121605551937	0.02729967089535958
7.525	-3.5658665230857727	0.02782187501450567
7.535	-3.5907671693062797	0.025181843078822652
7.545	-3.6159081676254363	0.024659638959676558
7.555	-3.6412795971809917	0.02422446886038815
7.565	-3.66687144744978	0.02434051422019839
7.575	-3.6926736229279506	0.02338314000176389
7.585	-3.7186759478431086	0.023586219381431815
7.595	-3.7448681708958733	0.021903561664183297
7.605	-3.7712399700284758	0.022164663723756344
7.615	-3.7977809572178227	0.020888164765843674
7.625	-3.824480683290613	0.020452994666555264
7.635	-3.8513286427580087	0.019582654467978446
7.645	-3.878314278667331	0.01943759776821564
7.655	-3.9054269874683074	0.01894440498902211
7.665	-3.9326561238913755	0.017870985410777366
7.675	-3.959991005835533	0.017958019430635047
7.685	-3.9874209192631938	0.017870985410777366
7.695	-4.014935123099622	0.016159316353576286
7.705	-4.042522854134368	0.016159316353576286
7.715	-4.070173331922251	0.01575315759424044
7.725	-4.097875763681406	0.015608100894477634
7.735	-4.125619349185877	0.016623497792817257
7.745	-4.153393285650285	0.016014259653813482
7.755	-4.181186772604155	0.013722363797561192
7.765	-4.208989016753378	0.013461261737988145
7.775	-4.236789236826394	0.014563692656185451
7.785	-4.26457666840269	0.013461261737988145
7.795	-4.292340568721143	0.012474876179601083
7.805	-4.320070221465862	0.012561910199458765
7.815	-4.347754941527112	0.012474876179601083
7.825	-4.3753840797349834	0.011517501961166582
7.835	-4.402947027563414	0.013084114318604857
7.845	-4.430433221802331	0.01105332052192561
7.855	-4.457832149195508	0.010937275162115368
7.865	-4.485133351041933	0.010734195782447444
7.875	-4.51232642775843	0.010357048363064154
7.885	-4.539401043401265	0.010444082382921837
7.895	-4.56634693014458	0.01102430918197305
7.905	-4.593153892713498	0.009921878263775745
7.915	-4.619811812769693	0.009602753524297578
7.925	-4.646310653247383	0.008906481365436121
7.935	-4.672640462637659	0.00881944734557844
7.945	-4.698791379219059	0.009486708164487335
7.955	-4.724753635232425	0.008732413325720757
7.965	-4.750517560998075	0.007746027767333696
7.975	-4.7760735889732935	0.00835526590633747
7.985	-4.801412257748282	0.00835526590633747
7.995	-4.826524215978728	0.007862073127143938
8.005	-4.851400226253107	0.007310857668045285
8.015	-4.876031168892961	0.0072818463280927255
8.025	-4.90040804568444	0.007020744268519679
8.035	-4.924521983539361	0.00617941540989542
8.045	-4.948364238084124	0.006875687568756876
8.055	-4.971926197174919	0.007078766948424801
8.065	-4.995199384337596	0.00574424531060701
8.075	-5.01817546213068	0.00574424531060701
8.085	-5.040846235430107	0.005715233970654449
8.095	-5.063203654634158	0.005831279330464692
8.105	-5.085239818787261	0.005512154590986525
8.115	-5.106946978621314	0.005628199950796767
8.125	-5.128317539513234	0.005715233970654449
8.135	-5.149344064357452	0.005483143251033965
8.145	-5.170019276352245	0.00615040406994286
8.155	-5.190336061698669	0.005251052531413479
8.165	-5.210287472211084	0.005947324690274935
8.175	-5.229866727838115	0.005396109231176283
8.185	-5.24906721909325	0.004989950471840433
8.195	-5.267882509393912	0.004612803052457145
8.205	-5.286306337308296	0.004728848412267388
8.215	-5.304332618709042	0.005425120571128843
8.225	-5.321955448833004	0.005135007171603236
8.235	-5.339169104246389	0.004264666973026417
8.245	-5.355968044714569	0.004931927791935312
8.255	-5.372346914975989	0.003800485533785446
8.265	-5.388300546419527	0.005541165930939086
8.275	-5.403823958664934	0.004989950471840433
8.285	-5.418912361045742	0.0040035649134533705
8.295	-5.433561153994356	0.004351700992884099
8.305	-5.447765930328913	0.004119610273263613
8.315	-5.4615224764416554	0.004293678312978977
8.325	-5.474826773388589	0.0031912473947816726
8.335	-5.4876749978801715	0.004061587593358492
8.345	-5.500063523173005	0.004061587593358492
8.355	-5.511988919862388	0.0032492700746867935
8.365	-5.523447956575726	0.0040035649134533705
8.375	-5.534437600566843	0.004496757692646902
8.385	-5.544955018211278	0.004061587593358492
8.395	-5.554997575402709	0.003713451513927764
8.405	-5.564562837850685	0.003829496873738007
8.415	-5.573648571279974	0.003713451513927764
8.425	-5.5822527415317245	0.0035393834742124004
8.435	-5.590373514566909	0.003162236054829112
8.445	-5.598009256372382	0.0040905989333110526
8.455	-5.605158532770043	0.0034523494543547183
8.465	-5.611820109129592	0.0033363040945444756
8.475	-5.617992949985483	0.0035393834742124004
8.485	-5.623676218558633	0.003481360794307279
8.495	-5.628869276183577	0.0032492700746867935
8.505	-5.6335716816418095	0.0040905989333110526
8.515	-5.63778319040199	0.0029881680151137477
8.525	-5.6415037537679265	0.00397455357350081
8.535	-5.644733517935105	0.0034523494543547183
8.545	-5.647472822956717	0.0033363040945444756
8.555	-5.649722201620129	0.00397455357350081
8.565	-5.651482378234768	0.003278281414639354
8.575	-5.652754267332494	0.0031042133749239905
8.585	-5.653538972281524	0.003568394814164961
8.595	-5.653837783815037	0.0036554288340226427
8.605	-5.653652178475639	0.0034523494543547183
8.615	-5.652983816976903	0.0031912473947816726
8.625	-5.651834542483223	0.0032492700746867935
8.635	-5.650206378809287	0.0036554288340226427
8.645	-5.648101528540503	0.0032202587347342332
8.655	-5.645522371075748	0.003162236054829112
8.665	-5.642471460593841	0.0030171793550663084
8.675	-5.638951523945197	0.003568394814164961
8.685	-5.634965458470145	0.003394326774449597
8.695	-5.630516329745393	0.0031912473947816726
8.705	-5.6256073692602495	0.0033653154344970362
8.715	-5.620241972024115	0.0035393834742124004
8.725	-5.614423694106916	0.003829496873738007
8.735	-5.6081562501140745	0.004351700992884099
8.745	-5.601443510597725	0.004032576253405931
8.755	-5.594289499405853	0.0035974061541175217
8.765	-5.586698390971113	0.0035103721342598397
8.775	-5.578674507541031	0.0032492700746867935
8.785	-5.570222316351425	0.003829496873738007
8.795	-5.561346426744815	0.0036264174940700824
8.805	-5.5520515872356535	0.0036844401739752034
8.815	-5.542342682524232	0.0037714741938328854
8.825	-5.53222473046111	0.00397455357350081
8.835	-5.5217028789639855	0.003887519553643128
8.845	-5.510782402888889	0.004612803052457145
8.855	-5.499468700857621	0.003945542233548249
8.865	-5.487767292043386	0.0044677463526943415
8.875	-5.475683812916558	0.003800485533785446
8.885	-5.463224013952562	0.00397455357350081
8.895	-5.450393756303833	0.003800485533785446
8.905	-5.4371990084378305	0.003800485533785446
8.915	-5.423645842743155	0.0036554288340226427
8.925	-5.409740432105693	0.003945542233548249
8.935	-5.3954890464569	0.0037424628538803247
8.945	-5.38089804929613	0.004815882432125069
8.955	-5.365973894189164	0.004670825732362266
8.965	-5.350723121244834	0.0048448937720776295
8.975	-5.3351523535718695	0.0048448937720776295
8.985	-5.3192682937179665	0.004380712332836659
8.995	-5.303077720093073	0.004989950471840433
9.005	-5.286587483379001	0.004670825732362266
9.015	-5.269804502927303	0.005164018511555797
9.025	-5.252735763147513	0.005164018511555797
9.035	-5.235388309887697	0.004641814392409706
9.045	-5.21776924680943	0.005018961811792994
9.055	-5.199885731759065	0.005164018511555797
9.065	-5.181744973137418	0.005715233970654449
9.075	-5.163354226269803	0.005628199950796767
9.085	-5.144720789778363	0.004989950471840433
9.095	-5.125852001958746	0.005367097891223722
9.105	-5.106755237162971	0.006208426749847981
9.115	-5.087437902190543	0.005831279330464692
9.125	-5.067907432689612	0.005628199950796767
9.135	-5.0481712895702	0.006208426749847981
9.145	-5.028236955431316	0.006324472109658224
9.155	-5.008111931003828	0.006672608189088951
9.165	-4.987803731610988	0.007310857668045285
9.175	-4.967319883648413	0.005454131911081404
9.185	-4.946667921085334	0.007600971067570892
9.195	-4.925855381988879	0.006353483449610784
9.205	-4.90488980507322	0.00794910714700162
9.215	-4.883778726275251	0.008268231886479788
9.225	-4.862529675358541	0.00792009580704906
9.235	-4.8411501725472785	0.008094163846764424
9.245	-4.819647725191794	0.00841328858624259
9.255	-4.798029824467382	0.007804050447238817
9.265	-4.77630394210797	0.008268231886479788
9.275	-4.75447752717621	0.008935492705388683
9.285	-4.732558002871562	0.009457696824534775
9.295	-4.710552763377866	0.010008912283633428
9.305	-4.688469170751892	0.007775039107286256
9.315	-4.666314551854289	0.009080549405151486
9.325	-4.644096195324394	0.009167583425009168
9.335	-4.621821348600221	0.009544730844392457
9.345	-4.59949721498504	0.009863855583870623
9.355	-4.577130950761775	0.01015396898339623
9.365	-4.554729662356581	0.009834844243918063
9.375	-4.53230040355278	0.010473093722874397
9.385	-4.509850172756343	0.010937275162115368
9.395	-4.487385910314124	0.011604535981024263
9.405	-4.464914495885942	0.01148849062121402
9.415	-4.442442745871585	0.011140354541783293
9.425	-4.419977410893781	0.01276498957912669
9.435	-4.397525173338174	0.012503887519553643
9.445	-4.37509264495119	0.011749592680787067
9.455	-4.352686364496797	0.013142136998509978
9.465	-4.330312795473003	0.013084114318604857
9.475	-4.307978323888896	0.01366434111765607
9.485	-4.285689256103081	0.014186545236802161
9.495	-4.2634518167242375	0.013461261737988145
9.505	-4.241272146574511	0.014186545236802161
9.515	-4.219156300716393	0.014853806055711056
9.525	-4.197110246543757	0.014737760695900813
9.535	-4.175139861937579	0.015637112234430196
9.545	-4.153250933486919	0.015056885435378982
9.555	-4.131449154775655	0.015172930795189225
9.565	-4.109740124735415	0.01584019161409812
9.575	-4.088129346065093	0.01584019161409812
9.585	-4.066622223717346	0.017406803971536395
9.595	-4.045224063452435	0.016565475112912134
9.605	-4.02394007045953	0.01717471325191591
9.615	-4.002775348045929	0.017348781291631272
9.625	-3.9817348963941974	0.019379575088310518
9.635	-3.960823611387487	0.01804505345049273
9.645	-3.940046283503089	0.01984375652755149
9.655	-3.9194075967743114	0.01984375652755149
9.665	-3.898912127820649	0.01906045034883235
9.675	-3.8785643449462723	0.020859153425891112
9.685	-Inf	0.0
9.695	-Inf	0.0
9.705	-Inf	0.0
9.715	-Inf	0.0
9.725	-Inf	0.0
9.735	-Inf	0.0
9.745	-Inf	0.0
9.755	-Inf	0.0
9.765	-Inf	0.0
9.775	-Inf	0.0
9.785	-Inf	0.0
9.795	-Inf	0.0
9.805	-Inf	0.0
9.815	-Inf	0.0
9.825	-Inf	0.0
9.835	-Inf	0.0
9.845	-Inf	0.0
9.855	-Inf	0.0
9.865	-Inf	0.0
9.875	-Inf	0.0
9.885	-Inf	0.0
9.895	-Inf	0.0
9.905	-Inf	0.0
9.915	-Inf	0.0
9.925	-Inf	0.0
9.935	-Inf	0.0
9.945	-Inf	0.0
9.955	-Inf	0.0
9.965	-Inf	0.0
9.975	-Inf	0.0
9.985	-Inf	0.0
9.995	-Inf	0.0
