0.005	-Inf	0.0
0.015	-Inf	0.0
0.025	-Inf	0.0
0.035	-Inf	0.0
0.045	-Inf	0.0
0.055	-Inf	0.0
0.065	-Inf	0.0
0.075	-Inf	0.0
0.085	-Inf	0.0
0.095	-6.647551994239924	0.0012599096861980804
0.105	-6.654318729826601	0.0013654193643525994
0.115	-6.6608087538379195	0.001346800009384155
0.125	-6.667014598236824	0.0012661161378542285
0.135	-6.6729289657816935	0.0012971483961349694
0.145	-6.678544735249021	0.001315767751103414
0.155	-6.683854966548819	0.0013095612994472657
0.165	-6.688852905729342	0.0012785290411665249
0.175	-6.693531989867802	0.001141987104731265
0.185	-6.697885851843786	0.0012226709762611914
0.195	-6.701908324992199	0.0011544000080435613
0.205	-6.7055934476325945	0.0011233677497628205
0.215	-6.708935467471864	0.0012723225895103767
0.225	-6.711928845877312	0.0012785290411665249
0.235	-6.71456826201722	0.0012412903312296359
0.245	-6.716848616866133	0.0011978451696365985
0.255	-6.718765037072104	0.0013592129126964512
0.265	-6.720312878683301	0.0010861290398259313
0.275	-6.721487730731422	0.0011668129113558577
0.285	-6.722285418669452	0.0011481935563874132
0.295	-6.72270200766143	0.001346800009384155
0.305	-6.722733805721911	0.0010799225881697831
0.315	-6.722377366703004	0.0011171612981066721
0.325	-6.721629493126849	0.0012412903312296359
0.335	-6.720487238861595	0.001315767751103414
0.345	-6.718947911638976	0.0010613032332013387
0.355	-6.717009075411695	0.0012412903312296359
0.365	-6.71466855254895	0.0011295742014189687
0.375	-6.711924425868509	0.0011854322663243022
0.385	-6.7087750405038555	0.0011295742014189687
0.395	-6.705219005605034	0.0011544000080435613
0.405	-6.701255195871934	0.0010985419431382276
0.415	-6.696882752918826	0.0012909419444788212
0.425	-6.692101086469127	0.001315767751103414
0.435	-6.686909875379409	0.0012599096861980804
0.445	-6.681309068491846	0.0012537032345419322
0.455	-6.675298885314337	0.0013405935577280067
0.465	-6.668879816527704	0.0012971483961349694
0.475	-6.662052624319434	0.0011606064596997095
0.485	-6.654818342543575	0.0013219742027595622
0.495	-6.647178276706496	0.0012537032345419322
0.505	-6.639134003778304	0.0012040516212927467
0.515	-6.630687371829878	0.0013095612994472657
0.525	-6.621840499495541	0.0013219742027595622
0.535	-6.612595775261522	0.0013592129126964512
0.545	-6.60295585658048	0.0012537032345419322
0.555	-6.592923668812443	0.0012971483961349694
0.565	-6.582502403992664	0.0014088645259456366
0.575	-6.571695519426982	0.0015454064623808966
0.585	-6.560506736115379	0.001458516139194822
0.595	-6.548940037004564	0.0013219742027595622
0.605	-6.536999665070497	0.001284735492822673
0.615	-6.524690121231882	0.0014274838809140813
0.625	-6.512016162095774	0.0015329935590686003
0.635	-6.498982797536547	0.0015888516239739338
0.645	-6.485595288109566	0.0015081677524440076
0.655	-6.4718591423010405	0.0015702322690054893
0.665	-6.457780113615604	0.001557819365693193
0.675	-6.443364197503303	0.0017440129153776384
0.685	-6.428617628127767	0.0014274838809140813
0.695	-6.413546874977419	0.0016012645272862301
0.705	-6.398158639321715	0.0015081677524440076
0.715	-6.382459850514493	0.0017502193670337865
0.725	-6.366457662146583	0.001663329043847712
0.735	-6.350159448049966	0.0017502193670337865
0.745	-6.333572798155844	0.00187434840015675
0.755	-6.3167055142090875	0.0017750451736583792
0.765	-6.299565605341596	0.0018309032385637129
0.775	-6.28216128350724	0.0020605419498411956
0.785	-6.2645009587811025	0.0018929677551251945
0.795	-6.246593234525849	0.0020605419498411956
0.805	-6.2284469024281375	0.002116400014746529
0.815	-6.210070937408056	0.00201089033659201
0.825	-6.191474492404668	0.001899174206781343
0.835	-6.1726668930408275	0.0019612387233428246
0.845	-6.153657632170486	0.002240529047869493
0.855	-6.134456364311817	0.002153638724683418
0.865	-6.115072899969542	0.0024701677591469754
0.875	-6.095517199849916	0.002141225821371122
0.885	-6.075799368971904	0.0020853677564657883
0.895	-6.055929650678152	0.0021226064664026773
0.905	-6.035918420549411	0.0024391355008662346
0.915	-6.015776180226144	0.0026129161472383832
0.925	-5.995513551141121	0.0024081032425854933
0.935	-5.975141268166823	0.0025942967922699387
0.945	-5.954670173181593	0.0025198193723961607
0.955	-5.934111208558472	0.0025384387273646052
0.965	-5.913475410580751	0.0025942967922699387
0.975	-5.892773902788275	0.0027866967936105323
0.985	-5.872017889258649	0.002948064536670385
0.995	-5.851218647827454	0.0028984129234211997
1.005	-5.8303875232517015	0.0029666838916388295
1.015	-5.8095359203207435	0.002879793568452755
1.025	-5.788675296918922	0.003115638731386386
1.035	-5.76781715704424	0.0032025290545724602
1.045	-5.746973043787421	0.0031404645380109786
1.055	-5.726154532275691	0.003394929055913054
1.065	-5.705373222585691	0.0031466709896671267
1.075	-5.684640732629919	0.0034880258307552767
1.085	-5.663968691021158	0.0032273548611970533
1.095	-5.643368729919305	0.003506645185723721
1.105	-5.6228524778650915	0.003599741960565944
1.115	-5.6024315526051645	0.0036866322837520184
1.125	-5.58211755391301	0.003910064543373353
1.135	-5.561922056410207	0.003599741960565944
1.145	-5.541856602392525	0.0038293806718434267
1.155	-5.521932694665332	0.003785935510250389
1.165	-5.502161789392823	0.00415832260961928
1.175	-5.4825552889655595	0.004245212932805355
1.185	-5.463124534890784	0.004170735512931577
1.195	-5.443880800709992	0.004096258093057799
1.205	-5.424835284948207	0.004816206485170987
1.215	-5.405999104099405	0.004487264547395134
1.225	-5.387383285652495	0.004493470999051282
1.235	-5.3689987611622705	0.004617600032174245
1.245	-5.350856359369688	0.0048472387434517275
1.255	-5.332966799375825	0.005008606486511581
1.265	-5.315340683873824	0.004574154870581208
1.275	-5.297988492443126	0.00470449035536032
1.285	-5.280920574910203	0.004822412936827135
1.295	-5.264147144780029	0.004778967775234098
1.305	-5.24767827274244	0.00521341939116447
1.315	-5.231523880257508	0.005256864552757508
1.325	-5.215693733224	0.0053437548759435825
1.335	-5.200197435734961	0.005703729072000177
1.345	-5.18504442392439	0.005666490362063288
1.355	-5.170243959908918	0.005412025844161212
1.365	-5.15580512582838	0.005753380685249362
1.375	-5.141736817989056	0.005933367783277659
1.385	-5.1280477411133605	0.006094735526337512
1.395	-5.114746402699622	0.00616921294621129
1.405	-5.101841107495606	0.006225071011116624
1.415	-5.0893399520892855	0.006194038752835883
1.425	-5.077250819620393	0.005834064556779288
1.435	-5.06558137461609	0.006454709722394107
1.445	-5.054339057954131	0.006194038752835883
1.455	-5.043531081956756	0.00651056778729944
1.465	-5.033164425618476	0.006622283917110107
1.475	-5.7731518944447195	0.002941858085014237
1.485	-5.7630009095771415	0.002879793568452755
1.495	-5.753310735736559	0.0028922064717650515
1.505	-5.744087373668884	0.0030349548598564598
1.515	-5.735336569044966	0.003574916153941351
1.525	-5.7270638085536945	0.0033080387327269795
1.535	-5.719274316148825	0.003456993572474536
1.545	-5.7119730494519985	0.0034445806691622395
1.555	-5.7051646963143074	0.003214941957884757
1.565	-5.698853671538714	0.003463200024130684
1.575	-5.693044113765471	0.0033452774426638685
1.585	-5.6877398825226475	0.0035252645406921657
1.595	-5.682944555443711	0.0031714967962917194
1.605	-5.678661425654061	0.0033825161526007575
1.615	-5.6748934993282765	0.003326658087695424
1.625	-5.671643493419732	0.003674219380439722
1.635	-5.668913833564162	0.0031280516346986822
1.645	-5.666706652158599	0.0033142451843831276
1.655	-5.665023786617065	0.003152877441323275
1.665	-5.663866777804204	0.0036431871221589813
1.675	-5.663236868648027	0.0036059484122220923
1.685	-5.663135002932749	0.003463200024130684
1.695	-5.663561824272642	0.003506645185723721
1.705	-5.664517675267686	0.003568709702285203
1.715	-5.666002596841695	0.003469406475786832
1.725	-5.668016327763491	0.003419754862537647
1.735	-5.670558304351573	0.0033390709910077203
1.745	-5.673627660362623	0.003363896797632313
1.755	-5.677223227064071	0.0034880258307552767
1.765	-5.681343533490831	0.003370103249288461
1.775	-5.685986806886207	0.0035128516373798694
1.785	-5.69115097332685	0.0032708000227900905
1.795	-5.696833658531526	0.0034880258307552767
1.805	-5.703032188853369	0.003394929055913054
1.815	-5.709743592455139	0.0036121548638782404
1.825	-5.716964600666913	0.0034507871208183877
1.835	-5.724691649525542	0.0030039226015757185
1.845	-5.732920881495048	0.003152877441323275
1.855	-5.74164814736706	0.0029666838916388295
1.865	-5.750869008340269	0.0030039226015757185
1.875	-5.760578738277749	0.0030597806664810524
1.885	-5.7707723261409205	0.003214941957884757
1.895	-5.781444478598773	0.003115638731386386
1.905	-5.792589622810899	0.0029604774399826814
1.915	-5.804201909382753	0.0029356516333580887
1.925	-5.816275215491458	0.0029232387300457924
1.935	-5.828803148180366	0.003159083892979423
1.945	-5.841779047820487	0.0025756774373014942
1.955	-5.855195991736767	0.0029604774399826814
1.965	-5.869046797997135	0.0029294451817019405
1.975	-5.883324029362107	0.0027929032452666805
1.985	-5.898019997392627	0.0027556645353297915
1.995	-5.913126766713767	0.0026811871154560135
2.005	-5.928636159431768	0.0024143096942416415
2.015	-5.944539759701818	0.002600503243926087
2.025	-5.9608289184438945	0.002321212919399419
2.035	-5.977494758203873	0.0024639613074908273
2.045	-5.994528178157018	0.0021970838862764553
2.055	-6.011919859250909	0.0024081032425854933
2.065	-6.029660269484731	0.0024453419525223828
2.075	-6.047739669321798	0.002395690339273197
2.085	-6.0661481172320775	0.002190877434620307
2.095	-6.084875475361427	0.0022094967895887516
2.105	-6.10391141532413	0.002116400014746529
2.115	-6.123245424115303	0.001979858078311269
2.125	-6.142866810139587	0.0019302064650620837
2.135	-6.162764709352569	0.0021288129180588255
2.145	-6.182928091511194	0.002072954853153492
2.155	-6.2033457665294405	0.0018309032385637129
2.165	-6.224006390935461	0.0018184903352514166
2.175	-6.244898474426235	0.0019488258200305282
2.185	-6.266010386515873	0.0018929677551251945
2.195	-6.287330363273498	0.0018867613034690464
2.205	-6.3088465141466745	0.0019240000134059356
2.215	-6.330546828866257	0.0017812516253145273
2.225	-6.352419184428491	0.001731600012065342
2.235	-6.37445135215014	0.0017067742054407494
2.245	-6.396631004792377	0.001731600012065342
2.255	-6.418945723749137	0.0016881548504723046
2.265	-6.441383006295556	0.001520580655756304
2.275	-6.463930272892123	0.0014833419458194148
2.285	-6.48657487454012	0.0015329935590686003
2.295	-6.509304100183867	0.001557819365693193
2.305	-6.532105184155297	0.0013654193643525994
2.315	-6.554965313656342	0.001458516139194822
2.325	-6.577871636274576	0.001421277429257933
2.335	-6.600811267527539	0.0013281806544157104
2.345	-6.623771298431188	0.0014026580742894884
2.355	-6.646738803087821	0.0014647225908509703
2.365	-6.669700846288912	0.001489548397475563
2.375	-6.692644491128167	0.0013219742027595622
2.385	-6.715556806620226	0.0012102580729488948
2.395	-6.738424875320318	0.0011171612981066721
2.405	-6.7612358009402485	0.0013281806544157104
2.415	-6.783976715956083	0.0011295742014189687
2.425	-6.806634789202845	0.001141987104731265
2.435	-6.82919723345166	0.0010116516199521531
2.445	-6.851651312964644	0.0009744129100152641
2.455	-6.873984351022988	0.0010178580716083013
2.465	-6.896183737423597	0.0009123483934537824
2.475	-6.918236935939719	0.0010799225881697831
2.485	-6.940131491741009	0.0008564903285484488
2.495	-6.9618550387684754	0.0008813161351730414
2.505	-6.983395307059805	0.0009868258133275605
2.515	-7.0047401300205925	0.0009433806517345232
2.525	-7.025877451637007	0.0008254580702677078
2.535	-7.046795333625498	0.000899935490141486
2.545	-7.067481962515148	0.0009061419417976342
2.555	-7.087925656658337	0.0009247612967660787
2.565	-7.108114873165433	0.0007944258119869669
2.575	-7.128038214759243	0.0008875225868291896
2.585	-7.147684436545026	0.000695122585488596
2.595	-7.167042452691937	0.0007882193603308187
2.605	-7.186101343021751	0.0006392645205832624
2.615	-7.204850359500903	0.0006640903272078552
2.625	-7.223278932631773	0.0006765032305201515
2.635	-7.241376677739366	0.0006889161338324479
2.645	-7.259133401149477	0.0007571871020500779
2.655	-7.276539106254559	0.0008192516186115597
2.665	-7.2935839994636	0.0006268516172709661
2.675	-7.310258496032286	0.0006702967788640034
2.685	-7.326553225769933	0.0006827096821762997
2.695	-7.342459038619634	0.0007447741987377815
2.705	-7.357967010108205	0.0006330580689271143
2.715	-7.373068446662581	0.0006454709722394106
2.725	-7.387754890789381	0.0007013290371447442
2.735	-7.402018126114456	0.0006702967788640034
2.745	-7.415850182279313	0.0006330580689271143
2.755	-7.429243339691415	0.0006827096821762997
2.765	-7.442190134125399	0.0005834064556779288
2.775	-7.454683361172408	0.0005523741973971879
2.785	-7.466716080534772	0.0007013290371447442
2.795	-7.478281620163395	0.0005399612940848916
2.805	-7.489373580235304	0.0005709935523656325
2.815	-7.4999858369688726	0.0005647871007094843
2.825	-7.510112546274413	0.0005089290358041506
2.835	-7.5197481472378325	0.0006454709722394106
2.845	-7.52888736543523	0.0006020258106463733
2.855	-7.537525216076361	0.0006702967788640034
2.865	-7.545657006975056	0.0006082322623025216
2.875	-7.5532783413447095	0.0005461677457410397
2.885	-7.560385120417148	0.0005337548424287434
2.895	-7.5669735458832275	0.0005275483907725952
2.905	-7.573040122153641	0.0005337548424287434
2.915	-7.578581658438566	0.0005151354874602989
2.925	-7.5835952706448	0.0005213419391164471
2.935	-7.588078383089264	0.0005523741973971879
2.945	-7.592028730027748	0.0004903096808357061
2.955	-7.595444356997981	0.0005337548424287434
2.965	-7.598323621976168	0.0005585806490533361
2.975	-7.600665196346252	0.0005275483907725952
2.985	-7.602468065681314	0.0004530709708988171
2.995	-7.60373153033659	0.0004282451642742244
3.005	-7.604455205853738	0.00045927742255496526
3.015	-7.6046390231760626	0.00045927742255496526
3.025	-7.604283228674584	0.0004716903258672616
3.035	-7.603388383984875	0.0004965161324918543
3.045	-7.601955365654781	0.0004778967775234098
3.055	-7.599985364603195	0.0005709935523656325
3.065	-7.597479885390211	0.0004468645192426689
3.075	-7.594440745299088	0.0005523741973971879
3.085	-7.590870073230558	0.0006144387139586698
3.095	-7.5867703084101485	0.0005213419391164471
3.105	-7.582144198909278	0.0004965161324918543
3.115	-7.576994799981034	0.000484103229179558
3.125	-7.571325472211617	0.00043445161593037255
3.135	-7.565139879488568	0.0004778967775234098
3.145	-7.558441986787023	0.00045927742255496526
3.155	-7.551236057775313	0.0004778967775234098
3.165	-7.543526652241369	0.0004965161324918543
3.175	-7.5353186233415	0.0005027225841480025
3.185	-7.526617114673195	0.0004965161324918543
3.195	-7.517427557173741	0.0005399612940848916
3.205	-7.507755665846538	0.0006144387139586698
3.215	-7.497607436317105	0.0006144387139586698
3.225	-7.486989141220844	0.0005461677457410397
3.235	-7.475907326424817	0.0005213419391164471
3.245	-7.464368807085767	0.0004468645192426689
3.255	-7.452380663546837	0.00046548387421111343
3.265	-7.439950237075456	0.0005523741973971879
3.275	-7.427085125445005	0.0004778967775234098
3.285	-7.413793178362948	0.0006144387139586698
3.295	-7.400082492748206	0.0005585806490533361
3.305	-7.385961407860672	0.0006454709722394106
3.315	-7.371438500285827	0.0005958193589902252
3.325	-7.356522578777508	0.0006206451656148179
3.335	-7.341222678961987	0.0005834064556779288
3.345	-7.325548057906585	0.0005772000040217807
3.355	-7.309508188556128	0.0007447741987377815
3.365	-7.293112754040662	0.0005585806490533361
3.375	-7.276371641857867	0.0007571871020500779
3.385	-7.2592949379337455	0.0007323612954254851
3.395	-7.241892920565208	0.0008378709735800042
3.405	-7.224176054248234	0.000726154843769337
3.415	-7.2061549833953995	0.0007075354888008925
3.425	-7.18784052594659	0.0007944258119869669
3.435	-7.1692436668767945	0.0007137419404570406
3.445	-7.1503755516049665	0.0007820129086746706
3.455	-7.131247479307948	0.0007571871020500779
3.465	-7.111870896143554	0.0007944258119869669
3.475	-7.092257388386945	0.0007696000053623742
3.485	-7.072418675484488	0.0007323612954254851
3.495	-7.052366603029325	0.0008440774252361523
3.505	-7.032113135662977	0.0009123483934537824
3.515	-7.011670349907238	0.0009744129100152641
3.525	-6.991050426930845	0.0008689032318607451
3.535	-6.970265645255221	0.000937174200078375
3.545	-6.949328373403833	0.000968206458359116
3.555	-6.928251062499597	0.0009557935550468196
3.565	-6.907046238814863	0.0009433806517345232
3.575	-6.885726496278533	0.0009930322649837086
3.585	-6.864304488944863	0.0010488903298890423
3.595	-6.84279292342856	0.0011233677497628205
3.605	-6.82120455131078	0.001073716136513635
3.615	-6.799552161520657	0.0010799225881697831
3.625	-6.777848572697	0.0012971483961349694
3.635	-6.7561066255348425	0.0012164645246050432
3.645	-6.734339175121468	0.0011295742014189687
3.655	-6.7125590832666235	0.0011606064596997095
3.665	-6.690779210831556	0.001315767751103414
3.675	-6.6690124100615735	0.0012723225895103767
3.685	-6.647271516926801	0.0012909419444788212
3.695	-6.62556934347576	0.0012599096861980804
3.705	-6.60391867020648	0.0012909419444788212
3.715	-6.582332238459743	0.001489548397475563
3.725	-6.560822742839104	0.0013343871060718586
3.735	-6.539402823662323	0.0012040516212927467
3.745	-6.5180850594487545	0.0015081677524440076
3.755	-6.496881959447297	0.0014461032358825258
3.765	-6.475805956209441	0.0015764387206616375
3.775	-6.454869398211925	0.0015329935590686003
3.785	-6.434084542533476	0.0015454064623808966
3.795	-6.413463547590094	0.001799870980282972
3.805	-6.393018465933283	0.0015516129140370448
3.815	-6.3727612371156095	0.0016819483988161565
3.825	-6.352703680627918	0.0018246967869075647
3.835	-6.332857488912464	0.0019302064650620837
3.845	-6.313234220456245	0.001979858078311269
3.855	-6.293845292968663	0.0017378064637214902
3.865	-6.274701976647707	0.0019550322716866764
3.875	-6.25581538753869	0.0018805548518128982
3.885	-6.237196480989567	0.002017096788248158
3.895	-6.218856045206826	0.0020481290465288993
3.905	-6.200804694915806	0.0020853677564657883
3.915	-6.183052865129298	0.0018681419485006019
3.925	-6.165610805028188	0.0023708645326486043
3.935	-6.148488571957825	0.0020915742081219365
3.945	-6.1316960255437545	0.002066748401497344
3.955	-6.115242821930349	0.0020977806597780846
3.965	-6.099138408145805	0.002290180661118678
3.975	-6.083392016596912	0.002184670982964159
3.985	-6.068012659696888	0.002246735499525641
3.995	-6.053009124629511	0.002141225821371122
4.005	-6.038389968252714	0.0023770709843047525
4.015	-6.024163512144648	0.002228116144557196
4.025	-6.010337837795239	0.0024453419525223828
4.035	-5.99692078194607	0.002569470985645346
4.045	-5.983919932081395	0.0025818838889576424
4.055	-5.971342622072973	0.0024143096942416415
4.065	-5.959195927981305	0.0025384387273646052
4.075	-5.947486664015793	0.002457754855834679
4.085	-5.936221378656186	0.0027184258253929025
4.095	-5.925406350937656	0.0027122193737367543
4.105	-5.915047586901663	0.002606709695582235
4.115	-5.905150816214711	0.002451548404178531
4.125	-5.89572148895701	0.0025880903406137906
4.135	-5.886764772582893	0.002662567760487569
4.145	-5.878285549054781	0.0027991096969228286
4.155	-5.8702884121523855	0.0027866967936105323
4.165	-5.862777664958665	0.002805316148578977
4.175	-5.855757317524039	0.002737045180361347
4.185	-5.849231084710153	0.002954270988326533
4.195	-5.843202384214472	0.002867380665140459
4.205	-5.837674334776772	0.0027991096969228286
4.215	-5.832649754568584	0.002706012922080606
4.225	-5.828131159766433	0.002737045180361347
4.235	-5.824120763309701	0.003258387119477794
4.245	-5.82062047384374	0.002917032278389644
4.255	-5.817631894848797	0.0030659871181372006
4.265	-5.8151563239551995	0.0028611742134843107
4.275	-5.813194752445094	0.0030225419565441634
4.285	-5.811747864940978	0.0028922064717650515
4.295	-5.810816039281069	0.0031280516346986822
4.305	-5.810399346581537	0.003214941957884757
4.315	-5.810497551485409	0.0031342580863548304
4.325	-5.811110112597926	0.0027991096969228286
4.335	-5.812236183107956	0.0028922064717650515
4.345	-5.813874611594999	0.002904619375077348
4.355	-5.816023943021155	0.002985303246607274
4.365	-5.818682419907368	0.0030349548598564598
4.375	-5.8218479836931	0.0029294451817019405
4.385	-5.8255182762785	0.0029977161499195703
4.395	-5.829690641748005	0.002774283890298236
4.405	-5.834362128274231	0.00269360001876831
4.415	-5.8395294902008406	0.0028239355035474217
4.425	-5.845189190303039	0.0027866967936105323
4.435	-5.851337402224175	0.0030908129247617933
4.445	-5.857970013086858	0.0028549677618281625
4.455	-5.865082626276866	0.002904619375077348
4.465	-5.872670564398051	0.002873587116796607
4.475	-5.880728872396287	0.0029728903432949777
4.485	-5.8892523208504635	0.00248878711411542
4.495	-5.898235409428382	0.002811522600235125
4.505	-5.907672370505332	0.0028239355035474217
4.515	-5.917557172943003	0.0026749806637998653
4.525	-5.927883526026334	0.0028611742134843107
4.535	-5.938644883555742	0.00262532905055068
4.545	-5.949834448092144	0.0025136129207400126
4.555	-5.961445175352035	0.002451548404178531
4.565	-5.973469778749831	0.002569470985645346
4.575	-5.985900734084581	0.0024639613074908273
4.585	-5.998730284368066	0.0024639613074908273
4.595	-6.011950444791222	0.002532232275708457
4.605	-6.025553007825725	0.0024701677591469754
4.615	-6.039529548457507	0.002451548404178531
4.625	-6.053871429548911	0.0021970838862764553
4.635	-6.068569807326051	0.0024081032425854933
4.645	-6.083615636987946	0.002252941951181789
4.655	-6.098999678433874	0.002321212919399419
4.665	-6.114712502105313	0.002153638724683418
4.675	-6.13074449493884	0.002041922594872751
4.685	-6.147085866426167	0.0022157032412448998
4.695	-6.163726654777563	0.0019240000134059356
4.705	-6.18065673318474	0.002072954853153492
4.715	-6.197865816179317	0.0019488258200305282
4.725	-6.2153434660828095	0.001979858078311269
4.735	-6.233079099544144	0.0019984774332797136
4.745	-6.251061994160578	0.0019922709816235654
4.755	-6.269281295177886	0.0018184903352514166
4.765	-6.287726022265606	0.0017564258186899347
4.775	-6.306385076363104	0.0018184903352514166
4.785	-6.325247246592183	0.0017626322703460828
4.795	-6.344301217231923	0.0015888516239739338
4.805	-6.363535574751373	0.0018060774319391202
4.815	-6.382938814895721	0.0016509161405354157
4.825	-6.4024993498215	0.0016819483988161565
4.835	-6.422205515276424	0.0015329935590686003
4.845	-6.4420455778193215	0.0015143742041001558
4.855	-6.462007742075721	0.0015702322690054893
4.865	-6.482080158024519	0.0015329935590686003
4.875	-6.5022509283112555	0.0016136774305985267
4.885	-6.5225081155834115	0.001520580655756304
4.895	-6.542839749843158	0.0012661161378542285
4.905	-6.563233835813039	0.0013405935577280067
4.915	-6.583678360309958	0.0015392000107247485
4.925	-6.604161299622942	0.001390245170977192
4.935	-6.624670626890081	0.0013592129126964512
4.945	-6.645194319470067	0.0013095612994472657
4.955	-6.6657203663037885	0.0012412903312296359
4.965	-6.686236775261409	0.0013095612994472657
4.975	-6.706731580470386	0.0012102580729488948
4.985	-6.727192849619906	0.0012350838795734877
4.995	-6.7476086912372075	0.0011544000080435613
5.005	-6.767967261931325	0.0011171612981066721
5.015	-6.788256773599758	0.0011978451696365985
5.025	-6.8084655005936225	0.0011668129113558577
5.035	-6.8285817868368985	0.0011978451696365985
5.045	-6.848594052895352	0.0010488903298890423
5.055	-6.868490802990804	0.0010116516199521531
5.065	-6.888260631956415	0.0010426838782328942
5.075	-6.907892232128737	0.000899935490141486
5.085	-6.9273744001722735	0.0010116516199521531
5.095	-6.946696043832371	0.0013033548477911175
5.105	-6.965846188612298	0.0008564903285484488
5.115	-6.9848139843704375	0.0010240645232644497
5.125	-7.003588711833522	0.0010240645232644497
5.135	-7.022159789021962	0.001005445168296005
5.145	-7.0405167775833055	0.000937174200078375
5.155	-7.05864938903001	0.000937174200078375
5.165	-7.076547490877664	0.0008254580702677078
5.175	-7.094201112679974	0.000831664521923856
5.185	-7.111600451956801	0.0010240645232644497
5.195	-7.128735880011678	0.0007696000053623742
5.205	-7.145597947635224	0.0008006322636431151
5.215	-7.162177390691073	0.000726154843769337
5.225	-7.178465135580863	0.0007758064570185224
5.235	-7.194452304585002	0.0006516774238955588
5.245	-7.210130221076001	0.0008626967802045969
5.255	-7.225490414601227	0.0005647871007094843
5.265	-7.240524625831974	0.0005647871007094843
5.275	-7.255224811375939	0.0006268516172709661
5.285	-7.269583148450158	0.0007075354888008925
5.295	-7.283592039411656	0.0007137419404570406
5.305	-7.297244116143042	0.0007696000053623742
5.315	-7.3105322442905045	0.0007199483921131888
5.325	-7.323449527351605	0.0006702967788640034
5.335	-7.335989310610522	0.0006082322623025216
5.345	-7.3481451849183665	0.0006144387139586698
5.355	-7.359910990316345	0.0007323612954254851
5.365	-7.371280819499658	0.0007075354888008925
5.375	-7.382249021120082	0.0006330580689271143
5.385	-7.392810202925334	0.0006330580689271143
5.395	-7.402959234733362	0.0006765032305201515
5.405	-7.412691251239863	0.0006330580689271143
5.415	-7.4220016546574215	0.0006144387139586698
5.425	-7.430886117184739	0.0007075354888008925
5.435	-7.439340583304569	0.0007137419404570406
5.445	-7.447361271909068	0.0006640903272078552
5.455	-7.454944678251373	0.0005709935523656325
5.465	-7.462087575722332	0.0005337548424287434
5.475	-7.468787017451443	0.0005585806490533361
5.485	-7.475040337731114	0.0005523741973971879
5.495	-7.480845153263546	0.0006827096821762997
5.505	-7.486199364229577	0.0004903096808357061
5.515	-7.4911011551790025	0.0005709935523656325
5.525	-7.495548995741923	0.0005772000040217807
5.535	-7.49954164116089	0.000484103229179558
5.545	-7.503078132643607	0.0004778967775234098
5.555	-7.506157797536171	0.0004965161324918543
5.565	-7.508780249316871	0.0005772000040217807
5.575	-7.510945387410715	0.0004468645192426689
5.585	-7.512653396824961	0.00043445161593037255
5.595	-7.513904747606025	0.0004965161324918543
5.605	-7.514700194118273	0.0004965161324918543
5.615	-7.5150407741453	0.0004716903258672616
5.625	-7.514927807814419	0.00045927742255496526
5.635	-7.514362896345183	0.000657883875551707
5.645	-7.51334792062289	0.0005337548424287434
5.655	-7.51188503959811	0.000589612907334077
5.665	-7.5099766885133965	0.0005834064556779288
5.675	-7.507625576958458	0.0005027225841480025
5.685	-7.504834686755137	0.0004530709708988171
5.695	-7.501607269673714	0.0005647871007094843
5.705	-7.49794684498208	0.0005523741973971879
5.715	-7.493857196829488	0.0005213419391164471
5.725	-7.489342371466692	0.0004406580675865207
5.735	-7.4844066743043145	0.0004903096808357061
5.745	-7.4790546668115	0.0005647871007094843
5.755	-7.473291163256891	0.0005958193589902252
5.765	-7.4671212272941645	0.0005027225841480025
5.775	-7.460550168394374	0.0005089290358041506
5.785	-7.45358353812752	0.0004903096808357061
5.795	-7.446227126295793	0.0006765032305201515
5.805	-7.438486956921063	0.0006827096821762997
5.815	-7.4303692840892985	0.0005523741973971879
5.825	-7.421880587654623	0.0006206451656148179
5.835	-7.413027568805863	0.0006082322623025216
5.845	-7.403817145498511	0.0005585806490533361
5.855	-7.394256447755083	0.0005647871007094843
5.865	-7.384352812836978	0.0005834064556779288
5.875	-7.374113780290963	0.000695122585488596
5.885	-7.363547086873568	0.000695122585488596
5.895	-7.352660661356661	0.0006640903272078552
5.905	-7.341462619217613	0.0006082322623025216
5.915	-7.329961257217496	0.0006206451656148179
5.925	-7.318165047870853	0.0007199483921131888
5.935	-7.306082633810593	0.0006702967788640034
5.945	-7.293722822051729	0.0006516774238955588
5.955	-7.281094578157601	0.000695122585488596
5.965	-7.26820702031241	0.0007199483921131888
5.975	-7.255069413303869	0.0007385677470816333
5.985	-7.241691162419878	0.0007447741987377815
5.995	-7.228081807263119	0.0007075354888008925
6.005	-7.214251015487603	0.000657883875551707
6.015	-7.200208576461178	0.0006765032305201515
6.025	-7.185964394858064	0.0007820129086746706
6.035	-7.171528484185561	0.0008130451669554115
6.045	-7.156910960249071	0.0007571871020500779
6.055	-7.142122034559607	0.0007633935537062261
6.065	-7.127172007688064	0.0008751096835168933
6.075	-7.112071262570468	0.0008192516186115597
6.085	-7.096830257768493	0.0008006322636431151
6.095	-7.08145952068958	0.0008564903285484488
6.105	-7.065969640770972	0.000899935490141486
6.115	-7.050371262632017	0.0008813161351730414
6.125	-7.034675079199116	0.0009123483934537824
6.135	-7.018891824807708	0.0008068387152992633
6.145	-7.003032268285678	0.0008875225868291896
6.155	-6.9871072060225785	0.0009557935550468196
6.165	-6.971127455029118	0.0009185548451099305
6.175	-6.9551038459912835	0.001073716136513635
6.185	-6.939047216323545	0.0009433806517345232
6.195	-6.92296840322553	0.0009123483934537824
6.205	-6.906878236746607	0.0011171612981066721
6.215	-6.890787532862732	0.0010116516199521531
6.225	-6.874707086569982	0.001073716136513635
6.235	-6.858647664999151	0.0009868258133275605
6.245	-6.842620000555732	0.0011171612981066721
6.255	-6.826634784089653	0.0010302709749205978
6.265	-6.810702658099091	0.0011668129113558577
6.275	-6.794834209972635	0.0011295742014189687
6.285	-6.779039965274065	0.0010675096848574868
6.295	-6.763330381073999	0.0010426838782328942
6.305	-6.747715839332594	0.0010613032332013387
6.315	-6.732206640337488	0.0013281806544157104
6.325	-6.716812996201092	0.0012785290411665249
6.335	-6.70154502442133	0.001346800009384155
6.345	-6.686412741509869	0.001284735492822673
6.355	-6.671426056691858	0.0014088645259456366
6.365	-6.656594765681101	0.001415070977601785
6.375	-6.641928544534588	0.0014461032358825258
6.385	-6.627436943590204	0.0013343871060718586
6.395	-6.613129381491457	0.001353006461040303
6.405	-6.599015139302913	0.0014274838809140813
6.415	-6.5851033547200375	0.0014461032358825258
6.425	-6.571403016377038	0.0013405935577280067
6.435	-6.557922958256292	0.001390245170977192
6.445	-6.54467185420279	0.001346800009384155
6.455	-6.531658212547056	0.0015888516239739338
6.465	-6.518890370839835	0.0015081677524440076
6.475	-6.506376490701863	0.0015081677524440076
6.485	-6.494124552791874	0.0016198838822546748
6.495	-6.482142351895983	0.001458516139194822
6.505	-6.470437492141459	0.0015454064623808966
6.515	-6.459017382337845	0.0015764387206616375
6.525	-6.447889231448325	0.001557819365693193
6.535	-6.437060044194072	0.0016509161405354157
6.545	-6.426536616794313	0.0015143742041001558
6.555	-6.41632553284471	0.0016757419471600083
6.565	-6.406433159336581	0.0016322967855669712
6.575	-6.3968656428193835	0.0017626322703460828
6.585	-6.3876289057087865	0.001768838722002231
6.595	-6.378728642742613	0.001799870980282972
6.605	-6.370170317586737	0.0016198838822546748
6.615	-6.361959159593048	0.0016136774305985267
6.625	-6.354100160711377	0.0016943613021284528
6.635	-6.346598072557273	0.0016695354955038602
6.645	-6.339457403637363	0.0017502193670337865
6.655	-6.332682416733943	0.0017936645286268237
6.665	-6.326277126450357	0.0016695354955038602
6.675	-6.320245296918584	0.0016819483988161565
6.685	-6.314590439670394	0.001768838722002231
6.695	-6.309315811673291	0.0016695354955038602
6.705	-6.3044244135323675	0.0016695354955038602
6.715	-6.29991898785909	0.0019115871100936392
6.725	-6.295802017807943	0.0018681419485006019
6.735	-6.292075725781698	0.0018309032385637129
6.745	-6.288742072306053	0.0016943613021284528
6.755	-6.285802755074171	0.001768838722002231
6.765	-6.283259208161652	0.0018060774319391202
6.775	-6.2811126014122545	0.0018805548518128982
6.785	-6.279363839994674	0.0018929677551251945
6.795	-6.278013564130474	0.0017440129153776384
6.805	-6.277062148993259	0.0018246967869075647
6.815	-6.276509704778986	0.0018184903352514166
6.825	-6.276356076947243	0.0019550322716866764
6.835	-6.276600846633209	0.0017874580769706755
6.845	-6.277243331229895	0.0018122838835952684
6.855	-6.278282585140147	0.0018060774319391202
6.865	-6.2797174006978205	0.0018929677551251945
6.875	-6.281546309257369	0.0019612387233428246
6.885	-6.283767582451041	0.0017564258186899347
6.895	-6.286379233612741	0.0018184903352514166
6.905	-6.289379019367494	0.0016943613021284528
6.915	-6.292764441385382	0.0019115871100936392
6.925	-6.296532748298695	0.0017502193670337865
6.935	-6.30068093778092	0.0017626322703460828
6.945	-6.305205758786122	0.0018681419485006019
6.955	-6.310103713947153	0.0017440129153776384
6.965	-6.315371062131011	0.0019550322716866764
6.975	-6.3210038211496	0.0018681419485006019
6.985	-6.326997770624001	0.0017440129153776384
6.995	-6.333348455000326	0.0018246967869075647
7.005	-6.340051186715081	0.001768838722002231
7.015	-6.347101049507865	0.0016757419471600083
7.025	-6.3544929018792	0.0016695354955038602
7.035	-6.362221380691117	0.0016447096888792675
7.045	-6.370280904908096	0.0016509161405354157
7.055	-6.37866567947583	0.0017191871087530457
7.065	-6.387369699335202	0.0016198838822546748
7.075	-6.396386753568799	0.001520580655756304
7.085	-6.405710429677187	0.0015826451723177856
7.095	-6.415334117982084	0.0015329935590686003
7.105	-6.425251016153506	0.0015764387206616375
7.115	-6.435454133857848	0.0015081677524440076
7.125	-6.445936297523855	0.0016012645272862301
7.135	-6.456690155223274	0.001557819365693193
7.145	-6.467708181662971	0.0014709290425071184
7.155	-6.478982683285217	0.0014026580742894884
7.165	-6.4905058034727405	0.001557819365693193
7.175	-6.502269527855137	0.0016012645272862301
7.185	-6.514265689713119	0.0014026580742894884
7.195	-6.526485975477036	0.0014336903325702294
7.205	-6.538921930316058	0.0012350838795734877
7.215	-6.551564963814313	0.0014274838809140813
7.225	-6.564406355730305	0.0015329935590686003
7.235	-6.577437261835745	0.0015329935590686003
7.245	-6.590648719830031	0.0014336903325702294
7.255	-6.6040316553264615	0.001390245170977192
7.265	-6.6175768879062655	0.0011978451696365985
7.275	-6.631275137236466	0.0012971483961349694
7.285	-6.645117029247615	0.0012040516212927467
7.295	-6.659093102367298	0.0012412903312296359
7.305	-6.6731938138053675	0.0011668129113558577
7.315	-6.687409545886807	0.0013716258160087476
7.325	-6.701730612428044	0.0009992387166398568
7.335	-6.7161472651526	0.0012040516212927467
7.345	-6.730649700141852	0.0012412903312296359
7.355	-6.745228064316726	0.0011606064596997095
7.365	-6.75987246194607	0.0010550967815451905
7.375	-6.774572961177501	0.001005445168296005
7.385	-6.78931960058644	0.0010240645232644497
7.395	-6.804102395739092	0.001073716136513635
7.405	-6.818911345765091	0.0010550967815451905
7.415	-6.833736439935553	0.0009930322649837086
7.425	-6.848567664242248	0.0010550967815451905
7.435	-6.863395007973599	0.0009620000067029678
7.445	-6.8782084702832975	0.0010426838782328942
7.455	-6.892998066747186	0.0010613032332013387
7.465	-6.907753835904247	0.0009247612967660787
7.475	-6.922465845777376	0.000899935490141486
7.485	-6.937124200369766	0.0009868258133275605
7.495	-6.951719046132654	0.0009620000067029678
7.505	-6.966240578400291	0.0009868258133275605
7.515	-6.980679047787917	0.0010613032332013387
7.525	-6.9950247665486245	0.001073716136513635
7.535	-7.009268114885007	0.0008192516186115597
7.545	-7.023399547211504	0.0009992387166398568
7.555	-7.037409598363377	0.0009930322649837086
7.565	-7.051288889748342	0.0007882193603308187
7.575	-7.065028135436844	0.0008130451669554115
7.585	-7.078618148187092	0.000695122585488596
7.595	-7.092049845400907	0.0008378709735800042
7.605	-7.10531425500661	0.0006702967788640034
7.615	-7.118402521265084	0.0008689032318607451
7.625	-7.131305910495336	0.0008068387152992633
7.635	-7.144015816715836	0.000695122585488596
7.645	-7.156523767197996	0.0008502838768923006
7.655	-7.1688214279282425	0.0006765032305201515
7.665	-7.180900608975136	0.0007323612954254851
7.675	-7.192753269758136	0.0006702967788640034
7.685	-7.204371524214562	0.0007509806503939296
7.695	-7.215747645861489	0.000831664521923856
7.705	-7.226874072749302	0.0008130451669554115
7.715	-7.237743412303738	0.0006454709722394106
7.725	-7.248348446053298	0.0007137419404570406
7.735	-7.25868213423904	0.0007385677470816333
7.745	-7.268737620303744	0.000695122585488596
7.755	-7.278508235257627	0.0006889161338324479
7.765	-7.287987501917793	0.0006454709722394106
7.775	-7.297169139018713	0.000589612907334077
7.785	-7.306047065191109	0.0007509806503939296
7.795	-7.3146154028067105	0.0007075354888008925
7.805	-7.322868481686434	0.0008068387152992633
7.815	-7.330800842669612	0.0006454709722394106
7.825	-7.338407241042021	0.0006765032305201515
7.835	-7.345682649820514	0.000726154843769337
7.845	-7.352622262892181	0.0007385677470816333
7.855	-7.359221498006051	0.0005709935523656325
7.865	-7.365475999615441	0.0006330580689271143
7.875	-7.371381641569155	0.0007820129086746706
7.885	-7.376934529649831	0.0006640903272078552
7.895	-7.382131003957861	0.0006082322623025216
7.905	-7.386967641139355	0.0005834064556779288
7.915	-7.391441256456787	0.0005958193589902252
7.925	-7.395548905701004	0.0005337548424287434
7.935	-7.399287886943428	0.0006765032305201515
7.945	-7.402655742127362	0.0006144387139586698
7.955	-7.405650258497407	0.0006020258106463733
7.965	-7.408269469866136	0.0005585806490533361
7.975	-7.41051165771724	0.0007013290371447442
7.985	-7.412375352144499	0.0006392645205832624
7.995	-7.4138593326259965	0.0005585806490533361
8.005	-7.414962628633164	0.0006206451656148179
8.015	-7.415684520074283	0.0004903096808357061
8.025	-7.416024537572237	0.0006330580689271143
8.035	-7.415982462576358	0.0006640903272078552
8.045	-7.415558327308387	0.0004778967775234098
8.055	-7.414752414542602	0.0006330580689271143
8.065	-7.413565257220333	0.000589612907334077
8.075	-7.411997637899171	0.0006702967788640034
8.085	-7.410050588037261	0.0006330580689271143
8.095	-7.407725387113227	0.0007075354888008925
8.105	-7.405023561582335	0.0007075354888008925
8.115	-7.401946883669641	0.0006082322623025216
8.125	-7.398497370000941	0.0006765032305201515
8.135	-7.394677280072502	0.0006144387139586698
8.145	-7.390489114560579	0.0005834064556779288
8.155	-7.385935613471915	0.000657883875551707
8.165	-7.381019754136441	0.0005958193589902252
8.175	-7.375744749043555	0.0006206451656148179
8.185	-7.370114043523446	0.0006144387139586698
8.195	-7.364131313274992	0.0006827096821762997
8.205	-7.357800461741929	0.0006268516172709661
8.215	-7.351125617339029	0.000695122585488596
8.225	-7.344111130530134	0.0006330580689271143
8.235	-7.336761570760027	0.0006702967788640034
8.245	-7.329081723242146	0.0007013290371447442
8.255	-7.321076585604323	0.000589612907334077
8.265	-7.312751364394755	0.0005585806490533361
8.275	-7.304111471450515	0.0006889161338324479
8.285	-7.295162520131062	0.0006082322623025216
8.295	-7.285910321419201	0.0006330580689271143
8.305	-7.276360879892115	0.0005647871007094843
8.315	-7.2665203895650965	0.0007013290371447442
8.325	-7.256395229610785	0.0006889161338324479
8.335	-7.245991959956692	0.0006392645205832624
8.345	-7.23531731676397	0.000726154843769337
8.355	-7.224378207790361	0.0007323612954254851
8.365	-7.213181707640446	0.0006889161338324479
8.375	-7.201735052906303	0.0007633935537062261
8.385	-7.190045637201771	0.0008192516186115597
8.395	-7.178121006093627	0.0007199483921131888
8.405	-7.165968851933001	0.0008006322636431151
8.415	-7.15359700859043	0.0008502838768923006
8.425	-7.141013446098052	0.0007323612954254851
8.435	-7.1282262652024535	0.0009433806517345232
8.445	-7.115243691831738	0.0008440774252361523
8.455	-7.1020740714805175	0.0007137419404570406
8.465	-7.088725863516467	0.0008564903285484488
8.475	-7.075207635412243	0.0008564903285484488
8.485	-7.061528056906507	0.0008440774252361523
8.495	-7.047695894097979	0.0008751096835168933
8.505	-7.033720003476302	0.0007944258119869669
8.515	-7.01960932589377	0.0009185548451099305
8.525	-7.005372880481768	0.0009433806517345232
8.535	-6.991019758516028	0.000831664521923856
8.545	-6.976559117234668	0.0008502838768923006
8.555	-6.962000173613118	0.0010116516199521531
8.565	-6.94735219810002	0.0010861290398259313
8.575	-6.932624508318231	0.0009744129100152641
8.585	-6.917826462735043	0.0008751096835168933
8.595	-6.902967454305854	0.0011295742014189687
8.605	-6.888056904095366	0.0009868258133275605
8.615	-6.873104254880623	0.0011171612981066721
8.625	-6.858118964740015	0.0011171612981066721
8.635	-6.843110500632502	0.0011606064596997095
8.645	-6.828088331971278	0.0009868258133275605
8.655	-6.813061924196103	0.0011606064596997095
8.665	-6.798040732348534	0.0011916387179804503
8.675	-6.783034194654277	0.0011730193630120058
8.685	-6.768051726116914	0.0010613032332013387
8.695	-6.753102712127158	0.0014336903325702294
8.705	-6.738196502091926	0.0012599096861980804
8.715	-6.723342403087356	0.0011978451696365985
8.725	-6.708549673540011	0.001247496782885784
8.735	-6.693827516940353	0.001179225814668154
8.745	-6.679185075592718	0.001353006461040303
8.755	-6.66463142440583	0.0012040516212927467
8.765	-6.650175564728025	0.001346800009384155
8.775	-6.63582641823116	0.0012785290411665249
8.785	-6.621592820847321	0.0011668129113558577
8.795	-6.607483516762299	0.001421277429257933
8.805	-6.593507152469752	0.0013343871060718586
8.815	-6.5796722708900806	0.0012723225895103767
8.825	-6.56598730555778	0.001390245170977192
8.835	-6.552460574881197	0.0014461032358825258
8.845	-6.539100276478444	0.0014647225908509703
8.855	-6.525914481593219	0.001421277429257933
8.865	-6.512911129594218	0.001421277429257933
8.875	-6.50009802256179	0.0015392000107247485
8.885	-6.4874828199654235	0.0013592129126964512
8.895	-6.475073033435538	0.0015019613007878593
8.905	-6.46287602163312	0.0014336903325702294
8.915	-6.450898985220543	0.0015329935590686003
8.925	-6.43914896193692	0.0015267871074124521
8.935	-6.427632821781277	0.001768838722002231
8.945	-6.4163572623067235	0.0016509161405354157
8.955	-6.405328804028746	0.0017502193670337865
8.965	-6.39455378595069	0.0015454064623808966
8.975	-6.384038361209404	0.0016819483988161565
8.985	-6.3737884928439374	0.0016447096888792675
8.995	-6.363809949690112	0.001626090333910823
9.005	-6.354108302403732	0.0015826451723177856
9.015	-6.344688919615035	0.00194261936837438
9.025	-6.335556964217026	0.0018060774319391202
9.035	-6.326717389790111	0.0017626322703460828
9.045	-6.318174937165477	0.0015826451723177856
9.055	-6.309934131129496	0.0018433161418760092
9.065	-6.301999277271386	0.0016571225921915638
9.075	-6.294374458976249	0.0017129806570968975
9.085	-6.287063534565502	0.0017564258186899347
9.095	-6.280070134586658	0.0019115871100936392
9.105	-6.27339765925428	0.0019240000134059356
9.115	-6.267049276043855	0.001768838722002231
9.125	-6.261027917440224	0.0018805548518128982
9.135	-6.255336278842106	0.0017378064637214902
9.145	-6.249976816624177	0.0018184903352514166
9.155	-6.244951746358021	0.001899174206781343
9.165	-6.2402630411931845	0.002041922594872751
9.175	-6.235912430399496	0.001905380658437491
9.185	-6.2319013980716536	0.0019488258200305282
9.195	-6.228231181996994	0.0019488258200305282
9.205	-6.224902772687301	0.0017005677537846012
9.215	-6.221916912575319	0.0018309032385637129
9.225	-6.219274095376596	0.002072954853153492
9.235	-6.216974565617158	0.0018619354968444537
9.245	-6.215018318327391	0.001899174206781343
9.255	-6.213405098902416	0.0019488258200305282
9.265	-6.212134403129135	0.0020977806597780846
9.275	-6.211205477380005	0.001837109690219861
9.285	-6.210617318973504	0.00187434840015675
9.295	-6.210368676701128	0.001905380658437491
9.305	-6.210458051520679	0.0018929677551251945
9.315	-6.210883697415445	0.002221909692901048
9.325	-6.2116436224188245	0.0020543354981850475
9.335	-6.212735589803797	0.0018309032385637129
9.345	-6.214157119436562	0.0020543354981850475
9.355	-6.215905489293525	0.0019860645299674172
9.365	-6.21797773714076	0.00194261936837438
9.375	-6.2203706623749095	0.002066748401497344
9.385	-6.22308082802442	0.00194261936837438
9.395	-6.226104562909906	0.001837109690219861
9.405	-6.229437963962285	0.0019550322716866764
9.415	-6.233076898697305	0.0017936645286268237
9.425	-6.237017007844885	0.0020543354981850475
9.435	-6.241253708131691	0.0019177935617497874
9.445	-6.245782195215169	0.0018557290451883055
9.455	-6.250597446767256	0.001768838722002231
9.465	-6.255694225705793	0.0019612387233428246
9.475	-6.261067083571662	0.002110193563090381
9.485	-6.2667103640495	0.0019177935617497874
9.495	-6.272618206629783	0.0016757419471600083
9.505	-6.278784550409999	0.001905380658437491
9.515	-6.2852031380324656	0.0018867613034690464
9.525	-6.291867519756364	0.0020046838849358617
9.535	-6.102545471314171	0.002290180661118678
9.545	-6.110368292117057	0.002221909692901048
9.555	-6.118416446178433	0.002252941951181789
9.565	-6.126682757536984	0.0020046838849358617
9.575	-6.135159880128096	0.0020543354981850475
9.585	-6.143840302603987	0.002041922594872751
9.595	-6.152716353268235	0.0020977806597780846
9.605	-6.161780205121601	0.0019984774332797136
9.615	-6.171023881015898	0.0019177935617497874
9.625	-6.180439258912615	0.0021350193697149736
9.635	-6.190018077242965	0.002110193563090381
9.645	-6.1997519403659185	0.0019240000134059356
9.655	-6.2096323241207205	0.001899174206781343
9.665	-6.219650581470355	0.0017626322703460828
9.675	-6.229797948232344	0.0018867613034690464
9.685	-6.240065548893178	0.001905380658437491
9.695	-6.250444402502708	0.001837109690219861
9.705	-6.260925428644653	0.0018060774319391202
9.715	-6.271499453479428	0.002041922594872751
9.725	-6.282157215855391	0.0017440129153776384
9.735	-6.292889373484611	0.001936412916718232
9.745	-6.303686509179127	0.001595058075630082
9.755	-6.314539137143753	0.001663329043847712
9.765	-6.325437709321296	0.0017378064637214902
9.775	-6.336372621786191	0.0017812516253145273
9.785	-6.347334221182344	0.0016571225921915638
9.795	-6.358312811201064	0.0017502193670337865
9.805	-6.369298659094928	0.0014771354941632666
9.815	-6.3802820022233036	0.0017626322703460828
9.825	-6.391253054625375	0.0018433161418760092
9.835	-6.402202013616354	0.0016881548504723046
9.845	-6.4131190664026425	0.0014833419458194148
9.855	-6.423994396711655	0.001595058075630082
9.865	-6.4348181914320035	0.0016012645272862301
9.875	-6.445580647259732	0.0013219742027595622
9.885	-6.456271977346288	0.001390245170977192
9.895	-6.466882417943942	0.0016136774305985267
9.905	-6.477402235044278	0.0016509161405354157
9.915	-Inf	0.0
9.925	-Inf	0.0
9.935	-Inf	0.0
9.945	-Inf	0.0
9.955	-Inf	0.0
9.965	-Inf	0.0
9.975	-Inf	0.0
9.985	-Inf	0.0
9.995	-Inf	0.0
