0.005	-Inf	0.0
0.015	-Inf	0.0
0.025	-Inf	0.0
0.035	-Inf	0.0
0.045	-Inf	0.0
0.055	-Inf	0.0
0.065	-Inf	0.0
0.075	-Inf	0.0
0.085	-Inf	0.0
0.095	-Inf	0.0
0.105	-Inf	0.0
0.115	-Inf	0.0
0.125	-Inf	0.0
0.135	-Inf	0.0
0.145	-Inf	0.0
0.155	-Inf	0.0
0.165	-Inf	0.0
0.175	-Inf	0.0
0.185	-Inf	0.0
0.195	-Inf	0.0
0.205	-Inf	0.0
0.215	-Inf	0.0
0.225	-Inf	0.0
0.235	-Inf	0.0
0.245	-Inf	0.0
0.255	-Inf	0.0
0.265	-Inf	0.0
0.275	-Inf	0.0
0.285	-Inf	0.0
0.295	-Inf	0.0
0.305	-Inf	0.0
0.315	-Inf	0.0
0.325	-Inf	0.0
0.335	-Inf	0.0
0.345	-Inf	0.0
0.355	-Inf	0.0
0.365	-Inf	0.0
0.375	-Inf	0.0
0.385	-Inf	0.0
0.395	-Inf	0.0
0.405	-Inf	0.0
0.415	-Inf	0.0
0.425	-Inf	0.0
0.435	-Inf	0.0
0.445	-Inf	0.0
0.455	-Inf	0.0
0.465	-Inf	0.0
0.475	-Inf	0.0
0.485	-Inf	0.0
0.495	-Inf	0.0
0.505	-Inf	0.0
0.515	-Inf	0.0
0.525	-Inf	0.0
0.535	-Inf	0.0
0.545	-Inf	0.0
0.555	-Inf	0.0
0.565	-Inf	0.0
0.575	-Inf	0.0
0.585	-Inf	0.0
0.595	1.5594691995916676	1.655583173345137
0.605	1.5446792506417126	1.7011568914533561
0.615	1.529461149384952	1.640915769816055
0.625	1.5138211942283086	1.633713027011595
0.635	1.4977659175953406	1.5643047781686175
0.645	1.481302082712548	1.5175524294196683
0.655	1.464436680261912	1.505373246132127
0.665	1.447176924901465	1.4867770738006123
0.675	1.4295302516557749	1.4380603406504469
0.685	1.4115043121783017	1.3803074392546864
0.695	1.3931069708876778	1.3545085241187116
0.705	1.3743463009800014	1.3416745460307649
0.715	1.355230580319363	1.2976723354435187
0.725	1.3357682872088372	1.2785523272716794
0.735	1.3159680960443016	1.267682733584949
0.745	1.2958388728534684	1.2264306611594058
0.755	1.2753896707226158	1.209144078428702
0.765	1.2546297251135512	1.1765352973685106
0.775	1.2335684490734382	1.1417002139869408
0.785	1.212215428340134	1.0876141634734506
0.795	1.1905804163457934	1.1079128022860196
0.805	1.1686733291215363	1.0712442934633144
0.815	1.146504240106042	1.0318256464789064
0.825	1.1240833748609718	1.034313866720447
0.835	1.1014211056962313	1.0000026191792015
0.845	1.0785279462080604	0.9663461664383615
0.855	1.0554145457330666	0.9447379380249816
0.865	1.0320916837213274	0.9104266904837361
0.875	1.008570264031742	0.8844968163876804
0.885	0.9848613091528674	0.8624957110940573
0.895	0.9609759543525291	0.8640672186150303
0.905	0.9369254417595095	0.8088025374608104
0.915	0.9127211143806909	0.7860156784067008
0.925	0.8883744100570605	0.7807773200034572
0.935	0.8638968553620041	0.756942789268699
0.945	0.8393000594453833	0.7531449794263473
0.955	0.8145957078269004	0.705999753797155
0.965	0.7897955561422902	0.6902846785874243
0.975	0.7649114238459208	0.6748315212978556
0.985	0.7399551878734014	0.653485210804638
0.995	0.7149387762678119	0.6147213586206354
1.005	0.6898741617732239	0.6306983517505284
1.015	0.6647733553991644	0.5962561452492018
1.025	0.6396483999597172	0.5743859989156598
1.035	0.6145113635909711	0.5665284613107944
1.045	0.5893743332505331	0.5497657144204149
1.055	0.564249408202825	0.519252276721521
1.065	0.5391486934939351	0.5183355640009534
1.075	0.5140842934197394	0.5151925489590072
1.085	0.4890683049910697	0.47800020429597767
1.095	0.4641128113996833	0.4765596557350857
1.105	0.4392298754887858	0.4704045846112745
1.115	0.4144315332318702	0.44748676659708375
1.125	0.38972978722362706	0.43006922490629884
1.135	0.36513660018667327	0.424437989622812
1.145	0.3406638884978318	0.41448510865664917
1.155	0.3163235157377129	0.4075442837723514
1.165	0.29212728626728834	0.3731020772710248
1.175	0.26808693883518064	0.3850193426384039
1.185	0.24421414021934706	0.3856741374388094
1.195	0.2205204789068237	0.35018425925683405
1.205	0.19701745881517563	0.34416014709310394
1.215	0.1737164930592775	0.32988562044426517
1.225	0.15062889776702104	0.32477822100110265
1.235	0.1277658859475106	0.3166587654760751
1.245	0.10513856141529365	0.3279212360430488
1.255	0.0827579127741358	0.31076561227242605
1.265	0.06063480746379035	0.30186040298691197
1.275	0.03877998587323339	0.2938719064219655
1.285	0.017204055523728057	0.2924313578610735
1.295	-0.004082514674906168	0.2743590213698831
1.305	-0.025069400091503047	0.2624417560025039
1.315	-0.04574642596098255	0.2671562785654232
1.325	-0.06610357288877	0.25746531551942253
1.335	-0.0861309822690246	0.25694147967909814
1.345	-0.10581896161356297	0.24279791199034045
1.355	-0.12515798978840031	0.261132166401693
1.365	-0.14413872215487644	0.23873818422782667
1.375	-0.16275199561242548	0.23009489286247475
1.385	-0.18098883354006468	0.24057160966896193
1.395	-0.1988404506337591	0.22485653445923115
1.405	-0.21629825763688482	0.2139869407725007
1.415	-0.23335386596105567	0.21293926909185198
1.425	-0.24999909219465755	0.2101891309301491
1.435	-0.26622596249649866	0.2078318696486895
1.445	-0.2820267168720525	0.21005817197006801
1.455	-0.29739381332982195	0.20573652628739206
1.465	-0.31231993191545726	0.18975953315749908
1.475	-0.3267979786212942	0.1909381637982289
1.485	-0.34082108916908616	0.1859617233151475
1.495	-0.3543826326637467	0.1769255550695523
1.505	-0.3674762151160258	0.18792610771636384
1.515	-0.3800956828320907	0.1792828163510119
1.525	-0.39223512566809027	0.17273486834695742
1.535	-0.40388888014782665	0.17640171922922793
1.545	-0.41505153244177895	0.1769255550695523
1.555	-0.4257179212057629	0.16330582322111895
1.565	-0.4358831402776322	0.16579404346265966
1.575	-0.4455425412304759	0.16671075618322728
1.585	-0.45469173578088395	0.1525671884944696
1.595	-0.4633265980509038	0.16474637178201093
1.605	-0.4714432666824311	0.1702466481054167
1.615	-0.4790381468028384	0.16972281226509237
1.625	-0.4861079118407441	0.19552172740106705
1.635	-0.4926495051909139	0.1855688464349042
1.645	-0.49866014172737283	0.17260390938687634
1.655	-0.5041373091638914	0.19774802972244557
1.665	-0.5090787692611061	0.18766418979620164
1.675	-0.5134825588796257	0.1961765222014725
1.685	-0.5173469908785497	0.1868784360357151
1.695	-0.5206706548589444	0.1947359736405805
1.705	-0.5234524177518818	0.2062603621277164
1.715	-0.5256914242507638	0.19814090660268885
1.725	-0.5273870970877288	0.20416501876641896
1.735	-0.5285391371540393	0.21228447429144653
1.745	-0.5291475234644376	0.22459461653906898
1.755	-0.5292125129655427	0.2062603621277164
1.765	-0.528734640188468	0.20691515692812185
1.775	-0.527714716745912	0.21359406389225744
1.785	-0.5261538306740818	0.21699899685436577
1.795	-0.5240533456198921	0.20927241820958148
1.805	-0.5214148998739727	0.21437981765274397
1.815	-0.5182404052501126	0.22132064253704173
1.825	-0.5145320458118552	0.21830858645517667
1.835	-0.5102922764470508	0.22092776565679845
1.845	-0.5055238212912612	0.22498749341931223
1.855	-0.5002296720009982	0.220272970856393
1.865	-0.49441308587786925	0.22498749341931223
1.875	-0.48807758384478506	0.21974913501606866
1.885	-0.4812269482754812	0.22983297494231256
1.895	-0.47386522067867665	0.2295710570221504
1.905	-0.46599669923829046	0.2294400980620693
1.915	-0.4576259362112127	0.22538037029955552
1.925	-0.448757735184222	0.24240503511009717
1.935	-0.4393971481916996	0.23782147150725905
1.945	-0.42954947269590327	0.23402366166490743
1.955	-0.41922024843161587	0.2434527067907459
1.965	-0.40841525411708	0.23638092294636706
1.975	-0.3971405040332041	0.22498749341931223
1.985	-0.3854022444730947	0.23494037438547508
1.995	-0.373206950064054	0.24030969174879974
2.005	-0.36056131996425456	0.2497387368746382
2.015	-0.3474722739363705	0.24109544550928627
2.025	-0.3339469483005182	0.2471195576730164
2.035	-0.3199926917689362	0.24908394207423276
2.045	-0.3056170611648874	0.24266695303025937
2.055	-0.2908278170283509	0.25078640855528694
2.065	-0.27563291911112575	0.2575962744795036
2.075	-0.26004052176402626	0.24017873278871865
2.085	-0.2440589692189401	0.24240503511009717
2.095	-0.22769679076852545	0.24947681895447604
2.105	-0.21096269584646254	0.2434527067907459
2.115	-0.19386556901113128	0.2565486027988549
2.125	-0.17641446483575263	0.25471517735771965
2.135	-0.158618602707983	0.2586439461601523
2.145	-0.1404873615420661	0.2629655918428283
2.155	-0.12203027440669723	0.2717398421682613
2.165	-0.10325702307173512	0.26676340168517987
2.175	-0.08417743247704235	0.2587749051202334
2.185	-0.06480146512669749	0.2613940843218552
2.195	-0.04513921541190058	0.26820395024607185
2.205	-0.025200903865925994	0.2623107970424228
2.215	-0.004996871354525534	0.28156176417434303
2.225	0.015462426794807138	0.2716088832081802
2.235	0.03616642672123538	0.28535957401669465
2.245	0.05710446201315367	0.27737107745174816
2.255	0.0782657697414072	0.2726565548888289
2.265	0.0996394965396219	0.28012121561345105
2.275	0.12121470472804463	0.28025217457353213
2.285	0.14298037847732514	0.28680012257758664
2.295	0.16492543000859294	0.2930861526614789
2.305	0.18703870582620308	0.2898121786594517
2.315	0.20930899297949768	0.30199136194699305
2.325	0.23172502534992023	0.28876450697880296
2.335	0.2542754899597679	0.3086702689111286
2.345	0.27694903329894993	0.2864072456973433
2.355	0.2997342676659911	0.30015793650585776
2.365	0.32261977751962656	0.29321711162156
2.375	0.3455941258372429	0.3035628694679661
2.385	0.3686458604764904	0.3088012278712097
2.395	0.3917635205363358	0.294657660182452
2.405	0.41493564271385286	0.31705164235631833
2.415	0.43815076765309025	0.3064439665897501
2.425	0.46139744628226154	0.3072297203502366
2.435	0.4846642461356443	0.3084083509909664
2.445	0.507939757656483	0.3293617846039408
2.455	0.5312126004772539	0.31364670939421
2.465	0.5544714296736506	0.3144324631546966
2.475	0.577704941988699	0.316527806515994
2.485	0.6009018820233648	0.3338143892466979
2.495	0.6240510483901219	0.33617165052815745
2.505	0.6471412998259094	0.3302784973245084
2.515	0.6701615612609673	0.3331595944462924
2.525	0.6931008298400644	0.3504461771769963
2.535	0.7159481808926604	0.3293617846039408
2.545	0.7386927738485659	0.3293617846039408
2.555	0.7613238580957309	0.32412342620069723
2.565	0.783830778776804	0.35411302805926675
2.575	0.8062029825211456	0.3346001430071844
2.585	0.8284300231090291	0.345731654614077
2.595	0.850501567064828	0.34926754653626646
2.605	0.8724073991759584	0.3469102852548068
2.615	0.8941374279345091	0.35424398701934784
2.625	0.9156816908984242	0.3585656327020238
2.635	0.9370303599692309	0.3605300171032402
2.645	0.9581737465833453	0.3537201511790235
2.655	0.979102306813992	0.3499223413366719
2.665	0.9998066463809285	0.35319631533869916
2.675	1.020277525565108	0.38737660391986356
2.685	1.9217793424414045	0.9053192910405736
2.695	1.940494673109408	0.8833181857469505
2.705	1.9589497992686278	0.8995570967970057
2.715	1.9771361465959363	0.8687817411779496
2.725	1.9950453183832106	0.8861992828687345
2.735	2.012669099826258	0.8585669422916246
2.745	2.029999462200829	0.8579121474912191
2.755	2.047028566923382	0.8567335168504894
2.765	2.0637487694944188	0.8919614771123024
2.775	2.080152623322238	0.8758535250223285
2.785	2.096232883425029	0.8877707903897076
2.795	2.111982510009316	0.8727105099803822
2.805	2.1273946719228567	0.8939258615135188
2.815	2.1424627499801034	0.8717937972598147
2.825	2.157180340158521	0.9122601159248714
2.835	2.1715412566640473	0.8944496973538432
2.845	2.1855395348640956	0.8703532486989227
2.855	2.1991694340865857	0.881091883425572
2.865	2.212425440283573	0.897199835515546
2.875	2.225302268558087	0.8848896932679237
2.885	2.2377948655529565	0.8821395551062208
2.895	2.2498984117003857	0.8611861214932464
2.905	2.261608323331213	0.8681269463775442
2.915	2.272920254642811	0.8699603718186794
2.925	2.2838300995247156	0.8607932446130031
2.935	2.2943339932411377	0.9093790188030875
2.945	2.3044283139695727	0.8499236509262726
2.955	2.3141096841948876	0.8596146139722733
2.965	2.3233749719582546	0.8784727042239503
2.975	2.332221291960461	0.864852972375517
2.985	2.3406460065192007	0.8748058533416797
2.995	2.348646726379996	0.8801751707050044
3.005	2.3562213113805446	0.8662935209364089
3.015	2.3633678709683577	0.8634124238146249
3.025	2.3700847645716063	0.8644600954952736
3.035	2.3763706018232416	0.8589598191718679
3.045	2.3822242426385025	0.8332918629959742
3.055	2.3876447971460166	0.8695674949384361
3.065	2.3926316254728004	0.8123384293829999
3.075	2.39718433738356	0.8442924156427858
3.085	2.401302791774735	0.827136791872163
3.095	2.404987096023886	0.8251724074709467
3.105	2.4082376051950427	0.8158743213051893
3.115	2.4110549211007646	0.815350485464865
3.125	2.413439891221733	0.831327478594758
3.135	2.415393607484774	0.8112907577023512
3.145	2.416917404900297	0.8149576085846217
3.155	2.418012860060238	0.7928255443309176
3.165	2.418681789497647	0.8061833582591886
3.175	2.418926247909161	0.767288547115105
3.185	2.418748526241684	0.7794677304026464
3.195	2.418151149644669	0.7683362187957538
3.205	2.4171368752894846	0.7850989656861332
3.215	2.4157086900574076	0.7572047071888611
3.225	2.4138698080978993	0.7418825088593736
3.235	2.4116236682588514	0.7341559302145894
3.245	2.408973931390592	0.7239411313282643
3.255	2.405924477525522	0.7332392174940217
3.265	2.402479402935291	0.7225005827673723
3.275	2.3986430170675357	0.7054759179568306
3.285	2.3944198393642337	0.6889750889866133
3.295	2.389814595963829	0.6821652230623967
3.305	2.3848322162893205	0.6910704323479108
3.315	2.3794778295246024	0.6688074091341255
3.325	2.373756760981387	0.6685454912139633
3.335	2.3676745283591027	0.6596402819284493
3.345	2.361236837900246	0.638948766235637
3.355	2.3544495804436902	0.6473301396808268
3.365	2.347318827378544	0.6138046459000678
3.375	2.339850826501193	0.6431394529582319
3.385	2.3320519977782013	0.6221860193452575
3.395	2.3239289290178387	0.6168167019819328
3.405	2.315488371453008	0.5866961411632822
3.415	2.3067372352384314	0.5849936746822281
3.425	2.2976825848649765	0.568885722592254
3.435	2.2883316344940616	0.5750407937160652
3.445	2.278691743215131	0.5771361370773627
3.455	2.2687704102292074	0.5673142150712809
3.465	2.258575269961601	0.5620758566680374
3.475	2.2481140871068654	0.5584090057857668
3.485	2.2373947516091395	0.5398128334542521
3.495	2.2264252735810532	0.5386342028135223
3.505	2.2152137781644043	0.5466226993784687
3.515	2.2037685003358147	0.5239667992844402
3.525	2.1920977796606747	0.5202999484021696
3.535	2.18021005499861	0.5107399443162501
3.545	2.168113859163835	0.5089065188751148
3.555	2.155817813543692	0.5049777500726822
3.565	2.143330622678741	0.5119185749569799
3.575	2.1306610688077816	0.510608985356169
3.585	2.1178180063811842	0.49004842862343795
3.595	2.342760047011939	0.6208764297444467
3.605	2.3305765359875243	0.6018873805326886
3.615	2.318246457757517	0.5764813422769572
3.625	2.305778900237416	0.5779218908378492
3.635	2.293182995765055	0.5692785994724973
3.645	2.2804679154955676	0.5766123012370383
3.655	2.267642863788653	0.5594566774664156
3.665	2.2547170725915535	0.5589328416260911
3.675	2.2416997958212104	0.5375865311328736
3.685	2.2286003037489968	0.5560517445043072
3.695	2.2154278773914644	0.5597185953865778
3.705	2.2021918029105123	0.5675761329914432
3.715	2.1889013660263688	0.5407295461748197
3.725	2.1755658464467746	0.5842079209217416
3.735	2.1621945123157524	0.5787076445983358
3.745	2.148796614685274	0.5607662670672264
3.755	2.1353813820131986	0.5639092821091726
3.765	2.121958014690763	0.5777909318777681
3.775	2.108535679602914	0.5692785994724973
3.785	2.0951235047247407	0.5830292902810117
3.795	2.081730573757245	0.5860413463628767
3.805	2.0683659208056198	0.5652188717099835
3.815	2.0550385251032406	0.5792314804386601
3.825	2.0417573057844787	0.5798862752390656
3.835	2.0285311167094298	0.5759575064366329
3.845	2.015368741343628	0.5758265474765517
3.855	2.002278887695769	0.5961251862891207
3.865	1.9892701833163877	0.577659972917687
3.875	1.9763511703604788	0.5897081972451472
3.885	1.9635303007168758	0.5916725816463636
3.895	1.950815931207311	0.580541070039471
3.905	1.9382163188578807	0.5915416226862825
3.915	1.9257396162457017	0.574647916835822
3.925	1.9133938669234318	0.587743812843931
3.935	1.9011870009242853	0.5712429838737136
3.945	1.8891268303501567	0.5817197006802008
3.955	1.8772210450453335	0.6020183394927697
3.965	1.8654772083583049	0.5954703914887153
3.975	1.8539027529940546	0.5946846377282287
3.985	1.8425049769591872	0.6042446418141483
3.995	1.8312910396021704	0.5766123012370383
4.005	1.820267957750933	0.5857794284427146
4.015	1.8094426019499366	0.5809339469197142
4.025	1.7988216927988514	0.59363696604758
4.035	1.7884117973948386	0.6080424516564998
4.045	1.7782193258803796	0.5894462793249851
4.055	1.7682505280985672	0.6017564215726076
4.065	1.75851149035765	0.5911487458060393
4.075	1.749008132306571	0.5742550399555787
4.085	1.7397462039231746	0.5847317567620659
4.095	1.730731282616682	0.5868271001233633
4.105	1.7219687704459428	0.5708501069934704
4.115	1.7134638914549016	0.5846007978019848
4.125	1.7052216891266834	0.6122331383790948
4.135	1.697247023957528	0.5673142150712809
4.145	1.68954457115185	0.5933750481274178
4.155	1.6821188184395104	0.5725525734745245
4.165	1.6749740640163882	0.5728144913946867
4.175	1.6681144146091949	0.562992569388605
4.185	1.661543783665465	0.5593257185063345
4.195	1.655265889669509	0.5754336705963085
4.205	1.649284254585067	0.579100521478579
4.215	1.6436022024253427	0.5508133861010636
4.225	1.6382228579509417	0.5910177868459582
4.235	1.6331491454962457	0.5682309277918486
4.245	1.628383787924618	0.5656117485902268
4.255	1.6239293057127517	0.5696714763527405
4.265	1.6197880161644218	0.5568374982647938
4.275	1.6159620327537914	0.5654807896301457
4.285	1.6124532645983682	0.5522539346619556
4.295	1.6092634160615717	0.5627306514684428
4.305	1.6063939864848715	0.5671832561111998
4.315	1.6038462700493064	0.5644331179494969
4.325	1.601621355766114	0.5522539346619556
4.335	1.5997201275961954	0.5559207855442261
4.345	1.598143264697959	0.5628616104285239
4.355	1.596891241803061	0.5488490016998473
4.365	1.5959643297194892	0.549896673380496
4.375	1.5953625959613151	0.536931736332468
4.385	1.5950859055044064	0.557230375145037
4.395	1.5951339216672675	0.5459679045780633
4.405	1.5955061071161558	0.5561827034643883
4.415	1.5962017249934537	0.5544802369833342
4.425	1.5972198401683242	0.5463607814583066
4.435	1.5985593206084898	0.5434796843365226
4.445	1.6002188388719385	0.5375865311328736
4.455	1.6021968737173269	0.5373246132127114
4.465	1.6044917118317228	0.5438725612167659
4.475	1.6071014496742595	0.5214785790428995
4.485	1.6100239954342557	0.5288122808074406
4.495	1.6132570711022303	0.5277646091267918
4.505	1.616798214652181	0.5318243368893056
4.515	1.6206447823334664	0.5302528293683325
4.525	1.6247939510705152	0.5627306514684428
4.535	1.6292427209685418	0.5261931016058188
4.545	1.6339879179234011	0.5460988635381444
4.555	1.639026196333626	0.5438725612167659
4.565	1.6443540419126181	0.5388961207336844
4.575	1.6499677745989714	0.5362769415320626
4.585	1.65586355156274	0.5440035201768469
4.595	1.6620373703055265	0.5347054340110896
4.605	1.668485071852095	0.5485870837796851
4.615	1.6752023440312571	0.548456124819604
4.625	1.6821847248436568	0.5272407732864675
4.635	1.6894276059140585	0.5373246132127114
4.645	1.6969262360257154	0.545444068737739
4.655	1.7046757247342714	0.5521229757018745
4.665	1.7126710460587034	0.5534325653026854
4.675	1.7209070422467065	0.5426939305760361
4.685	1.7293784276118538	0.5416462588953873
4.695	1.738079792439916	0.5480632479393607
4.705	1.7470056069615936	0.5521229757018745
4.715	1.7561502253889274	0.5318243368893056
4.725	1.7655078900126022	0.5442654380970091
4.735	1.7750727353573266	0.5443963970570902
4.745	1.784838792392435	0.5497657144204149
4.755	1.7947999927948504	0.5559207855442261
4.765	1.8049501732614872	0.5381103669731979
4.775	1.8152830798681487	0.5633854462688482
4.785	1.82579237247199	0.5574922930651992
4.795	1.8364716291545586	0.5426939305760361
4.805	1.8473143507023944	0.5657427075503079
4.815	1.8583139651221898	0.5610281849873886
4.825	1.869463832187468	0.5585399647458479
4.835	1.8807572480137371	0.549896673380496
4.845	1.892187449659045	0.5680999688317675
4.855	1.903747619746885	0.5637783231490915
4.865	1.9154308911083329	0.5836840850814171
4.875	1.9272303514403806	0.5857794284427146
4.885	1.9391390479773392	0.5823744954806063
4.895	1.9511499921722117	0.5763503833168762
4.905	1.9632561643849822	0.5797553162789845
4.915	1.975450518574678	0.5855175105225524
4.925	1.9877259869921584	0.5946846377282287
4.935	2.0000754848705258	0.5843388798818226
4.945	2.012491915110075	0.5908868278858771
4.955	2.024968172954745	0.5887914845245796
4.965	2.0374971506569803	0.5914106637262014
4.975	2.0500717421280044	0.6127569742194191
4.985	2.0626848475704254	0.6203525939041223
4.995	2.0753293780902276	0.5911487458060393
5.005	2.0879982602851044	0.6076495747762566
5.015	2.1006844408062078	0.6041136828540672
5.025	2.1133808908903378	0.5889224434846607
5.035	2.1260806108596726	0.615507112381122
5.045	2.138776634586147	0.6025421753330941
5.055	2.151462033917596	0.6394726020759613
5.065	2.1641299230628634	0.6198287580637979
5.075	2.176773462933035	0.6354128743134476
5.085	2.1893858654360683	0.6191739632633925
5.095	2.2019603977220696	0.6365915049541774
5.105	2.2144903863765104	0.6335794488723123
5.115	2.226969221558768	0.6445800015191239
5.125	2.2393903610833523	0.6595093229683682
5.135	2.2517473344412475	0.6431394529582319
5.145	2.264033746758849	0.6673668605732335
5.155	2.2762432826920347	0.6702479576950175
5.165	2.2883697102528986	0.657937815447395
5.175	2.3004068845668098	0.6216621835049332
5.185	2.312348751557428	0.6634380917708008
5.195	2.324189351557416	0.6545328824852867
5.205	2.335922822842614	0.6587235692078816
5.215	2.347543405087507	0.6567591848066653
5.225	2.359045442739881	0.6500802778425296
5.235	2.370423388312571	0.6474610986409078
5.245	2.3816718055903547	0.6710337114555041
5.255	2.392785372750015	0.6782364542599639
5.265	2.4037588853917016	0.6778435773797207
5.275	2.4145872594797804	0.6819033051422345
5.285	2.425265534191414	0.6799389207410181
5.295	2.4357888746711955	0.6779745363398018
5.305	2.446152574690183	0.6879274173059646
5.315	2.4563520592078327	0.6842605664236941
5.325	2.4663828868352713	0.6822961820224778
5.335	2.476240752198557	0.6778435773797207
5.345	2.4859214882005336	0.6880583762660457
5.355	2.4954210681800078	0.6948682421902623
5.365	2.5047356079670466	0.6795460438607749
5.375	2.5138613678332478	0.6879274173059646
5.385	2.5227947543359246	0.6989279699527762
5.395	2.5315323220552006	0.6970945445116409
5.405	2.540070775223106	0.6838676895434508
5.415	2.548406969243815	0.6888441300265322
5.425	2.556537912104273	0.6949992011503434
5.435	2.5644607656744856	0.6880583762660457
5.445	2.572172846896881	0.6630452148905576
5.455	2.579671628864169	0.6908085144277486
5.465	2.5869547417852465	0.6896298837870187
5.475	2.5940199738387433	0.701547149154398
5.485	2.6008652719138894	0.6847844022640185
5.495	2.607488742238468	0.6820342641023156
5.505	2.613888650893673	0.6788912490603695
5.515	2.6200634242158065	0.681248510341829
5.525	2.6260116490847647	0.6765339877789098
5.535	2.6317320730994176	0.657937815447395
5.545	2.6372236046399724	0.6688074091341255
5.555	2.6424853128175956	0.633055613031988
5.565	2.6475164273115075	0.6669739836929902
5.575	2.6523163380939887	0.6969635855515598
5.585	2.6568845950436986	0.6676287784933957
5.595	2.6612209074478077	0.6859630329047482
5.605	2.665325143393586	0.6875345404257214
5.615	2.669197329050053	0.6727361779365582
5.625	2.6728376478404656	0.6758791929785044
5.635	2.676246439506424	0.6766649467389909
5.645	2.6794241990645196	0.6748315212978556
5.655	2.682371575656413	0.6622594611300711
5.665	2.6850893712934276	0.6711646704155851
5.675	2.6875785394967324	0.6854391970644239
5.685	2.6898401838342387	0.6892370069067755
5.695	2.6918755563555212	0.6887131710664511
5.705	2.6936860559259737	0.6854391970644239
5.715	2.695273226461638	0.6673668605732335
5.725	2.6966387550660835	0.6774507004994774
5.735	2.69778447007088	0.7057378358769928
5.745	2.6987123389811667	0.6804627565813425
5.755	2.6994244663279967	0.7078331792382903
5.765	2.699923091429108	0.6867487866652348
5.775	2.7002105860598435	0.7027257797951277
5.785	2.700289452036091	0.6938205705096137
5.795	2.70016231871101	0.6612117894494223
5.805	2.699831940387549	0.6698550808147742
5.815	2.6993011936486457	0.6837367305833697
5.825	2.6985730746072107	0.6453657552796105
5.835	2.697650696077895	0.6711646704155851
5.845	2.696537284672824	0.6646167224115306
5.855	2.69523617782346	0.6944753653100191
5.865	2.693750820730788	0.6655334351320983
5.875	2.6920847632461467	0.6894989248269376
5.885	2.690241656684975	0.6926419398688839
5.895	2.688225250575857	0.6743076854575313
5.905	2.686039389347253	0.6942134473898569
5.915	2.6836880089543667	0.6728671368966392
5.925	2.6811751334486122	0.7053449589967495
5.935	2.678504871492213	0.695653995950749
5.945	2.6756814128204702	0.6980112572322086
5.955	2.6727090246542744	0.6849153612240996
5.965	2.669592048065502	0.698666052032614
5.975	2.6663348942979077	0.6976183803519652
5.985	2.662942041046208	0.7041663283560198
5.995	2.65941802869603	0.6771887825793153
6.005	2.655767456527487	0.7007613953939114
6.015	2.6519949788850568	0.7006304364338303
6.025	2.6481053013165936	0.6947372832301812
6.035	2.644103176684228	0.7035115335556142
6.045	2.6399934012499315	0.7077022202782092
6.055	2.6357808107386043	0.6816413872220723
6.065	2.631470276381475	0.6989279699527762
6.075	2.6270667009426716	0.6984041341124518
6.085	2.6225750147317903	0.7151668810028313
6.095	2.6180001716053507	0.6807246745015046
6.105	2.6133471449599424	0.6828200178628021
6.115	2.6086209237199744	0.7050830410765874
6.125	2.603826508322876	0.705999753797155
6.135	2.5989689067045734	0.7025948208350467
6.145	2.5940531302881884	0.6906775554676675
6.155	2.589084189978709	0.7003685185136681
6.165	2.584067092166569	0.7104523584399121
6.175	2.579006834742919	0.6842605664236941
6.185	2.573908403129471	0.7042972873161009
6.195	2.568776766325671	0.6982731751523708
6.205	2.563616872976068	0.7185718139649396
6.215	2.5584336474606326	0.7236792134081022
6.225	2.553231986010788	0.7226315417274534
6.235	2.548016752853953	0.7297033255718323
6.245	2.542792776389259	0.7048211231564252
6.255	2.5375648453972066	0.7107142763600742
6.265	2.5323377052859066	0.7091427688391012
6.275	2.527116054376582	0.7372989452565355
6.285	2.5219045402309375	0.7295723666117512
6.295	2.516707756023009	0.730881956212562
6.305	2.5115302369580537	0.7361203146158056
6.315	2.5063764567409796	0.7311438741327242
6.325	2.501250824096878	0.7217148290068858
6.335	2.4961576793460227	0.7198814035657505
6.345	2.4911012910358377	0.7329772995738595
6.355	2.4860858526321565	0.7304890793323188
6.365	2.481115479272131	0.7488233337436714
6.375	2.4761942045810716	0.730881956212562
6.385	2.471325977555473	0.7518353898255364
6.395	2.466514659514415	0.7455493597416442
6.405	2.4617640211214953	0.748299497903347
6.415	2.457077739479396	0.7315367510129676
6.425	2.4524593952991203	0.7349416839750759
6.435	2.4479124701459254	0.7734436182389163
6.445	2.443440343763861	0.7303581203722377
6.455	2.4390462914808344	0.7230244186076967
6.465	2.4347334816959947	0.7397871654980762
6.475	2.4305049734512645	0.767288547115105
6.485	2.4263637140886827	0.7674195060751862
6.495	2.4223125369952427	0.756942789268699
6.505	2.4183541594368214	0.756942789268699
6.515	2.4144911804827096	0.7636216962328345
6.525	2.0138881163720486	0.4997393916694386
6.535	2.0114848000470245	0.5117876159968988
6.545	2.0091839509897396	0.5142758362384395
6.555	2.0069876765909527	0.5089065188751148
6.565	2.0048979570759444	0.5231810455239537
6.575	2.0029166440013424	0.5229191276037914
6.585	2.0010454588514515	0.5117876159968988
6.595	1.9992859917351309	0.5112637801565745
6.605	1.9976397001841106	0.5217404969630617
6.615	1.9961079080536388	0.5055015859130065
6.625	1.9946918045262323	0.5051087090327633
6.635	1.993392443219263	0.507596929274304
6.645	1.99221074139701	0.5324791316897111
6.655	1.9911474792877695	0.5196451536017642
6.665	1.990203299506516	0.5209547432025752
6.675	1.9893787065835355	0.5022276119109793
6.685	1.9886740665994007	0.5142758362384395
6.695	1.9880896069265583	0.5184665229610345
6.705	1.9876254160777345	0.5302528293683325
6.715	1.987281443661296	0.5180736460807912
6.725	1.987057500443626	0.5074659703142229
6.735	1.9869532585184904	0.49790596622830335
6.745	1.9869682515833125	0.5137520003981152
6.755	1.987101875322188	0.5136210414380341
6.765	1.9873533878954	0.5282884449671161
6.775	1.9877219105351216	0.5121804928771422
6.785	1.9882064282469238	0.49777500726822227
6.795	1.98880579061662	0.5124424107973043
6.805	1.9895187127219192	0.5051087090327633
6.815	1.9903437761482785	0.49803692518838444
6.825	1.9912794301082801	0.5020966529508982
6.835	1.9923239926637717	0.4918818540645732
6.845	1.9934756520499572	0.48127417829800495
6.855	1.9947324681005378	0.49135801822424885
6.865	1.9960923737729388	0.48389335749962675
6.875	1.9975531767725898	0.48520294710043765
6.885	1.9991125612751517	0.4717141742120854
6.895	2.00076808974552	0.48467911126011326
6.905	2.00251720485236	0.47734540949557225
6.915	2.0043572314768725	0.4717141742120854
6.925	2.0062853788144137	0.4910961003040867
6.935	2.0082987425675247	0.487167331501654
6.945	2.0103943072288817	0.506156380713412
6.955	2.0125689484525884	0.4880840442222216
6.965	2.0148194355121802	0.5166330975198992
6.975	2.017142433843671	0.50471583215252
6.985	2.0195345076718647	0.4907032234238434
6.995	2.0219921227181423	0.4976440483081412
7.005	2.0245116489878545	0.517680769200548
7.015	2.0270893636353957	0.5026204887912226
7.025	2.029721453904975	0.5068111755138175
7.035	2.03240402014506	0.5243596761646835
7.045	2.0351330788944226	0.5127043287174665
7.055	2.0379045660376063	0.5225262507235482
7.065	2.04071434002769	0.5396818744941709
7.075	2.043558185174063	0.5111328211964934
7.085	2.0464318149929595	0.5403366692945765
7.095	2.049330875618418	0.5643021589894158
7.105	2.0522509492713015	0.536800777372387
7.115	2.0551875577839396	0.5539564011430098
7.125	2.058136166177994	0.5611591439474697
7.135	2.061092186293002	0.5399437924143332
7.145	2.064050980463085	0.5556588676240639
7.155	2.0670078652392845	0.5653498306700646
7.165	2.069958115154884	0.5857794284427146
7.175	2.0728969665311148	0.5766123012370383
7.185	2.0758196213205777	0.580541070039471
7.195	2.078721250985682	0.6162928661416085
7.205	2.0815970004094	0.5804101110793899
7.215	2.084441991835567	0.5924583354068501
7.225	2.087251328836009	0.5962561452492018
7.235	2.0900201003016448	0.6145903996605543
7.245	2.0927433844548275	0.5971728579697694
7.255	2.0954162528800393	0.6056851903750402
7.265	2.098033774570138	0.6234956089460685
7.275	2.1005910199852766	0.6174714967823383
7.285	2.1030830651216643	0.6292578031896364
7.295	2.105504995587236	0.6250671164670415
7.305	2.1078519106813953	0.6441871246388806
7.315	2.1101189274759333	0.6496874009622864
7.325	2.112301184894184	0.6449728783993671
7.335	2.1143938477855855	0.6504731547227729
7.345	2.1163921109926886	0.660818912569179
7.355	2.118291203407752	0.6749624802579367
7.365	2.1200863920160096	0.6710337114555041
7.375	2.121772985922748	0.6804627565813425
7.385	2.1233463403612713	0.7039044104358576
7.395	2.1248018606789225	0.7108452353201553
7.405	2.1261350062982824	0.7078331792382903
7.415	2.1273412946506824	0.7265603105298861
7.425	2.128416305079243	0.7304890793323188
7.435	2.129355682708571	0.7184408550048585
7.445	2.1301551422783502	0.7498710054243201
7.455	2.1308104719380374	0.7627049835122669
7.465	2.1313175369999264	0.7493471695839957
7.475	2.131672283647813	0.7678123829554294
7.485	2.131870742598598	0.7856228015264576
7.495	2.1319090327141414	0.7531449794263473
7.505	2.1317833645606976	0.7824797864845114
7.515	2.1314900439133613	0.8059214403390265
7.525	2.1310254752029096	0.7795986893627275
7.535	2.130386164902502	0.790599242009539
7.545	2.129568724851752	0.7926945853708365
7.555	2.1285698755156672	0.7898134882490525
7.565	2.1273864491760697	0.814040895864054
7.575	2.126015393053052	0.8103740449817836
7.585	2.124453772354208	0.8123384293829999
7.595	2.1226987732492466	0.8023855484168371
7.605	2.1207477057678212	0.8423280312415695
7.615	2.1185980066183223	0.8034332200974857
7.625	2.116247241925488	0.8031713021773236
7.635	2.1136931098847542	0.8133861010636486
7.645	2.1109334433312665	0.834339534676623
7.655	2.107966212221589	0.8234699409898926
7.665	2.104789526026134	0.8114217166624322
7.675	2.101401636030486	0.8403636468403531
7.685	2.0978009375437368	0.8336847398762175
7.695	2.0939859720121103	0.8309346017145146
7.705	2.0899554290361744	0.8275296687524063
7.715	2.0857081482899646	0.8291011762733794
7.725	2.0812431213404805	0.8470425538044887
7.735	2.0765594933660294	0.8133861010636486
7.745	2.071656564771968	0.8301488479540281
7.755	2.06653379270245	0.8522809122077323
7.765	2.0611907924469093	0.8466496769242454
7.775	2.0556273387399697	0.8558168041299217
7.785	2.0498433669536666	0.8294940531536227
7.795	2.0438389741808476	0.8640672186150303
7.805	2.03761442020871	0.8491378971657861
7.815	2.031170128381533	0.850447486766597
7.825	2.0245066863517147	0.8615789983734896
7.835	2.017624846718272	0.8596146139722733
7.845	2.010525527552095	0.8682579053376253
7.855	2.003209812807272	0.8605313266928409
7.865	1.9956789526178824	0.8755916071021662
7.875	1.987934363479761	0.8470425538044887
7.885	1.9799776283167883	0.8594836550121923
7.895	1.3125709222070299	0.43871251627165075
7.905	1.3032155651984851	0.44067690067286713
7.915	1.2936538084284692	0.44002210587246166
7.925	1.2838878988751068	0.430331142826461
7.935	1.2739202485337011	0.4469629307567594
7.945	1.2637534337851857	0.45953499092454403
7.955	1.253390194648139	0.4537727966809761
7.965	1.2428334339145763	0.43268840410792064
7.975	1.2320862161697497	0.4430341619543267
7.985	1.2211517666963085	0.4337360757885694
7.995	1.2100334702631979	0.44932019203821905
8.005	1.1987348697998144	0.4345218295490559
8.015	1.1872596649559748	0.4404149827527049
8.025	1.175611710548316	0.45272512500032736
8.035	1.1637950148938783	0.43661717291035335
8.045	1.1518137380316376	0.4254856613034607
8.055	1.1396721898328697	0.42875963530548794
8.065	1.1273748280012887	0.4377958035510831
8.075	1.1149262559639863	0.43543854226962353
8.085	1.102331220654237	0.4377958035510831
8.095	1.089594610187389	0.415663739297379
8.105	1.0767214514310182	0.41278264217559496
8.115	1.0637169074707187	0.4102944219340543
8.125	1.050586274972872	0.41933059017964947
8.135	1.0373349814458632	0.41736620577843314
8.145	1.023968582401284	0.4076752427324325
8.155	1.0104927584166896	0.41553278033729785
8.165	0.9969133121015951	0.4008653768082158
8.175	0.9832361649684355	0.3843645478379985
8.185	0.9694673542102751	0.3868527680795392
8.195	0.955613029387131	0.4050560635308107
8.205	0.9416794490228507	0.393793592963837
8.215	0.9276729771145185	0.3932697571235126
8.225	0.9136000795564219	0.37742372295370075
8.235	0.8994673204807351	0.3877694808001068
8.245	0.885281358517033	0.36956618534883534
8.255	0.8710489429729026	0.38266208135694435
8.265	0.8567769099379303	0.3872456449597825
8.275	0.8424721783133604	0.3643278269455918
8.285	0.8281417457698792	0.36537549862624047
8.295	0.8137926846359234	0.3732330362311059
8.305	0.7994321377190311	0.3731020772710248
8.315	0.7850673140627484	0.3571250841411318
8.325	0.7707054846417181	0.3601371402229969
8.335	0.7563539779975712	0.36812563678794336
8.345	0.7420201758182969	0.3562083714205642
8.355	0.727711508463803	0.34206480373180653
8.365	0.7134354504404733	0.34023137829067124
8.375	0.699199515827483	0.33342151236645456
8.385	0.6850112536577287	0.34952946445642863
8.395	0.6708782432562495	0.3372193222088062
8.405	0.6568080895390564	0.3290998666837786
8.415	0.6428084182752839	0.32543301580150813
8.425	0.6288868713156811	0.3280521950031299
8.435	0.6150511017904091	0.3211113701188321
8.445	0.6013087692791625	0.32595685164183247
8.455	0.587667534956717	0.3446839829334283
8.465	0.5741350567169237	0.3216352059591565
8.475	0.5607189842782743	0.3421957626918876
8.485	0.5474269542741393	0.3198017805180212
8.495	0.5342665853308227	0.3305404152446706
8.505	0.5212454731365462	0.32870698980353535
8.515	0.5083711855045795	0.3279212360430488
8.525	0.49565125743360205	0.33931466557010365
8.535	0.48309318616856434	0.34416014709310394
8.545	0.47070442626515474	0.3218971238793187
8.555	0.45849238466111397	0.3433743933326174
8.565	0.44646441575755513	0.35057713613707736
8.575	0.434627816513502	0.35555357662015874
8.585	0.4229898215568175	0.35149384885764495
8.595	0.41155759831473715	0.3569941251810507
8.605	0.4003382421671404	0.33145712796523824
8.615	0.38933877162578656	0.3603990581431591
8.625	0.3785661235426502	0.3703519391093219
8.635	0.36802714835050443	0.3702209801492408
8.645	0.3577286053389097	0.369042349508511
8.655	0.34767715796871235	0.35607741246048313
8.665	0.33787936922817163	0.36720892406737576
8.675	0.32834169703378524	0.36943522638875426
8.685	0.31907048967890395	0.37480454375207894
8.695	0.31007198133312763	0.36747084198753793
8.705	0.3013522875955519	0.3791261894347549
8.715	0.2929174011048049	0.38488838367832284
8.725	0.28477318720887435	0.3859360553589716
8.735	0.27692537969759634	0.38999578312148536
8.745	0.2693795766007506	0.39916291032716167
8.755	0.26214123605457784	0.40191304848886455
8.765	0.2552156722395781	0.4061037352114594
8.775	0.248608051392311	0.40819907857275683
8.785	0.24232338789400143	0.4047941456106485
8.795	0.23636654043861083	0.40662757105178376
8.805	0.2307422082830124	0.42483086650305524
8.815	0.2254549275819291	0.40728236585218924
8.825	0.2205090678101228	0.42116401562078476
8.835	0.21590882827439906	0.4290215532256501
8.845	0.21165823471784728	0.43203360930751517
8.855	0.20776113601875168	0.44120073651319147
8.865	0.20422120098647722	0.4262714150639472
8.875	0.20104191525666837	0.42339031794216325
8.885	0.19822657828797552	0.43412895266881263
8.895	0.19577830046246347	0.4490582741180569
8.905	0.19370000029186718	0.4588801961241386
8.915	0.19199440173170146	0.43386703474865046
8.925	0.19066403160522705	0.4482725203575703
8.935	0.18971121713920414	0.44918923307813796
8.945	0.1891380836133031	0.45403471460113826
8.955	0.18894655212491696	0.4459152590761107
8.965	0.18913833747115372	0.4597969088447062
8.975	0.18971494614962325	0.46870211813022034
8.985	0.19067767447961015	0.4635947186870578
8.995	0.19202760684514608	0.4676544464495716
9.005	0.19376561406141635	0.4611064984455171
9.015	0.19589235186583986	0.4883459621423838
9.025	0.19840825953515062	0.4803574655774373
9.035	0.2013135586296606	0.4996084327093575
9.045	0.2046082518658241	0.48598870086092416
9.055	0.2082921221182059	0.48638157774116747
9.065	0.21236473155178293	0.5037991194319524
9.075	0.2168254208854966	0.48873883902262705
9.085	0.22167330878788105	0.5056325448730876
9.095	0.22690729140547672	0.517680769200548
9.105	0.23252604202471894	0.5489799606599284
9.115	0.2385280108678347	0.5337887212905219
9.125	0.24491142502328822	0.5496347554603338
9.135	0.2516742885111233	0.5512062629813069
9.145	0.258814382483577	0.5523848936220367
9.155	0.2663292655611911	0.5619448977079562
9.165	0.27421627430456585	0.5478013300191985
9.175	0.28247252382183907	0.5861723053229578
9.185	0.29109490851188813	0.5886605255644985
9.195	0.3000801029431537	0.5906249099657149
9.205	0.30942456286789355	0.61406656382023
9.215	0.319124526371626	0.6102687539778784
9.225	0.32917601515739914	0.6411750685570156
9.235	0.3395748359644535	0.6647476813716118
9.245	0.35031658212078254	0.6436632887985563
9.255	0.3613966352289619	0.6633071328107197
9.265	0.3728101669845765	0.698666052032614
9.275	0.38455214112648994	0.6936896115495326
9.285	0.39661731551809476	0.688451253146289
9.295	0.40900024435860305	0.7155597578830746
9.305	0.42169528052337957	0.7371679862964544
9.315	0.43469657803221473	0.7490852516638336
9.325	0.4479980946443496	0.7662408754344563
9.335	0.46159359457902316	0.7771104691211868
9.345	0.4754766513601595	0.7748841667998082
9.355	0.48964065078383623	0.8048737686583778
9.365	0.5040787940069822	0.8031713021773236
9.375	0.5187841007557628	0.8746748943815986
9.385	0.5337494126520133	0.8521499532476512
9.395	0.5489673966559632	0.8804370886251666
9.405	0.5644305486234793	0.8676031105372198
9.415	-Inf	0.0
9.425	-Inf	0.0
9.435	-Inf	0.0
9.445	-Inf	0.0
9.455	-Inf	0.0
9.465	-Inf	0.0
9.475	-Inf	0.0
9.485	-Inf	0.0
9.495	-Inf	0.0
9.505	-Inf	0.0
9.515	-Inf	0.0
9.525	-Inf	0.0
9.535	-Inf	0.0
9.545	-Inf	0.0
9.555	-Inf	0.0
9.565	-Inf	0.0
9.575	-Inf	0.0
9.585	-Inf	0.0
9.595	-Inf	0.0
9.605	-Inf	0.0
9.615	-Inf	0.0
9.625	-Inf	0.0
9.635	-Inf	0.0
9.645	-Inf	0.0
9.655	-Inf	0.0
9.665	-Inf	0.0
9.675	-Inf	0.0
9.685	-Inf	0.0
9.695	-Inf	0.0
9.705	-Inf	0.0
9.715	-Inf	0.0
9.725	-Inf	0.0
9.735	-Inf	0.0
9.745	-Inf	0.0
9.755	-Inf	0.0
9.765	-Inf	0.0
9.775	-Inf	0.0
9.785	-Inf	0.0
9.795	-Inf	0.0
9.805	-Inf	0.0
9.815	-Inf	0.0
9.825	-Inf	0.0
9.835	-Inf	0.0
9.845	-Inf	0.0
9.855	-Inf	0.0
9.865	-Inf	0.0
9.875	-Inf	0.0
9.885	-Inf	0.0
9.895	-Inf	0.0
9.905	-Inf	0.0
9.915	-Inf	0.0
9.925	-Inf	0.0
9.935	-Inf	0.0
9.945	-Inf	0.0
9.955	-Inf	0.0
9.965	-Inf	0.0
9.975	-Inf	0.0
9.985	-Inf	0.0
9.995	-Inf	0.0
