0.005	-Inf	0.0
0.015	-Inf	0.0
0.025	-Inf	0.0
0.035	-Inf	0.0
0.045	-Inf	0.0
0.055	-Inf	0.0
0.065	-Inf	0.0
0.075	-Inf	0.0
0.085	-Inf	0.0
0.095	-Inf	0.0
0.105	-Inf	0.0
0.115	-Inf	0.0
0.125	-Inf	0.0
0.135	-Inf	0.0
0.145	-Inf	0.0
0.155	-Inf	0.0
0.165	-Inf	0.0
0.175	-Inf	0.0
0.185	-Inf	0.0
0.195	-Inf	0.0
0.205	-Inf	0.0
0.215	-Inf	0.0
0.225	-Inf	0.0
0.235	-Inf	0.0
0.245	-Inf	0.0
0.255	-Inf	0.0
0.265	-Inf	0.0
0.275	-Inf	0.0
0.285	-Inf	0.0
0.295	-Inf	0.0
0.305	-Inf	0.0
0.315	1.4550817601623933	0.7184939482041235
0.325	1.4656442725275514	0.7107109464846946
0.335	1.4763933660560205	0.7328310566346504
0.345	1.487324410259851	0.7258673182541088
0.355	1.498432611562821	0.7247408311631388
0.365	1.5097130151462756	0.7384634920895004
0.375	1.5211605069119032	0.7285299241054923
0.385	1.532769815560663	0.7282227003534096
0.395	1.5445355147869941	0.7416381375276885
0.405	1.5564520255873646	0.747680204651982
0.415	1.5685136186821482	0.7514692975943356
0.425	1.580714417049716	0.7487042838255911
0.435	1.5930483985715824	0.7722581048185997
0.445	1.605509398787349	0.7673425247852761
0.455	1.6180911137581226	0.7845470549019085
0.465	1.630787103037004	0.7775833165213668
0.475	1.643590792745181	0.7746134869179006
0.485	1.6564954787520703	0.7952998862248037
0.495	1.6694943299578928	0.8014443612664581
0.505	1.6825803916769917	0.7883361478442621
0.515	1.695746589120132	0.791613201199811
0.525	1.708985730973947	0.8003178741754882
0.535	1.7222905130756379	0.7969384129025783
0.545	1.7356535221809555	0.8156790617796242
0.555	1.7490672398234333	0.8063599412997817
0.565	1.7625240462627692	0.8212090893171132
0.575	1.7760162245202007	0.8257150376809931
0.585	1.7895359644986435	0.8537748070378817
0.595	1.8030753671853041	0.8088177313164435
0.605	1.81662644893443	0.813733311349767
0.615	1.8301811458277801	0.8339076710698656
0.625	1.8437313181103594	0.8347269344087529
0.635	1.857268754698901	0.8571542683107916
0.645	1.8707851777605145	0.837901579846941
0.655	1.8842722473588802	0.8344197106566702
0.665	1.8977215661653157	0.8751780617663112
0.675	1.9111246842319747	0.8740515746753412
0.685	1.9244731038244185	0.867599875881604
0.695	1.9377582843107266	0.8567446366413479
0.705	1.9509716471042853	0.8595096504100924
0.715	1.9641045806573418	0.8568470445587089
0.725	1.977148445502378	0.861148177087867
0.735	1.990094579338308	0.8290944989539031
0.745	2.002934302158473	0.832473960226813
0.755	2.015658921417371	0.8189561151351733
0.765	2.0282597372330224	0.8017515850185409
0.775	2.040728047621842	0.8164983251185115
0.785	2.0530551537628567	0.790691529943563
0.795	2.0652323652880766	0.8007275058449318
0.805	2.0772510055958158	0.8013419533490973
0.815	2.0891024171837085	0.791715609117172
0.825	2.1007779669981756	0.7797338827859459
0.835	2.1122690517970413	0.7772760927692841
0.845	2.12356710352202	0.7596619309832081
0.855	2.134663594677738	0.7647823268512535
0.865	2.14555004371398	0.7602763784873735
0.875	2.1562180204077928	0.7437887037922676
0.885	2.1666591512421194	0.7583306280575163
0.895	2.176865124777585	0.7584330359748772
0.905	2.186827697014077	0.759764338900569
0.915	2.196538696738746	0.7213613698902289
0.925	2.205990030857058	0.7434814800401848
0.935	2.215173689703527	0.7366201495770041
0.945	2.224081752328752	0.7065122218728974
0.955	2.2327063917594163	0.7151144869312136
0.965	2.2410398802278575	0.7002653389138821
0.975	2.249074594367898	0.7082531564680328
0.985	2.256803020373569	0.7293491874443796
0.995	2.264217759117428	0.6918678896902877
1.005	2.2713115312251433	0.7023134972611002
1.015	2.278077182103068	0.6800909791937834
1.025	2.2845076869155245	0.6902293630125131
1.035	2.290596155508558	0.6982171805666639
1.045	2.296335837276922	0.6784524525160088
1.055	2.301720125971114	0.6745609516562944
1.065	2.306742564441268	0.6771211495903171
1.075	2.311396849314779	0.6754826229125426
1.085	2.3156768356045427	0.6460915506299623
1.095	2.3195765412447367	0.6554106711098048
1.105	2.3230901515510967	0.6541817761014739
1.115	2.326212023602702	0.6560251186139703
1.125	2.3289366905422795	0.6403567072577515
1.135	2.331258865792145	0.6533625127625866
1.145	2.333173447182867	0.6615551461514592
1.155	2.3346755209918455	0.6323688897036007
1.165	2.335760365889016	0.6422000497702478
1.175	2.3364234567869424	0.6192606762814046
1.185	2.3366604685926196	0.6129113854050284
1.195	2.3364672798583492	0.610043963718923
1.205	2.335839976329125	0.5973453819661705
1.215	2.334774854383988	0.5959116711231178
1.225	2.333268424368919	0.5960140790404788
1.235	2.331317413818838	0.5847492081307789
1.245	2.3289187705663856	0.5710265472044174
1.255	2.3260696657352145	0.57696620641135
1.265	2.322767496615557	0.5668278225926202
1.275	2.319009889419948	0.5663157830058158
1.285	2.3147947019170005	0.5587375971211086
1.295	2.3101200259412344	0.5420451065912807
1.305	2.304984189777022	0.5379487898968445
1.315	2.2993857604147663	0.5214611152017384
1.325	2.293323545677529	0.5337500652850473
1.335	2.2867965962163828	0.5381536057315662
1.345	2.2798042073728375	0.5512618191537624
1.355	2.2723459209067682	0.5503401478975142
1.365	2.2644215265883627	0.5439908570211379
1.375	2.256031063652664	0.5514666349884841
1.385	2.2471748221153725	0.5555629516829205
1.395	2.2378533439486663	0.5734843372210792
1.405	2.2280674241158547	0.5793215885106509
1.415	2.2178181114637745	0.5819841943620345
1.425	2.20710670947194	0.5838275368745308
1.435	2.195934776857505	0.5770686143287109
1.445	2.1843041280352016	0.593556289023817
1.455	2.1722168334315235	0.5825986418661999
1.465	2.159675219652461	0.5961164869578396
1.475	2.1466818695042305	0.6148571358348857
1.485	2.133239621866487	0.62100161087654
1.495	2.1193515714176443	0.6344170480508189
1.505	2.105021068211952	0.6043091203467122
1.515	2.0902517171081323	0.6010320669911632
1.525	2.0750473770494193	0.6250979275709763
1.535	2.059412160194962	0.6338026005466534
1.545	2.0433504309026262	0.6444530239521877
1.555	2.0268668045633267	0.6384109568278942
1.565	2.009966146287104	0.6378989172410897
1.575	1.99265356944127	0.6244834800668109
1.585	1.974934434040995	0.6520312098368949
1.595	1.9568143449928515	0.6538745523493912
1.605	1.9382991501918712	0.6635008965813164
1.615	1.9193949384727915	0.6667779499368655
1.625	1.9001080374162442	0.6477300773077368
1.635	1.8804450110107347	0.6621695936556247
1.645	1.8604126571713362	0.6501878673243985
1.655	1.8400180051161183	0.6572540136223011
1.665	1.8192683126014395	0.6590973561347975
1.675	1.7981710630172598	0.6555130790271657
1.685	1.7767339623437923	0.6619647778209028
1.695	1.754964935970837	0.6588925403000756
1.705	1.732872125381254	0.6706694507965799
1.715	1.7104638847001197	0.6655490549285346
1.725	1.6877487771111777	0.6482421168945413
1.735	1.6647355711422882	0.6559227106966093
1.745	1.6414332368216586	0.6699525953750536
1.755	1.617850941706735	0.6425072735223305
1.765	1.5939980467876742	0.6493686039855113
1.775	1.569884102267443	0.6381037330758115
1.785	1.5455188432206417	0.6526456573410603
1.795	1.5209121851332124	0.6401518914230296
1.805	1.4960742193253225	0.6367724301501198
1.815	1.471015208259714	0.6614527382340983
1.825	1.4457455807379431	0.6204895712897355
1.835	1.4202759269869776	0.6197727158682091
1.845	1.3946169936386987	0.6227425454716754
1.855	1.3687796786049073	0.6002128036522759
1.865	1.342775025850531	0.619977531702931
1.875	1.316614220067774	0.6078933974543439
1.885	1.290308581254001	0.6280677571744426
1.895	1.2638695591962663	0.610043963718923
1.905	1.237308727865383	0.5827010497835609
1.915	1.2106377797225467	0.5840323527092526
1.925	1.183868519941568	0.5811649310231473
1.935	1.1570128605498138	0.5635507692370713
1.945	1.1300828144910138	0.5587375971211086
1.955	1.1030904896131646	0.5635507692370713
1.965	1.0760480825847831	0.5607857554683268
1.975	1.0489678727428233	0.5608881633856876
1.985	1.021862215875625	0.5518762666579278
1.995	0.9947435379442993	0.5603761237988831
2.005	0.9676243287459854	0.5324187623593555
2.015	0.9405171355224934	0.524123721053122
2.025	0.9134345565178451	0.5258646556482575
2.035	0.8863892344882701	0.504358993002467
2.045	0.8593938501682912	0.4961663596135944
2.055	0.8324611156964933	0.49708803086984255
2.065	0.8056037680046629	0.4896122529024964
2.075	0.7788345621739845	0.4727149465379467
2.085	0.7521662647620204	0.46083562812408146
2.095	0.7256116471041909	0.4578657985206152
2.105	0.6991834785935589	0.4373842150484338
2.115	0.6728945199426632	0.45120928389215625
2.125	0.6467575164312381	0.4287819499901176
2.135	0.6207851911436032	0.42796268665123033
2.145	0.5949902381995764	0.4274506470644258
2.155	0.5693853159827529	0.42202302744429776
2.165	0.5439830403699664	0.42202302744429776
2.175	0.5187959779658393	0.4069690635922444
2.185	0.493836639346225	0.40901722193946255
2.195	0.469117472314458	0.3995956935422591
2.205	0.444650855174217	0.40317997064989086
2.215	0.4204490900229114	0.4038968260714172
2.225	0.39652439606939627	0.37542742504508503
2.235	0.3728889029798905	0.37686113588813774
2.245	0.3495546442559141	0.3626264353749717
2.255	0.3265335506480862	0.3541265782340164
2.265	0.30383744360956455	0.3555602890770691
2.275	0.28147802879293904	0.35893975034997905
2.285	0.25946688959433484	0.34910859028333197
2.295	0.23781548074849979	0.3410183648118203
2.305	0.21653512197856162	0.34009669355557215
2.315	0.19563699170420246	0.33405462643127865
2.325	0.17513212081188168	0.30824783125633004
2.335	0.15503138649078396	0.3372292718694667
2.345	0.13534550613807506	0.3153139775542326
2.355	0.11608503133706094	0.3192054784139471
2.365	0.09726034191176769	0.32145845259588707
2.375	0.07888164006147491	0.3070189362479992
2.385	0.0609589445786165	0.30640448874383375
2.395	0.04350208515350529	0.290736077387615
2.405	0.026520696769230412	0.29186256447858494
2.415	0.01002421419004218	0.28879032695775775
2.425	-0.005978133453466761	0.27752545604805795
2.435	-0.02147732797920776	0.2807001014862461
2.445	-0.036464567365265044	0.2665678088904409
2.455	-0.050931270855292254	0.26738707222932817
2.465	-0.06486908395457003	0.27117616517168175
2.475	-0.07826988331373586	0.27291709976681716
2.485	-0.09112578149723838	0.2726098760147344
2.495	-0.10342913163365619	0.26544132179947094
2.505	-0.11517253194505495	0.2618570446918392
2.515	-0.12634883015265141	0.26718225639460635
2.525	-0.13695112775610152	0.26288112386544826
2.535	-0.14697278418381177	0.25847758341892924
2.545	-0.15640742081172831	0.2530499637988012
2.555	-0.16524892484815368	0.25612220131962843
2.565	-0.17349145308219094	0.25008013419533487
2.575	-0.1811294354935109	0.2546884904765757
2.585	-0.18815757872119554	0.2520258846251921
2.595	-0.1945708693895174	0.2652365059647491
2.605	-0.2003645772885525	0.24670067292242495
2.615	-0.20553425840765693	0.25561016173282386
2.625	-0.2100757578198702	0.24792956793075585
2.635	-0.2139852124154289	0.2633931634522528
2.645	-0.21725905348263685	0.2489536471043649
2.655	-0.2198940091344359	0.244447698740485
2.665	-0.22188710657910238	0.2399417503766051
2.675	-0.2232356742335817	0.25438126672449296
2.685	-0.2239373436780694	0.24762234417867313
2.695	-0.22399005145052664	0.25489330631129753
2.705	-0.2233920406799177	0.25438126672449296
2.715	-0.22214186255704327	0.2557125696501848
2.725	-0.220238377641933	0.25509812214601935
2.735	-0.21768075700686973	0.24987531836061308
2.745	-0.21446848321418033	0.24690548875714677
2.755	-0.21060135112805844	0.24946568669116945
2.765	-0.20607946855975068	0.2570438725758766
2.775	-0.20090325674554554	0.25837517550156835
2.785	-0.1950734506571028	0.24711030459186858
2.795	-0.1885910991437445	0.26974245432862903
2.805	-0.18145756490643317	0.2640076109564182
2.815	-0.1736745243032667	0.2640076109564182
2.825	-0.16524396698639432	0.2655437297168318
2.835	-0.15616819537037596	0.27148338892376445
2.845	-0.14644982393209416	0.26513409804738824
2.855	-0.13609177834242292	0.27701341646125344
2.865	-0.1250972944299571	0.2853084577674869
2.875	-0.11346991697721442	0.2753748897834789
2.885	-0.10121349834978366	0.2866397606931787
2.895	-0.08833219695903183	0.2791639827258325
2.905	-0.07483047555905431	0.30138650079314927
2.915	-0.060713099378645774	0.30742856791744283
2.925	-0.0459851340891797	0.30343465914036744
2.935	-0.030651943609353527	0.3097839500167437
2.945	-0.014719187747904261	0.3183862150750599
2.955	0.0018071803146015863	0.292886643652194
2.965	0.018920916703583757	0.2999527899500966
2.975	0.03661548968657602	0.3176693596535335
2.985	0.05488408266620359	0.31818139924033806
2.995	0.07371959732848032	0.3180789913229771
3.005	0.09311465694480514	0.3145971221327063
3.015	0.11306160982597935	0.3322112839187823
3.025	0.1335525329263929	0.32862700681115053
3.035	0.15457923559655473	0.32750051972018057
3.045	0.17613326348196479	0.31981992591811254
3.055	0.1982059025662708	0.3279101513896242
3.065	0.22078818335659522	0.3196151100833907
3.075	0.24387088520880207	0.3351811135222486
3.085	0.2674445407903814	0.3470604319361138
3.095	0.2914994406786158	0.3455243131757002
3.105	0.3160256380915085	0.3445002340020911
3.115	0.341012953749003	0.3684636866645434
3.125	0.3664509808618197	0.36365051454858077
3.135	0.39232909024527207	0.36426496205274617
3.145	0.4186364355552663	0.36979498959023516
3.155	0.44536195864365524	0.3704094370944006
3.165	0.4724943950301008	0.3689757262513479
3.175	0.5000222794873896	0.3746081617061978
3.185	0.5279339517372335	0.3904813888971384
3.195	0.5562175622534267	0.37655391213605505
3.205	0.584861078169217	0.3937584422526874
3.215	0.6138522892856351	0.37757799130966413
3.225	0.6431788141775576	0.39795716686448457
3.235	0.6728281063940885	0.40297515481516905
3.245	0.7027874607499429	0.4025655231457254
3.255	0.7330440197043405	0.4081979586005753
3.265	0.763584779823921	0.42181821160957594
3.275	0.7943965983261321	0.4325710429324712
3.285	0.8254661996995134	0.433799937940802
3.295	0.856780182397213	0.43390234585816295
3.305	0.888325025600089	0.44322146633800547
3.315	0.9200870960456184	0.4312397400067794
3.325	0.9520526549189182	0.4450648088505018
3.335	0.9842078648020326	0.4709740119428113
3.345	1.0165387966776853	0.45376948182617893
3.355	1.0490314369836151	0.45100446805743444
3.365	1.0816716947136007	0.45632967976020156
3.375	1.1144454085612714	0.4609380360414424
3.385	1.147338354102767	0.4650343527358787
3.395	1.1803362510142208	0.4759919998934957
3.405	1.213424770320154	0.483365369943481
3.415	1.2465895416687285	0.46636565566157046
3.425	1.2798161606298195	0.4744558811330821
3.435	1.3130901960119643	0.4971904387872035
3.445	1.3463971971939923	0.497702478374008
3.455	1.3797227014674212	0.5226900102100693
3.465	1.4130522413854727	0.5221779706232648
3.475	1.4463713521146782	0.507636046358016
3.485	1.4796655787849804	0.5237140893836784
3.495	1.5129204838342971	0.5439908570211379
3.505	1.5461216543434373	0.5349789602933781
3.515	1.5792547093573759	0.52955134067325
3.525	1.6123053071887468	0.5473703182940479
3.535	1.6452591526996185	0.5518762666579278
3.545	1.6781020045574218	0.5433764095169725
3.555	1.7108196824610922	0.5702072838655302
3.565	1.7433980743333968	0.5632435454849885
3.575	1.7758231434754672	0.5599664921294395
3.585	1.808080935679595	0.5545388725093114
3.595	1.8401575862963702	0.5594544525426349
3.605	1.8720393272521982	0.5767613905766282
3.615	1.9037124940134318	0.57696620641135
3.625	1.9351635324931544	0.5598640842120786
3.635	1.966379005896868	0.5811649310231473
3.645	1.997345601503323	0.5951948157015915
3.655	2.0280501373766846	0.5845443922960571
3.665	2.0584795690064235	0.5779902855849591
3.675	2.088620995871207	0.5958092632057569
3.685	2.1184616679232064	0.5963213027925615
3.695	2.1479889919892523	0.5999055799001932
3.705	2.1771905380853247	0.612194529983502
3.715	2.206054045640899	0.6220256900501491
3.725	2.2345674296297457	0.6139354645786375
3.735	2.262718786603804	0.6072789499501785
3.745	2.2904964006268616	0.6132186091571111
3.755	2.3178887491047444	0.62100161087654
3.765	2.344884508508879	0.6140378724959984
3.775	2.3714725599900683	0.6316520342820744
3.785	2.3976419948794376	0.6369772459848415
3.795	2.4233821200735486	0.6425072735223305
3.805	2.4486824633007753	0.6419952339355259
3.815	2.4735327782660343	0.6524408415063385
3.825	2.497923049671137	0.6372844697369242
3.835	2.521843498108015	0.6415856022660823
3.845	2.5452845848221806	0.6681092528625573
3.855	2.5682370163438653	0.6484469327292631
3.865	2.590691748984341	0.6732296487306026
3.875	2.6126399931949886	0.6389229964146987
3.885	2.6340732177868533	0.661862369903542
3.895	2.654983154008324	0.6736392804000463
3.905	2.675361799478873	0.671693529970189
3.915	2.6952014219767104	0.6755850308299035
3.925	2.714494563078353	0.6841872958882197
3.935	2.7332340416482346	0.6812174662847533
3.945	2.7514129571764685	0.6655490549285346
3.955	2.7690246929630744	0.6633984886639556
3.965	2.786062919146975	0.6875667571611296
3.975	3.0414492585251196	0.8576663078975961
3.985	3.058068528952374	0.877635851782973
3.995	3.074097049156837	0.8551061099635734
4.005	3.089529663766093	0.8643228225260551
4.015	3.1043615170119807	0.8791719705433866
4.025	3.1185880547986953	0.8546964782941298
4.035	3.1322050266066914	0.8527507278642725
4.045	3.1452084872314314	0.8790695626260256
4.055	3.157594798356185	0.883165879320462
4.065	3.1693606299581543	0.878659930956582
4.075	3.1805029615472877	0.8816297605600484
4.085	3.1910190832372627	0.8762021409399203
4.095	3.200906596648199	0.8678046917163259
4.105	3.2101634156407584	0.8514194249385808
4.115	3.218787766881402	0.8845995901635146
4.125	3.2267781902386536	0.8560277812198216
4.135	3.234133539010325	0.877533443865612
4.145	3.2408529799817507	0.885316445585041
4.155	3.2469359933151765	0.8688287708899349
4.165	3.2523823722705547	0.8778406676176947
4.175	3.25719222275808	0.8488592270045581
4.185	3.2613659627228984	0.8638107829392505
4.195	3.264904321362523	0.8840875505767101
4.205	3.2678083381775935	0.8736419430058976
4.215	3.270079361856684	0.8712865609065967
4.225	3.271719048995995	0.8682143233857695
4.235	3.2727293626548213	0.8539796228726034
4.245	3.273112570747818	0.8598168741621751
4.255	3.2728712442751524	0.8570518603934306
4.265	3.2720082553917247	0.8318595127226476
4.275	3.270526775316753	0.8502929378476108
4.285	3.2684302720850806	0.8519314645253853
4.295	3.2657225081416743	0.8342148948219484
4.305	3.2624075377808484	0.8459918053184527
4.315	3.2584897044318732	0.8445580944754
4.325	3.2539736377926722	0.8266367089372413
4.335	3.2488642508134173	0.8277631960282112
4.345	3.2431667365319328	0.850088122012889
4.355	3.2368865647628584	0.8256126297636323
4.365	3.2300294786426527	0.8170103647053161
4.375	3.2226014910325587	0.8257150376809931
4.385	3.214608880781756	0.8196729705566996
4.395	3.206058188853005	0.7998058345886837
4.405	3.1969562143131283	0.8040045592004809
4.415	3.187310010190818	0.8041069671178418
4.425	3.177126879204242	0.7818844490505249
4.435	3.1664143693610867	0.7878241082574575
4.445	3.155180269433669	0.7599691547352908
4.455	3.1434326043118643	0.7822940807199685
4.465	3.131179630236649	0.765294366438058
4.475	3.1184298299171114	0.7800411065380286
4.485	3.105191907533877	0.7467585333957338
4.495	3.0914747836319263	0.7763544215130359
4.505	3.0772875899058527	0.754336719280441
4.515	3.06263966388068	0.7529030084373882
4.525	3.047540543491399	0.7227950807332816
4.535	3.0319999615644404	0.7281202924360488
4.545	3.0160278402043503	0.7458368621394856
4.555	2.9996342850890096	0.7350840308165905
4.565	2.9828295796767423	0.7130663285839954
4.575	2.9656241793287474	0.7028255368479047
4.585	2.9480287053503087	0.7039520239388747
4.595	2.9300539389542783	0.7253552786673043
4.605	2.9117108151504	0.7298612270311842
4.615	2.8930104165640245	0.7195180273777325
4.625	2.8739639671878474	0.7022110893437393
4.635	2.854582826070323	0.690434178847235
4.645	2.834878480944435	0.6809102425326706
4.655	2.814862541800521	0.6693381478708882
4.665	2.794546734406916	0.6712838983007454
4.675	2.7739428937821398	0.664012936168121
4.685	2.7530629576224515	0.6670851736889482
4.695	2.731918959688551	0.6795789396069788
4.705	2.7105230231552646	0.656332342366053
4.715	2.6888873539280347	0.6447602477042704
4.725	2.6670242339300874	0.6541817761014739
4.735	2.6449460143641366	0.6237666246452845
4.745	2.6226651089524813	0.6413807864313605
4.755	2.6001939871593818	0.6248931117362545
4.765	2.577545167399613	0.6259171909098635
4.775	2.5547312102370494	0.6248931117362545
4.785	2.5317647115771966	0.6021585540821331
4.795	2.508658295857521	0.592429801932847
4.805	2.4854246092394687	0.6185438208598782
4.815	2.4620763128060457	0.6140378724959984
4.825	2.4386260757688127	0.6131162012397502
4.835	2.415086568688127	0.5845443922960571
4.845	2.3914704567104876	0.5971405661314487
4.855	2.367790392826785	0.587923853568967
4.865	2.344059011155261	0.5690807967745601
4.875	2.3202889202529313	0.5783999172544028
4.885	2.296492696459266	0.5835203131224481
4.895	2.272682877275811	0.5633459534023494
4.905	2.2488719547854776	0.5794239964280118
4.915	2.225072369115166	0.5630387296502667
4.925	2.2012965019453468	0.5612977950551312
4.935	2.1775566700702176	0.5436836332690552
4.945	2.153865119012007	0.5450149361947471
4.955	2.1302340166929428	0.5474727262114089
4.965	2.106675447168374	0.5622194663113794
4.975	2.0832014044245097	0.5664181909231766
4.985	2.0598237862441517	0.5605809396336049
4.995	2.0365543881438115	0.5459366074509953
5.005	2.0134048973854877	0.5566894387738904
5.015	1.9903868870663697	0.5787071410064855
5.025	1.967511810289705	0.5319067227725509
5.035	1.9447909944199302	0.5502377399801534
5.045	1.9222356354252004	0.5477799499634916
5.055	1.8998567923103542	0.5330332098635209
5.065	1.8776653816432733	0.5394849086572581
5.075	1.855672172177579	0.5421475145086416
5.085	1.8338877795745046	0.5531051616662587
5.095	1.8123226612267578	0.5497257003933488
5.105	1.790987111187083	0.5476775420461306
5.115	1.769891255204186	0.5371295265579572
5.125	1.7490450458686195	0.5423523303433635
5.135	1.7284582578711427	0.5259670635656183
5.145	1.7081404833760392	0.5363102632190699
5.155	1.688101127511687	0.53067782776422
5.165	1.6683494039807947	0.558225557534304
5.175	1.6488943307924373	0.5226900102100693
5.185	1.629744726118102	0.5330332098635209
5.195	1.610909204273772	0.5221779706232648
5.205	1.59239617183011	0.5145997847385577
5.215	1.5742138238525611	0.5269911427392274
5.225	1.5563701402732806	0.5113227313830087
5.235	1.538872882396641	0.5249429843920093
5.245	1.5217295895399203	0.5261718794003402
5.255	1.5049475758108182	0.5204370360281294
5.265	1.4885339270232891	0.5155214559948058
5.275	1.4724954977530809	0.5242261289704829
5.285	1.4568389085343356	0.5114251393003696
5.295	1.441570543198472	0.5086601255316251
5.305	1.426696546356534	0.5147021926559185
5.315	1.4122228210260255	0.521973154788543
5.325	1.3981550264032763	0.5063047434323242
5.335	1.384498575782152	0.5003650842253916
5.345	1.3712586346199647	0.5203346281107685
5.355	1.3584401187512838	0.4976000704566471
5.365	1.3460476927502472	0.523099641879513
5.375	1.3340857684419296	0.4948350566879026
5.385	1.3225585035631884	0.48664242329903007
5.395	1.3114698005733545	0.49698562295248166
5.405	1.3008233056150251	0.4928893062580454
5.415	1.2906224076251198	0.47660644739766117
5.425	1.2808702375962782	0.497702478374008
5.435	1.2715696679886146	0.49114837166291
5.445	1.2627233122916985	0.5024132425726098
5.455	1.2543335247365857	0.48950984498513544
5.465	1.246402400157626	0.48049794825737563
5.475	1.2389317740036652	0.48346777786084194
5.485	1.2319232224981933	0.48039554034001475
5.495	1.2253780629479014	0.5002626763080307
5.505	1.2192973541989964	0.5052806642587151
5.515	1.213681897240558	0.4827509224393156
5.525	1.2085322359541504	0.48746168663791734
5.535	1.2038486580087673	0.4773233028191875
5.545	1.199631195900157	0.5049734405066324
5.555	1.195879628133438	0.49524468835734625
5.565	1.192593480547901	0.4659560239921268
5.575	1.1897720277827137	0.48060035617473656
5.585	1.187414294882262	0.4653415764879614
5.595	1.1855190590397244	0.480088316587932
5.605	1.1840848514773883	0.4813172115962629
5.615	1.1831099594621823	0.4652391685706005
5.625	1.182592428454786	0.4948350566879026
5.635	1.1825300643906114	0.4740462494636385
5.645	1.1829204360908698	0.4915580033323536
5.655	1.1837608778018907	0.47763052657127025
5.665	1.1850484918607351	0.46861862984351044
5.675	1.186780151485126	0.47363661779419486
5.685	1.1889525036856254	0.47189568319905945
5.695	1.1915619722979012	0.4773233028191875
5.705	1.1946047611328992	0.47619681572821754
5.715	1.1980768572426457	0.46728732691781866
5.725	1.2019740342993246	0.47967868491848836
5.735	1.2062918560852574	0.47896182949696203
5.745	1.2110256800913137	0.46155248354560785
5.755	1.2161706612212253	0.46134766771088603
5.765	1.221721755599243	0.47496792071988664
5.775	1.2276737244784917	0.4813172115962629
5.785	1.2340211382473347	0.46790177442198405
5.795	1.2407583805310156	0.46882344567823225
5.805	1.2478796523857834	0.484491857034451
5.815	1.2553789765826493	0.48930502915041363
5.825	1.263250201977905	0.4808051720094584
5.835	1.2714870079674612	0.47619681572821754
5.845	1.280082909022025	0.4828533303566765
5.855	1.2890312593001085	0.47363661779419486
5.865	1.2983252573358022	0.4825461066045938
5.875	1.3079579507982344	0.48090757992681926
5.885	1.3179222413195542	0.4815220274309847
5.895	1.3282108893883202	0.4711788277775331
5.905	1.3388165193050545	0.5156238639121667
5.915	1.349731624196764	0.4956543200267899
5.925	1.360948571087175	0.5008771238121962
5.935	1.3724596060193939	0.4843894491170901
5.945	1.3842568592276976	0.4883833578941655
5.955	1.3963323503551335	0.502106018820527
5.965	1.4086779937135936	0.5027204663246925
5.975	1.4212856035829922	0.4979072942087298
5.985	1.4341468995461786	0.5143949689038358
5.995	1.4472535118562138	0.5033349138288579
6.005	1.4605969868326012	0.522997233962152
6.015	1.4741687922830615	0.5217683389538211
6.025	1.487960322947469	0.5137805213996705
6.035	1.5019629059605006	0.5069191909364896
6.045	1.5161678063296065	0.5333404336156037
6.055	1.5305662324248848	0.519720180606603
6.065	1.5451493414774324	0.5085577176142642
6.075	1.5599082450827657	0.5299609723426937
6.085	1.5748340147059303	0.5336476573676864
6.095	1.5899176871848848	0.5134732976475876
6.105	1.6051502702287677	0.5314970911031073
6.115	1.6205227479077067	0.5243285368878439
6.125	1.6360260861308018	0.5457317916162734
6.135	1.6516512381089252	0.5432740015996116
6.145	1.667389149799046	0.5322139465246337
6.155	1.6832307653267828	0.542864369930168
6.165	1.6991670323838721	0.5343645127892127
6.175	1.7151889075973608	0.5448101203600252
6.185	1.731287361867253	0.5465510549551607
6.195	1.7474533856694368	0.5465510549551607
6.205	1.7636779943207292	0.5455269757815516
6.215	1.7799522332029105	0.5515690429058451
6.225	1.7962671829426597	0.5469606866246043
6.235	1.8126139645443116	0.5555629516829205
6.245	1.8289837444724446	0.5708217313696956
6.255	1.8453677396813084	0.5605809396336049
6.265	1.8617572225881571	0.5608881633856876
6.275	1.8781435259875865	0.5774782459981546
6.285	1.8945180479040449	0.5712313630391392
6.295	1.9108722563797298	0.5708217313696956
6.305	1.927197694195067	0.5819841943620345
6.315	1.9434859835191483	0.5856708793870271
6.325	1.9597288304874179	0.5882310773210498
6.335	1.9759180297040546	0.6054356074376822
6.345	1.9920454686664926	0.5926346177675688
6.355	2.0081031321096154	0.603387449090464
6.365	2.0240831062671765	0.611068042892532
6.375	2.0399775830481124	0.6137306487439156
6.385	2.055778864125446	0.6249955196536154
6.395	2.071479364935504	0.62663404633139
6.405	2.087071618585327	0.6146523200001638
6.415	2.1025482796661175	0.6141402804133592
6.425	2.117902127970723	0.6183390050251565
6.435	2.1331260721131247	0.627658125504999
6.445	2.1482131530480943	0.6197727158682091
6.455	2.1631565474891046	0.6514167623327294
6.465	2.17794957122278	0.6335977847119316
6.475	2.192585682318189	0.6446578397869096
6.485	2.207058484229303	0.6475252614730149
6.495	2.2213617287891383	0.6392302201667814
6.505	2.235489319094059	0.6545914077709175
6.515	2.249435312276862	0.6770187416729562
6.525	2.2631939221672925	0.6753802149951816
6.535	2.276759521838779	0.6706694507965799
6.545	2.290126646040186	0.6664707261847828
6.555	2.303289993511485	0.685006559227107
6.565	2.316244429182347	0.7107109464846946
6.575	2.3289849862527148	0.7099940910631682
6.585	2.3415068681544753	0.689307691756265
6.595	2.353805450393475	0.6990364439055512
6.605	2.3658762822711665	0.6957593905500021
6.615	2.377715088485254	0.721156554055507
6.625	2.389317770608826	0.7298612270311842
6.635	2.400680408447496	0.7067170377076192
6.645	2.4117992612741546	0.7242287915763342
6.655	2.422670768941065	0.7179819086173189
6.665	2.4332915528690764	0.7437887037922676
6.675	2.443658416913788	0.7067170377076192
6.685	2.4537683481086496	0.7198252511298153
6.695	2.463618517284976	0.7428670325360194
6.705	2.473206279569007	0.7369273733290868
6.715	2.4825291747561975	0.7434814800401848
6.725	2.491584927562963	0.7139879998402436
6.735	2.5003714477562626	0.7325238328825677
6.745	2.508886830161411	0.7325238328825677
6.755	2.5171293545486364	0.7371321891638086
6.765	2.525097485398932	0.7441983354617111
6.775	2.53278987154989	0.7604811943220954
6.785	2.540205345722213	0.7687762356283289
6.795	2.547342923927718	0.7518789292637792
6.805	2.5542018047597406	0.7671377089505543
6.815	2.560781368566842	0.7536198638589146
6.825	2.5670811765108796	0.7541319034457191
6.835	2.5731009695105724	0.7375418208332521
6.845	2.5788406670716424	0.7474753888172602
6.855	2.584300366004895	0.7518789292637792
6.865	2.589480339033435	0.7477826125693429
6.875	2.59438103329052	0.7704147623061034
6.885	2.599003068709381	0.7466561254783729
6.895	2.6033472363066497	0.7430718483707411
6.905	2.6074144963608683	0.7583306280575163
6.915	2.611205976487818	0.7521861530158619
6.925	2.6147229696143177	0.7521861530158619
6.935	2.617966931852309	0.7678545643720807
6.945	2.62093948027505	0.7474753888172602
6.955	2.6236423905972686	0.7419453612797712
6.965	2.626077594761349	0.743276664205463
6.975	2.6282471784314017	0.7466561254783729
6.985	2.6301533783974085	0.7518789292637792
6.995	2.6317985798915204	0.7349816228992295
7.005	2.633185313818651	0.7352888466513122
7.015	2.634316253903627	0.7270962132624397
7.025	2.635194213757166	0.7435838879575457
7.035	2.635822143862978	0.7254576865846651
7.045	2.636203128488346	0.7287347399402142
7.055	2.636340382520669	0.7163433819395445
7.065	2.63623724823231	0.6985244043187466
7.075	2.635897191976327	0.7186987640388454
7.085	2.6353238008155957	0.7014942339222129
7.095	2.634520779087867	0.7064098139555365
7.105	2.6334919449093905	0.6965786538888894
7.115	2.6322412266197635	0.679374123772257
7.125	2.630772659170609	0.6713863062181062
7.135	2.6290903804608443	0.6896149155083477
7.145	2.6271986276212678	0.6675972132757527
7.155	2.6251017332511637	0.7042592476909574
7.165	2.6228041216097684	0.66954296370561
7.175	2.620310304765376	0.6791693079375352
7.185	2.6176248787048846	0.679374123772257
7.195	2.6147525194066703	0.6590973561347975
7.205	2.6116979788796	0.6615551461514592
7.215	2.6084660811711187	0.6448626556216314
7.225	2.6050617183472	0.6535673285973085
7.235	2.601489846447188	0.6416880101834432
7.245	2.597755481416307	0.6521336177542557
7.255	2.593863695018849	0.6469108139688495
7.265	2.5898196107349056	0.6327785213730444
7.275	2.585628399643597	0.6368748380674806
7.285	2.581295276295682	0.6374892855716461
7.295	2.5768254945785243	0.6093271082973967
7.305	2.5722243435762993	0.5898696039988243
7.315	2.56749714342834	0.6097367399668403
7.325	2.5626492411885984	0.6093271082973967
7.335	2.55768600668904	0.5904840515029898
7.345	2.552612828409914	0.6116824903966975
7.355	2.547435109359766	0.5839299447918918
7.365	2.542158262968046	0.6024657778342158
7.375	2.5367877089931525	0.5835203131224481
7.385	2.531328869448769	0.566008559253733
7.395	2.525787164551268	0.5531051616662587
7.405	2.520168008690993	0.5529003458315369
7.415	2.5144768064301646	0.574815640146771
7.425	2.508718948530152	0.5537196091704242
7.435	2.502899808010833	0.5524907141620933
7.445	2.4970247362446933	0.5607857554683268
7.455	2.4910990590883557	0.5700024680308083
7.465	2.485128073054103	0.5619122425592967
7.475	2.4791170415240384	0.5380511978142054
7.485	2.473071191009372	0.5762493509898237
7.495	2.4669957074573854	0.5519786745752887
7.505	2.4608957326085203	0.5766589826592673
7.515	2.45477636040602	0.5610929792204095
7.525	2.4486426334605262	0.5644724404933193
7.535	2.4424995395719624	0.5670326384273421
7.545	2.436352008310984	0.5607857554683268
7.555	2.4302049076622834	0.5659061513363721
7.565	2.424063040731907	0.5666230067578985
7.575	2.417931142520778	0.5908936831724334
7.585	2.411813876766475	0.5752252718162146
7.595	2.405715832855367	0.5755324955682973
7.605	2.3996415228070505	0.5766589826592673
7.615	2.39359537833306	0.5942731444453433
7.625	2.3875817479717147	0.6072789499501785
7.635	2.3816048943009243	0.5895623802467416
7.645	2.3756689912307354	0.5991887244786669
7.655	2.3697781213773017	0.5875142218995234
7.665	2.363936273519939	0.5897671960814634
7.675	2.358147340142831	0.6133210170744721
7.685	2.3524151150629176	0.5877190377342453
7.695	2.346743291145417	0.5981646453050578
7.705	2.341135458108366	0.6048211599335167
7.715	2.335595100417501	0.6236642167279236
7.725	2.3301255952727544	0.6283749809265253
7.735	2.324730210687531	0.6238690325626455
7.745	2.3194121036619095	0.6235618088105627
7.755	2.314174318450804	0.6291942442654126
7.765	2.309019784928083	0.6236642167279236
7.775	2.303951317047553	0.6234594008932018
7.785	2.298971611401652	0.6204895712897355
7.795	2.2940832458786264	0.645272287291075
7.805	2.289288678418891	0.6493686039855113
7.815	2.2845902458712004	0.6488565643987068
7.825	2.279990162949201	0.649675827737594
7.835	2.275490521288825	0.6589949482174365
7.845	2.2710932886069624	0.6732296487306026
7.855	2.266800307961745	0.676097070416708
7.865	2.262613297114692	0.6676996211931137
7.875	2.2585338479949373	0.6632960807465946
7.885	2.254563426265645	0.6750729912430989
7.895	2.2507033709926523	0.6784524525160088
7.905	2.246954894415335	0.6880787967479342
7.915	2.2433190818195774	0.6748681754083771
7.925	2.239796891512699	0.6965786538888894
7.935	2.2363891549000554	0.6922775213597313
7.945	2.233096576663049	0.6982171805666639
7.955	2.229919735038105	0.7228974886506425
7.965	2.2268590821962095	0.7247408311631388
7.975	2.2239149447224307	0.7031327605999874
7.985	2.2210875241948567	0.7279154766013269
7.995	2.218376897862241	0.7141928156749654
8.005	2.2157830194196606	0.6936088242854231
8.015	2.2133057198813395	0.7313973457915978
8.025	2.2109447085497527	0.7246384232457779
8.035	2.2086995740801125	0.7438911117096284
8.045	2.20656978563915	0.728939555774936
8.055	2.2045546941571805	0.7268913974277179
8.065	2.202653533672256	0.7383610841721394
8.075	2.200865422765219	0.7263793578409133
8.085	2.1991893660843664	0.7381562683374177
8.095	2.1976242559584067	0.7178795006999581
8.105	2.196168874096282	0.754336719280441
8.115	2.19482189337241	0.7585354438922381
8.125	2.193581879695846	0.7359032941554777
8.135	2.192447293961723	0.7406140583540795
8.145	2.1914164940833993	0.7362105179075604
8.155	2.19048773710359	0.7539270876109974
8.165	2.1896591813827255	0.7672401168679153
8.175	2.188928888862755	0.7441983354617111
8.185	2.188294827404519	0.7622221289172307
8.195	2.1877548731968	0.7534150480241928
8.205	2.187306813235091	0.7633486160082008
8.215	2.1869483478680696	0.7371321891638086
8.225	2.1866770934097355	0.747680204651982
8.235	2.186490584815094	0.7555656142887718
8.245	2.1863862784172863	0.7584330359748772
8.255	2.1863615547239252	0.7598667468179299
8.265	2.186413721270447	0.7325238328825677
8.275	2.1865400155282253	0.7480898363214257
8.285	2.1867376078650884	0.7327286487172896
8.295	2.187003604555967	0.7352888466513122
8.305	2.1873350508412583	0.7510596659248919
8.315	2.187728934030508	0.739999610849914
8.325	2.188182186648964	0.7722581048185997
8.335	2.188691689624573	0.7574089568012682
8.345	2.189254275512857	0.7384634920895004
8.355	2.1898667317572147	0.7517765213464183
8.365	2.190525803982057	0.7350840308165905
8.375	2.1912281993162415	0.7361081099901995
8.385	2.1919705897441704	0.7540294955283582
8.395	2.192749615482005	0.7460416779742075
8.405	2.193561888376329	0.7517765213464183
8.415	1.6243005181622427	0.4194628295102751
8.425	1.6244231330670644	0.42970362124636574
8.435	1.6245686947185982	0.4189507899234705
8.445	1.6247337358282448	0.42663138372553855
8.455	1.624914777975199	0.42212543536165864
8.465	1.6251083350840414	0.40297515481516905
8.475	1.6253109169060662	0.4058425765012744
8.485	1.6255190325017068	0.3966258639387928
8.495	1.6257291937213287	0.4021558914762818
8.505	1.6259379186816874	0.4021558914762818
8.515	1.6261417352354253	0.40440886565822176
8.525	1.626337184430818	0.39590900851726646
8.535	1.6265208239592153	0.3948849293436574
8.545	1.626689231587403	0.40031254896378543
8.555	1.6268390085722977	0.39273436307907833
8.565	1.626966783055312	0.3904813888971384
8.575	1.627069213433735	0.38966212555825114
8.585	1.6271429917065665	0.37542742504508503
8.595	1.6271848467921637	0.386487480120063
8.605	1.6271915478151706	0.39437288975685286
8.615	1.6271599073601206	0.3925295472443565
8.625	1.6270867846892654	0.38536099302909305
8.635	1.6269690889220438	0.39416807392213105
8.645	1.6268037821737746	0.38443932177284484
8.655	1.6265878826511178	0.38280079509507037
8.665	1.6263184677018516	0.3936560343353265
8.675	1.6259926768166446	0.37204796377217514
8.685	1.6256077145804222	0.3789092942353559
8.695	1.6251608535710553	0.3648794095569116
8.705	1.624649437203047	0.36395773830066347
8.715	1.6240708825140655	0.3772707675575814
8.725	1.623422682892008	0.38034300507840857
8.735	1.622702410740573	0.40502331316238716
8.745	1.6219077200811316	0.39601141643462734
8.755	1.6210363490888957	0.4030775627325299
8.765	1.6200861225613175	0.4257097124692904
8.775	1.619054954316804	0.4126014990470943
8.785	1.6179408495217869	0.4214085799401323
8.795	1.6167419069442832	0.43093251625469664
8.805	1.615456321132172	0.4334927141887193
8.815	1.6140823845143433	0.4451672167678627
8.825	1.6126184894231046	0.4538718897435398
8.835	1.6110631300361202	0.46011877270255513
8.845	1.6094149042363375	0.4489563097102163
8.855	1.6076725153883054	0.4652391685706005
8.865	1.60583477402949	0.4908411479108272
8.875	1.6039005994750892	0.46902826151295407
8.885	1.601869021335039	0.4923772666712408
8.895	1.5997391809419153	0.48694964705111277
8.905	1.5975103326884672	0.4987265575476171
8.915	1.5951818452736608	0.5154190480774449
8.925	1.5927532028561084	0.5163407193336931
8.935	1.5902240061138613	0.5322139465246337
8.945	1.5875939732095656	0.5449125282773861
8.955	1.5848629406601462	0.5326235781940774
8.965	1.5820308641101182	0.5546412804266723
8.975	1.5790978190078053	0.5733819293037182
8.985	1.576064001183762	0.5742011926426055
8.995	1.572929727330763	0.5724602580474701
9.005	1.5696954353848258	0.6037970807599077
9.015	1.5663616848067767	0.6052307916029603
9.025	1.5629291567639396	0.6217184662980664
9.035	1.5593986542116176	0.619977531702931
9.045	1.55577110187411	0.6185438208598782
9.055	1.5520475461250425	0.6358507588938715
9.065	1.5482291547669098	0.6500854594070377
9.075	1.5443172167097772	0.6444530239521877
9.085	1.5403131415491451	0.638718180579977
9.095	1.536218459043103	0.6556154869445266
9.105	1.5320348184889063	0.6701574112097753
9.115	1.5277639879992422	0.6846993354750242
9.125	1.5234078536784796	0.6896149155083477
9.135	1.5189684186993047	0.6782476366812871
9.145	1.5144478022801806	0.7123494731624691
9.155	1.5098482385641756	0.71132539398886
9.165	1.505172075399751	0.7085603802201155
9.175	1.500421773024192	0.7343671753950641
9.185	1.4955999026504094	0.7368249654117258
9.195	1.4907091449579375	0.7703123543887425
9.205	1.4857522884890115	0.7577161805533509
9.215	1.4807322279506714	0.7778905402734495
9.225	1.4756519624239215	0.7833181598935777
9.235	1.470514593481032	0.7724629206533214
9.245	1.4653233232121392	0.7852639103234349
9.255	1.4600814521623775	0.8115827450851879
9.265	1.454792377180833	0.8010347295970145
9.275	1.4494595891826572	0.8197753784740606
9.285	1.4440866708257951	0.8436364232191519
9.295	1.438677294103786	0.8416906727892947
9.305	1.4332352178561978	0.8370823165080538
9.315	1.427764285198298	0.865551717534386
9.325	1.4222684208716334	0.8483471874177536
9.335	1.416751628517254	0.8625818879309196
9.345	1.4112179878733653	0.8530579516163553
9.355	1.405671651899241	0.8480399636656708
9.365	1.4001168438273284	0.8713889688239577
9.375	1.394557854145475	0.8407690015330465
9.385	1.3889990375113062	0.8617626245920323
9.395	1.3834448096007987	0.8438412390538736
9.405	1.3778996438931876	0.8577687158149571
9.415	1.3723680683943384	0.8689311788072959
9.425	1.3668546623008362	0.8426123440455427
9.435	1.361364052607018	0.8488592270045581
9.445	1.3559009106572562	0.8568470445587089
9.455	1.3504699486458664	0.8253054060115494
9.465	1.345075916066997	0.8349317502434748
9.475	1.339723596116959	0.8299137622927903
9.485	1.3344178020514434	0.8371847244254147
9.495	1.329163373500157	0.8067695729692254
9.505	1.3239651727413828	0.7979624920761873
9.515	1.3188280809391133	0.8212090893171132
9.525	1.3137569943452596	0.8136309034324061
9.535	1.3087568204697	0.8044141908699245
9.545	1.303832474220731	0.7722581048185997
9.555	1.298988874018689	0.7855711340755176
9.565	1.2942309378854273	0.7960167416463301
9.575	1.2895635795124165	0.7937637674643901
9.585	1.2849917043102226	0.7750231185873442
9.595	1.2805202054421465	0.7524933767679446
9.605	1.2761539598448595	0.767547340619998
9.615	1.2718978242388057	0.7510596659248919
9.625	1.26775663113128	0.7418429533624102
9.635	1.2637351848149472	0.7679569722894416
9.645	1.2598382573647338	0.737746636667974
9.655	1.2560705846359101	0.7618124972477872
9.665	1.2524368622662743	0.7634510239255616
9.675	1.2489417416852948	0.7227950807332816
9.685	1.2455898261330824	0.7312949378742368
9.695	-Inf	0.0
9.705	-Inf	0.0
9.715	-Inf	0.0
9.725	-Inf	0.0
9.735	-Inf	0.0
9.745	-Inf	0.0
9.755	-Inf	0.0
9.765	-Inf	0.0
9.775	-Inf	0.0
9.785	-Inf	0.0
9.795	-Inf	0.0
9.805	-Inf	0.0
9.815	-Inf	0.0
9.825	-Inf	0.0
9.835	-Inf	0.0
9.845	-Inf	0.0
9.855	-Inf	0.0
9.865	-Inf	0.0
9.875	-Inf	0.0
9.885	-Inf	0.0
9.895	-Inf	0.0
9.905	-Inf	0.0
9.915	-Inf	0.0
9.925	-Inf	0.0
9.935	-Inf	0.0
9.945	-Inf	0.0
9.955	-Inf	0.0
9.965	-Inf	0.0
9.975	-Inf	0.0
9.985	-Inf	0.0
9.995	-Inf	0.0
