0.005	-Inf	0.0
0.015	-Inf	0.0
0.025	-Inf	0.0
0.035	-Inf	0.0
0.045	-Inf	0.0
0.055	-Inf	0.0
0.065	-Inf	0.0
0.075	-Inf	0.0
0.085	-Inf	0.0
0.095	-Inf	0.0
0.105	-Inf	0.0
0.115	-Inf	0.0
0.125	-Inf	0.0
0.135	-Inf	0.0
0.145	-Inf	0.0
0.155	-Inf	0.0
0.165	-Inf	0.0
0.175	-Inf	0.0
0.185	-Inf	0.0
0.195	-Inf	0.0
0.205	-Inf	0.0
0.215	-Inf	0.0
0.225	-Inf	0.0
0.235	-Inf	0.0
0.245	-Inf	0.0
0.255	-Inf	0.0
0.265	-Inf	0.0
0.275	-Inf	0.0
0.285	-Inf	0.0
0.295	-Inf	0.0
0.305	-Inf	0.0
0.315	-Inf	0.0
0.325	-Inf	0.0
0.335	-Inf	0.0
0.345	-Inf	0.0
0.355	-Inf	0.0
0.365	-Inf	0.0
0.375	-Inf	0.0
0.385	-Inf	0.0
0.395	-Inf	0.0
0.405	-Inf	0.0
0.415	-Inf	0.0
0.425	-Inf	0.0
0.435	-Inf	0.0
0.445	-Inf	0.0
0.455	-Inf	0.0
0.465	-Inf	0.0
0.475	-Inf	0.0
0.485	-Inf	0.0
0.495	-Inf	0.0
0.505	-Inf	0.0
0.515	-Inf	0.0
0.525	-Inf	0.0
0.535	-Inf	0.0
0.545	-Inf	0.0
0.555	-Inf	0.0
0.565	-Inf	0.0
0.575	-Inf	0.0
0.585	-Inf	0.0
0.595	-Inf	0.0
0.605	-Inf	0.0
0.615	-Inf	0.0
0.625	-Inf	0.0
0.635	-Inf	0.0
0.645	-Inf	0.0
0.655	-Inf	0.0
0.665	-Inf	0.0
0.675	-Inf	0.0
0.685	-Inf	0.0
0.695	-Inf	0.0
0.705	-Inf	0.0
0.715	-Inf	0.0
0.725	-Inf	0.0
0.735	-Inf	0.0
0.745	-Inf	0.0
0.755	-Inf	0.0
0.765	-Inf	0.0
0.775	-Inf	0.0
0.785	-Inf	0.0
0.795	-Inf	0.0
0.805	-Inf	0.0
0.815	-Inf	0.0
0.825	-Inf	0.0
0.835	-Inf	0.0
0.845	-Inf	0.0
0.855	-Inf	0.0
0.865	-Inf	0.0
0.875	-Inf	0.0
0.885	-Inf	0.0
0.895	-Inf	0.0
0.905	-Inf	0.0
0.915	-Inf	0.0
0.925	-Inf	0.0
0.935	-Inf	0.0
0.945	-Inf	0.0
0.955	-Inf	0.0
0.965	-Inf	0.0
0.975	1.393552699936937	1.0833873719079266
0.985	1.398772727021346	1.039502542222369
0.995	1.4045164689333296	1.053442429298958
1.005	1.4107793191393352	1.0243235540723057
1.015	1.4175564338984492	1.006666363775293
1.025	1.4248427355220417	0.981161533346275
1.035	1.4326329157479918	0.9844658028755405
1.045	1.4409214392273317	0.9600968150972075
1.055	1.4497025471210838	0.9586511971781537
1.065	1.458970260805014	0.9512165907373064
1.075	1.4687183856799586	0.9354180520505057
1.085	1.4789405150853294	0.9327333330579775
1.095	1.4896300343133664	0.88657681807105
1.105	1.5007801247216097	0.900723221993218
1.115	1.5123837679410808	0.8775933352883595
1.125	1.5244337501775382	0.8832725485417845
1.135	1.5369226666031874	0.8493005274440235
1.145	1.5498429258361472	0.8730499646856194
1.155	1.5631867545049338	0.8436213141905985
1.165	1.5769462018951967	0.8413496288892285
1.175	1.5911131446758717	0.8545667070062904
1.185	1.6056792917019265	0.8251380565112696
1.195	1.620636188890761	0.8102688436295749
1.205	1.635975224169386	0.8169806411108954
1.215	1.6516876324893741	0.8009755855785156
1.225	1.6677645009066175	0.8035570461482543
1.235	1.6841967737228603	0.8025244619203588
1.245	1.700975257685958	0.7948833386339323
1.255	1.7180906272457768	0.7686556992453875
1.265	1.735533429862656	0.7847640132005568
1.275	1.7532940913652726	0.7756772719950766
1.285	1.7713629213548092	0.7594656996171177
1.295	1.7897301186522203	0.7870356985019268
1.305	1.8083857767854497	0.752340868444639
1.315	1.8273198895133844	0.763286261260331
1.325	1.8465223563833595	0.7560581716650627
1.335	1.8659829883189594	0.756884239047379
1.345	1.8856915132349403	0.7393303071731561
1.355	1.905637581675994	0.7581233401208536
1.365	1.9258107724761409	0.739123790327577
1.375	1.9462005984355004	0.7401563745554725
1.385	1.9667965120111943	0.7411889587833679
1.395	1.9875879110191481	0.7392270487503665
1.405	2.008564144343541	0.7341673860336787
1.415	2.0297145176506803	0.7198144652659317
1.425	2.0510282991040483	0.719298173151984
1.435	2.072494725077336	0.7156841283543498
1.445	2.0941030058622156	0.6939998595685449
1.455	2.1158423313676815	0.7071136792628174
1.465	2.137701876807759	0.718162330501299
1.475	2.159670808374409	0.6789241298412712
1.485	2.181738288892504	0.7023637918144983
1.495	2.203893483453699	0.6890434552746467
1.505	2.226125565026137	0.6933803090318077
1.515	2.248423720036845	0.673038399742267
1.525	2.2707771539238273	0.6951357022192299
1.535	2.2931750966547413	0.6840870509807485
1.545	2.315606808209217	0.6980269380573373
1.555	2.338061584021807	0.6888369384290676
1.565	2.3605287603826155	0.6829512083300634
1.575	2.382997719792724	0.6817121072565889
1.585	2.405457896271511	0.7118635667111366
1.595	2.427898780613033	0.6834675004440112
1.605	2.450309925588665	0.6805762646059038
1.615	2.4726809510932526	0.6656037933014196
1.625	2.49500154923202	0.6994725559763909
1.635	2.5172614893455973	0.6838805341351694
1.645	2.539450622970514	0.6669461527976837
1.655	2.5615588887325624	0.6701471639041596
1.665	2.58357631717052	0.6490824456550921
1.675	2.605493035487717	0.6659135685697882
1.685	2.6272992722290125	0.6531095241438843
1.695	2.6489853618808046	0.6512508725336725
1.705	2.67054174939173	0.6498052546146189
1.715	2.691958994611759	0.6405119965635596
1.725	2.7132277766474875	0.6304959295529736
1.735	2.7343388981314365	0.6299796374390259
1.745	2.755283289403258	0.630392671130184
1.755	2.77605201260078	0.6074693012709046
1.765	2.7966362656589228	0.626985143178129
1.775	2.8170273862145305	0.6108768292229597
1.785	2.837216855415264	0.6009640206351632
1.795	2.85719630163075	0.6059204249290614
1.805	2.8769575040642197	0.6019966048630586
1.815	2.8964923962630005	0.6078823349620628
1.825	2.9157930695262166	0.6069530091569569
1.835	2.9348517762081503	0.6009640206351632
1.845	2.953660932915823	0.5761819991656719
1.855	2.9722131235993436	0.5779373923530942
1.865	2.990501102533703	0.5751494149377765
1.875	3.0085177971907417	0.5694702016843514
1.885	3.026256311000093	0.5596606515193444
1.895	3.0437099259979425	0.5669919995374022
1.905	3.0608721053625847	0.560899752592819
1.915	3.0777364958357567	0.5420034612223319
1.925	3.094296930028829	0.5192866082086316
1.935	3.1105474286130335	0.5347753716270636
1.945	3.1264822023929337	0.526927731495058
1.955	3.1420956542624308	0.5308515515610608
1.965	3.1573823810427033	0.5172214397528406
1.975	3.1723371752015073	0.5083412153929395
1.985	3.1869550264533464	0.5234169451202134
1.995	3.2012311232401274	0.5627584042030308
2.005	3.2151608540919585	0.5617258199751354
2.015	3.2287398088678074	0.5669919995374022
2.025	3.241963779875861	0.5773178418163569
2.035	3.254828762873462	0.6069530091569569
2.045	3.267330957946561	0.6150071661345415
2.055	3.279466770268747	0.626985143178129
2.065	3.291232810739941	0.626985143178129
2.075	3.302625896504919	0.6414413223686656
2.085	3.313643051351945	0.6793371635324293
2.095	3.3242815059918014	0.6690113212534746
2.105	3.3345386982176226	0.670973231286476
2.115	3.3444122729459913	0.6925542416494913
2.125	3.3539000821398437	0.6979236796345477
2.135	3.3630001846137434	0.7287979480486223
2.145	3.371710845722262	0.7173362631189826
2.155	3.3800305369321393	0.7376781724085233
2.165	3.3879579352790796	0.7257001953649359
2.175	3.3954919227100304	0.7561614300878522
2.185	3.402631585311909	0.7419117677428948
2.195	3.409376212427766	0.740259632978262
2.205	3.4157252956614585	0.763286261260331
2.215	3.4216785277719897	0.7651449128705428
2.225	3.427235801458703	0.7683459239770187
2.235	3.4323972080385694	0.7627699691463832
2.245	3.437163036016951	0.7862096311196104
2.255	3.4415337695531587	0.79312794544651
2.265	3.445510086822284	0.794057271251616
2.275	3.4490928582748146	0.7768131146457616
2.285	3.4522831447955578	0.7977745744720396
2.295	3.4550821957635094	0.8066547988319407
2.305	3.457491447014349	0.7816662605168703
2.315	3.459512518707246	0.8126437873537344
2.325	3.4611472130977896	0.8323661461065379
2.335	3.4623975122188453	0.7823890694763972
2.345	3.4632655754712274	0.8023179450747797
2.355	3.4637537371260967	0.8051059224900975
2.365	3.46386450374107	0.8298879439595888
2.375	3.463600551492057	0.8208012027541086
2.385	3.4629647234228575	0.8223500790959518
2.395	3.46196002661467	0.8076873830598361
2.405	3.4605896292776226	0.8367029998636989
2.415	3.4588568577665115	0.8196653601034236
2.425	3.4567651935229917	0.8297846855367992
2.435	3.4543182699464623	0.8079971583282047
2.445	3.451519869195945	0.8436213141905985
2.455	3.4483739189252915	0.8058287314496243
2.465	3.444884488954078	0.8127470457765239
2.475	3.441055787876568	0.8166708658425267
2.485	3.436892159611183	0.8215240117136354
2.495	3.4323980798929226	0.8331922134888542
2.505	3.4275781527111904	0.7966387318213546
2.515	3.4224371066955603	0.8069645741003093
2.525	3.416979791451963	0.8328824382204856
2.535	3.411211173851864	0.8267901912759024
2.545	3.4051363342769774	0.8002527766189887
2.555	3.3987604628221013	0.8254478317796382
2.565	3.3920888554586606	0.8012853608468843
2.575	3.3851269101615644	0.8011821024240947
2.585	3.377880123002016	0.8103721020523643
2.595	3.370354084208867	0.8322628876837483
2.605	3.362554474201197	0.786519406387979
2.615	3.3544870595947307	0.8044863719533601
2.625	3.3461576891847677	0.8157415400374208
2.635	3.3375722899082576	0.8072743493686779
2.645	3.3287368627876956	0.8024212034975693
2.655	3.3196574788594946	0.8117144615486285
2.665	3.310340275089458	0.797464799203671
2.675	3.3007914502780644	0.7836281705498717
2.685	3.291017260958143	0.7781554741420257
2.695	3.281024017287641	0.7879650243070326
2.705	3.270818078940069	0.7726827777341797
2.715	3.260405850995281	0.7711339013923365
2.725	3.24979377983317	0.7760903056862348
2.735	3.2389883490329083	0.7553353627055358
2.745	3.2279960752802874	0.7577103064296954
2.755	3.2168235042857356	0.7783619909876048
2.765	3.2054772067155684	0.7726827777341797
2.775	3.193963774138982	0.7513082842167436
2.785	3.1822898149933194	0.7609113175361714
2.795	3.170461950570072	0.7370586218717861
2.805	3.1584868110240834	0.7462486215000558
2.815	3.146371031408409	0.7461453630772662
2.825	3.1341212477371987	0.7175427799645616
2.835	3.121744093079019	0.7207437910710376
2.845	3.1092461936829316	0.708559297181871
2.855	3.096634165139675	0.7168199710050348
2.865	3.0839146085801894	0.7070104208400279
2.875	3.0710941069137867	0.7030866007740251
2.885	3.058179221108116	0.6941031179913345
2.895	3.0451764865131516	0.6994725559763909
2.905	3.0320924092313173	0.6948259269508613
2.915	3.0189334625358293	0.6977171627889687
2.925	3.005706083339345	0.6834675004440112
2.935	2.9924166687148945	0.6622995237721541
2.945	2.9790715724710988	0.668908062830685
2.955	2.9656771017835637	0.6630223327316809
2.965	2.9522395138843667	0.6640549169595763
2.975	2.9387650128114244	0.6377240191482418
2.985	2.9252597462195618	0.634523008041766
2.995	2.911729802255004	0.632664356431554
3.005	2.8981812064949644	0.6085018854988001
3.015	2.8846199189539754	0.609431211303906
3.025	2.871051831158555	0.6217189636158621
3.035	2.8574827632916966	0.6237841320716531
3.045	2.843918461408709	0.6262623342186022
3.055	2.8303645947257987	0.6119094134508551
3.065	2.8168267529827515	0.6024096385542168
3.075	2.803310443881049	0.5981760432198454
3.085	2.789821090598669	0.600757503789584
3.095	2.776364029382729	0.6017900880174796
3.105	2.762944507221178	0.6013770543263214
3.115	2.749567679594547	0.5937359310398949
3.125	2.736238608308825	0.5901218862422607
3.135	2.7229622594104037	0.6067464923113778
3.145	2.7097435011839988	0.5990021106021618
3.155	2.6965871022343815	0.6130452561015401
3.165	2.6834977296526983	0.6209961546563353
3.175	2.670479947268117	0.5934261557715262
3.185	2.657538213985437	0.6072627844253256
3.195	2.6446768822092572	0.6216157051930725
3.205	2.631900196355263	0.6046813238555868
3.215	2.619212291449073	0.5919805378524726
3.225	2.606617191813066	0.604887840701166
3.235	2.594118809841558	0.6057139080834824
3.245	2.5817209448645686	0.5988988521793722
3.255	2.5694272821004462	0.6115996381824865
3.265	2.5572413916974903	0.6097409865722747
3.275	2.5451667278646686	0.6227515478437576
3.285	2.533206628091466	0.6123224471420133
3.295	2.5213643124568668	0.6136648066382775
3.305	2.5096428830273285	0.6145941324433833
3.315	2.498045323343653	0.6283275026743931
3.325	2.486574497996534	0.602616155399796
3.335	2.475233152290468	0.6176918851270697
3.345	2.4640239119957625	0.6070562675797464
3.355	2.452949283188213	0.6070562675797464
3.365	2.442011652175993	0.6280177274060245
3.375	2.431213285513276	0.602822672245375
3.385	2.4205563300999953	0.5987955937565826
3.395	2.410042813367139	0.612632222410382
3.405	2.3996746435468688	0.605094357546745
3.415	2.3894536100267545	0.610360537109012
3.425	2.379381383787301	0.6043715485872182
3.435	2.3694595179219315	0.6068497507341674
3.445	2.35968944823852	0.6196537951600711
3.455	2.350072493941503	0.6332839069682914
3.465	2.340609858393567	0.6125289639875925
3.475	2.3313026299558497	0.600550986944005
3.485	2.322151782905523	0.59714345899195
3.495	2.313158178429601	0.6087084023443792
3.505	2.3043225656937696	0.6349360417329242
3.515	2.2956455829849367	0.6182081772410175
3.525	2.287127758926226	0.6280177274060245
3.535	2.278769513763052	0.6190342446233339
3.545	2.27057116071884	0.6131485145243297
3.555	2.262532907418977	0.6059204249290614
3.565	2.2546548573815004	0.6216157051930725
3.575	2.246937011572965	0.6276046937148663
3.585	2.239379270027932	0.6081921102304315
3.595	2.231981433530482	0.6143876155978043
3.605	2.2247432053560607	0.6308057048213422
3.615	2.2176641930719994	0.6091214360355374
3.625	2.210743910394986	0.6130452561015401
3.635	2.203981779103699	0.6316317722036586
3.645	2.1973771310048402	0.6389631202217164
3.655	2.1909292099507356	0.6227515478437576
3.665	2.1846371739066375	0.63586536753803
3.675	2.1785000970658563	0.6162462672080161
3.685	2.172516972010808	0.6136648066382775
3.695	2.1666867119180373	0.6219254804614412
3.705	2.1610081528052465	0.6338001990822391
3.715	2.1554800558183675	0.6244036826083903
3.725	2.150101109556646	0.6404087381407702
3.735	2.144869932433701	0.6346262664645554
3.745	2.139785075072562	0.6377240191482418
3.755	2.1348450227325584	0.6375175023026628
3.765	2.1300481977660115	0.6368979517659256
3.775	2.125392962102639	0.6426804234421402
3.785	2.120877619759548	0.6499085130374084
3.795	2.1165004193746952	0.6198603120056503
3.805	2.112259556761711	0.630186154284605
3.815	2.1081531774839206	0.6340067159278182
3.825	2.1041793794454176	0.6224417725753889
3.835	2.100336215497072	0.6372077270342942
3.845	2.0966216960552853	0.6412348055230865
3.855	2.093033791731344	0.6187244693549653
3.865	2.0895704359692364	0.6338001990822391
3.875	2.0862295276897433	0.645674917703037
3.885	2.083008933938681	0.6293600869022886
3.895	2.0799064925371193	0.6170723345903325
3.905	2.07692001473147	0.6563105352503603
3.915	2.074047287841246	0.6232678399577053
3.925	2.0712860779024362	0.604887840701166
3.935	2.0686341323043305	0.6373109854570838
3.945	2.0660891824176946	0.6444358166295624
3.955	2.0636489462122167	0.6127354808331715
3.965	2.0613111308611356	0.6202733456968085
3.975	2.0590734353309923	0.6441260413611938
3.985	2.0569335529544497	0.6184146940865967
3.995	2.0548891739841797	0.6184146940865967
4.005	2.0529379881257577	0.6414413223686656
4.015	2.051077687047662	0.6282242442516036
4.025	2.049305966866341	0.6199635704284399
4.035	2.047620530604439	0.6117028966052761
4.045	2.0460190906202826	0.5968336837235813
4.055	2.044499371006734	0.6134582897926983
4.065	2.0430591099575404	0.6362784012291882
4.075	2.041696062099385	0.6101540202634329
4.085	2.040408000787809	0.6191375030461235
4.095	2.0391927203652767	0.59941514429332
4.105	2.038048038379626	0.6065399754657987
4.115	2.036971797761244	0.5880567177864698
4.125	2.03596186895726	0.6040617733188496
4.135	2.0350161520211865	0.6019966048630586
4.145	2.034132578656396	0.5813449203051493
4.155	2.033309114211897	0.5967304253007918
4.165	2.032543759628903	0.6117028966052761
4.175	2.0318345533367443	0.5921870546980517
4.185	2.031179573096679	0.5779373923530942
4.195	2.0305769377922562	0.6004477285212154
4.205	2.030024809164889	0.5866110998674161
4.215	2.029521393493327	0.5945619984222112
4.225	2.029064943215833	0.5696767185299304
4.235	2.0286537584938253	0.5955945826501068
4.245	2.02828618871588	0.5942522231538426
4.255	2.0279606339409577	0.5887795267459967
4.265	2.027675546279842	0.5808286281912015
4.275	2.0274294312137595	0.6148006492889625
4.285	2.027220848849268	0.6074693012709046
4.295	2.0270484151084815	0.598485818488214
4.305	2.0269108028538203	0.5819644708418865
4.315	2.0268067429464685	0.5998281779844782
4.325	2.026735025237819	0.5976597511058976
4.335	2.026694499493214	0.589605594128313
4.345	2.026684076247344	0.5922903131208412
4.355	2.0267027275907417	0.6123224471420133
4.365	2.026749487886837	0.5967304253007918
4.375	2.026823454419114	0.6095344697266956
4.385	2.026923787967954	0.600550986944005
4.395	2.027049713316811	0.6074693012709046
4.405	2.0272005196874208	0.6065399754657987
4.415	2.027375561103795	0.6180016603954385
4.425	2.0275742566848214	0.6055073912379032
4.435	2.0277960908653268	0.5947685152677904
4.445	2.0280406135455395	0.6148006492889625
4.455	2.028307440168926	0.6138713234838565
4.465	2.028596251728443	0.6209961546563353
4.475	2.0289067947012898	0.6095344697266956
4.485	2.0292388809123336	0.602822672245375
4.495	2.029592387326382	0.6176918851270697
4.505	2.029967255769599	0.6012737959035318
4.515	2.030363492580349	0.6088116607671687
4.525	2.030781168189878	0.6012737959035318
4.535	2.0312204166332233	0.6156267166712789
4.545	2.0316814349908685	0.6053008743923242
4.555	2.032164482761663	0.6041650317416392
4.565	2.032669881167591	0.6232678399577053
4.575	2.033198012391068	0.6058171665062719
4.585	2.033749318745418	0.6196537951600711
4.595	2.0343243017793333	0.613768065061067
4.605	2.034923521316066	0.6208928962335457
4.615	2.035547594428256	0.6025128969770064
4.625	2.036197194349263	0.6169690761675429
4.635	2.0368730493219926	0.6002412116756364
4.645	2.037575941386181	0.6215124467702831
4.655	2.0383067051052364	0.6142843571750147
4.665	2.0390662262336954	0.5995184027161096
4.675	2.039855440326488	0.6222352557298099
4.685	2.0406753312911703	0.6159364919396475
4.695	2.0415269298843772	0.631528513780869
4.705	2.042411312153796	0.6209961546563353
4.715	2.043329597826958	0.5937359310398949
4.725	2.0442829486482577	0.6076758181164837
4.735	2.0452725666655853	0.6152136829801207
4.745	2.0462996924680232	0.6382403112621896
4.755	2.0473656033761305	0.6362784012291882
4.765	2.048471611586316	0.6160397503624371
4.775	2.0496190622708896	0.6093279528811165
4.785	2.0508093316353744	0.6068497507341674
4.795	2.052043824934755	0.6143876155978043
4.805	2.0533239744503033	0.630392671130184
4.815	2.0546512374286947	0.6283275026743931
4.825	2.0560270939852034	0.6294633453250781
4.835	2.0574530449726307	0.6190342446233339
4.845	2.0589306098179105	0.6177951435498593
4.855	2.060461324328097	0.6272949184464977
4.865	2.062046738467651	0.6215124467702831
4.875	2.063688414108882	0.6333871653910809
4.885	2.0653879227574414	0.6024096385542168
4.895	2.0671468432548097	0.6266753679097604
4.905	2.06896675945968	0.6238873904944426
4.915	2.070849257910283	0.639066378644506
4.925	2.0727959254694968	0.6221319973070203
4.935	2.0748083469549057	0.6241971657628113
4.945	2.076888102755678	0.6341099743506078
4.955	2.0790367664383824	0.6248167162995485
4.965	2.0812559023437167	0.6463977266625638
4.975	2.083547063176255	0.6243004241856008
4.985	2.085911787589233	0.6168658177447534
4.995	2.088351597766439	0.6305991879757632
5.005	2.090867997003323	0.6251264915679171
5.015	2.093462467289338	0.6343164911961868
5.025	2.0961364668936393	0.6245069410311799
5.035	2.098891427956228	0.6322513227403959
5.045	2.1017287540865914	0.6222352557298099
5.055	2.104649817971921	0.6357621091152404
5.065	2.107655958997035	0.6178984019726489
5.075	2.110748480878002	0.6229580646893367
5.085	2.113928649311629	0.6183114356638071
5.095	2.117197689642769	0.6228548062665471
5.105	2.1205567845515834	0.6124257055648029
5.115	2.124007071762767	0.6107735708001701
5.125	2.1275496417787587	0.6263655926413917
5.135	2.131185535638969	0.6365881764975568
5.145	2.1349157427070224	0.6202733456968085
5.155	2.138741198487987	0.6112898629141179
5.165	2.14266278247758	0.6031324475137436
5.175	2.1466813160452713	0.5976597511058976
5.185	2.150797560353241	0.6152136829801207
5.195	2.155012214313069	0.6184146940865967
5.205	2.159325912582048	0.6075725596936942
5.215	2.1637392236009902	0.6164527840535953
5.225	2.1682526476753297	0.6189309862005443
5.235	2.1728666151013476	0.6115996381824865
5.245	2.17758148433928	0.6064367170430092
5.255	2.1823975402350575	0.6002412116756364
5.265	2.1873149922923685	0.6131485145243297
5.275	2.1923339729967792	0.6161430087852265
5.285	2.1974545361934648	0.6003444700984258
5.295	2.202676655520249	0.608295368653221
5.305	2.208000222897466	0.59941514429332
5.315	2.2134250470762016	0.6059204249290614
5.325	2.2189508522464005	0.6008607622123736
5.335	2.2245772767062992	0.6161430087852265
5.345	2.230303871594594	0.6073660428481151
5.355	2.2361300996866955	0.6192407614689129
5.365	2.2420553342564578	0.5929098636575785
5.375	2.2480788580045625	0.596214133186844
5.385	2.2541998620548966	0.6072627844253256
5.395	2.2604174450200594	0.6107735708001701
5.405	2.2667306121371094	0.59714345899195
5.415	2.2731382744747477	0.6234743568032844
5.425	2.27963924821287	0.6076758181164837
5.435	2.286232253995548	0.6333871653910809
5.445	2.2929159163583455	0.6043715485872182
5.455	2.2996887632309124	0.599621661138899
5.465	2.3065492255156115	0.609431211303906
5.475	2.3134956367430473	0.6178984019726489
5.485	2.3205262328051837	0.6113931213369074
5.495	2.3276391517666997	0.6249199747223381
5.505	2.334832433755286	0.6093279528811165
5.515	2.3421040209313633	0.6104637955318015
5.525	2.3494517575377745	0.6237841320716531
5.535	2.3568733900298855	0.6252297499907067
5.545	2.3643665672865075	0.6237841320716531
5.555	2.371928840901952	0.6120126718736447
5.565	2.3795576655595054	0.6115996381824865
5.575	2.3872503994865584	0.6228548062665471
5.585	2.395004304991527	0.6136648066382775
5.595	2.402816549082671	0.6162462672080161
5.605	2.4106842041688736	0.6209961546563353
5.615	2.418604248842335	0.6287405363655513
5.625	2.42657356874311	0.6200668288512293
5.635	2.4345889575053805	0.626985143178129
5.645	2.4426471177852243	0.6157299750940683
5.655	2.4507446623696403	0.5959043579184754
5.665	2.4588781153665376	0.6325610980087646
5.675	2.467043913475265	0.6357621091152404
5.685	2.4752384073372897	0.6000346948300572
5.695	2.483457862966491	0.6239906489172321
5.705	2.4916984632585573	0.6340067159278182
5.715	2.499956309578819	0.6266753679097604
5.725	2.5082274234279014	0.6360718843836092
5.735	2.5165077481844187	0.632457839585975
5.745	2.524793150923938	0.6408217718319283
5.755	2.533079424313384	0.6483596366955652
5.765	2.541362288579939	0.6384468281077688
5.775	2.5496373935535135	0.6354523338468718
5.785	2.557900320781741	0.6448488503207206
5.795	2.5661465857164516	0.6592017710884677
5.805	2.574371639970458	0.6484628951183548
5.815	2.5825708736435096	0.6428869402877192
5.825	2.590739617716134	0.6453651424346684
5.835	2.5988731465101176	0.6435064908244565
5.845	2.606966680214247	0.6465009850853534
5.855	2.6150153874739206	0.6576528947466245
5.865	2.623014388043199	0.6658103101469987
5.875	2.6309587554977876	0.6640549169595763
5.885	2.638843520007396	0.6437130076700356
5.895	2.64666367116588	0.6526964904527262
5.905	2.65441416087755	0.6519736814931993
5.915	2.6620899062979055	0.6789241298412712
5.925	2.669685792827113	0.6745872760841102
5.935	2.6771966771544218	0.6789241298412712
5.945	2.6846173903516832	0.658891995820099
5.955	2.691942741014135	0.6793371635324293
5.965	2.6991675184465374	0.6783045793045338
5.975	2.7062864958926953	0.6767557029626906
5.985	2.713294433806409	0.6862554778593289
5.995	2.7201860831618063	0.7097983982553456
6.005	2.7269561888010276	0.6994725559763909
6.015	2.73359949281713	0.7070104208400279
6.025	2.740110737970127	0.7043257018474997
6.035	2.7464846711339685	0.7011246907410237
6.045	2.7527160467722855	0.6994725559763909
6.055	2.7587996304406937	0.6888369384290676
6.065	2.764730202313373	0.7053582860753951
6.075	2.770502560731683	0.7120700835567156
6.085	2.776111525772489	0.7078364882223442
6.095	2.781551942833894	0.6906955900392795
6.105	2.786818686236012	0.7261132290560941
6.115	2.791906662834432	0.7108309824832412
6.125	2.796810815643972	0.7123798588250844
6.135	2.801526127470334	0.7053582860753951
6.145	2.806047624547211	0.7235317684863554
6.155	2.810370380176461	0.6878043542011721
6.165	2.814489518368846	0.7179558136557198
6.175	2.818400217482899	0.711760308288347
6.185	2.822097713859468	0.6906955900392795
6.195	2.8255773054494258	0.7080430050679234
6.205	2.8288343554320794	0.6888369384290676
6.215	2.8318642958217968	0.714961319394823
6.225	2.834662631060335	0.7063908703032906
6.235	2.8372249415923934	0.7121733419795052
6.245	2.8395468874219016	0.707423454531186
6.255	2.8416242116465344	0.715890645199929
6.265	2.8434527439679598	0.7145482857036648
6.275	2.8450284041753684	0.718368847346878
6.285	2.8463472055997694	0.7283849143574641
6.295	2.847405258536594	0.734786936570416
6.305	2.848198773634175	0.7373683971401547
6.315	2.8487240652455954	0.7431508688163693
6.325	2.8489775547415315	0.7254936785193568
6.335	2.8489557737816353	0.7088690724502398
6.345	2.848655367542068	0.7339608691880997
6.355	2.8480730978967714	0.7317924423095191
6.365	2.8472058465501666	0.7276621053979373
6.375	2.846050618118877	0.714754802549244
6.385	2.844604543160174	0.7162004204682976
6.395	2.8428648811448927	0.7292109817397805
6.405	2.8408290233724554	0.7374716555629443
6.415	2.838494495825851	0.7226024426812495
6.425	2.8358589619643024	0.7319989591550983
6.435	2.8329202254514714	0.7155808699315602
6.445	2.8296762328169973	0.7304500828132551
6.455	2.826125076049339	0.7216731168761435
6.465	2.8222649951177665	0.740259632978262
6.475	2.8180943804214604	0.7473844641507408
6.485	2.8136117751637895	0.7145482857036648
6.495	2.808815877649689	0.7280751390890955
6.505	2.803705543504308	0.7353032286843637
6.515	2.798279787810989	0.7131026677846112
6.525	2.792537787166775	0.7153743530859812
6.535	2.7864788816536015	0.7240480606003031
6.545	2.7801025767235013	0.7230154763724077
6.555	2.7734085449960473	0.7390205319047874
6.565	2.7663966279664294	0.735922779221101
6.575	2.7590668376225573	0.7228089595268286
6.585	2.7514193579696142	0.7264230043244627
6.595	2.7434545464606126	0.7163036788910871
6.605	2.735172935331463	0.7105212072148724
6.615	2.7265752328392128	0.7144450272808752
6.625	2.7176623244020597	0.7187818810380362
6.635	2.708435273639954	0.7024670502372878
6.645	2.698895323314491	0.7196079484203526
6.655	2.689043896166978	0.7135157014757694
6.665	2.678882595653584	0.6899727810797527
6.675	2.6684132065764876	0.690798848462069
6.685	2.6576376956101133	0.7007116570498655
6.695	2.6465582117214943	0.6738644671245834
6.705	2.635177086483939	0.6727286244738983
6.715	2.623496834283165	0.6803697477603248
6.725	2.6115201524152885	0.6799567140691666
6.735	2.5992499210758724	0.6455716592802474
6.745	2.5866892032395503	0.6883206463151199
6.755	2.5738412444296697	0.6615767148126273
6.765	2.560709472377461	0.6469140187765116
6.775	2.547297496570405	0.6660168269925778
6.785	2.5336091076894465	0.6518704230704098
6.795	2.5196482769347956	0.639066378644506
6.805	2.5054191552401166	0.6374142438798732
6.815	2.4909260723750775	0.6355555922696614
6.825	2.476173535936097	0.630186154284605
6.835	2.461166230225361	0.6232678399577053
6.845	2.4459090150182763	0.6285340195199722
6.855	2.4304069242193767	0.6200668288512293
6.865	2.4146651644070642	0.6168658177447534
6.875	2.398689113267374	0.6245069410311799
6.885	2.38248431791724	0.6142843571750147
6.895	2.36605649311759	0.6418543560598238
6.905	2.3494115193769147	0.6132517729471193
6.915	2.3325554409458036	0.5983825600654245
6.925	2.315494463703107	0.6330773901227122
6.935	2.2982349529345263	0.5944587399994217
6.945	2.280783431004316	0.6083986270760106
6.955	2.2631465749210733	0.6152136829801207
6.965	2.2453312137984467	0.5908446952017876
6.975	2.227344326211841	0.5993118858705304
6.985	2.209193037452144	0.5819644708418865
6.995	2.1908846166776423	0.5877469425181012
7.005	2.172426473965279	0.5826872798014133
7.015	2.15382615726259	0.609431211303906
7.025	2.135091349241619	0.59714345899195
7.035	2.1162298640561845	0.5953880658045276
7.045	2.0972496440040507	0.5888827851687862
7.055	2.078158756095418	0.5979695263742664
7.065	2.058965388529433	0.6119094134508551
7.075	2.0396778470803003	0.614903907711752
7.085	2.0203045513947693	0.6027194138225854
7.095	2.0008540312026972	0.6020998632858482
7.105	1.9813349224426136	0.6027194138225854
7.115	1.9617559633041382	0.6006542453667946
7.125	1.9421259901891825	0.6150071661345415
7.135	1.922453933593998	0.6170723345903325
7.145	1.902748813914118	0.5987955937565826
7.155	1.8830197371742718	0.6181049188182279
7.165	1.8632758906855187	0.6067464923113778
7.175	1.8435265386317887	0.6061269417746405
7.185	1.823781017588077	0.6068497507341674
7.195	1.8040487319726866	0.6093279528811165
7.205	1.7843391494358574	0.6118061550280656
7.215	1.7646617961871802	0.5880567177864698
7.225	1.745026252264318	0.6273981768692872
7.235	1.7254421467455228	0.6206863793879667
7.245	1.7059191529084754	0.6090181776127478
7.255	1.6864669833380792	0.5870241335585743
7.265	1.6670953849858585	0.6074693012709046
7.275	1.6478141341836077	0.6032357059365332
7.285	1.628633031613975	0.5995184027161096
7.295	1.6095618972408254	0.6070562675797464
7.305	1.5906105652020537	0.5855785156395207
7.315	1.5717888786677428	0.6027194138225854
7.325	1.5531066846664858	0.5901218862422607
7.335	1.5345738288827158	0.6165560424763847
7.345	1.5162001504279847	0.6102572786862224
7.355	1.497995476589118	0.6095344697266956
7.365	1.4799696175561787	0.6042682901644287
7.375	1.4621323611331853	0.5831003134925715
7.385	1.4444934674346566	0.5917740210068935
7.395	1.4270626635709103	0.5987955937565826
7.405	1.4098496383251982	0.5889860435915757
7.415	1.392864036825718	0.5850622235255729
7.425	1.3761154552155055	0.5963173916096336
7.435	1.3596134353233562	0.6002412116756364
7.445	1.343367459338793	0.5852687403711521
7.455	1.3273869444942088	0.5886762683232071
7.465	1.3116812377572133	0.5946652568450008
7.475	1.2962596105363693	0.5911544704701562
7.485	1.281131253403336	0.5845459314116253
7.495	1.2663052708345601	0.6045780654327974
7.505	1.2517906759756194	0.5758722238973033
7.515	1.237596385431257	0.5840296392976775
7.525	1.2237312140842662	0.5825840213786239
7.535	1.2102038699462754	0.5661659321550858
7.545	1.19702294904347	0.563377954739768
7.555	1.1841969303403834	0.5827905382242029
7.565	1.1717341707047562	0.5646170558132426
7.575	1.1596428999165025	0.5888827851687862
7.585	1.1479312157238202	0.5711223364489841
7.595	1.1366070789494385	0.5827905382242029
7.605	1.1256783086499516	0.5685408758792454
7.615	1.115152577331246	0.5825840213786239
7.625	1.1050374062229307	0.5644105389676636
7.635	1.0953401606146476	0.5632746963169786
7.645	1.0860680452572025	0.5388024501158559
7.655	1.0772280998313237	0.5726712127908273
7.665	1.068827194486877	0.551090202427812
7.675	1.0608720254553363	0.5528455956152343
7.685	1.053369110738244	0.5513999776961807
7.695	1.0463247858744036	0.5462370565567033
7.705	1.039745199788441	0.5593508762509758
7.715	1.0336363107234205	0.5515032361189702
7.725	1.028003882260089	0.554497730379867
7.735	1.0228534794252861	0.5321939110573249
7.745	1.018190464892068	0.5426230117590691
7.755	1.0140199952739812	0.5403513264576991
7.765	1.010347017515909	0.5364275063916963
7.775	1.0071762653838556	0.5253788551532148
7.785	1.0045122560559958	0.5343623379359054
7.795	1.0023592868172242	0.5077216648562023
7.805	1.00072143185945	0.5115422264994155
7.815	0.9996025391897678	0.4877927892578197
7.825	0.9990062276486045	0.4899612161364002
7.835	0.9989358840398852	0.4680704305050163
7.845	0.9993946603752086	0.47746694697886505
7.855	1.0003854712339282	0.4457666111824741
7.865	1.001910991241019	0.4322397577970435
7.875	1.003973652664511	0.43946784739231176
7.885	1.0065756431342265	0.4215008818269306
7.895	1.0097189034834813	0.42263672447761563
7.905	1.0134051257153471	0.38536043385058916
7.915	1.0176357510950242	0.3738987489209495
7.925	1.0224119683697386	0.35913279446204427
7.935	1.027734712117622	0.3444700984259286
7.945	1.0336046612268337	0.33001391923539203
7.955	1.0400222375062123	0.3164870658499614
7.965	1.0469876044286197	0.2886072916967837
7.975	1.0545006660080816	0.27373807881508894
7.985	1.0625610658117541	0.23047279966626877
7.995	1.0711681861076698	0.21095695775904438
8.005	1.0803211471491507	0.1784305545803371
8.015	1.0900188065966663	0.15540392629826813
8.025	1.1002597590778969	0.1196765120130849
8.035	1.1110423358866186	0.10160628802491418
8.045	1.1223646048209863	0.11255168084060617
8.055	1.134224370161729	0.10738875970112882
8.065	1.1466191727906319	0.12029606254982218
8.075	1.1595462904496672	0.11017673711644659
8.085	1.173002738141003	0.11296471453176435
8.095	1.1869852686680997	0.12649156791719499
8.105	1.2014903733179256	0.12969257902367096
8.115	1.2165142826843742	0.12267100627398177
8.125	1.232052967632756	0.133100106975726
8.135	1.2481021404052484	0.1313447137883037
8.145	1.2646572558670468	0.14094774710773156
8.155	1.281713512892949	0.1465237019383671
8.165	1.2992658558939378	0.14549111771047163
8.175	1.3173089764832695	0.1465237019383671
8.185	1.3358373152816183	0.1502410051587908
8.195	1.354845063860504	0.15395830837921448
8.205	1.3743261668234015	0.15943100478706046
8.215	1.3942743240236621	0.170479656025542
8.225	1.4146829929184255	0.1685177459925406
8.235	1.4355453910575122	0.1821478578007608
8.245	1.456854498706346	0.18555538575281585
8.255	1.4786030616017194	0.19546819434061236
8.265	1.500783593839202	0.19133785742903048
8.275	1.523388380891062	0.1967072954140869
8.285	1.5464094827531603	0.1986692054470883
8.295	1.5698387372195701	0.21291886779204577
8.305	1.5936677632833152	0.22128280003799908
8.315	1.6178879646617221	0.22148931688357817
8.325	1.642490533444719	0.24203774301869801
8.335	1.6674664538643482	0.25019515841907225
8.345	1.692806506183755	0.24007583298569662
8.355	1.7185012707037595	0.265064371300767
8.365	1.7445411318850677	0.2763195393848276
8.375	1.7709162825841487	0.27115661824535026
8.385	1.7976167284007292	0.2985201002845802
8.395	1.8246322921347236	0.30481886407474257
8.405	1.8519526183504331	0.31669358269554043
8.415	1.8795671780457566	0.3271226833972847
8.425	1.9074652734240374	0.3174163916550673
8.435	1.9356360427662285	0.34281796366129585
8.445	1.9640684654008813	0.36315987295083657
8.455	1.9927513667694325	0.36718695143962893
8.465	2.021673423584246	0.40528930944897174
8.475	2.050823169076807	0.4146858259228205
8.485	2.0801889983333286	0.42232694920924696
8.495	2.109759173715082	0.4478317796382651
8.505	2.1395218303606574	0.4557826781930602
8.515	2.1694649817672524	0.4835591939234483
8.525	2.1995765254482813	0.49636323834935214
8.535	2.229844248664077	0.5196996418997898
8.545	2.26025583422302	0.5519162698101284
8.555	2.290798866349831	0.5403513264576991
8.565	2.32146083661807	0.5949750321133694
8.575	2.35222914994373	0.6042682901644287
8.585	2.3830911306367346	0.6320448058948168
8.595	2.414034028507154	0.6539355915262007
8.605	2.445045025022988	0.6790273882640606
8.615	2.4761112395161926	0.7176460383873512
8.625	2.50721973543361	0.7509985089483748
8.635	2.538357526629667	0.7806336762889748
8.645	2.5695115836972873	0.8221435622503728
8.655	2.600668840333764	0.8232794049010578
8.665	2.6318161997381844	0.8602459202597156
8.675	2.662940541036948	0.9160054685660709
8.685	2.6940287257339364	0.967944455229213
8.695	2.7250676041819486	0.9975796225698129
8.705	2.756044022071844	0.9972698473014443
8.715	2.7869448269358963	1.0571597325193816
8.725	2.817756874661935	1.120870179380532
8.735	2.8484670360147004	1.1445163581993383
8.745	2.8790622031608826	1.2276393885449235
8.755	2.9095292961943384	1.258307140113419
8.765	2.939855269657934	1.3116917446956147
8.775	2.970027119058524	1.3505169116644844
8.785	3.000031887371437	1.41990657177906
8.795	3.0298566715310127	1.4892962318936356
8.805	3.0594886289036096	1.5009644336688543
8.815	3.088914983739586	1.605668474377455
8.825	3.1181230336007237	1.6437708323867977
8.835	3.1471001557595626	1.7174973462585341
8.845	3.175833813567155	1.8121853199565487
8.855	3.204311562785795	1.828500150757297
8.865	3.232521057883201	1.9415681237118512
8.875	3.260450058284703	1.9961918293675214
8.885	3.2880864345800345	2.0585599167324076
8.895	3.315418174681278	2.187323169950973
8.905	3.342433389928627	2.239468673459694
8.915	3.369120321140522	2.310303951493323
8.925	3.395467344604934	2.4181057448856103
8.935	3.4214629780083534	2.492451809294084
8.945	3.4470958862993837	2.564939222092346
8.955	3.472354887483482	2.6078947259727974
8.965	3.4972289583458758	2.783021011023869
8.975	3.52170724009929	2.850965053219391
8.985	3.545779043953459	2.9663047114753147
8.995	3.5694338566033297	3.093002796238089
9.005	3.5926613456328447	3.173234590745567
9.015	3.6154513648313946	3.245205711429881
9.025	3.6377939594198914	3.41640817641495
9.035	-Inf	0.0
9.045	-Inf	0.0
9.055	-Inf	0.0
9.065	-Inf	0.0
9.075	-Inf	0.0
9.085	-Inf	0.0
9.095	-Inf	0.0
9.105	-Inf	0.0
9.115	-Inf	0.0
9.125	-Inf	0.0
9.135	-Inf	0.0
9.145	-Inf	0.0
9.155	-Inf	0.0
9.165	-Inf	0.0
9.175	-Inf	0.0
9.185	-Inf	0.0
9.195	-Inf	0.0
9.205	-Inf	0.0
9.215	-Inf	0.0
9.225	-Inf	0.0
9.235	-Inf	0.0
9.245	-Inf	0.0
9.255	-Inf	0.0
9.265	-Inf	0.0
9.275	-Inf	0.0
9.285	-Inf	0.0
9.295	-Inf	0.0
9.305	-Inf	0.0
9.315	-Inf	0.0
9.325	-Inf	0.0
9.335	-Inf	0.0
9.345	-Inf	0.0
9.355	-Inf	0.0
9.365	-Inf	0.0
9.375	-Inf	0.0
9.385	-Inf	0.0
9.395	-Inf	0.0
9.405	-Inf	0.0
9.415	-Inf	0.0
9.425	-Inf	0.0
9.435	-Inf	0.0
9.445	-Inf	0.0
9.455	-Inf	0.0
9.465	-Inf	0.0
9.475	-Inf	0.0
9.485	-Inf	0.0
9.495	-Inf	0.0
9.505	-Inf	0.0
9.515	-Inf	0.0
9.525	-Inf	0.0
9.535	-Inf	0.0
9.545	-Inf	0.0
9.555	-Inf	0.0
9.565	-Inf	0.0
9.575	-Inf	0.0
9.585	-Inf	0.0
9.595	-Inf	0.0
9.605	-Inf	0.0
9.615	-Inf	0.0
9.625	-Inf	0.0
9.635	-Inf	0.0
9.645	-Inf	0.0
9.655	-Inf	0.0
9.665	-Inf	0.0
9.675	-Inf	0.0
9.685	-Inf	0.0
9.695	-Inf	0.0
9.705	-Inf	0.0
9.715	-Inf	0.0
9.725	-Inf	0.0
9.735	-Inf	0.0
9.745	-Inf	0.0
9.755	-Inf	0.0
9.765	-Inf	0.0
9.775	-Inf	0.0
9.785	-Inf	0.0
9.795	-Inf	0.0
9.805	-Inf	0.0
9.815	-Inf	0.0
9.825	-Inf	0.0
9.835	-Inf	0.0
9.845	-Inf	0.0
9.855	-Inf	0.0
9.865	-Inf	0.0
9.875	-Inf	0.0
9.885	-Inf	0.0
9.895	-Inf	0.0
9.905	-Inf	0.0
9.915	-Inf	0.0
9.925	-Inf	0.0
9.935	-Inf	0.0
9.945	-Inf	0.0
9.955	-Inf	0.0
9.965	-Inf	0.0
9.975	-Inf	0.0
9.985	-Inf	0.0
9.995	-Inf	0.0
