0.005	-Inf	0.0
0.015	-Inf	0.0
0.025	-Inf	0.0
0.035	-Inf	0.0
0.045	-Inf	0.0
0.055	-Inf	0.0
0.065	-Inf	0.0
0.075	-Inf	0.0
0.085	-Inf	0.0
0.095	-Inf	0.0
0.105	-Inf	0.0
0.115	-Inf	0.0
0.125	-1.320259429386135	0.18495192485962866
0.135	-1.321142494975446	0.1885475880403748
0.145	-1.3220094948016905	0.1912443354259344
0.155	-1.3228610091233703	0.18483956038523036
0.165	-1.323697648815749	0.18562611170601856
0.175	-1.324520053718841	0.17821005639572968
0.185	-1.3253288909636445	0.18776103671958658
0.195	-1.326124853278216	0.19045778410514616
0.205	-1.3269086572751703	0.1824799064228657
0.215	-1.327681041722226	0.18674975645000172
0.225	-1.3284427657974036	0.18528901828282363
0.235	-1.3291946073305068	0.18641266302680679
0.245	-1.3299373610325331	0.17877187876772127
0.255	-1.3306718367146446	0.1795584300885095
0.265	-1.331398857498352	0.18292936432045898
0.275	-1.332119258018577	0.18472719591083203
0.285	-1.3328338826212336	0.18180571957647582
0.295	-1.3335435835569975	0.17573803795896673
0.305	-1.3342492191729316	0.17495148663817853
0.315	-1.3349516521036093	0.18630029855240846
0.325	-1.3356517474634118	0.1784347853445263
0.335	-1.336350371041652	0.17562567348456842
0.345	-1.3370483875021666	0.18630029855240846
0.355	-1.3377466585890412	0.1789966077165179
0.365	-1.3384460413400905	0.1795584300885095
0.375	-1.3391473863097456	0.18495192485962866
0.385	-1.3398515358029537	0.18472719591083203
0.395	-1.3405593221217142	0.18405300906444214
0.405	-1.3412715658258607	0.18135626167888255
0.415	-1.3419890740096576	0.1851766538084253
0.425	-1.3427126385958128	0.1796707945629078
0.435	-1.3434430346484458	0.17944606561411117
0.445	-1.3441810187065764	0.18809813014278154
0.455	-1.344927327139642	0.18304172879485728
0.465	-1.3456826745265755	0.18472719591083203
0.475	-1.3464477520599099	0.17854714981892464
0.485	-1.3472232259764039	0.18607556960361182
0.495	-1.3480097360156176	0.18191808405087412
0.505	-1.348807893907874	0.17663695375415325
0.515	-1.3496182818929996	0.18528901828282363
0.525	-1.350441451271237	0.18540138275722193
0.535	-1.351277920987658	0.17978315903730613
0.545	-1.352128176251416	0.18292936432045898
0.555	-1.3529926671911336	0.19101960647713775
0.565	-1.353871807547684	0.1803449814092977
0.575	-1.3547659734056083	0.17910897219091623
0.585	-1.3556755019643785	0.19023305515634953
0.595	-1.3566006903506733	0.17450202874058526
0.605	-1.3575417944728136	0.18394064459004383
0.615	-1.3584990279184688	0.17910897219091623
0.625	-1.3594725608966998	0.18000788798610276
0.635	-1.3604625192253845	0.18472719591083203
0.645	-1.361468983365031	0.17798532744693304
0.655	-1.36249198749994	0.18674975645000172
0.665	-1.3635315186676429	0.18304172879485728
0.675	-1.364587515937521	0.17933370113971286
0.685	-1.365659869639438	0.18562611170601856
0.695	-1.3667484206432179	0.18214281299967075
0.705	-1.3678529596897295	0.18607556960361182
0.715	-1.3689732267743073	0.18394064459004383
0.725	-1.3701089105832143	0.178322420870128
0.735	-1.3712596479837778	0.17910897219091623
0.745	-1.3724250235688167	0.17978315903730613
0.755	-1.3736045692559202	0.1838282801156455
0.765	-1.3747977639420985	0.17337838399660208
0.775	-1.37600403321428	0.18697448539879835
0.785	-1.377222749116092	0.1789966077165179
0.795	-1.3784532299713126	0.1879857656683832
0.805	-1.3796947402643294	0.17618749585656
0.815	-1.380946490577915	0.17371547741979704
0.825	-1.3822076375885637	0.1706816366110425
0.835	-1.3834772841195988	0.17585040243336506
0.845	-1.3847544792522124	0.1886599525147731
0.855	-1.386038218494555	0.18349118669245057
0.865	-1.3873274440089363	0.16967035634145766
0.875	-1.388621044897173	0.18270463537166234
0.885	-1.3899178575440485	0.18135626167888255
0.895	-1.3912166660188185	0.17629986033095832
0.905	-1.3925162025346507	0.18259227089726401
0.915	-1.3938151479658296	0.17506385111257683
0.925	-1.3951121324225229	0.1686590760718728
0.935	-1.3964057358828488	0.178322420870128
0.945	-1.3976944888819522	0.17225473925261892
0.955	-1.3989768732577303	0.16663651553270312
0.965	-1.4002513229528282	0.17247946820141555
0.975	-1.4015162248724555	0.16697360895589805
0.985	-1.4027699197975463	0.16483868394233003
0.995	-1.4040107033527338	0.17382784189419534
1.005	-1.405236827028562	0.17405257084299197
1.015	-1.4064464992573231	0.17180528135502565
1.025	-1.407637886541854	0.16191720760797382
1.035	-1.4088091146365913	0.17034454318784756
1.045	-1.409958269780132	0.16427686157033847
1.055	-1.4110833999785133	0.16191720760797382
1.065	-1.4121825163383779	0.16922089844386437
1.075	-1.4132535944491478	0.16955799186705933
1.085	-1.4142945758132968	0.1638274036727452
1.095	-1.4153033693237569	0.1748391221637802
1.105	-1.416277852787476	0.1501189377961506
1.115	-1.4172158744940786	0.15663607731125295
1.125	-1.4181152548285654	0.15731026415764285
1.135	-1.4189737879269406	0.15787208652963444
1.145	-1.4197892433736108	0.16416449709594014
1.155	-1.4205593679393842	0.15922046022241423
1.165	-1.42128188735884	0.16674888000710142
1.175	-1.4219545081458178	0.1625913944543637
1.185	-1.4225749194457382	0.1679848892254829
1.195	-1.4231407949234385	0.16922089844386437
1.205	-1.423649794685162	0.15933282469681254
1.215	-0.9420068135703847	0.2609103095528905
1.225	-0.9846319584608695	0.24798839499708414
1.235	-1.027193146305546	0.2375384988780407
1.245	-1.0696880028302806	0.22225693035986968
1.255	-1.1121141502751946	0.21427905267758923
1.265	-1.154469209491515	0.21371723030559764
1.275	-1.1967508020622966	0.20270551181456264
1.285	-1.2389565524454371	0.1941658117602906
1.295	-1.281084090137399	0.1838282801156455
1.305	-1.323131051856001	0.1845024669620354
1.315	-1.3650950837406564	0.17023217871344923
1.325	-1.4069738435683798	0.16202957208237215
1.335	-1.4487650029839092	0.15438878782328663
1.345	-1.4904662497422219	0.14820874173137924
1.355	-1.5320752899617438	0.1451749009226247
1.365	-1.5735898503865346	0.13506209822677623
1.375	-1.6150076806556855	0.1348373692779796
1.385	-1.656326555578201	0.1252863889541227
1.395	-1.6975442774115785	0.12438747315893617
1.405	-1.7386586781423303	0.11719614679744393
1.415	-1.779667621766644	0.11315102571910454
1.425	-1.820569006569414	0.10719570857599377
1.435	-1.861360767399825	0.1004538401120948
1.445	-1.90204087794169	0.09550980323856888
1.455	-1.9426073529767591	0.09123995321143286
1.465	-1.9830582506391443	0.08764429003068673
1.475	-2.0233916746591025	0.08910502819786484
1.485	-2.0636057765943185	0.08157660841317765
1.495	-1.4031566129168325	0.1542764233488883
1.505	-1.400889767063133	0.16787252475108458
1.515	-1.3984983628501748	0.158433908901626
1.525	-1.3959807651455294	0.15326514307930347
1.535	-1.3933353975503266	0.16158011418477888
1.545	-1.3905607445178363	0.1631532168263553
1.555	-1.3876553534470069	0.15405169440009167
1.565	-1.3846178367492157	0.1577597220552361
1.575	-1.3814468738864578	0.16281612340316035
1.585	-1.378141213379235	0.15629898388805802
1.595	-1.3746996747824483	0.15652371283685465
1.605	-1.3711211506275458	0.1625913944543637
1.615	-1.3674046083292595	0.15955755364560917
1.625	-1.3635490920552522	0.1705692721366442
1.635	-1.3595537245570135	0.15922046022241423
1.645	-1.3554177089603663	0.16023174049199906
1.655	-1.351140330513991	0.1665241510583048
1.665	-1.3467209582943531	0.16528814183992332
1.675	-1.34215904686547	0.1687714405462711
1.685	-1.337454137892005	0.16967035634145766
1.695	-1.332605861704126	0.16349031024955024
1.705	-1.3276139388126817	0.16787252475108458
1.715	-1.3224781813732152	0.16854671159747447
1.725	-1.3171984945973922	0.169445627392661
1.735	-1.3117748781104435	0.17495148663817853
1.745	-1.3062074272532493	0.1706816366110425
1.755	-1.3004963343277545	0.17315365504780544
1.765	-1.2946418897843703	0.17023217871344923
1.775	-1.288644483350157	0.1610182918127873
1.785	-1.282504605096499	0.16899616949506774
1.795	-1.276222846445115	0.1795584300885095
1.805	-1.2697999011112533	0.1795584300885095
1.815	-1.2632365659829299	0.17461439321498357
1.825	-1.2565337419351479	0.17517621558697516
1.835	-1.2496924345780756	0.1748391221637802
1.845	-1.242713754938166	0.1754009445357718
1.855	-1.2355989200712707	0.1776482340237381
1.865	-1.2283492536068676	0.17585040243336506
1.875	-1.2209661862224912	0.18337882221805224
1.885	-1.2134512560475752	0.1845024669620354
1.895	-1.2058061089959387	0.19101960647713775
1.905	-1.1980324990261575	0.18686212092440005
1.915	-1.1901322883291579	0.18899704593796807
1.925	-1.1821074474424014	0.19495236308107883
1.935	-1.1739600552900584	0.1851766538084253
1.945	-1.1656922991486307	0.18944650383556133
1.955	-1.1573064745375596	0.19113197095153606
1.965	-1.1488049850343383	0.19191852227232428
1.975	-1.1401903420137622	0.1940534472858923
1.985	-1.1314651643109834	0.1900083262075529
1.995	-1.1226321778080535	0.2058517170977155
2.005	-1.1136942149437297	0.2016942315449778
2.015	-1.1046542141463669	0.19843566178742664
2.025	-1.0955152191897422	0.19854802626182494
2.035	-1.0862803784717259	0.1955141854530704
2.045	-1.0769529442157961	0.20495280130252896
2.055	-1.0675362715953802	0.2100092026504532
2.065	-1.0580338177811157	0.20349206313535087
2.075	-1.0484491409111676	0.20607644604651212
2.085	-1.0387858989847523	0.20675063289290205
2.095	-1.0290478486791206	0.21394195925439427
2.105	-1.0192388440902862	0.2196725474487084
2.115	-1.009362835397825	0.2106833894968431
2.125	-0.9994238674541326	0.21922308955111514
2.135	-0.989426078298616	0.2085484644832751
2.145	-0.9793736975972631	0.22405476195024274
2.155	-0.9692710450081915	0.2133801368824027
2.165	-0.9591225284737337	0.23506648044127776
2.175	-0.9489326424397533	0.22326821062945454
2.185	-0.9387059660028495	0.22765042513098888
2.195	-0.9284471609862516	0.23776322782683734
2.205	-0.9181609699451915	0.22427949089903937
2.215	-0.9078522141026052	0.23315628437650637
2.225	-0.8975257912160828	0.23731376992924408
2.235	-0.8871866733770413	0.2375384988780407
2.245	-0.8768399047430883	0.24731420815069421
2.255	-0.8664905992046807	0.25180878712662685
2.265	-0.8561439379871656	0.2566404595257545
2.275	-0.8458051671893421	0.2569775529489494
2.285	-0.8354795952597771	0.25506735688417803
2.295	-0.8251725904121182	0.26821400038878107
2.305	-0.8148895779806684	0.25855065559052587
2.315	-0.8046360377176154	0.2500109555362538
2.325	-0.7944175010332535	0.26888818723517094
2.335	-0.7842395481806661	0.27720315834064635
2.345	-0.774107805386314	0.2809111859957908
2.355	-0.7640279419280678	0.2719220280439255
2.365	-0.7540056671622224	0.2782144386102312
2.375	-0.74404672750111	0.27450641095508677
2.385	-0.7341569033429398	0.2919229044868258
2.395	-0.7243420059555454	0.28169773731657904
2.405	-0.7146078743157451	0.2812482794189858
2.415	-0.7049603719060902	0.2850686715485285
2.425	-0.6954053834707703	0.29978841769470793
2.435	-0.6859488117324932	0.29214763343562244
2.445	-0.6765965740722315	0.30327171640105577
2.455	-0.6673545991736745	0.29709167030914835
2.465	-0.6582288236343564	0.29967605322030966
2.475	-0.6492251885453824	0.30293462297786083
2.485	-0.6403496360417417	0.3060808282610137
2.495	-0.6316081058252219	0.31619363095686215
2.505	-0.6230065316619606	0.3143957993664891
2.515	-0.6145508378566882	0.30799102432578507
2.525	-0.6062469357057636	0.3151823506872773
2.535	-0.5981007199310986	0.32304786389515944
2.545	-0.5901180650971185	0.31978929413760826
2.555	-0.5823048220128959	0.3366439652973557
2.565	-0.9795217807374509	0.22529077116862423
2.575	-0.9724010942979324	0.22394239747584443
2.585	-0.9654671933481501	0.22765042513098888
2.595	-0.9587257974772065	0.23012244356775183
2.605	-0.9521825843839267	0.22618968696381075
2.615	-0.9458431862362943	0.23663958308285418
2.625	-0.939713186031621	0.22888643434937034
2.635	-0.9337981139597074	0.23922396599401546
2.645	-0.9281034437712767	0.22933589224696363
2.655	-0.9226345891539722	0.22427949089903937
2.665	-0.9173969001182015	0.2297853501445569
2.675	-0.9123956593951297	0.23383047122289627
2.685	-0.9076360788491213	0.24259490022596494
2.695	-0.903123295906926	0.2360777607108626
2.705	-0.8988623700059102	0.24158361995638009
2.715	-0.8948582790636342	0.23798795677563397
2.725	-0.8911159159710638	0.22899879882376867
2.735	-0.8876400851117139	0.24001051731480366
2.745	-0.8844354989090042	0.23798795677563397
2.755	-0.8815067744041045	0.2436061804955498
2.765	-0.8788584298665344	0.23933633046841377
2.775	-0.8764948814397797	0.2402352462636003
2.785	-0.8744204398241664	0.2498985910618555
2.795	-0.87263930699923	0.24753893709949085
2.805	-0.8711555729877838	0.25596627267936456
2.815	-0.8699732126639025	0.24169598443077842
2.825	-0.8690960826070004	0.25428080556338983
2.835	-0.8685279180041565	0.24888731079227067
2.845	-0.8682723296028454	0.2552920858329747
2.855	-0.8683328007161846	0.2525953384474151
2.865	-0.868712684282802	0.25517972135857636
2.875	-0.8694151999833937	0.25652809505135615
2.885	-0.8704434314160199	0.25293243187061004
2.895	-0.8718003233321623	0.2533818897682033
2.905	-0.8734886789355214	0.2547302634609831
2.915	-0.8755111572455306	0.24315672259795654
2.925	-0.8778702705275074	0.25933720691131407
2.935	-0.8805683817913346	0.25102223580583866
2.945	-0.8836077023605378	0.2497862265874572
2.955	-0.8869902895135913	0.2500109555362538
2.965	-0.890718044199223	0.24113416205878682
2.975	-0.8947927088275032	0.25023568448505046
2.985	-0.8992158651383935	0.25933720691131407
2.995	-0.903988932149449	0.2586630200649242
3.005	-0.9091131641843102	0.23484175149248113
3.015	-0.9145896489835564	0.24529164761152453
3.025	-0.9204193058994741	0.23731376992924408
3.035	-0.9266028841762475	0.2409094331099902
3.045	-0.9331409613170103	0.2409094331099902
3.055	-0.9400339415391716	0.2402352462636003
3.065	-0.9472820543193939	0.2485502173690757
3.075	-0.9548853530295022	0.24169598443077842
3.085	-0.9628437136645951	0.2402352462636003
3.095	-0.9711568336645995	0.24349381602115147
3.105	-0.9798242308303695	0.23551593833887102
3.115	-0.9888452423354853	0.2436061804955498
3.125	-0.9982190238347788	0.23169554620932825
3.135	-1.0079445486705887	0.22753806065659055
3.145	-1.0180206071776867	0.22461658432223433
3.155	-1.0284458060877704	0.23248209753011648
3.165	-1.039218568034344	0.21877363165352187
3.175	-1.0503371311587562	0.22529077116862423
3.185	-1.0617995488181264	0.21618924874236062
3.195	-1.0736036893958083	0.22045909876949663
3.205	-1.0857472362149758	0.2045033434049357
3.215	-1.0982276875558943	0.21843653823032694
3.225	-1.1110423567773422	0.20967210922725826
3.235	-1.1241883725425863	0.20551462367452056
3.245	-1.1376626791503104	0.2140543237287926
3.255	-1.1514620369707425	0.2038291565585458
3.265	-1.1655830229872408	0.21259358556161448
3.275	-1.1800220314435177	0.2010200446985879
3.285	-1.1947752745965934	0.1954018209786721
3.295	-1.2098387835755209	0.19079487752834112
3.305	-1.2252084093459044	0.19203088674672258
3.315	-1.240879823780082	0.18427773801323877
3.325	-1.256848520832853	0.18483956038523036
3.335	-1.2731098178225697	0.19798620388983337
3.345	-1.2896588568172738	0.19315453149070577
3.355	-1.3064906061255803	0.18304172879485728
3.365	-1.3235998618919105	0.1748391221637802
3.375	-1.340981249795601	0.17506385111257683
3.385	-1.3586292268533877	0.17438966426618693
3.395	-1.3765380833246477	0.16697360895589805
3.405	-1.394701944718797	0.1705692721366442
3.415	-1.4131147739040835	0.16955799186705933
3.425	-1.4317703733170444	0.17169291688062735
3.435	-1.450662387271776	0.15450115229768493
3.445	-1.469784304368105	0.1693332629182627
3.455	-1.4891294599977316	0.1583215444272277
3.465	-1.5086910389473143	0.15450115229768493
3.475	-1.528462078097398	0.1536022365024984
3.485	-1.5484354692160798	0.14056795747229373
3.495	-1.5686039618461942	0.14371416275544657
3.505	-1.58896016628474	0.14618618119220952
3.515	-1.6094965566532937	0.1411297798442853
3.525	-1.6302054740579608	0.14360179828104827
3.535	-1.6510791298374823	0.14270288248586174
3.545	-1.6721096088979954	0.13326426663640317
3.555	-1.6932888731329094	0.1329271732132082
3.565	-1.71460876492628	0.13798357456113244
3.575	-1.7360610107380565	0.13056751925084356
3.585	-1.7576372247694836	0.12539875342852103
3.595	-1.7793289127068885	0.12360092183814796
3.605	-1.8011274755420645	0.12506166000532606
3.615	-1.823024213467388	0.1191063428622153
3.625	-1.8450103298437366	0.11528595073267255
3.635	-1.8670769352392802	0.11730851127184225
3.645	-1.8892150515371322	0.11393757703989275
3.655	-1.9114156161097837	0.10663388620400219
3.665	-1.933669486058263	0.09966728879130658
3.675	-1.9559674425138598	0.10798225989678199
3.685	-1.9783001950002115	0.1019145782792729
3.695	-2.000658385853564	0.10157748485607795
3.705	-2.023032594698916	0.09955492431690827
3.715	-2.045413342979735	0.09393670059699244
3.725	-2.067791098538925	0.10292585854885775
3.735	-2.0901562802486424	0.08719483213309347
3.745	-2.112499262686552	0.09146468216022949
3.755	-2.1348103808560763	0.08685773870989852
3.765	-2.157079934948155	0.08652064528670357
3.775	-2.1792981951419796	0.08652064528670357
3.785	-2.201455406442193	0.08427335579873724
3.795	-2.223541793549952	0.07517183337247361
3.805	-2.245547565765271	0.08180133736197429
3.815	-2.2674629219179883	0.07618311364205847
3.825	-2.2892780553247705	0.08022823472039785
3.835	-2.310983158769397	0.07461001100048203
3.845	-2.3325684295036986	0.07528419784687193
3.855	-2.354024074266413	0.07382345967969382
3.865	-2.375340314317204	0.07427291757728709
3.875	-2.396507390483134	0.07112671229413424
3.885	-2.4175155682148106	0.07461001100048203
3.895	-2.4383551426494146	0.0667444977925999
3.905	-2.459016443677842	0.06719395569019317
3.915	-2.4794898410131694	0.06786814253658306
3.925	-2.499765749257596	0.0647219372534302
3.935	-2.5198346329651016	0.05696878851994638
3.945	-2.5396870116969605	0.06640740436940494
3.955	-2.559313465067302	0.061351003021480714
3.965	-2.578704637775904	0.06438484383023525
3.975	-2.597851244625385	0.0625870122398622
3.985	-2.616744075519964	0.0625870122398622
3.995	-2.635374000442979	0.05932844248231102
4.005	-2.653731974410358	0.06011499380309923
4.015	-2.6718090423972076	0.055058592455175
4.025	-2.6895963442347286	0.056744059571149745
4.035	-2.7070851194746917	0.049440368735259185
4.045	-2.7242667122186432	0.052137116120818776
4.055	-2.7411325759091247	0.05314839639040362
4.065	-2.757674278080118	0.05067637795364066
4.075	-2.7738835050639925	0.05078874242803898
4.085	-2.7897520666522393	0.04966509768405582
4.095	-2.805271900707288	0.04910327531206423
4.105	-2.820435077722727	0.054609134557581734
4.115	-2.8352338053292625	0.04663125687530127
4.125	-2.849660432743823	0.04640652792650464
4.135	-2.8637074551591435	0.04988982663285245
4.145	-2.877367518071312	0.04741780819608949
4.155	-2.890633421542678	0.04797963056808107
4.165	-2.9034981243976405	0.04775490161928444
4.175	-2.915954748348817	0.047867266093682755
4.185	-2.9279965820511302	0.0482043595168777
4.195	-2.9396170850814123	0.04741780819608949
4.205	-2.9508098918411196	0.04606943450330969
4.215	-2.9615688153798567	0.04505815423372485
4.225	-2.971887851137352	0.047867266093682755
4.235	-2.9817611806016617	0.04281086474575852
4.245	-2.991183174881362	0.04370978054094505
4.255	-3.0001483981895607	0.04303559369455515
4.265	-3.008651611237584	0.04427160291293663
4.275	-3.0166877745362632	0.043260322643351785
4.285	-3.024252051602769	0.039552294988207344
4.295	-3.0313398120710175	0.04258613579696189
4.305	-3.0379466347036956	0.04314795816895347
4.315	-3.044068310304016	0.041125397629783775
4.325	-3.0497008445253693	0.04415923843853831
4.335	-3.0548404605770907	0.03910283709061408
4.345	-3.059483601824603	0.04146249105297872
4.355	-3.4869143865700574	0.02505727779082454
4.365	-3.488315146352413	0.026518015958002652
4.375	-3.4892101067457935	0.02629328700920602
4.385	-3.489596615571684	0.02483254884202791
4.395	-3.489472252167534	0.02382126857244306
4.405	-3.48883482932007	0.025169642265222857
4.415	-3.4876823950824924	0.024045997521239693
4.425	-3.48601323447431	0.026630380432400968
4.435	-3.4838258710626206	0.024045997521239693
4.445	-3.481119068423702	0.024045997521239693
4.455	-3.4778918314838565	0.02348417514924811
4.465	-3.474143407738501	0.027416931753189183
4.475	-3.469873288348583	0.02775402517638413
4.485	-3.465081209113444	0.02415836199563801
4.495	-3.4597671513193458	0.026630380432400968
4.505	-3.4539313424629086	0.024495455418832957
4.515	-3.4475742568488266	0.02719220280439255
4.525	-3.4406966160612447	0.02505727779082454
4.535	-3.4332993893082864	0.02775402517638413
4.545	-3.4253837936392704	0.02775402517638413
4.555	-3.416951294034238	0.027866389650782447
4.565	-3.408003603365485	0.029214763343562242
4.575	-3.3985426822308327	0.0282034830739774
4.585	-3.3885707386584993	0.026180922534807704
4.595	-3.3780902276834333	0.028091118599579083
4.605	-3.3671038507951287	0.029439492292358878
4.615	-3.3556145552569054	0.030787865985138673
4.625	-3.3436255332968328	0.03213623967791847
4.635	-3.331140221170422	0.029214763343562242
4.645	-3.31816229809539	0.02966422124115551
4.655	-3.304695685058803	0.028091118599579083
4.665	-3.290744543497006	0.03292279099870668
4.675	-3.2763132738487935	0.02696747385559592
4.685	-3.261406513982395	0.030450772561943725
4.695	-3.2460291374968717	0.03348461337069827
4.705	-3.230186251898587	0.03213623967791847
4.715	-3.2138831966535557	0.03337224889629995
4.725	-3.1971255411164416	0.033035155473104996
4.735	-3.1799190823371384	0.03696791207704607
4.745	-3.1622698427458866	0.03528244496107132
4.755	-3.1441840677179256	0.031686781780325204
4.765	-3.1256682230188413	0.03539480943546964
4.775	-3.106728992131718	0.03606899628185954
4.785	-3.0873732734673807	0.033259884421901635
4.795	-3.067608177458969	0.03314751994750331
4.805	-3.0474410235422704	0.03730500550024102
4.815	-3.026879337023212	0.03460825811468143
4.825	-3.0059308458339995	0.03797919234663092
4.835	-2.984603477179492	0.03775446339783428
4.845	-2.962905354075399	0.04000175288580061
4.855	-2.940844791780016	0.04067593973219051
4.865	-2.918430294121239	0.04157485552737704
4.875	-2.89567054972062	0.038653379193020816
4.885	-2.872574428116393	0.04045121078339388
4.895	-2.849150975787345	0.04191194895057199
4.905	-2.825409412079537	0.04404687396414
4.915	-2.80135912503788	0.04303559369455515
4.925	-2.777009667144697	0.04764253714488612
4.935	-2.752370750967366	0.04910327531206423
4.945	-2.7274522447172918	0.04764253714488612
4.955	-2.702264167722406	0.04708071477289454
4.965	-2.6768166858155333	0.04719307924729286
4.975	-2.651120106640922	0.04449633186173326
4.985	-2.625184874881385	0.046855985824097904
4.995	-2.5990215674084665	0.04932800426086087
5.005	-2.5726408883580945	0.051912387172022144
5.015	-2.546053664134288	0.05528332140397163
5.025	-2.5192708383434903	0.053597854287996884
5.035	-2.4923034666620763	0.05798006878953122
5.045	-2.465162711639764	0.05809243326392954
5.055	-2.4378598374415827	0.06033972275189586
5.065	-2.4104062045310894	0.05629460167355648
5.075	-2.38281326429767	0.06292410566305714
5.085	-2.3550925536306266	0.06292410566305714
5.095	-2.3272556894429473	0.06775577806218475
5.105	-2.2993143631475927	0.0695536096525578
5.115	-2.271280335089133	0.07034016097334601
5.125	-2.2431654289337217	0.06865469385737127
5.135	-2.214981526020283	0.06921651622936285
5.145	-2.1867405596759175	0.07472237547488035
5.155	-2.1584545094984233	0.0729245438845073
5.165	-2.130135395609047	0.07101434781973591
5.175	-2.1017952728783986	0.07809330970682984
5.185	-2.073446225128575	0.08461044922193219
5.195	-2.045100359314582	0.08595882291471199
5.205	-2.0167697996881015	0.08966685056985643
5.215	-1.9884666819466341	0.08303734658035576
5.225	-1.9602031473711743	0.08977921504425475
5.235	-1.931991336955485	0.09607162561056046
5.245	-1.9038433855300316	0.0915770466346278
5.255	-1.3804534164327784	0.16068119838959236
5.265	-1.3521332396333436	0.16607469316071152
5.275	-1.3239132305609735	0.1597822825944058
5.285	-1.2958054406351278	0.17596276690776336
5.295	-1.2678218857608852	0.1729289260990088
5.305	-1.2399745404863294	0.1680972536998812
5.315	-1.2122753321763322	0.17394020636859367
5.325	-1.1847361352058907	0.18551374723162026
5.335	-1.1573687651760185	0.1912443354259344
5.345	-1.1301849731553377	0.1788842432421196
5.355	-1.1031964399503988	0.19922221310821484
5.365	-1.0764147704077345	0.19708728809464682
5.375	-1.0498514877507472	0.19259270911871418
5.385	-1.0235180279543508	0.2100092026504532
5.395	-0.9974257341604205	0.21461614610078417
5.405	-0.9715858511370183	0.21191939871522458
5.415	-0.9460095197842728	0.2237176685270478
5.425	-0.9207077716898829	0.22956062119576026
5.435	-0.8956915237371521	0.22652678038700572
5.445	-0.8709715727683773	0.22731333170779391
5.455	-0.8465585903064319	0.25428080556338983
5.465	-0.8224631173373943	0.24866258184347403
5.475	-0.7986955591569134	0.24293199364915988
5.485	-0.7752661802831138	0.25517972135857636
5.495	-0.7521850994387399	0.25630336610255955
5.505	-0.72946228460514	0.26484306615683156
5.515	-0.7071075481507698	0.2711354767231373
5.525	-0.6851305420368006	0.2770907938662481
5.535	-0.6635407531023472	0.2886643347292746
5.545	-0.6423474984318137	0.2928218202820123
5.555	-0.6215599208068397	0.2877654189340881
5.565	-0.6011869842452419	0.30596846378661535
5.575	-0.5812374696292797	0.3088899401209716
5.585	-0.5617199704256077	0.3113619585577345
5.595	-0.5426428884991545	0.31776673359843854
5.605	-0.5240144300231109	0.31900274281682006
5.615	-0.5058426014872374	0.3242838731135409
5.625	-0.48813520580655445	0.332486479744618
5.635	-0.4708998385324701	0.33574504950216916
5.645	-0.45414388416835294	0.33214938632142305
5.655	-0.4378745125914829	0.338891254785322
5.665	-0.42209867558322656	0.35484701014988296
5.675	-0.4068231034692964	0.36237542993457017
5.685	-0.39205430187182566	0.35900449570262066
5.695	-0.3777985485749631	0.3797919234663092
5.705	-0.3640618905056079	0.3758591668623681
5.715	-0.3508501408308773	0.37956719451751253
5.725	-0.33816887617378333	0.3897923616877593
5.735	-0.32602343394858746	0.38428650244224183
5.745	-0.3144189098171961	0.3852977827118267
5.755	-0.30336015526788884	0.3891181748413694
5.765	-0.29285177531764894	0.3991186130628196
5.775	-0.28289812633925093	0.41001796707945626
5.785	-0.27350331401421824	0.40439974335954043
5.795	-0.26467119141266915	0.4135012657858041
5.805	-0.2564053572010465	0.40361319203875223
5.815	-0.24870915397858795	0.4200184053009064
5.825	-0.2415856667434042	0.4186700316081266
5.835	-0.23503772148887392	0.4272097316623987
5.845	-0.2290678839310667	0.42822101193198353
5.855	-0.22367845836780442	0.4336145067031027
5.865	-0.21887148666987022	0.42159150794248285
5.875	-0.21464874740485795	0.43732253435824714
5.885	-0.21101175509404269	0.4142878171065923
5.895	-0.20796175960259378	0.42046786319849966
5.905	-0.1293588079481478	0.464627101637038
5.915	-0.12972514975196003	0.47732428724404774
5.925	-0.13068064594084006	0.4697958674593605
5.935	-0.13222548433148695	0.47069478325454706
5.945	-0.1343595870416825	0.47047005430575045
5.955	-0.13708261068313066	0.46417764373944476
5.965	-0.14039394668782834	0.4561997660571643
5.975	-0.14429272176768326	0.45451429894118955
5.985	-0.1487777985070471	0.44170474885978145
5.995	-0.1538477760877508	0.45833469107073227
6.005	-0.159500991146158	0.45754813974994407
6.015	-0.16573551876167558	0.4510310002348417
6.025	-0.17254917357610222	0.4355247027678741
6.035	-0.17993951104310502	0.4423789357061714
6.045	-0.18790382880705625	0.43867090805102693
6.055	-0.19643916821040674	0.4495702620676636
6.065	-0.20554231592865424	0.4281086474575852
6.075	-0.21520980573195447	0.4122652565674226
6.085	-0.22543792037231558	0.4224904237376694
6.095	-0.23622269359526493	0.4177711158129401
6.105	-0.2475599122747909	0.4110292473490411
6.115	-0.25944511867033593	0.40395028546194717
6.125	-0.2718736128045012	0.41406308815779563
6.135	-0.2848404549600967	0.3888934458925728
6.145	-0.2983404682950721	0.39889388411402293
6.155	-0.31236824157386667	0.3915901932781324
6.165	-0.3269181320135399	0.387545072199793
6.175	-0.34198426824311534	0.3817021195310806
6.185	-0.3575605533744062	0.3758591668623681
6.195	-0.3736406681825821	0.36237542993457017
6.205	-0.39021807439466927	0.35563356147067116
6.215	-0.40728601808411224	0.3524873561875183
6.225	-0.42483753316949024	0.3558582904194678
6.235	-0.4428654450153626	0.3463073100956109
6.245	-0.4613623741332835	0.3299020968334567
6.255	-0.4803207399808247	0.317204911226447
6.265	-0.4997327648565346	0.33035155473105
6.275	-0.5195904778885849	0.32226131257437124
6.285	-0.5398857191149184	0.3091146690697682
6.295	-0.5606101436526163	0.30877757564657327
6.305	-0.5817552259540788	0.30102442691308945
6.315	-0.6033122641477651	0.2992265953227164
6.325	-0.6252723844609508	0.2854057649717235
6.335	-0.6476265457221522	0.2961927545139618
6.345	-0.6703655439406222	0.27911335440541774
6.355	-0.6934800169604598	0.2763042425454598
6.365	-0.716960449186671	0.2611350385016871
6.375	-0.7407971763806425	0.26057321612969553
6.385	-0.7649803905223613	0.259674300334509
6.395	-0.7895001447366345	0.25843829111612754
6.405	-0.8143463582807	0.2491120397410673
6.415	-0.839508821590386	0.255404450307373
6.425	-0.8649772013821435	0.2387745080964222
6.435	-0.8907410458080395	0.2230434816806579
6.445	-0.9167897896610205	0.22225693035986968
6.455	-0.9431127596274473	0.22180747246227642
6.465	-0.9696991795841842	0.21382959477999597
6.475	-0.9965381759372569	0.20955974475285993
6.485	-1.0236187829991652	0.1995593065314098
6.495	-1.0509299484020076	0.20079531574979126
6.505	-1.078460538543376	0.20809900658568184
6.515	-1.1061993440621765	0.19203088674672258
6.525	-1.1341350853412833	0.19158142884912932
6.535	-1.1622564180341732	0.18551374723162026
6.545	-1.1905519386124834	0.18135626167888255
6.555	-1.2190101899315153	0.17225473925261892
6.565	-1.2476196668107085	0.1747267576893819
6.575	-1.2763688216260511	0.1638274036727452
6.585	-1.3052460699114954	0.16360267472394857
6.595	-1.3342397959662633	0.15337750755370178
6.605	-1.3633383584651937	0.15416405887449
6.615	-1.39253009606898	0.143152340383455
6.625	-1.4218033330314392	0.15584952599046473
6.635	-1.451146384800762	0.14641091014100616
6.645	-1.4805475636117749	0.143152340383455
6.655	-1.5099951840662804	0.13506209822677623
6.665	-1.539477568698482	0.13315190216200484
6.675	-1.5689830535226261	0.12764604291648735
6.685	-1.5984999935598578	0.11933107181101194
6.695	-1.6280167683414235	0.1204547165549951
6.705	-1.657521787385362	0.11708378232304562
6.715	-1.6870034956438018	0.11596013757906244
6.725	-1.7164503789179368	0.11551067968146918
6.735	-1.7458509692380404	0.10899354016636684
6.745	-1.7751938502055453	0.1115779230775281
6.755	-1.8044676622945075	0.10438659671603587
6.765	-1.8336611081097356	0.10584733488321398
6.775	-1.8627629575988072	0.10247640065126448
6.785	-1.8917620532153223	0.09966728879130658
6.795	-1.9206473150307861	0.099105466419315
6.805	-1.9494077457924779	0.09517270981537393
6.815	-1.9780324359246615	0.0860711873891103
6.825	-2.006510568470749	0.09348724269939918
6.835	-2.034831423973807	0.08730719660749178
6.845	-2.06298438529292	0.0867453742355002
6.855	-2.0909589423531223	0.0804529636691945
6.865	-2.118744696826367	0.08225079525956755
6.875	-2.1463313667413377	0.07427291757728709
6.885	-2.1737087910196813	0.07944168339960964
6.895	-2.200866933936556	0.07416055310288877
6.905	-2.22779588950317	0.07449764652608372
6.915	-2.254485885769242	0.0750594688980753
6.925	-2.2809272890433094	0.07078961887093928
6.935	-2.3071106080287382	0.0680928714853797
6.945	-2.333026497873551	0.07078961887093928
6.955	-2.358665764132042	0.07146380571732919
6.965	-2.384019366636381	0.07011543202454938
6.975	-2.4090784232762896	0.06348592803504872
6.985	-2.433834213685069	0.06371065698384536
6.995	-2.4582781828302283	0.06416011488143862
7.005	-2.482401944507109	0.06112627407268408
7.015	-2.50619728473382	0.06033972275189586
7.025	-2.529656165045993	0.05584514377596321
7.035	-2.5527707256898946	0.05696878851994638
7.045	-2.5755332887123954	0.06236228329106556
7.055	-2.5979363609465453	0.05651933062235311
7.065	-2.6199726368913465	0.05741824641753964
7.075	-2.6416350014845706	0.05584514377596321
7.085	-2.662916532767394	0.05168765822322551
7.095	-2.6838105044398093	0.053260760864801936
7.105	-2.704310388305691	0.053036031916005304
7.115	-2.7244098566065853	0.05258657401841204
7.125	-2.7441027842433208	0.04809199504247939
7.135	-2.7633832508845613	0.04606943450330969
7.145	-2.7822455429615234	0.04854145294007265
7.155	-2.8006841555481916	0.04910327531206423
7.165	-2.81869379412632	0.04854145294007265
7.175	-2.8362693762346654	0.04809199504247939
7.185	-2.8534060330019777	0.045732341080114744
7.195	-2.870099110563234	0.04932800426086087
7.205	-2.8863441713587767	0.04528288318252148
7.215	-2.902136995316063	0.0447210608105299
7.225	-2.917473580913735	0.04528288318252148
7.235	-2.9323501461278596	0.0447210608105299
7.245	-2.9467631292602485	0.04618179897770801
7.255	-2.960709189648796	0.04404687396414
7.265	-2.974185208259839	0.041125397629783775
7.275	-2.9871882881626757	0.04303559369455515
7.285	-2.9997157548864015	0.0433726871177501
7.295	-3.0117651566592314	0.04078830420658883
7.305	-3.0233342645306855	0.043260322643351785
7.315	-3.0344210723769223	0.038428650244224184
7.325	-3.0450237967896863	0.039777023937003976
7.335	-3.0551408768493564	0.04078830420658883
7.345	-3.064770973782643	0.04157485552737704
7.355	-3.073912970505534	0.04359741606654673
7.365	-3.0825659710522015	0.04303559369455515
7.375	-3.0907292998906173	0.03988938841140229
7.385	-3.0984025011256433	0.04123776210418209
7.395	-3.105585337590521	0.04101303315538546
7.405	-3.11227778982765	0.038091556821029236
7.415	-3.1184800549596585	0.03640608970505449
7.425	-3.124192545451843	0.04067593973219051
7.435	-3.129415887767047	0.03988938841140229
7.445	-3.13415092091417	0.036518454179452806
7.455	-3.138398694891534	0.03741736997463933
7.465	-3.14216046902639	0.04191194895057199
7.475	-3.145437710211887	0.03741736997463933
7.485	-3.148232091042919	0.03730500550024102
7.495	-3.1505454878522907	0.04022648183459725
7.505	-3.1523799786486713	0.03831628576982587
7.515	-3.1537378409579473	0.037642098923435965
7.525	-3.154621549569521	0.04045121078339388
7.535	-3.155033774189226	0.03640608970505449
7.545	-3.154977377000571	0.038428650244224184
7.555	-3.1544554101360394	0.03483298706347806
7.565	-3.1534711130602444	0.03348461337069827
7.575	-3.152027909866794	0.038091556821029236
7.585	-3.1501294064907066	0.0337093423194949
7.595	-3.1477793878383515	0.036855547602647754
7.605	-3.1449818148368385	0.036518454179452806
7.615	-3.141740821404893	0.04000175288580061
7.625	-3.1380607113472254	0.03797919234663092
7.635	-3.1339459551745157	0.03483298706347806
7.645	-3.1294011868510974	0.03472062258907974
7.655	-3.1244312004725083	0.03606899628185954
7.665	-3.119040946875094	0.039215201565012396
7.675	-3.1132355301798644	0.04146249105297872
7.685	-3.1070202042728705	0.04033884630899556
7.695	-3.100400369224364	0.04101303315538546
7.705	-3.0933815676490504	0.038428650244224184
7.715	-3.0859694810097476	0.04000175288580061
7.725	-3.078169925866834	0.041125397629783775
7.735	-3.0699888500758297	0.04146249105297872
7.745	-3.061432328935533	0.04157485552737704
7.755	-3.052506561289121	0.03887810814181745
7.765	-3.043217865580644	0.03943993051380903
7.775	-3.033572675869382	0.04561997660571643
7.785	-3.0235775378045275	0.04179958447617367
7.795	-3.0132391045626665	0.040563575257792195
7.805	-3.0025641327505626	0.042473771322563574
7.815	-2.9915594782757666	0.045395247656919796
7.825	-2.980232092187525	0.046294163452106324
7.835	-2.9685890164905597	0.04292322922015684
7.845	-2.9566373799342065	0.0420243134249703
7.855	-2.9443843937794836	0.045395247656919796
7.865	-2.9318373475465958	0.04303559369455515
7.875	-2.919003604745427	0.048429088465674335
7.885	-2.9058905985915744	0.048990910837665914
7.895	-2.8925058277104263	0.043822145015343365
7.905	-2.878856851831861	0.04663125687530127
7.915	-2.8649512874780543	0.05202475164642046
7.925	-2.8507968036469586	0.04584470555451306
7.935	-2.8364011174939305	0.0495527332096575
7.945	-2.821771990014054	0.053822583236793516
7.955	-2.806917221727625	0.053822583236793516
7.965	-2.7918446483712893	0.053597854287996884
7.975	-2.7765621365973128	0.05314839639040362
7.985	-2.7610775796834357	0.059440806956709336
7.995	-2.7453988932557474	0.05393494771119184
8.005	-2.7295340110269875	0.0543844056087851
8.015	-2.7134908805527207	0.05741824641753964
8.025	-2.6972774590077115	0.053597854287996884
8.035	-2.6809017089848837	0.059216078007912704
8.045	-2.664371594319226	0.05876662011031944
8.055	-2.647695075938879	0.06180046091907398
8.065	-2.6308801077457784	0.059777900379904284
8.075	-2.6139346325280437	0.06168809644467566
8.085	-2.5968665779063733	0.05966553590550597
8.095	-2.579683852316617	0.061013909598285766
8.105	-2.562394341030734	0.06011499380309923
8.115	-2.545005902218219	0.06202518986787061
8.125	-2.5275263630501312	0.0647219372534302
8.135	-2.5099635158477804	0.06494666620222683
8.145	-2.492325114278106	0.06202518986787061
8.155	-2.474618869597705	0.0653961240998201
8.165	-2.4568524469475035	0.07146380571732919
8.175	-2.4390334617000007	0.07696966496284668
8.185	-2.421169475860856	0.07663257153965174
8.195	-2.4032679945267885	0.07663257153965174
8.205	-2.3853364624014617	0.07494710442367698
8.215	-2.367382260371173	0.07696966496284668
8.225	-2.349412702142005	0.07393582415409214
8.235	-2.331435030940124	0.07764385180923658
8.245	-2.3134564162767957	0.07764385180923658
8.255	-2.2954839507797042	0.0764078425908551
8.265	-2.2775246470921413	0.08135187946438102
8.275	-2.259585434841374	0.08809374792828
8.285	-2.241673157677801	0.08831847687707663
8.295	-2.223794570386113	0.0832620755291524
8.305	-2.205956336069848	0.08966685056985643
8.315	-2.1881650234105834	0.08764429003068673
8.325	-2.170427104002962	0.09191414005782275
8.335	-2.1527489497667465	0.0997796532657049
8.345	-2.135136830436959	0.09786945720093351
8.355	-2.1175969111331856	0.09000394399305138
8.365	-2.1001352500090507	0.09685817693134867
8.375	-2.082757795982788	0.0929254203274076
8.385	-2.065470386549778	0.09933019536811163
8.395	-2.0482787456779246	0.09730763482894193
8.405	-2.0311884817866166	0.10382477434404429
8.415	-2.0142050858099965	0.10640915725520556
8.425	-1.9973339293452217	0.1087688112175702
8.435	-1.9805802628862899	0.10798225989678199
8.445	-1.9639492141439983	0.11438703493748602
8.455	-1.9474457864525418	0.11011718491035
8.465	-1.9310748572631773	0.10618442830640892
8.475	-1.9148411767252989	0.11124082965433316
8.485	-1.8987493663553112	0.11449939941188433
8.495	-1.8828039177935125	0.11955580075980857
8.505	-1.8670091916492155	0.12034235208059678
8.515	-1.8513694164342844	0.12652239817250419
8.525	-1.8358886875850802	0.11438703493748602
8.535	-1.820570966573027	0.11955580075980857
8.545	-1.8054200801035898	0.12371328631254627
8.555	-1.7904397194037254	0.12270200604296143
8.565	-1.7756334395976223	0.12405037973574122
8.575	-1.7610046591705206	0.12371328631254627
8.585	-1.7465566595204223	0.13405081795719137
8.595	-1.7322925845973607	0.12832022976287724
8.605	-1.718215440629877	0.13056751925084356
8.615	-1.704328095938285	0.13438791138038633
8.625	-1.6906332808343365	0.14000613510030213
8.635	-1.6771335876066498	0.13955667720270887
8.645	-1.6638314705914443	0.14495017197382806
8.655	-1.6507292463279195	0.1501189377961506
8.665	-1.6378290937975788	0.14169160221627689
8.675	-1.6251330547468354	0.14146687326748025
8.685	-1.6126430340920908	0.14719746146179438
8.695	-1.6003608004064662	0.14641091014100616
8.705	-1.5882879864873045	0.14641091014100616
8.715	-1.5764260900035953	0.14966947989855733
8.725	-1.5647764742222336	0.15438878782328663
8.735	-1.553340368812213	0.15247859175851525
8.745	-1.542118870725628	0.15888336679921927
8.755	-1.5311129451544163	0.1548382457208799
8.765	-1.5203234265616608	0.160905927338389
8.775	-1.509751019786285	0.1560742549392614
8.785	-1.4993963012199079	0.16483868394233003
8.795	-1.4892597200545623	0.16472631946793173
8.805	-1.4793415995999992	0.16708597343029638
8.815	-1.4696421386691667	0.16056883391519403
8.825	-1.4601614130305354	0.16708597343029638
8.835	-1.450899376925789	0.16663651553270312
8.845	-1.4418558646514632	0.16596232868631322
8.855	-1.4330305922029603	0.16764779580228795
8.865	-1.42442315897949	0.17854714981892464
8.875	-1.4160330495483102	0.1686590760718728
8.885	-1.4078596354666821	0.16787252475108458
8.895	-1.399902177159937	0.16764779580228795
8.905	-1.3921598258539403	0.17742350507494148
8.915	-1.3846316255603308	0.18495192485962866
8.925	-1.3773165151127722	0.1728165616246105
8.935	-1.3702133302525201	0.18270463537166234
8.945	-1.363320805761473	0.18551374723162026
8.955	-1.3566375776410304	0.18270463537166234
8.965	-1.3501621853348293	0.19225561569551922
8.975	-1.3438930739936197	0.1789966077165179
8.985	-1.337828596780395	0.19045778410514616
8.995	-1.3319670172139064	0.19034541963074786
9.005	-1.3263065115487036	0.19641310124825692
9.015	-1.3208451711897875	0.1873115788219933
9.025	-1.315581005139961	0.19012069068195123
9.035	-1.3105119424779614	0.19663783019705355
9.045	-1.3056358348654633	0.1865250275012051
9.055	-1.3009504590809473	0.19180615779792595
9.065	-1.2964535195785447	0.19158142884912932
9.075	-1.292142651069864	0.19079487752834112
9.085	-1.2880154211268364	0.19708728809464682
9.095	-1.284069332803628	0.19675019467145188
9.105	-1.2803018272756101	0.2031549697121559
9.115	-1.2767102864934554	0.20000876442900306
9.125	-1.273292035850347	0.20270551181456264
9.135	-1.2700443468603546	0.200345857852198
9.145	-1.2669644398459874	0.20416624998174077
9.155	-1.2640494866329506	0.1988851196850199
9.165	-1.2612966132501666	0.19439054070908723
9.175	-1.258702902633076	0.18910941041236637
9.185	-1.256265397328293	0.2078742776368852
9.195	-1.2539811021976424	0.20057058680099463
9.205	-1.2518469871196862	0.20944738027846163
9.215	-1.2498599896867852	0.21225649213841954
9.225	-1.2480170178958163	0.2079866421112835
9.235	-1.2463149528306368	0.21135757634323302
9.245	-1.2447506513344155	0.2154026974215724
9.255	-1.2433209486699883	0.200345857852198
9.265	-1.2420226611663785	0.1988851196850199
9.275	-1.240852588849664	0.21663870663995388
9.285	-1.2398075180563868	0.19854802626182494
9.295	-1.2388842240277242	0.21102048292003805
9.305	-1.238079473482655	0.20394152103294413
9.315	-1.2373900271683982	0.2072000907904953
9.325	-1.2368126423863948	0.19944694205701147
9.335	-1.236344075492163	0.2120317631896229
9.345	-1.2359810843673542	0.20180659601937612
9.355	-1.2357204308623908	0.21315540793360607
9.365	-1.2355588832080793	0.2058517170977155
9.375	-1.235493218394625	0.20416624998174077
9.385	-1.235520224516512	0.20405388550734244
9.395	-1.2356367030817377	0.2002334933777997
9.405	-1.235839471283925	0.20427861445613907
9.415	-1.2361253642358763	0.21102048292003805
9.425	-1.2364912371631627	0.19180615779792595
9.435	-1.2369339675563618	0.19517709202987546
9.445	-1.2374504572806357	0.20888555790647004
9.455	-1.2380376346413335	0.20045822232659632
9.465	-1.238692456404364	0.21090811844563973
9.475	-1.239411909770126	0.21113284739443638
9.485	-1.2401930142998048	0.20776191316248688
9.495	-1.2410328237929045	0.19989639995460473
9.505	-1.2419284281149108	0.19326689596510407
9.515	-1.2428769549740444	0.20663826841850372
9.525	-1.2438755716460501	0.19686255914585019
9.535	-1.2449214866461158	0.2045033434049357
9.545	-1.246011951346918	0.20540225920012223
9.555	-1.247144261541974	0.20843610000887677
9.565	-1.248315758953421	0.20675063289290205
9.575	-1.2495238326834501	0.18753630777078995
9.585	-1.2507659206086394	0.19045778410514616
9.595	-1.2520395107164668	0.1947276341322822
9.605	-1.2533421423833842	0.19854802626182494
9.615	-1.2546714075937984	0.19731201704344348
9.625	-1.2560249520994433	0.19719965256904515
9.635	-1.2574004765185685	0.19236798016991755
9.645	-1.2587957373745349	0.19866039073622327
9.655	-1.260208548073352	0.20293024076335928
9.665	-1.2616367798198154	0.19663783019705355
9.675	-1.2630783624718984	0.20259314734016434
9.685	-1.2645312853331112	0.19787383941543504
9.695	-1.2659935978826413	0.18967123278435796
9.705	-1.2674634104430371	0.19731201704344348
9.715	-1.2689388947853502	0.18674975645000172
9.725	-1.2704182846716263	0.18955886830995963
9.735	-1.2718998763346931	0.18955886830995963
9.745	-1.2733820288953022	0.18955886830995963
9.755	-1.2748631647166275	0.19315453149070577
9.765	-1.276341769696285	0.1865250275012051
9.775	-1.2778163934959668	0.18944650383556133
9.785	-1.279285649708936	0.1873115788219933
9.795	-1.2807482159656045	0.19169379332352765
9.805	-1.2822028339775073	0.19675019467145188
9.815	-1.2836483095200022	0.1961883722994603
9.825	-1.2850835123540625	0.1928174380675108
9.835	-1.286507376087643	0.1954018209786721
9.845	-1.2879188979770446	0.1879857656683832
9.855	-1.289317138668844	0.19248034464431585
9.865	-1.2907012218829141	0.18663739197560342
9.875	-1.2920703340371777	0.1865250275012051
9.885	-Inf	0.0
9.895	-Inf	0.0
9.905	-Inf	0.0
9.915	-Inf	0.0
9.925	-Inf	0.0
9.935	-Inf	0.0
9.945	-Inf	0.0
9.955	-Inf	0.0
9.965	-Inf	0.0
9.975	-Inf	0.0
9.985	-Inf	0.0
9.995	-Inf	0.0
