0.005	-Inf	0.0
0.015	-Inf	0.0
0.025	-Inf	0.0
0.035	-Inf	0.0
0.045	-Inf	0.0
0.055	-Inf	0.0
0.065	-Inf	0.0
0.075	-Inf	0.0
0.085	-Inf	0.0
0.095	-Inf	0.0
0.105	-Inf	0.0
0.115	-Inf	0.0
0.125	-Inf	0.0
0.135	-Inf	0.0
0.145	-Inf	0.0
0.155	-Inf	0.0
0.165	-Inf	0.0
0.175	-Inf	0.0
0.185	-Inf	0.0
0.195	-Inf	0.0
0.205	-Inf	0.0
0.215	-Inf	0.0
0.225	-Inf	0.0
0.235	-Inf	0.0
0.245	-Inf	0.0
0.255	-Inf	0.0
0.265	-Inf	0.0
0.275	-Inf	0.0
0.285	-Inf	0.0
0.295	-Inf	0.0
0.305	-Inf	0.0
0.315	-Inf	0.0
0.325	-Inf	0.0
0.335	-Inf	0.0
0.345	-Inf	0.0
0.355	-7.111131294499144	0.0008851363478782543
0.365	-7.119809312664527	0.0008605492271038585
0.375	-7.128912598677857	0.0007458093301566773
0.385	-7.1384362193085025	0.0007703964509310732
0.395	-7.148374949411667	0.0008769406409534558
0.405	-7.1587232745453235	0.000754005037081476
0.415	-7.16947539377076	0.0008605492271038585
0.425	-7.180625222635246	0.0007458093301566773
0.435	-7.192166396335232	0.001057246193299026
0.445	-7.20409227305836	0.0009015277617278516
0.455	-7.216395937502478	0.0007130265024574827
0.465	-7.229070204569701	0.0008441578132542611
0.475	-7.242107623233489	0.0006556565539838921
0.485	-7.255500480576573	0.0006392651401342949
0.495	-7.269240805997472	0.0008359621063294625
0.505	-7.283320375583228	0.0005491123639615096
0.515	-7.297730716645872	0.0005900908985855029
0.525	-7.312463112420048	0.0006064823124351002
0.535	-7.327508606919115	0.0005982866055103016
0.545	-7.342858009946921	0.0006474608470590934
0.555	-7.358501902262387	0.000540916657036711
0.565	-7.374430640893896	0.000704830795532684
0.575	-7.390634364600431	0.000540916657036711
0.585	-7.407102999476262	0.000704830795532684
0.595	-7.423826264695937	0.0006146780193598989
0.605	-7.44079367839622	0.0005736994847359056
0.615	-7.45799456369151	0.0006720479678334894
0.625	-7.475418054819238	0.0005818951916607043
0.635	-7.4930531034116195	0.0005573080708863083
0.645	-7.510888484890042	0.00046715529471352314
0.655	-7.528912804978358	0.0003851982254655366
0.665	-7.547114506331178	0.0005655037778111069
0.675	-7.565481875273282	0.0005491123639615096
0.685	-7.584003048646112	0.0004999381224127178
0.695	-7.602666020757293	0.0005491123639615096
0.705	-7.621458650429042	0.00044256817393912716
0.715	-7.640368668141252	0.00044256817393912716
0.725	-7.659383683265	0.0003851982254655366
0.735	-7.678491191382123	0.0005982866055103016
0.745	-7.697678581686513	0.00036880681161593934
0.755	-7.716933144462668	0.0003851982254655366
0.765	-7.736242078637009	0.0005245252431871138
0.775	-7.7555924993974354	0.0004015896393151339
0.785	-7.774971445876517	0.0004097853462399326
0.795	-7.794365888893699	0.0004507638808639258
0.805	-7.81376273875185	0.0004589595877887245
0.815	-7.833148853083433	0.000377002518540738
0.825	-7.852511044741578	0.0003851982254655366
0.835	-7.871836089731236	0.0004015896393151339
0.845	-7.891110735175656	0.0002376755008191609
0.855	-7.910321707313327	0.0003032411562175501
0.865	-7.929455719520525	0.00041798105316473124
0.875	-7.948499480354605	0.0003360239839167447
0.885	-7.967439701613126	0.0003606111046911407
0.895	-7.986263106403927	0.00032782827699194604
0.905	-8.004956437221189	0.0003606111046911407
0.915	-8.023506464022622	0.0003360239839167447
0.925	-8.041899992302778	0.00027865403544315414
0.935	-8.060123871157588	0.0003360239839167447
0.945	-8.078165001335199	0.000377002518540738
0.955	-8.096010343268148	0.0002868497423679528
0.965	-8.113646925081982	0.00027865403544315414
0.975	-8.131061850575389	0.000352415397766342
0.985	-8.14824230716695	0.0003851982254655366
0.995	-8.165175573803625	0.00029504544929275146
1.005	-8.181849028826113	0.00024587120774395956
1.015	-8.19825015778623	0.00024587120774395956
1.025	-8.21436656121151	0.0002622626215935569
1.035	-8.230185962312211	0.00021308838004476495
1.045	-8.245696214626003	0.00024587120774395956
1.055	-8.260885309595569	0.0002622626215935569
1.065	-8.275741384074482	0.00016391413849597302
1.075	-8.290252727756672	0.00027865403544315414
1.085	-8.30440779052489	0.00019669696619516763
1.095	-8.318195189713627	0.0002540669146687582
1.105	-8.33160371728195	0.0003032411562175501
1.115	-8.344622346891828	0.0002622626215935569
1.125	-8.3572402408875	0.0002540669146687582
1.135	-8.369446757171586	0.0002048926731199663
1.145	-8.381231455973634	0.0002048926731199663
1.155	-8.39258410650685	0.00022947979389436224
1.165	-8.4034946935089	0.00014752272464637573
1.175	-8.413953423662644	0.00014752272464637573
1.185	-8.423950731892825	0.00019669696619516763
1.195	-8.433477287534714	0.0002704583285183555
1.205	-8.442524000370875	0.00021308838004476495
1.215	-8.451082026532244	0.0001557184315711744
1.225	-8.459142774259766	0.00021308838004476495
1.235	-8.46669790952303	0.00022128408696956358
1.245	-8.473739361492271	0.0002048926731199663
1.255	-8.48025932786034	0.00019669696619516763
1.265	-8.486250280011209	0.0002376755008191609
1.275	-8.491704968031787	0.00022947979389436224
1.285	-8.4966164255638	0.00022947979389436224
1.295	-8.500977974492693	0.0002048926731199663
1.305	-8.504783229470489	0.00016391413849597302
1.315	-8.508026102269785	0.00017210984542077168
1.325	-8.510700805966021	0.0002048926731199663
1.335	-8.512801858945362	0.00016391413849597302
1.345	-8.514324088735583	0.00021308838004476495
1.355	-8.51526263565749	0.00022128408696956358
1.365	-8.515612956294476	0.00024587120774395956
1.375	-8.515370826777975	0.00019669696619516763
1.385	-8.514532345886616	0.00014752272464637573
1.395	-8.513093937957073	0.0002376755008191609
1.405	-8.511052355604644	0.0002048926731199663
1.415	-8.508404682251754	0.00017210984542077168
1.425	-8.505148334462705	0.00022128408696956358
1.435	-8.501281064083024	0.00018030555234557034
1.445	-8.496800960182021	0.00017210984542077168
1.455	-8.491706450797135	0.000188501259270369
1.465	-8.485996304478899	0.00016391413849597302
1.475	-8.479669631635362	0.00022128408696956358
1.485	-8.472725885675041	0.00022128408696956358
1.495	-8.465164863947464	0.00022947979389436224
1.505	-8.456986708480642	0.00022128408696956358
1.515	-8.448191906514774	0.00019669696619516763
1.525	-8.438781290831752	0.000188501259270369
1.535	-8.428756039880055	0.000188501259270369
1.545	-8.41811767769479	0.00022128408696956358
1.555	-8.406868073612774	0.0002540669146687582
1.565	-8.395009441782637	0.00024587120774395956
1.575	-8.382544340470083	0.0002376755008191609
1.585	-8.36947567115855	0.0002540669146687582
1.595	-8.35580667744566	0.00014752272464637573
1.605	-8.34154094373593	0.00021308838004476495
1.615	-8.326682393730403	0.00022947979389436224
1.625	-8.311235288713899	0.000188501259270369
1.635	-8.295204225640813	0.0002540669146687582
1.645	-8.278594135020388	0.0002704583285183555
1.655	-8.261410278602638	0.0002704583285183555
1.665	-8.243658246866106	0.0002868497423679528
1.675	-8.225343956308862	0.00029504544929275146
1.685	-8.206473646544163	0.0003114368631423488
1.695	-8.187053877202441	0.00044256817393912716
1.705	-8.16709152464125	0.0002540669146687582
1.715	-8.146593778465089	0.00027865403544315414
1.725	-8.125568137856991	0.0002704583285183555
1.735	-8.104022407723955	0.00031963257006714744
1.745	-8.081964694658414	0.00041798105316473124
1.755	-8.05940340271802	0.0002376755008191609
1.765	-8.036347229026138	0.0003114368631423488
1.775	-8.01280515919557	0.00034421969084154336
1.785	-7.988786462578136	0.00039339393239033526
1.795	-7.9643006873428135	0.00036880681161593934
1.805	-7.9393576553852965	0.00027865403544315414
1.815	-7.913967457071889	0.0004015896393151339
1.825	-7.888140445820778	0.0004097853462399326
1.835	-7.861887232523811	0.0003606111046911407
1.845	-7.835218679812041	0.00034421969084154336
1.855	-7.80814589616833	0.0004753510016383218
1.865	-7.780680229890466	0.00044256817393912716
1.875	-7.752833262908297	0.00046715529471352314
1.885	-7.724616804458495	0.00044256817393912716
1.895	-7.696042884620631	0.0004261767600895299
1.905	-7.667123747718366	0.0004507638808639258
1.915	-7.63787184558958	0.0005982866055103016
1.925	-7.608299830729436	0.0005327209501119123
1.935	-7.578420549310347	0.0006228737262846976
1.945	-7.548247034082985	0.0005900908985855029
1.955	-7.517792497162477	0.0006392651401342949
1.965	-7.487070322704054	0.0005818951916607043
1.975	-7.456094059472434	0.0005573080708863083
1.985	-7.42487741330935	0.0006802436747582881
1.995	-7.3934342395036365	0.00044256817393912716
2.005	-7.361778535068382	0.0005736994847359056
2.015	-7.329924430929721	0.0006228737262846976
2.025	-7.297886184031853	0.0006064823124351002
2.035	-7.265678169362975	0.0006146780193598989
2.045	-7.233314871906823	0.0008031792786302678
2.055	-7.200810878524617	0.0006802436747582881
2.065	-7.168180869772169	0.0007867878647806705
2.075	-7.135439611657027	0.0007458093301566773
2.085	-7.102601947340556	0.0008851363478782543
2.095	-7.069682788789813	0.0008687449340286571
2.105	-7.036697108384248	0.0010326590725246302
2.115	-7.003659930482118	0.0009261148825022476
2.125	-6.9705863229517195	0.0008605492271038585
2.135	-6.937491388672362	0.0009261148825022476
2.145	-6.904390257010207	0.0009425062963518449
2.155	-6.87129807527402	0.0013031174010429856
2.165	-6.838230000155852	0.001008071951750234
2.175	-6.805201189161838	0.0010244633655998314
2.185	-6.772226792038119	0.0011965732110206032
2.195	-6.73932194219704	0.0012457474525693951
2.205	-6.706501748148673	0.001171986090246207
2.215	-6.673781284942837	0.0013277045218173815
2.225	-6.641175585626615	0.00115559467639661
2.235	-6.6086996327225265	0.0013932701772157708
2.245	-6.576368349732387	0.0014752272464637574
2.255	-6.544196592671926	0.0011392032625470126
2.265	-6.5121991416412115	0.0014260530049149654
2.275	-6.480390692435866	0.0014424444187645627
2.285	-6.448785848204115	0.0015817714364861398
2.295	-6.417399111154612	0.0019341868342524818
2.305	-6.386244874319972	0.001860425471929294
2.315	-6.355337413380941	0.0017374898680573142
2.325	-6.32469087855605	0.0018194469373053006
2.335	-6.294319286561627	0.0017784684026813074
2.345	-6.264236512646866	0.002114492386598052
2.355	-6.234456282708834	0.0017784684026813074
2.365	-6.204992165491969	0.0020653181450492604
2.375	-6.175857564876839	0.002163666628146844
2.385	-6.147065712262665	0.0019014040065532872
2.395	-6.118629659048211	0.0021226880935228507
2.405	-6.09056226921548	0.002163666628146844
2.415	-6.0628762120206385	0.002327580766642817
2.425	-6.035583954796559	0.00231118935279322
2.435	-6.008697755871209	0.002639017629785166
2.445	-5.982229657606152	0.0024751034912891927
2.455	-5.956191479559283	0.002819323182130736
2.465	-5.930594811775877	0.0027127789921083537
2.475	-5.905451008211928	0.002819323182130736
2.485	-5.880771180293724	0.0030406072691002996
2.495	-5.856566190617452	0.0027701489405819444
2.505	-5.832846646792607	0.003106172924498689
2.515	-5.809622895432867	0.003286478476844259
2.525	-5.7869050162979745	0.002934063079077917
2.535	-5.764702816590153	0.003204521407596273
2.545	-5.7430258254084094	0.0032618913560698635
2.555	-5.721883288364031	0.0029422587860027157
2.565	-5.701284162360469	0.003204521407596273
2.575	-5.6812371105407165	0.003171738579897078
2.585	-5.6617504974051585	0.0035323496845882187
2.595	-5.642832384102795	0.003597915339986608
2.605	-5.624490523898648	0.003720850943858588
2.615	-5.606732357819979	0.0036306981676858027
2.625	-5.589565010483969	0.0036798724092345944
2.635	-5.572995286109251	0.0036143067538362056
2.645	-5.557029664713702	0.003737242357708185
2.655	-5.541674298500714	0.00395033073775295
2.665	-5.526935008436073	0.0038683736685049637
2.675	-5.512817281017467	0.003958526444677749
2.685	-5.499326265238511	0.00400770068622654
2.695	-5.486466769749084	0.004237180480120903
2.705	-5.4742432602136155	0.004204397652421708
2.715	-5.462659856868894	0.004278159014744896
2.725	-5.451720332282782	0.004483051687864862
2.735	-5.441428109315185	0.004450268860165668
2.745	-5.431786259282403	0.004515834515564057
2.755	-5.422797500325963	0.004220789066271305
2.765	-5.414464195986835	0.004671552947135231
2.775	-5.4067883539858554	0.004556813050188051
2.785	-5.399771625211043	0.004663357240210433
2.795	-5.393415302912363	0.004671552947135231
2.805	-5.387720322104364	0.004138831997023319
2.815	-5.382687259177031	0.004720727188684023
2.825	-5.3783163317149825	0.004638770119436037
2.835	-5.374607398525135	0.004565008757112849
2.845	-5.371559959872716	0.004417486032466473
2.855	-5.369173157925462	0.004671552947135231
2.865	-5.36744577740567	0.004589595877887245
2.875	-5.366376246449663	0.004581400170962446
2.885	-5.365962637674111	0.00437650749784248
2.895	-5.366202669448498	0.004646965826360835
2.905	-5.367093707372928	0.00467974865406003
2.915	-5.368632765960338	0.004696140067909627
2.925	-5.370816510522036	0.004819075671781607
2.935	-5.3736412592553995	0.004343724670143286
2.945	-5.377102985532414	0.004630574412511238
2.955	-5.381197320387624	0.004843662792556003
2.965	-5.385919555203971	0.004458464567090466
2.975	-5.391264644594816	0.00443387744631607
2.985	-5.3972272094804	0.004548617343263252
2.995	-5.403801540356824	0.0047617057233080165
3.005	-5.41098160075552	0.004384703204767279
3.015	-5.4187610308911305	0.004515834515564057
3.025	-5.4271331514954895	0.004360116083992883
3.035	-5.436090967835409	0.004269963307820097
3.045	-5.44562717391177	0.004220789066271305
3.055	-5.455734156837367	0.004228984773196104
3.065	-5.46640400139081	0.0043027461355192925
3.075	-5.477628494743724	0.004278159014744896
3.085	-5.489399131358325	0.00419620194549691
3.095	-5.501707118052417	0.003917547910053756
3.105	-5.514543379228698	0.004237180480120903
3.115	-5.5278985622651975	0.003974917858527346
3.125	-5.541763043063566	0.0040650706347001315
3.135	-5.556126931751825	0.0038601779615801647
3.145	-5.5709800785381365	0.003851982254655366
3.155	-5.586312079711992	0.0038191994269561715
3.165	-5.602112283789232	0.0035651325122874134
3.175	-5.61836979779711	0.003696263823084192
3.185	-5.635073493695614	0.003442196908415434
3.195	-5.65221201493117	0.003483175443039427
3.205	-5.66977378311871	0.0033274570114682524
3.215	-5.687747004848094	0.0037290466507833866
3.225	-5.706119678610765	0.0031389557521978835
3.235	-5.724879601842406	0.0032373042352954674
3.245	-5.744014378077393	0.003147151459122682
3.255	-5.763511424210689	0.0032536956491450645
3.265	-5.7833579778627895	0.003106172924498689
3.275	-5.803541104843285	0.002991433027551508
3.285	-5.824047706708537	0.002876693130604327
3.295	-5.844864528408882	0.0026718004574843605
3.305	-5.86597816602081	0.0026881918713339576
3.315	-5.8873750745593805	0.0024914949051387902
3.325	-5.909041575866233	0.002655409043634763
3.335	-5.930963866568426	0.002565256267461978
3.345	-5.953128026103294	0.002327580766642817
3.355	-5.975520024804537	0.00261443050901077
3.365	-5.99812573204463	0.002639017629785166
3.375	-6.020930924428718	0.001991556782726072
3.385	-6.0439212940350435	0.002302993645868421
3.395	-6.067082456696949	0.0021800580419964414
3.405	-6.090399960321533	0.0023849507151164078
3.415	-6.113859293239933	0.0021062966796732536
3.425	-6.137445892584237	0.002229232283545233
3.435	-6.161145152686049	0.002114492386598052
3.445	-6.184942433491617	0.001958773955026878
3.455	-6.208823068988556	0.0019669696619516765
3.465	-6.232772375639078	0.0021308838004476492
3.475	-6.256775660814741	0.0020407310242748643
3.485	-6.280818231227633	0.0020079481965756697
3.495	-6.304885401353014	0.0017702726957565086
3.505	-6.3289625018383315	0.0018850125927036899
3.515	-6.353034887893698	0.0018276426442300994
3.525	-6.377087947658709	0.0017374898680573142
3.535	-6.401107110540756	0.0018030555234557033
3.545	-6.425077855519772	0.0015407929018621464
3.555	-6.448985719414559	0.0015899671434109384
3.565	-6.472816305105736	0.0016063585572605357
3.575	-6.496555289710464	0.0014178572979901666
3.585	-6.520188432704097	0.0013768787633661734
3.595	-6.543701583983955	0.0016801199195837235
3.605	-6.567080691870435	0.0013932701772157708
3.615	-6.590311811040776	0.0014998143672381532
3.625	-6.613381110390746	0.0014178572979901666
3.635	-6.63627488081964	0.001434248711839764
3.645	-6.658979542934023	0.001319508814892583
3.655	-6.681481654665646	0.0012293560387197978
3.665	-6.703767918799095	0.0012949216941181868
3.675	-6.7258251904047395	0.0011883775040958044
3.685	-6.7476404841726225	0.0011392032625470126
3.695	-6.769200981643001	0.0011637903833214085
3.705	-6.790494038329323	0.0009752891240510396
3.715	-6.811507190729462	0.0009916805379006368
3.725	-6.8322281632211395	0.0012457474525693951
3.735	-6.852644874837507	0.0011310075556222139
3.745	-6.872745445918979	0.0010408547794494287
3.755	-6.892518204637417	0.001057246193299026
3.765	-6.911951693388928	0.0009097234686526503
3.775	-6.931034675051561	0.0009425062963518449
3.785	-6.949756139104292	0.0009916805379006368
3.795	-6.968105307603789	0.0007785921578558719
3.805	-6.986071641015527	0.0009343105894270463
3.815	-7.003644843895878	0.0009507020032766436
3.825	-7.0208148704219875	0.0007212222093822814
3.835	-7.03757192976624	0.0008523535201790598
3.845	-7.053906491312272	0.0009261148825022476
3.855	-7.0698092897096	0.0007785921578558719
3.865	-7.08527132976398	0.0008441578132542611
3.875	-7.10028389116076	0.0008195706924798652
3.885	-7.114838533018601	0.00072941791630708
3.895	-7.128927098270983	0.0009097234686526503
3.905	-7.142541717873106	0.0006720479678334894
3.915	-7.155674814831834	0.000754005037081476
3.925	-7.168319108056486	0.0007867878647806705
3.935	-7.180467616028357	0.0008031792786302678
3.945	-7.192113660286994	0.0008195706924798652
3.955	-7.203250868731343	0.00072941791630708
3.965	-7.213873178733998	0.0006720479678334894
3.975	-7.2239748400669335	0.0008687449340286571
3.985	-7.233550417637164	0.0006884393816830867
3.995	-7.24259479403093	0.0006064823124351002
4.005	-7.251103171865127	0.0005900908985855029
4.015	-7.259071075944797	0.0005982866055103016
4.025	-7.266494355225619	0.000704830795532684
4.035	-7.273369184580492	0.0006064823124351002
4.045	-7.279692066369373	0.0006966350886078854
4.055	-7.285459831811693	0.0007376136232318787
4.065	-7.290669642160772	0.0005982866055103016
4.075	-7.1376188953540245	0.0009015277617278516
4.085	-7.145267423664803	0.0007703964509310732
4.095	-7.152351469611392	0.0007130265024574827
4.105	-7.158869522353887	0.000754005037081476
4.115	-7.1648204039770595	0.0007622007440062745
4.125	-7.170203269471686	0.0007130265024574827
4.135	-7.175017606517315	0.0007622007440062745
4.145	-7.179263235066866	0.0007458093301566773
4.155	-7.1829403067336095	0.000754005037081476
4.165	-7.186049303981153	0.0006638522609086907
4.175	-7.188591039117222	0.0007458093301566773
4.185	-7.190566653092117	0.0007130265024574827
4.195	-7.19197761410284	0.0006556565539838921
4.205	-7.192825716004033	0.0006884393816830867
4.215	-7.193113076526965	0.0007212222093822814
4.225	-7.192842135307927	0.0007703964509310732
4.235	-7.192015651727511	0.0006638522609086907
4.245	-7.19063670256235	0.0007458093301566773
4.255	-7.188708679451051	0.0008277663994046638
4.265	-7.186235286176099	0.000704830795532684
4.275	-7.1832205357637	0.0008113749855550665
4.285	-7.179668747403555	0.0008687449340286571
4.295	-7.175584543190756	0.0007703964509310732
4.305	-7.170972844692013	0.0006638522609086907
4.315	-7.165838869338602	0.0006392651401342949
4.325	-7.1601881266484915	0.0009834848309758382
4.335	-7.15402641428019	0.0007622007440062745
4.345	-7.1473598139210015	0.0008523535201790598
4.355	-7.1401946870124515	0.0007622007440062745
4.365	-7.132537670315743	0.0007622007440062745
4.375	-7.12439567132018	0.000893332054803053
4.385	-7.115775863497648	0.0008523535201790598
4.395	-7.106685681406264	0.0008359621063294625
4.405	-7.097132815646426	0.0006802436747582881
4.415	-7.087125207672609	0.0007949835717054692
4.425	-7.076671044464278	0.0008113749855550665
4.435	-7.065778753059416	0.0009507020032766436
4.445	-7.054456994954259	0.0008031792786302678
4.455	-7.042714660372847	0.0008523535201790598
4.465	-7.030560862410133	0.0008195706924798652
4.475	-7.0180049310524435	0.0008769406409534558
4.485	-7.005056407079164	0.0009916805379006368
4.495	-6.991725035849569	0.0008523535201790598
4.505	-6.978020760978822	0.0010736376071486234
4.515	-6.963953717907184	0.0009588977102014423
4.525	-6.949534227366593	0.001008071951750234
4.535	-6.934772788748763	0.0008359621063294625
4.545	-6.919680073379076	0.0009588977102014423
4.555	-6.904266917700542	0.0009998762448254356
4.565	-6.888544316372183	0.0010162676586750329
4.575	-6.872523415286227	0.0010244633655998314
4.585	-6.8562155045085635	0.0011392032625470126
4.595	-6.839632011146917	0.0013031174010429856
4.605	-6.822784492151289	0.001221160331794999
4.615	-6.8056846270512015	0.0009916805379006368
4.625	-6.788344210634327	0.0008769406409534558
4.635	-6.770775145571162	0.0011801817971710058
4.645	-6.7529894349903365	0.0011310075556222139
4.655	-6.73499917500929	0.0012621388664189924
4.665	-6.716816547224964	0.0012867259871933883
4.675	-6.6984538111692355	0.0014014658841405695
4.685	-6.679923296733846	0.0013031174010429856
4.695	-6.661237396569531	0.0012129646248702005
4.705	-6.642408558464127	0.0012785302802685897
4.715	-6.623449277704397	0.0015162057810877505
4.725	-6.604372089426363	0.0014752272464637574
4.735	-6.585189560958882	0.0013604873495165761
4.745	-6.565914284165244	0.0014752272464637574
4.755	-6.546558867787542	0.001434248711839764
4.765	-6.527135929798563	0.0015325971949373479
4.775	-6.507658089765945	0.001483422953388556
4.785	-6.488137961233323	0.0014178572979901666
4.795	-6.468588144123155	0.0015817714364861398
4.805	-6.4490212171659245	0.0015571843157117437
4.815	-6.429449730360417	0.001671924212658925
4.825	-6.409886197469651	0.0015899671434109384
4.835	-6.390343088557114	0.0015162057810877505
4.845	-6.370832822567866	0.001835838351154898
4.855	-6.351367759959066	0.0017047070403581196
4.865	-6.331960195384439	0.001835838351154898
4.875	-6.312622350437108	0.001811251230380502
4.885	-6.293366366455265	0.0017292941611325155
4.895	-6.274204297395044	0.001860425471929294
4.905	-6.255148102774913	0.0018522297650044952
4.915	-6.236209640695899	0.0019014040065532872
4.925	-6.217400660941835	0.001958773955026878
4.935	-6.198732798163823	0.0020653181450492604
4.945	-6.180217565153037	0.002139079507372448
4.955	-6.161866346205899	0.001999752489650871
4.965	-6.143690390585608	0.0018030555234557033
4.975	-6.1257008060839855	0.0022784065250940253
4.985	-6.107908552687438	0.0021472752142972468
4.995	-6.090324436350869	0.002212840869695636
5.005	-6.072959102883216	0.0021472752142972468
5.015	-6.0558230319482576	0.002212840869695636
5.025	-6.038926531184271	0.002450516370514797
5.035	-6.022279730445963	0.002171862335071643
5.045	-6.005892576172139	0.00261443050901077
5.055	-5.98977482588235	0.0024095378358908034
5.065	-5.973936042805817	0.0026472133367099644
5.075	-5.958385590645697	0.002524277732837985
5.085	-5.943132628481798	0.002663604750559562
5.095	-5.9281861058146585	0.002696387578258756
5.105	-5.913554757753891	0.0024832991982139912
5.115	-5.899247100353508	0.002893084544453924
5.125	-5.885271426096953	0.002868497423679528
5.135	-5.871635799534372	0.0027373661128827498
5.145	-5.858348053074632	0.003048802976025098
5.155	-5.845415782934394	0.0028111274752059376
5.165	-5.6023081062760625	0.0037290466507833866
5.175	-5.586546793788403	0.003933939323903353
5.185	-5.571162291011465	0.003671676702309796
5.195	-5.556161212103278	0.003876569375429762
5.205	-5.5415499172073615	0.0036143067538362056
5.215	-5.527334509388339	0.003991309272376943
5.225	-5.513520831738306	0.0038191994269561715
5.235	-5.500114464655478	0.00431913754936889
5.245	-5.487120723296474	0.003991309272376943
5.255	-5.474544655203571	0.004220789066271305
5.265	-5.462391038108091	0.00407326634162493
5.275	-5.450664377910981	0.004368311790917681
5.285	-5.439368906841548	0.004384703204767279
5.295	-5.42850858179516	0.004704335774834426
5.305	-5.4180870828506835	0.004335528963218487
5.315	-5.408107811968183	0.004351920377068084
5.325	-5.398573891867469	0.004466660274015265
5.335	-5.3894881650877755	0.0047453143094584194
5.345	-5.380853193228883	0.004605987291736842
5.355	-5.372671256373814	0.0047699014302328155
5.365	-5.36494435269311	0.004597791584812044
5.375	-5.357674198230618	0.004655161533285634
5.385	-5.350862226870572	0.00467974865406003
5.395	-5.344509590485641	0.0047371186025336205
5.405	-5.338617159265524	0.005056751172600768
5.415	-5.333185522225515	0.0049747941033527815
5.425	-5.328214987894381	0.0047699014302328155
5.435	-5.323705585180797	0.004573204464037648
5.445	-5.319657064417385	0.004901032741029594
5.455	-5.316068898581419	0.004687944360984828
5.465	-5.312940284691023	0.004819075671781607
5.475	-5.31027014537567	0.004843662792556003
5.485	-5.308057130619606	0.004581400170962446
5.495	-5.306299619676793	0.004835467085631205
5.505	-5.304995723155779	0.004819075671781607
5.515	-5.304143285272841	0.005130512534923956
5.525	-5.303739886271646	0.004933815568728788
5.535	-5.303782845007527	0.004556813050188051
5.545	-5.304269221694439	0.005032164051826372
5.555	-5.3051958208124566	0.005310818087269526
5.565	-5.306559194173695	0.004548617343263252
5.575	-5.308355644144333	0.004827271378706406
5.585	-5.310581227020376	0.005253448138795936
5.595	-5.313231756554686	0.005187882483397546
5.605	-5.316302807632724	0.004728922895608822
5.615	-5.319789720094309	0.004819075671781607
5.625	-5.323687602698694	0.0052206653110967415
5.635	-5.327991337230095	0.004466660274015265
5.645	-5.3326955827407225	0.004827271378706406
5.655	-5.337794779928361	0.005073142586450365
5.665	-5.343283155645366	0.004712531481759224
5.675	-5.349154727535904	0.005081338293375164
5.685	-5.3554033087982065	0.004728922895608822
5.695	-5.362022513068482	0.004720727188684023
5.705	-5.369005759423103	0.0047535100163832176
5.715	-5.3763462774955855	0.00480268425793201
5.725	-5.384037112704814	0.004540421636338453
5.735	-5.392071131590891	0.004335528963218487
5.745	-5.400441027254958	0.004597791584812044
5.755	-5.409139324899234	0.004589595877887245
5.765	-5.41815838746344	0.004827271378706406
5.775	-5.427490421353821	0.004704335774834426
5.785	-5.437127482260779	0.004163419117797715
5.795	-5.447061481061203	0.004483051687864862
5.805	-5.457284189801455	0.004040483513925735
5.815	-5.467787247756954	0.004015896393151339
5.825	-5.478562167564249	0.004269963307820097
5.835	-5.489600341421437	0.004015896393151339
5.845	-5.5008930473527355	0.003851982254655366
5.855	-5.5124314555329725	0.004269963307820097
5.865	-5.5242066346677445	0.003933939323903353
5.875	-5.536209558424968	0.0038273951338809705
5.885	-5.548431111913457	0.0036470895815353998
5.895	-5.56086209820425	0.004114244876248923
5.905	-5.573493244890264	0.003851982254655366
5.915	-5.586315210679899	0.003737242357708185
5.925	-5.599318592020234	0.003507762563813823
5.935	-5.612493929745339	0.0037782208923321783
5.945	-5.625831715745306	0.003573328219212212
5.955	-5.639322399651547	0.0035405453915130173
5.965	-5.652956395533958	0.0036798724092345944
5.975	-5.666724088605427	0.003696263823084192
5.985	-5.680615841929333	0.003761829478482581
5.995	-5.694622003125513	0.003319261304543454
6.005	-5.70873291107033	0.0034176097876410377
6.015	-5.722938902586364	0.003032411562175501
6.025	-5.737230319117351	0.003245499942220266
6.035	-5.75159751338394	0.0034913711499642256
6.045	-5.766030856015905	0.0032373042352954674
6.055	-5.780520742156456	0.003147151459122682
6.065	-5.795057598034285	0.002876693130604327
6.075	-5.809631887499062	0.003147151459122682
6.085	-5.824234118516079	0.003270087062994662
6.095	-5.838854849615812	0.0028848888375291254
6.105	-5.853484696294144	0.002802931768281139
6.115	-5.868114337359124	0.0031799342868218767
6.125	-5.882734521220058	0.002934063079077917
6.135	-5.897336072114892	0.00279473606135634
6.145	-5.91190989627178	0.0026718004574843605
6.155	-5.926446988000886	0.002819323182130736
6.165	-5.940938435712409	0.002565256267461978
6.175	-5.955375427856958	0.0027127789921083537
6.185	-5.969749258784436	0.0025488648536123805
6.195	-5.98405133451761	0.0024914949051387902
6.205	-5.998273178436656	0.002466907784364394
6.215	-6.0124064368710215	0.002302993645868421
6.225	-6.026442884594978	0.0022784065250940253
6.235	-6.040374430223323	0.0023603635943420117
6.245	-6.054193121503802	0.0020571224381244614
6.255	-6.067891150502816	0.0020407310242748643
6.265	-6.081460858681098	0.0022947979389436224
6.275	-6.094894741856117	0.0023193850597180185
6.285	-6.108185455048054	0.0022456236973948307
6.295	-6.12132581720624	0.0020653181450492604
6.305	-6.134308815813043	0.001999752489650871
6.315	-6.147127611362308	0.002098100972748455
6.325	-6.159775541709478	0.0021062966796732536
6.335	-6.1722461262906805	0.002139079507372448
6.345	-6.184533070208084	0.002139079507372448
6.355	-6.196630268178968	0.0020407310242748643
6.365	-6.2085318083460255	0.0019833610758012736
6.375	-6.220231975946515	0.001958773955026878
6.385	-6.2317252568379775	0.0022374279904700317
6.395	-6.243006340878296	0.002286602232018824
6.405	-6.254070125158038	0.001811251230380502
6.415	-6.264911717083066	0.0016801199195837235
6.425	-6.275526437305539	0.0018768168857788911
6.435	-6.285909822501464	0.001958773955026878
6.445	-6.2960576279931875	0.0018276426442300994
6.455	-6.305965830215154	0.0018850125927036899
6.465	-6.315630629021516	0.0017292941611325155
6.475	-6.325048449834193	0.0018030555234557033
6.485	-6.334215945630101	0.0018850125927036899
6.495	-6.343129998766419	0.001622749971110133
6.505	-6.3517877226428165	0.001721098454207717
6.515	-6.360186463199718	0.0017784684026813074
6.525	-6.368323800251745	0.0016391413849597303
6.535	-6.376197548655628	0.0014752272464637574
6.545	-6.383805759311991	0.0015981628503357371
6.555	-6.39114672000045	0.0016555327988093276
6.565	-6.398218956047703	0.0016555327988093276
6.575	-6.405021230828272	0.0017047070403581196
6.585	-6.4115525460977585	0.001524401488012549
6.595	-6.417812142158537	0.0016391413849597303
6.605	-6.423799497857968	0.0016637285057341262
6.615	-6.42951433041924	0.0016637285057341262
6.625	-6.434956595105163	0.0016391413849597303
6.635	-6.440126484715295	0.0015571843157117437
6.645	-6.445024428916855	0.0016309456780349318
6.655	-6.449651093410083	0.001409661591065368
6.665	-6.454007378928722	0.001573575729561341
6.675	-6.458094420076467	0.00145883583261416
6.685	-6.461913584000309	0.0015162057810877505
6.695	-6.465466468901802	0.0014014658841405695
6.705	-6.468754902387434	0.0016801199195837235
6.715	-6.471780939659314	0.0016883156265085223
6.725	-6.474546861547564	0.001622749971110133
6.735	-6.477055172385871	0.0013604873495165761
6.745	-6.479308597731768	0.0014670315395389586
6.755	-6.481310081933317	0.001524401488012549
6.765	-6.48306278554394	0.0013850744702909722
6.775	-6.484570082587329	0.0014260530049149654
6.785	-6.485835557674331	0.001434248711839764
6.795	-6.486863002973935	0.0016391413849597303
6.805	-6.487656415040494	0.0015981628503357371
6.815	-6.488219991499447	0.0014424444187645627
6.825	-6.488558127593898	0.001622749971110133
6.835	-6.488675412594498	0.001483422953388556
6.845	-6.488576626075143	0.0017456855749821128
6.855	-6.488266734057137	0.0013031174010429856
6.865	-6.487750885024501	0.0014670315395389586
6.875	-6.487034405813254	0.0014998143672381532
6.885	-6.4861227973774955	0.0013686830564413749
6.895	-6.485021730435297	0.001434248711839764
6.905	-6.483737040997392	0.0016883156265085223
6.915	-6.482274725781807	0.0015571843157117437
6.925	-6.480640937517613	0.0014014658841405695
6.935	-6.478841980141041	0.0016063585572605357
6.945	-6.476884303887323	0.0015407929018621464
6.955	-6.474774500281615	0.0015899671434109384
6.965	-6.472519297032524	0.0016637285057341262
6.975	-6.470125552831686	0.001622749971110133
6.985	-6.467600252063088	0.001409661591065368
6.995	-6.464950499425683	0.0013768787633661734
7.005	-6.462183514473063	0.0016145542641853344
7.015	-6.459306626073941	0.001622749971110133
7.025	-6.45632726679724	0.0013604873495165761
7.035	-6.4532529672256596	0.001434248711839764
7.045	-6.450091350201612	0.001409661591065368
7.055	-6.446850125009523	0.00145883583261416
7.065	-6.443537081498411	0.0012785302802685897
7.075	-6.44016008414888	0.0014752272464637574
7.085	-6.436727066088495	0.0016555327988093276
7.095	-6.433246023059696	0.0016063585572605357
7.105	-6.429725007344387	0.001573575729561341
7.115	-6.42617212164934	0.00145883583261416
7.125	-6.422595512956576	0.0017784684026813074
7.135	-6.419003366343009	0.001573575729561341
7.145	-6.415403898773497	0.0015325971949373479
7.155	-6.411805352871577	0.0016883156265085223
7.165	-6.408215990672187	0.0015325971949373479
7.175	-6.404644087360562	0.0016063585572605357
7.185	-5.937953889489243	0.0025324734397627834
7.195	-5.955683419833424	0.0023849507151164078
7.205	-5.973455250795137	0.002639017629785166
7.215	-5.991277647424168	0.002565256267461978
7.225	-6.009158856558338	0.0025734519743867766
7.235	-6.027107100569703	0.002516082025913186
7.245	-6.04513057112693	0.002442320663589998
7.255	-6.063237422978148	0.0025488648536123805
7.265	-6.081435767758483	0.0025078863189883873
7.275	-6.099733667826546	0.0026062348020859712
7.285	-6.118139130134043	0.002229232283545233
7.295	-6.136660100132748	0.0021800580419964414
7.305	-6.155304455722946	0.0024095378358908034
7.315	-6.174080001247514	0.0021062966796732536
7.325	-6.1929944615357515	0.0017538812819069115
7.335	-6.21205547600101	0.0019505782481020791
7.345	-6.2312705927961645	0.002016143903500468
7.355	-6.250647263030943	0.0018932082996284884
7.365	-6.270192835055032	0.0017456855749821128
7.375	-6.289914548810927	0.0020571224381244614
7.385	-6.309819530260333	0.0019423825411772804
7.395	-6.329914785887968	0.001811251230380502
7.405	-6.350207197286555	0.00176207698883171
7.415	-6.370703515826646	0.0018768168857788911
7.425	-6.39141035741501	0.0015981628503357371
7.435	-6.41233419734515	0.0019177954204028845
7.445	-6.433481365243468	0.0015899671434109384
7.455	-6.454858040114565	0.001671924212658925
7.465	-6.476470245489126	0.0015899671434109384
7.475	-6.498323844677647	0.001409661591065368
7.485	-6.520424536133333	0.0014424444187645627
7.495	-6.542777848927352	0.001483422953388556
7.505	-6.565389138339562	0.0014506401256893613
7.515	-6.588263581567742	0.0010408547794494287
7.525	-6.611406173558346	0.0013768787633661734
7.535	-6.6348217229615845	0.0012785302802685897
7.545	-6.658514848213729	0.0016063585572605357
7.555	-6.682489973749297	0.0014260530049149654
7.565	-6.70675132634577	0.001221160331794999
7.575	-6.731302931603396	0.0013440959356669788
7.585	-6.756148610562546	0.0012457474525693951
7.595	-6.781291976460954	0.00115559467639661
7.605	-6.80673643163315	0.0012539431594941937
7.615	-6.8324851645542495	0.0012539431594941937
7.625	-6.858541147030188	0.0012047689179454017
7.635	-6.884907131536384	0.0009588977102014423
7.645	-6.911585648706725	0.0009425062963518449
7.655	-6.938579004974658	0.001008071951750234
7.665	-6.96588928036807	0.0009261148825022476
7.675	-6.993518326459576	0.0009916805379006368
7.685	-7.02146776447365	0.0010900290209982207
7.695	-7.049738983552009	0.00072941791630708
7.705	-7.078333139178526	0.0008113749855550665
7.715	-7.107251151764831	0.0006966350886078854
7.725	-7.136493705397651	0.0008441578132542611
7.735	-7.16606124674889	0.0008523535201790598
7.745	-6.469564551094025	0.001483422953388556
7.755	-6.478540784689257	0.001483422953388556
7.765	-6.487841913087848	0.0013359002287421803
7.775	-6.497467425684501	0.0014670315395389586
7.785	-6.507416571475847	0.0015162057810877505
7.795	-6.51768835896075	0.0015407929018621464
7.805	-6.528281556206934	0.0013359002287421803
7.815	-6.539194691084034	0.0014916186603133547
7.825	-6.5504260516630595	0.0013440959356669788
7.835	-6.5619736867820935	0.0015162057810877505
7.845	-6.573835406777991	0.0014178572979901666
7.855	-6.58600878438372	0.0013850744702909722
7.865	-6.598491155790863	0.0013277045218173815
7.875	-6.611279621876702	0.0013359002287421803
7.885	-6.624371049595182	0.001270334573343791
7.895	-6.6377620735309755	0.0012129646248702005
7.905	-6.651449097615705	0.0013031174010429856
7.915	-6.665428297005329	0.0013768787633661734
7.925	-6.679695620117567	0.0015162057810877505
7.935	-6.694246790828108	0.001057246193299026
7.945	-6.709077310824284	0.0012539431594941937
7.955	-6.72418246211475	0.00115559467639661
7.965	-6.7395573096936445	0.001270334573343791
7.975	-6.755196704357545	0.0010244633655998314
7.985	-6.771095285673491	0.0009998762448254356
7.995	-6.787247485096198	0.0011965732110206032
8.005	-6.803647529232544	0.0011801817971710058
8.015	-6.820289443251225	0.00115559467639661
8.025	-6.837167054435449	0.001057246193299026
8.035	-6.854273995876449	0.001057246193299026
8.045	-6.871603710305407	0.001171986090246207
8.055	-6.889149454061434	0.001057246193299026
8.065	-6.906904301193004	0.0010654419002238246
8.075	-6.924861147690262	0.000917919175577449
8.085	-6.943012715845518	0.0009425062963518449
8.095	-6.961351558739066	0.000917919175577449
8.105	-6.979870064847551	0.000893332054803053
8.115	-6.998560462771812	0.0007867878647806705
8.125	-7.01741482608126	0.0008769406409534558
8.135	-7.0364250782715985	0.0007130265024574827
8.145	-7.055582997832716	0.0008277663994046638
8.155	-7.074880223423499	0.0008523535201790598
8.165	-7.094308259150169	0.0007622007440062745
8.175	-7.113858479944774	0.0008769406409534558
8.185	-7.133522137040308	0.0006228737262846976
8.195	-7.153290363538963	0.0008359621063294625
8.205	-7.173154180069826	0.0006884393816830867
8.215	-7.193104500532389	0.0007867878647806705
8.225	-7.213132137922147	0.0006146780193598989
8.235	-7.233227810234423	0.000704830795532684
8.245	-7.253382146442662	0.0006228737262846976
8.255	-7.273585692547216	0.0006802436747582881
8.265	-7.293828917690689	0.0006392651401342949
8.275	-7.314102220335903	0.000540916657036711
8.285	-7.334395934502335	0.0006392651401342949
8.295	-7.3547003360570375	0.0006802436747582881
8.305	-7.375005649055855	0.0006474608470590934
8.315	-7.395302052130834	0.0006310694332094962
8.325	-7.415579684919572	0.0005491123639615096
8.335	-7.435828654532317	0.0005982866055103016
8.345	-7.456039042052559	0.0005081338293375164
8.355	-7.476200909066855	0.0006720479678334894
8.365	-7.496304304219513	0.0005163295362623151
8.375	-7.51633926978791	0.0006392651401342949
8.385	-7.536295848274031	0.0006228737262846976
8.395	-7.556164089007914	0.0005081338293375164
8.405	-7.575934054758612	0.00048354670856312046
8.415	-7.59559582834833	0.000540916657036711
8.425	-7.615139519265315	0.0005245252431871138
8.435	-7.63455527027114	0.00041798105316473124
8.445	-7.653833263998029	0.0004507638808639258
8.455	-7.672963729531748	0.0005573080708863083
8.465	-7.691936948975806	0.00044256817393912716
8.475	-7.710743263992504	0.0003606111046911407
8.485	-7.729373082316523	0.0004015896393151339
8.495	-7.7478168842367	0.0004507638808639258
8.505	-7.766065229041665	0.000352415397766342
8.515	-7.784108761425025	0.0004261767600895299
8.525	-7.8019382178458345	0.0003851982254655366
8.535	-7.81954443284006	0.00031963257006714744
8.545	-7.836918345278845	0.0004507638808639258
8.555	-7.854051004569356	0.0003851982254655366
8.565	-7.87093357679404	0.0002704583285183555
8.575	-7.887557350784167	0.00027865403544315414
8.585	-7.9039137441236065	0.0004015896393151339
8.595	-7.919994309078684	0.0002868497423679528
8.605	-7.935790738450272	0.0003606111046911407
8.615	-7.951294871343997	0.0003114368631423488
8.625	-7.966498698854754	0.00024587120774395956
8.635	-7.9813943696616505	0.00031963257006714744
8.645	-7.995974195529564	0.0003606111046911407
8.655	-8.010230656713581	0.0003606111046911407
8.665	-8.024156407262613	0.00039339393239033526
8.675	-8.037744280218627	0.0002704583285183555
8.685	-8.050987292707827	0.0003851982254655366
8.695	-8.06387865092042	0.0003360239839167447
8.705	-8.076411754975437	0.0004097853462399326
8.715	-8.08858020366733	0.00019669696619516763
8.725	-8.100377799091001	0.00027865403544315414
8.735	-8.111798551142176	0.00022947979389436224
8.745	-8.12283668188983	0.0003606111046911407
8.755	-8.1334866298178	0.0002704583285183555
8.765	-8.143743053932464	0.00017210984542077168
8.775	-8.153600837733773	0.000188501259270369
8.785	-8.163055093046648	0.0002376755008191609
8.795	-8.172101163710238	0.00021308838004476495
8.805	-8.180734629122288	0.00034421969084154336
8.815	-8.188951307636115	0.0002540669146687582
8.825	-8.196747259807859	0.00029504544929275146
8.835	-8.20411879149151	0.00022947979389436224
8.845	-8.211062456779642	0.0002376755008191609
8.855	-8.217575060787553	0.00022947979389436224
8.865	-8.223653662278936	0.000377002518540738
8.875	-8.22929557613097	0.00029504544929275146
8.885	-8.234498375637124	0.00022947979389436224
8.895	-8.239259894645887	0.00022947979389436224
8.905	-8.243578229533753	0.00021308838004476495
8.915	-8.247451741011036	0.00027865403544315414
8.925	-8.250879055758963	0.0002622626215935569
8.935	-8.2538590678969	0.00029504544929275146
8.945	-8.256390940278306	0.0003114368631423488
8.955	-8.25847410561452	0.0002540669146687582
8.965	-8.260108267425247	0.0002868497423679528
8.975	-8.26129340081498	0.00017210984542077168
8.985	-8.262029753074504	0.0002622626215935569
8.995	-8.262317844106908	0.00031963257006714744
9.005	-8.262158466677525	0.0003032411562175501
9.015	-8.2615526864874	0.0003032411562175501
9.025	-8.260501842069976	0.0003114368631423488
9.035	-8.25900754451077	0.0002376755008191609
9.045	-8.257071676990016	0.00029504544929275146
9.055	-8.254696394148256	0.00031963257006714744
9.065	-8.251884121275065	0.00027865403544315414
9.075	-8.24863755332114	0.00022947979389436224
9.085	-8.244959653734135	0.0002622626215935569
9.095	-8.240853653118767	0.00034421969084154336
9.105	-8.236323047721761	0.00019669696619516763
9.115	-8.231371597742346	0.00022947979389436224
9.125	-8.226003325469156	0.0002704583285183555
9.135	-8.220222513244478	0.00032782827699194604
9.145	-8.214033701256902	0.000352415397766342
9.155	-8.20744168516351	0.00022947979389436224
9.165	-8.200451513542923	0.0002868497423679528
9.175	-8.193068485180588	0.000188501259270369
9.185	-8.185298146187769	0.00032782827699194604
9.195	-8.1771462869559	0.00029504544929275146
9.205	-8.168618938947962	0.0002868497423679528
9.215	-8.159722371328769	0.00031963257006714744
9.225	-8.150463087436	0.0003032411562175501
9.235	-8.140847821094123	0.0003360239839167447
9.245	-8.130883532773236	0.00032782827699194604
9.255	-8.12057740559512	0.00031963257006714744
9.265	-8.109936841188858	0.0002622626215935569
9.275	-8.098969455398397	0.0002622626215935569
9.285	-8.087683073844634	0.0002376755008191609
9.295	-8.076085727344639	0.000377002518540738
9.305	-8.064185647190762	0.0003360239839167447
9.315	-8.051991260292391	0.00032782827699194604
9.325	-8.03951118418334	0.0003032411562175501
9.335	-8.026754221897804	0.00027865403544315414
9.345	-8.013729356718017	0.00029504544929275146
9.355	-8.000445746796725	0.00027865403544315414
9.365	-7.986912719657825	0.0002704583285183555
9.375	-7.973139766578399	0.0002540669146687582
9.385	-7.959136536855639	0.00031963257006714744
9.395	-7.944912831962132	0.0004261767600895299
9.405	-7.930478599593072	0.00044256817393912716
9.415	-7.915843927609045	0.0002868497423679528
9.425	-7.901019037878117	0.00029504544929275146
9.435	-7.886014280020995	0.00043437246701432856
9.445	-7.870840125063093	0.0004917424154879191
9.455	-7.855507158997474	0.00034421969084154336
9.465	-7.840026076262588	0.0004589595877887245
9.475	-7.824407673138859	0.0004261767600895299
9.485	-7.808662841068229	0.0004917424154879191
9.495	-7.7928025599007835	0.0004753510016383218
9.505	-7.7768378910726526	0.000540916657036711
9.515	-7.760779970719476	0.0003606111046911407
9.525	-7.744640002729642	0.000377002518540738
9.535	-7.728429251741738	0.00041798105316473124
9.545	-7.712159036090495	0.00041798105316473124
9.555	-7.695840720705702	0.0004261767600895299
9.565	-7.679485709968516	0.0005245252431871138
9.575	-7.663105440529641	0.0004507638808639258
9.585	-7.646711374093908	0.000540916657036711
9.595	-7.630314990175786	0.00041798105316473124
9.605	-7.6139277788303685	0.0004507638808639258
9.615	-7.597561233364435	0.0003606111046911407
9.625	-7.5812268430322085	0.0005491123639615096
9.635	-7.564936085720367	0.0005573080708863083
9.645	-7.548700420627005	0.0005491123639615096
9.655	-Inf	0.0
9.665	-Inf	0.0
9.675	-Inf	0.0
9.685	-Inf	0.0
9.695	-Inf	0.0
9.705	-Inf	0.0
9.715	-Inf	0.0
9.725	-Inf	0.0
9.735	-Inf	0.0
9.745	-Inf	0.0
9.755	-Inf	0.0
9.765	-Inf	0.0
9.775	-Inf	0.0
9.785	-Inf	0.0
9.795	-Inf	0.0
9.805	-Inf	0.0
9.815	-Inf	0.0
9.825	-Inf	0.0
9.835	-Inf	0.0
9.845	-Inf	0.0
9.855	-Inf	0.0
9.865	-Inf	0.0
9.875	-Inf	0.0
9.885	-Inf	0.0
9.895	-Inf	0.0
9.905	-Inf	0.0
9.915	-Inf	0.0
9.925	-Inf	0.0
9.935	-Inf	0.0
9.945	-Inf	0.0
9.955	-Inf	0.0
9.965	-Inf	0.0
9.975	-Inf	0.0
9.985	-Inf	0.0
9.995	-Inf	0.0
