0.005	-Inf	0.0
0.015	-Inf	0.0
0.025	-Inf	0.0
0.035	-Inf	0.0
0.045	-Inf	0.0
0.055	-Inf	0.0
0.065	-Inf	0.0
0.075	-Inf	0.0
0.085	-Inf	0.0
0.095	-Inf	0.0
0.105	-Inf	0.0
0.115	-Inf	0.0
0.125	-Inf	0.0
0.135	-Inf	0.0
0.145	-Inf	0.0
0.155	-Inf	0.0
0.165	-Inf	0.0
0.175	-Inf	0.0
0.185	-Inf	0.0
0.195	-Inf	0.0
0.205	-Inf	0.0
0.215	-Inf	0.0
0.225	-Inf	0.0
0.235	-Inf	0.0
0.245	-Inf	0.0
0.255	-Inf	0.0
0.265	-Inf	0.0
0.275	-Inf	0.0
0.285	-Inf	0.0
0.295	-Inf	0.0
0.305	-Inf	0.0
0.315	-Inf	0.0
0.325	-Inf	0.0
0.335	-Inf	0.0
0.345	-Inf	0.0
0.355	-4.264619744735713	0.014449297265980772
0.365	-4.283348188783242	0.013526756339182319
0.375	-4.3024816604222345	0.013457565769672435
0.385	-4.322011388379546	0.012638810697138807
0.395	-4.34192833574606	0.013284589345897725
0.405	-4.362223205493626	0.013146208206877957
0.415	-4.382886446162887	0.012465834273364097
0.425	-4.40390825771832	0.012604215412383865
0.435	-4.425278597566695	0.011912309717285026
0.445	-4.446987186735077	0.011693206247170393
0.455	-4.469023516204352	0.011151213452676303
0.465	-4.4913768533942	0.01025173604904781
0.475	-4.514036248795309	0.01093210998256167
0.485	-4.536990542744543	0.01077066532037194
0.495	-4.560228372338686	0.010217140764292868
0.505	-4.583738178482284	0.00990578320149839
0.515	-4.607508213065037	0.010021100817348198
0.525	-4.631526546264084	0.009456044499684145
0.535	-4.655781073966478	0.009432980976514183
0.545	-4.680259525307035	0.009040901082624841
0.555	-4.704949470316696	0.009167750460059628
0.565	-4.729838327676443	0.00902936932103986
0.575	-4.75491337257177	0.008775670566170285
0.585	-4.780161744642609	0.00869494823507542
0.595	-4.8055704560236014	0.008256741294846156
0.605	-4.831126399469491	0.007691684977182103
0.615	-4.856816356560384	0.007138160421103031
0.625	-4.882627005981595	0.007034374566838205
0.635	-4.9085449318727	0.007172755705857973
0.645	-4.934556632240409	0.0068268028583085534
0.655	-4.960648527429821	0.007230414513782877
0.665	-4.986806968648577	0.0066076993881939204
0.675	-5.013018246538404	0.006388595918079288
0.685	-5.039268599788507	0.006377064156494307
0.695	-5.0655442237852375	0.006169492447964655
0.705	-5.091831279292456	0.005973452501019984
0.715	-5.118115901156946	0.005615967891885583
0.725	-5.144384207033299	0.005823539600415236
0.735	-5.1706223061225725	0.005062443335806512
0.745	-5.196816307919127	0.0052354197595812215
0.755	-5.2229523309599255	0.005512182037620757
0.765	-5.249016511570697	0.005073975097391492
0.775	-5.274995012603258	0.0046934269650871305
0.785	-5.300874032158374	0.00503937981263655
0.795	-5.326639812288505	0.004751085773012033
0.805	-5.352278647674802	0.004981721004711647
0.815	-5.377776894272756	0.004647299918747207
0.825	-5.403120977920902	0.004312878832782768
0.835	-5.42829740290699	0.004116838885838097
0.845	-5.453292760486117	0.0042206247401029235
0.855	-5.4780937373452705	0.003920798938893426
0.865	-5.50268712400885	0.0039669259852333485
0.875	-5.527059823179673	0.004070711839498174
0.885	-5.551198858010121	0.003851608369383542
0.895	-5.575091380298039	0.0038977354157234646
0.905	-5.598724678602097	0.0035171872834191026
0.915	-5.622086186271368	0.0036094413760989477
0.925	-5.645163489383886	0.0035171872834191026
0.935	-5.667944334589112	0.0032058297206246245
0.945	-5.6904166368491635	0.0033096155748894504
0.955	-5.712568487073834	0.003090512104774818
0.965	-5.734388159644444	0.0031020438663597986
0.975	-5.755864119821657	0.0031020438663597986
0.985	-5.776985031032454	0.0035171872834191026
0.995	-5.7977397620315525	0.0028252815883202625
1.005	-5.818117393932626	0.00295213096575505
1.015	-5.838107227104769	0.002894472157830147
1.025	-5.857698787929734	0.0026177098797906108
1.035	-5.876881835415569	0.002848345111490224
1.045	-5.8956463676623505	0.0027330274956404174
1.055	-5.913982628175843	0.002502392263940804
1.065	-5.931881112024962	0.002583114595035669
1.075	-5.949332571839072	0.002571582833450688
1.085	-5.966328023641199	0.0026523051645455527
1.095	-5.982858752513406	0.0023294158401660943
1.105	-5.998916318090612	0.0026292416413755916
1.115	-6.014492559879333	0.0022140982243162876
1.125	-6.02957960239784	0.002398606409675978
1.135	-6.044169860134429	0.0022602252706562104
1.145	-6.0582560423205685	0.002064185323711539
1.155	-6.071831157515817	0.0022140982243162876
1.165	-6.084888518001529	0.0022486935090712296
1.175	-6.097421743980481	0.0019719312310316935
1.185	-6.1094247675797115	0.0023063523169961327
1.195	-6.120891836653913	0.0022602252706562104
1.205	-6.131817518386956	0.0020872488468815
1.215	-6.142196702689146	0.0023178840785811135
1.225	-6.152024605388022	0.002191034701146326
1.235	-6.161296771210599	0.001960399469446713
1.245	-6.170009076555101	0.0022602252706562104
1.255	-6.178157732050384	0.0019373359462767515
1.265	-6.185739284901343	0.0022832887938261715
1.275	-6.192750621018784	0.0018104865688419642
1.285	-6.199188966932349	0.002133375893221423
1.295	-6.205051891485228	0.002052653562126558
1.305	-6.210337307309545	0.001994994754201655
1.315	-6.21504347208142	0.0020180582773716162
1.325	-6.2191689895548885	0.002191034701146326
1.335	-6.222712810373964	0.0021795029395613457
1.345	-6.2256742326623	0.002156439416391384
1.355	-6.228052902390037	0.0022948205554111523
1.365	-6.2298488135175685	0.001649041906652235
1.375	-6.231062307916099	0.0018796771383518482
1.385	-6.231694075065027	0.0018796771383518482
1.395	-6.231745151526303	0.0017067007145771384
1.405	-6.231216920196075	0.0019719312310316935
1.415	-6.23011110933409	0.0020180582773716162
1.425	-6.228429791371419	0.0018335500920119256
1.435	-6.226175381497269	0.001822018330426945
1.445	-6.2233506360257485	0.002225629985901268
1.455	-6.219958650543621	0.0023178840785811135
1.465	-6.216002857840202	0.0017758912840870223
1.475	-6.211487025620707	0.001994994754201655
1.485	-6.206415254004506	0.0020411218005415774
1.495	-6.200791972809853	0.002098780608466481
1.505	-6.194621938626819	0.0019719312310316935
1.515	-6.187910231680307	0.0019373359462767515
1.525	-6.1806622524851	0.002098780608466481
1.535	-6.17288371829512	0.0020065265157866354
1.545	-6.1645806593491255	0.0021449076548064037
1.555	-6.155759414915265	0.002202566462731307
1.565	-6.14642662913699	0.0022371617474862488
1.575	-6.136589246682995	0.002502392263940804
1.585	-6.126254508203972	0.0020757170852965193
1.595	-6.115429945599041	0.0022371617474862488
1.605	-6.104123377094959	0.0020757170852965193
1.615	-6.092342902141173	0.0024216699328459394
1.625	-6.080096896124056	0.002398606409675978
1.635	-6.067394004903669	0.0021103123700514617
1.645	-6.054243139176563	0.0023294158401660943
1.655	-6.040653468668248	0.0022140982243162876
1.665	-6.026634416159019	0.0023063523169961327
1.675	-6.012195651347028	0.0024908605023558233
1.685	-5.997347084552466	0.002444733456015901
1.695	-5.982098860266975	0.0026638369261305335
1.705	-5.966461350552361	0.0026523051645455527
1.715	-5.950445148292919	0.0022717570322411907
1.725	-5.934061060305632	0.002583114595035669
1.735	-5.917320100312737	0.0026984322108854755
1.745	-5.900233481781136	0.0026638369261305335
1.755	-5.882812610633262	0.002813749826735282
1.765	-5.865069077834126	0.0028368133499052433
1.775	-5.847014651859242	0.0026523051645455527
1.785	-5.828661271048359	0.0026984322108854755
1.795	-5.810021035849861	0.0032058297206246245
1.805	-5.7911062009608605	0.003055916820019876
1.815	-5.771929167368038	0.0031481709126997214
1.825	-5.752502474294352	0.002894472157830147
1.835	-5.73283879105683	0.0029060039194151272
1.845	-5.712950908840641	0.0034941237602491414
1.855	-5.692851732394827	0.003459528475494199
1.865	-5.6725542716549535	0.0033096155748894504
1.875	-5.65207163329819	0.0032519567669645473
1.885	-5.631417012236173	0.0032865520517194892
1.895	-5.610603683051201	0.0033788061443993348
1.905	-5.589644991381268	0.003874671892553503
1.915	-5.5685543452594946	0.0035979096145139673
1.925	-5.547345206413585	0.0039323307004784066
1.935	-5.526031081530846	0.0037593542767036963
1.945	-5.504625513494542	0.003436464952324238
1.955	-5.4831420725971025	0.004232156501687904
1.965	-5.461594347736001	0.004428196448632575
1.975	-5.439995937597891	0.004324410594367749
1.985	-5.418360441836772	0.0045089187797274395
1.995	-5.396701452251854	0.004635768157162227
2.005	-5.375032543970842	0.004624236395577247
2.015	-5.3533672666443755	0.004428196448632575
2.025	-5.33171913565726	0.005131633905316396
2.035	-5.310101623362266	0.004578109349237323
2.045	-5.288528150342104	0.004359005879122691
2.055	-5.267012076705288	0.0047626175345970145
2.065	-5.245566693421507	0.005327673852261067
2.075	-5.2242052137021275	0.005765880792490332
2.085	-5.202940764431444	0.005281546805921144
2.095	-5.181786377654181	0.005823539600415236
2.105	-5.160754982124859	0.005408396183355931
2.115	-5.139859394924417	0.00573128550773539
2.125	-5.119112313149646	0.0054891185144507965
2.135	-5.098526305680711	0.005973452501019984
2.145	-5.07811380503224	0.006561572341853998
2.155	-5.0578870992932075	0.006134897163209713
2.165	-5.0378583241608474	0.006296341825399443
2.175	-5.018039455073864	0.006550040580269017
2.185	-4.9984422994499536	0.0070459063284231856
2.195	-4.979078489032817	0.006953652235743341
2.205	-4.959959472353534	0.00728807332170778
2.215	-4.9410965073113235	0.007357263891217664
2.225	-4.922500653878462	0.006976715758913302
2.235	-4.904182766934151	0.00747258150706747
2.245	-4.88615348923204	0.007322668606462722
2.255	-4.868423244505937	0.00746104974548249
2.265	-4.851002230718319	0.007703216738767084
2.275	-4.833900413455952	0.008348995387526
2.285	-4.817127519477047	0.0078070025930319096
2.295	-4.800693030414122	0.008314400102771059
2.305	-4.784606176636731	0.007564835599747316
2.315	-4.768875931278081	0.008037637824731523
2.325	-4.75351100442947	0.0079915107783916
2.335	-4.738519837506383	0.008037637824731523
2.345	-4.72391059778991	0.008752607043000325
2.355	-4.709691173147166	0.009133155175304686
2.365	-4.695869166934106	0.009479108022854106
2.375	-4.682451893084196	0.009432980976514183
2.385	-4.6694463713861225	0.009260004552739473
2.395	-4.656859322953716	0.009306131599079396
2.405	-4.644697165891093	0.009156218698474647
2.415	-4.632966011155858	0.009213877506399551
2.425	-4.621671658623212	0.009640552685043836
2.435	-4.610819593353488	0.009675147969798778
2.445	-4.60041498206573	0.009963442009423293
2.455	-4.590462669819571	0.010021100817348198
2.465	-4.58096717690775	0.010470839519162443
2.475	-4.5719326959612925	0.009825060870403525
2.485	-4.563363089269363	0.01077066532037194
2.495	-4.555261886315592	0.011012832313656535
2.505	-4.54763228153259	0.010286331333802752
2.515	-4.540477132276194	0.010320926618557694
2.525	-4.53379895702082	0.010355521903312636
2.535	-4.52759993377726	0.010851387651466805
2.545	-4.5218818987339695	0.01025173604904781
2.555	-4.516646345122886	0.011058959359996456
2.565	-4.5118944223106	0.010666879466107114
2.575	-4.507626935115534	0.010920578220976689
2.585	-4.503844343351758	0.01093210998256167
2.595	-4.500546761599753	0.011174276975846264
2.605	-4.497733959204448	0.010528498327087346
2.615	-4.495405360500601	0.01077066532037194
2.625	-4.493560045265519	0.011497166300225722
2.635	-4.492196749398896	0.011208872260601205
2.645	-4.491313865829483	0.01111661816792136
2.655	-4.490909445648089	0.011266531068526108
2.665	-4.490981199466302	0.010909046459391709
2.675	-4.49152649900016	0.010563093611842288
2.685	-4.492542378877873	0.011254999306941129
2.695	-4.494025538670522	0.010874451174636767
2.705	-4.495972345144564	0.011520229823395683
2.715	-4.498378834734768	0.010920578220976689
2.725	-4.501240716236127	0.010851387651466805
2.735	-4.504553373713099	0.010874451174636767
2.745	-4.508311869624431	0.011231935783771166
2.755	-4.512510948161636	0.010297863095387733
2.765	-4.517145038799105	0.010874451174636767
2.775	-4.522208260053647	0.011151213452676303
2.785	-4.527694423451164	0.01024020428746283
2.795	-4.533597037697998	0.01022867252587785
2.805	-4.539909313054357	0.010655347704522134
2.815	-4.546624165907132	0.010701474750862056
2.825	-4.5537342235392275	0.010678411227692095
2.835	-4.561231829092464	0.010159481956367965
2.845	-4.569109046720928	0.010217140764292868
2.855	-4.577357666931562	0.01024020428746283
2.865	-4.585969212108657	0.00990578320149839
2.875	-4.594934942218754	0.009928846724668351
2.885	-4.60424586069241	0.009859656155158467
2.895	-4.613892720479107	0.009283068075909435
2.905	-4.623866030271491	0.009744338539308662
2.915	-4.634156060895038	0.009582893877118932
2.925	-4.644752851859101	0.00954829859236399
2.935	-4.655646218065212	0.009110091652134725
2.945	-4.666825756668383	0.009352258645419319
2.955	-4.6782808540871	0.009167750460059628
2.965	-4.690000693157518	0.009317663360664377
2.975	-4.701974260427396	0.008487376526545768
2.985	-4.714190353585071	0.008187550725336272
2.995	-4.726637589018813	0.008648821188735499
3.005	-4.739304409501727	0.008418185957035884
3.015	-4.752179091997352	0.008314400102771059
3.025	-4.765249755580935	0.00869494823507542
3.035	-4.778504369471401	0.008579630619225615
3.045	-4.791930761168863	0.00764555793084218
3.055	-4.805516624692494	0.007968447255221639
3.065	-4.819249528913522	0.008210614248506233
3.075	-4.833116925977999	0.008049169586316504
3.085	-4.847106159813987	0.007910788447296736
3.095	-4.8612044747177325	0.007680153215597122
3.105	-4.875399024013295	0.007057438090008167
3.115	-4.889676878780153	0.007126628659518051
3.125	-4.904025036643126	0.006976715758913302
3.135	-4.918430430619043	0.007207350990612915
3.145	-4.932879938014454	0.0066076993881939204
3.155	-4.947360389368657	0.00694212047415836
3.165	-4.961858577436364	0.006550040580269017
3.175	-4.97636126620415	0.006965183997328321
3.185	-4.99085519993497	0.007057438090008167
3.195	-5.005327112234853	0.006411659441249249
3.205	-5.019763735136005	0.0065385088186840365
3.215	-5.034151808190413	0.005742817269320371
3.225	-5.048478087568132	0.0060311113089448875
3.235	-5.062729355154338	0.006446254726004191
3.245	-5.076892427639354	0.006342468871739365
3.255	-5.090954165595681	0.006192555971134617
3.265	-5.1049014825362455	0.006054174832114849
3.275	-5.11872135394796	0.005984984262604964
3.285	-5.132400826294769	0.005869666646755158
3.295	-5.145927025984351	0.006227151255889559
3.305	-5.159287168292647	0.00555830908396068
3.315	-5.172468566240429	0.005869666646755158
3.325	-5.185458639416168	0.005604436130300603
3.335	-5.198244922739441	0.005512182037620757
3.345	-5.210815075159191	0.005316142090676086
3.355	-5.223156888281171	0.005708221984565429
3.365	-5.235258294918956	0.005500650276035777
3.375	-5.247107377562949	0.004935593958371724
3.385	-5.258692376761852	0.005258483282751183
3.395	-5.270001699411116	0.004889466912031802
3.405	-5.2810239269429635	0.0050163162894665886
3.415	-5.291747823412606	0.005293078567506125
3.425	-5.302162343475372	0.004820276342521918
3.435	-5.31225664024951	0.004670363441917169
3.445	-5.322020073059485	0.004970189243126666
3.455	-5.33144221505468	0.004831808104106898
3.465	-5.340512860698508	0.004831808104106898
3.475	-5.349222033122966	0.00502784805105157
3.485	-5.357559991343786	0.004958657481541686
3.495	-5.365517237331417	0.004624236395577247
3.505	-5.3730845229331345	0.004359005879122691
3.515	-5.380252856641718	0.004278283548027826
3.525	-5.387013510206156	0.004197561216932962
3.535	-5.393358025080023	0.004497387018142459
3.545	-5.399278218703171	0.004797212819351956
3.555	-5.4047661906126	0.004497387018142459
3.565	-5.409814328378361	0.004151434170593039
3.575	-5.414415313360532	0.004797212819351956
3.585	-5.418562126283383	0.004716490488257091
3.595	-5.4222480526229795	0.004647299918747207
3.605	-5.425466687804552	0.004670363441917169
3.615	-5.428211942206139	0.004151434170593039
3.625	-5.43047804596506	0.004370537640707672
3.635	-5.432259553583957	0.004197561216932962
3.645	-5.43355134833323	0.004370537640707672
3.655	-5.434348646446837	0.004555045826067363
3.665	-5.434647001108552	0.003978457746818329
3.675	-5.434442306225902	0.004093775362668136
3.685	-5.433730799989143	0.0041860294553479815
3.695	-5.432509068212767	0.004232156501687904
3.705	-5.430774047457165	0.004070711839498174
3.715	-5.4285230279282075	0.004312878832782768
3.725	-5.425753656152652	0.004324410594367749
3.735	-5.422463937427407	0.004589641110822305
3.745	-5.4186522380408695	0.003886203654138484
3.755	-5.414317287264615	0.004451259971802536
3.765	-5.409458179113958	0.004024584793158252
3.775	-5.404074373875972	0.004612704633992265
3.785	-5.398165699403739	0.00433594235595273
3.795	-5.391732352175748	0.004393601163877633
3.805	-5.384774898119481	0.004635768157162227
3.815	-5.377294273198407	0.004462791733387517
3.825	-5.369291783761732	0.004359005879122691
3.835	-5.360769106656415	0.004359005879122691
3.845	-5.351728289101089	0.004428196448632575
3.855	-5.342171748321714	0.004900998673616782
3.865	-5.332102270948889	0.004589641110822305
3.875	-5.3215230121769554	0.004566577587652343
3.885	-5.310437494685121	0.0050855068589764725
3.895	-5.298849607321025	0.00485487162727686
3.905	-5.286763603547308	0.004958657481541686
3.915	-5.274184099651854	0.005327673852261067
3.925	-5.2611160727226185	0.005177760951656318
3.935	-5.247564858387988	0.004981721004711647
3.945	-5.233536148323869	0.005627499653470564
3.955	-5.219035987528775	0.005062443335806512
3.965	-5.204070771368387	0.005500650276035777
3.975	-5.188647242391152	0.0054891185144507965
3.985	-5.172772486916696	0.0053046103290911055
3.995	-5.156453931398899	0.0058120078388302545
4.005	-5.139699338565684	0.005950388977850022
4.015	-5.12251680333768	0.005639031415055545
4.025	-5.104914748528085	0.006100301878454771
4.035	-5.0869019203261425	0.00642319120283423
4.045	-5.068487383566876	0.0063194053485694035
4.055	-5.049680516789752	0.0063194053485694035
4.065	-5.030491007089163	0.005823539600415236
4.075	-5.010928844759722	0.006146428924794694
4.085	-4.991004317739484	0.00607723835528481
4.095	-4.970728005854344	0.006630762911363882
4.105	-4.9501107748670155	0.0063194053485694035
4.115	-4.929163770334084	0.006665358196118824
4.125	-4.907898411274737	0.007241946275367857
4.135	-4.886326383654997	0.006699953480873766
4.145	-4.86445963369123	0.0073687956528026444
4.155	-4.8423103609770175	0.007426454460727548
4.165	-4.819891011437414	0.007749343785107006
4.175	-4.797214270114831	0.008072233109486465
4.185	-4.774293053790896	0.008752607043000325
4.195	-4.751140503448664	0.008348995387526
4.205	-4.727769976579763	0.008314400102771059
4.215	-4.704195039341062	0.008879456420435111
4.225	-4.680429458565625	0.00885639289726515
4.235	-4.656487193632767	0.009121623413719705
4.245	-4.632382388202132	0.00954829859236399
4.255	-4.6081293618167765	0.009675147969798778
4.265	-4.583742601380391	0.010355521903312636
4.275	-4.559236752513814	0.010009569055763216
4.285	-4.5346266107961	0.010217140764292868
4.295	-4.509927112895454	0.010920578220976689
4.305	-4.485153327595469	0.011024364075241514
4.315	-4.460320446722129	0.011508698061810704
4.325	-4.435443775977122	0.011520229823395683
4.335	-4.410538725683037	0.012477366034949079
4.345	-4.385620801446171	0.011958436763624949
4.355	-4.360705594742605	0.012096817902644717
4.365	-4.33580877343337	0.01233898489592931
4.375	-4.310946072214483	0.012696469505063711
4.385	-4.2861332830077465	0.013457565769672435
4.395	-4.261386245298229	0.01372279628612699
4.405	-4.236720836424325	0.014276320842206062
4.415	-4.212152961826459	0.014345511411715946
4.425	-4.187698545260333	0.01509507591473969
4.435	-4.163373518980862	0.015417965239119149
4.445	-4.139193813902803	0.015706259278743664
4.455	-4.115175349744171	0.015510219331798993
4.465	-4.091334025158525	0.017055475384186402
4.475	-4.0676857078622595	0.01668645901346702
4.485	-4.044246224762993	0.0177127857945303
4.495	-4.0210313520951955	0.017113134192111305
4.505	-3.9980568055691417	0.017482150562830687
4.515	-3.9753382305393465	0.017989548072569837
4.525	-3.9528911921985688	0.019396422985937477
4.535	-3.9307311658034862	0.019592462932882148
4.545	-3.9088735269381227	0.01981156640299678
4.555	-3.8873335418211017	0.02030743215115095
4.565	-3.8661263576627576	0.020930147276739905
4.575	-3.845266993078127	0.020630321475530407
4.585	-3.8247703285618093	0.02134529069379921
4.595	-3.8046510970306264	0.021598989448668785
4.605	-3.7849238744400395	0.022117918719992913
4.615	-3.7656030704801524	0.021968005819388164
4.625	-3.7467029193571415	0.022994332600451445
4.635	-3.7282374706659134	0.023593984202870438
4.645	-3.7102205803596946	0.024401207513819086
4.655	-3.6926659018222283	0.024193635805289434
4.665	-3.6755868770482176	0.024493461606498932
4.675	-3.6589967279374935	0.024182104043704453
4.685	-3.6429084477084896	0.025439066056467344
4.695	-3.6273347924363577	0.02586574123511163
4.705	-3.6122882727211136	0.02618863055949109
4.715	-3.597781145491025	0.026811345685080045
4.725	-3.5838254059464854	0.02653458340704051
4.735	-3.5704327796494337	0.027883799512483248
4.745	-3.5576147147633512	0.02708810796311958
4.755	-3.545382374448748	0.027203425578969386
4.765	-3.5337466294189777	0.02867949106184691
4.775	-3.5227180506611258	0.027376402002744098
4.785	-3.5123069023266003	0.027895331274068225
4.795	-3.5025231347959553	0.027814608942973364
4.805	-3.4933763779223863	0.029705817842910192
4.815	-3.4848759344582305	0.02984419898192996
4.825	-3.4770307736686688	0.029924921313024825
4.835	-3.4698495251367514	0.030120961259969495
4.845	-3.4633404727637096	0.029763476650835095
4.855	-3.4575115489684474	0.03034006473008413
4.865	-3.452370329089947	0.02969428608132521
4.875	-3.447924025996224	0.03195451135198142
4.885	-3.4441794849033163	0.031608558504432
4.895	-3.4411431784077116	0.032242805391605935
4.905	-3.438821201735421	0.031216478610542657
4.915	-3.4372192682108462	0.030766739908728413
4.925	-3.4363427049484017	0.03108962923310787
4.935	-3.4361964487697367	0.030513041153858837
4.945	-3.4367850423492805	0.03209289249100119
4.955	-3.438112630590661	0.0308935892861632
4.965	-3.4401829572364373	0.03057069996178374
4.975	-3.442999361713436	0.030766739908728413
4.985	-3.446564776215821	0.03145864560382725
4.995	-3.4508817230279076	0.0320237019214913
5.005	-3.4559523120885727	0.03163162202760196
5.015	-3.4617782387989577	0.03020168359106436
5.025	-3.4683607820750275	0.030167088306309417
5.035	-3.475700802646394	0.029440587326455634
5.045	-3.4837987416026555	0.029083102717321237
5.055	-3.49265461918836	0.029901857789854863
5.065	-3.5022680338475474	0.029106166240491196
5.075	-3.512638161518665	0.029036975670981312
5.085	-3.5237637551805188	0.02864489577709197
5.095	-3.5356431446497343	0.028552641684412124
5.105	-3.5482742366300744	0.02843732406856232
5.115	-3.5616545150138132	0.027203425578969386
5.125	-3.5757810414351807	0.026696028069230236
5.135	-3.5906504560757537	0.026961258585684794
5.145	-3.606258978721525	0.027134235009459502
5.155	-3.6226024100712224	0.025046986162578003
5.165	-3.6396761332952567	0.02586574123511163
5.175	-3.6574751158446213	0.025588978957072094
5.185	-3.6759939115087827	0.024689501553443603
5.195	-3.6952266627215558	0.023859214719324996
5.205	-3.7151671031137417	0.024597247460763756
5.215	-3.735808560311206	0.02257918918339214
5.225	-3.757143958976867	0.02396300057358982
5.235	-3.7791658240949513	0.021299163647459287
5.245	-3.801866284495701	0.02202566462731307
5.255	-3.8252370766186425	0.022164045766332838
5.265	-3.8492695485122255	0.020561130906020523
5.275	-3.8739546640676767	0.01975390759507188
5.285	-3.899283007484616	0.01999607458835647
5.295	-3.9252447879659833	0.019119660707897942
5.305	-3.951829844639498	0.01839315972804416
5.315	-3.9790276517029666	0.01768972227136034
5.325	-4.006827323790381	0.018024143357324777
5.335	-4.035217621555768	0.01740142823173582
5.345	-4.064186957471627	0.016963221291506556
5.355	-4.093723401838478	0.015244988815344439
5.365	-4.123814689002162	0.016052212126293083
5.375	-4.154448223775197	0.015072012391569727
5.385	-4.185611088058527	0.015152734722664592
5.395	-4.217290047659745	0.014230193795866139
5.405	-4.249471559303805	0.013976495040996566
5.415	-4.282141777832207	0.013434502246502474
5.425	-4.315286563586344	0.012927104736763324
5.435	-4.348891489970688	0.012742596551403635
5.445	-4.3829418511914735	0.012477366034949079
5.455	-4.417422670166194	0.01231592137275935
5.465	-4.452318706599319	0.011047427598411477
5.475	-4.48761446521951	0.011739333293510316
5.485	-4.5232942041734	0.010874451174636767
5.495	-4.559341943570995	0.009871187916743449
5.505	-4.595741474177721	0.009848124393573488
5.515	-4.632476366247884	0.009686679731383757
5.525	-4.669529978494309	0.00937532216858928
5.535	-4.706885467188979	0.008775670566170285
5.545	-4.7445257953890865	0.007691684977182103
5.555	-4.782433742283169	0.008406654195450905
5.565	-4.820591912651691	0.008625757665565536
5.575	-4.858982746436528	0.007576367361332296
5.585	-4.897588528413609	0.006965183997328321
5.595	-4.936391397962963	0.006803739335138592
5.605	-4.975373358930409	0.007057438090008167
5.615	-5.014516289574926	0.006503913533929095
5.625	-5.0538019525959195	0.006100301878454771
5.635	-5.093212005234255	0.005973452501019984
5.645	-5.132728009441144	0.005685158461395467
5.655	-5.172331442108757	0.005431459706525893
5.665	-5.212003705356521	0.00520082447482628
5.675	-5.251726136866916	0.005500650276035777
5.685	-5.291480020264604	0.0047626175345970145
5.695	-5.331246595532724	0.004958657481541686
5.705	-5.37100706946007	0.0045435140644823815
5.715	-5.410742626113038	0.004566577587652343
5.725	-5.450434437325912	0.004174497693763
5.735	-5.490063673203369	0.0038285448462135807
5.745	-5.52961151262881	0.0040015212699882905
5.755	-5.569059153772345	0.0036901637071938124
5.765	-5.6083878245920715	0.003782417799873658
5.775	-5.647578793322365	0.004024584793158252
5.785	-5.686613378942967	0.003321147336474431
5.795	-5.725472961622517	0.003424933190739257
5.805	-5.7641389931304206	0.0031597026742847018
5.815	-5.802593007210665	0.0028714086346601853
5.825	-5.8408166299114574	0.0030328532968499147
5.835	-5.878791589864546	0.002894472157830147
5.845	-5.916499728507979	0.0026177098797906108
5.855	-5.953923010246219	0.002571582833450688
5.865	-5.9910435325416005	0.0023755428865060166
5.875	-6.0278435359309945	0.002225629985901268
5.885	-6.0643054139617	0.002167971177976365
5.895	-6.100411723040732	0.0022602252706562104
5.905	-6.136145192191451	0.0022140982243162876
5.915	-6.171488732711799	0.0019834629926166743
5.925	-6.20642544772833	0.001822018330426945
5.935	-6.240938641640378	0.001718232476162119
5.945	-6.275011829448587	0.001891208899936829
5.955	-6.308628745962393	0.001649041906652235
5.965	-6.341773354880807	0.001856613615181887
5.975	-6.374429857741179	0.0018104865688419642
5.985	-6.406582702730482	0.0019373359462767515
5.995	-6.438216593354042	0.0013261525822727764
6.005	-6.469316496956305	0.0016951689529921576
6.015	-6.499867653088703	0.0014875972444625056
6.025	-6.529855581719649	0.0014645337212925444
6.035	-6.559266091281602	0.001303089059102815
6.045	-6.588085286550607	0.001441470198122583
6.055	-6.616299576353454	0.001406874913367641
6.065	-6.643895681097956	0.0010493903042332405
6.075	-6.6708606401218	0.0011647079200830471
6.085	-6.6971818188556895	0.0012569620127628924
6.095	-6.722846915796405	0.0013146208206877958
6.105	-6.747843969285711	0.0011416443969130858
6.115	-6.77216136409109	0.001026326781063279
6.125	-6.7957878377843555	0.0010493903042332405
6.135	-6.818712486914386	0.0011185808737431244
6.145	-6.840924772970329	0.0012454302511779116
6.155	-6.862414528131746	0.0011647079200830471
6.165	-6.883171960802266	0.0010032632578933177
6.175	-6.903187660923565	0.0008764138804585305
6.185	-6.922452605066432	0.0010724538274032018
6.195	-6.94095816129601	0.0009686679731383757
6.205	-6.958696093808303	0.0009801997347233565
6.215	-6.975658567335269	0.0009340726883834338
6.225	-6.991838151315892	0.0009340726883834338
6.235	-7.007227823830808	0.0010032632578933177
6.245	-7.021820975298185	0.0008302868341186078
6.255	-7.035611411928745	0.0008418185957035885
6.265	-7.048593358937884	0.0006457786487589172
6.275	-7.060761463513069	0.0010724538274032018
6.285	-7.072110797534795	0.0009340726883834338
6.295	-7.082636860049583	0.0007265009798537818
6.305	-7.092335579493558	0.0008302868341186078
6.315	-7.101203315665439	0.0008072233109486465
6.325	-7.109236861447766	0.0008879456420435111
6.335	-7.116433444275483	0.0008187550725336271
6.345	-7.122790727351063	0.0008994774036284918
6.355	-7.128306810605544	0.0008648821188735498
6.365	-7.1329802314049875	0.0008418185957035885
6.375	-7.136809965002071	0.0007610962646087239
6.385	-7.139795424732602	0.0009456044499684145
6.395	-7.141936461956973	0.0008418185957035885
6.405	-7.143233365746681	0.0006227151255889558
6.415	-7.143686862316219	0.0007956915493636658
6.425	-7.143298114200787	0.0006457786487589172
6.435	-7.142068719180441	0.0005881198408340139
6.445	-7.140000708951408	0.0008994774036284918
6.455	-7.137096547545533	0.0007495645030237432
6.465	-7.1333591294988725	0.0007726280261937045
6.475	-7.128791777770701	0.0006688421719288785
6.485	-7.123398241414259	0.0008418185957035885
6.495	-7.117182693000817	0.0008879456420435111
6.505	-7.110149725798664	0.0006688421719288785
6.515	-7.1023043507088985	0.0009340726883834338
6.525	-7.093651992959967	0.0008302868341186078
6.535	-7.084198488563052	0.0007034374566838205
6.545	-7.07395008053059	0.0007034374566838205
6.555	-7.062913414860324	0.0007495645030237432
6.565	-7.0510955362874075	0.0008187550725336271
6.575	-7.038503883807294	0.0008302868341186078
6.585	-7.025146285972172	0.0008418185957035885
6.595	-7.011030955963969	0.0010378585426482597
6.605	-6.99616648644698	0.0008072233109486465
6.615	-6.980561844203389	0.0008072233109486465
6.625	-6.964226364554969	0.0009917314963083371
6.635	-6.94716974557455	0.0007265009798537818
6.645	-6.929402042090793	0.0009225409267984531
6.655	-6.910933659490039	0.0009686679731383757
6.665	-6.891775347319122	0.0009571362115533952
6.675	-6.871938192693053	0.0009456044499684145
6.685	-6.851433613511762	0.0009456044499684145
6.695	-6.83027335149006	0.0012223667280079505
6.705	-6.808469465005175	0.0009110091652134725
6.715	-6.786034321766237	0.0010493903042332405
6.725	-6.762980591310361	0.0009686679731383757
6.735	-6.739321237329875	0.0013146208206877958
6.745	-6.715069509835482	0.0011762396816680277
6.755	-6.6902389371602276	0.001060922065818221
6.765	-6.664843317809116	0.001268493774347873
6.775	-6.638896712159544	0.0013722796286126991
6.785	-6.612413434017545	0.001095517350573163
6.795	-6.585408042035155	0.001303089059102815
6.805	-6.557895330994062	0.0014530019597075636
6.815	-6.52989032296105	0.001545256052387409
6.825	-6.501408258320573	0.0013722796286126991
6.835	-6.472464586689999	0.0017297642377470995
6.845	-6.443074957723141	0.0015913830987273317
6.855	-6.413255211807693	0.001752827760917061
6.865	-6.383021370662237	0.0016605736682372156
6.875	-6.35238962783869	0.0015913830987273317
6.885	-6.321376339135964	0.0020065265157866354
6.895	-6.289998012930621	0.0017412959993320803
6.905	-6.258271300430631	0.0019834629926166743
6.915	-6.226212985858034	0.0019142724231067903
6.925	-6.193839976566575	0.0018796771383518482
6.935	-6.161169293100359	0.0018796771383518482
6.945	-6.1282180591995985	0.0022140982243162876
6.955	-6.095003491759484	0.0021795029395613457
6.965	-6.06154289074842	0.0021795029395613457
6.975	-6.027853629091682	0.0026638369261305335
6.985	-5.993953142526729	0.00243320169443092
6.995	-5.959858919436232	0.0023063523169961327
7.005	-5.92558849066516	0.00260617811820563
7.015	-5.891159419328008	0.0027906863035653206
7.025	-5.856589290612384	0.0026869004493004947
7.035	-5.821895701585205	0.00260617811820563
7.045	-5.787096251007554	0.003390337905984315
7.055	-5.752208529164552	0.0034941237602491414
7.065	-5.717250107716256	0.0034479967139092187
7.075	-5.682238529575866	0.0033096155748894504
7.085	-5.647191298821192	0.003401869667569296
7.095	-5.612125870645672	0.0035171872834191026
7.105	-5.577059641354884	0.003747822515118716
7.115	-5.542009938414676	0.003701695468778793
7.125	-5.506994010556797	0.004059180077913194
7.135	-5.4720290179481506	0.004520450541312421
7.145	-5.437132022429486	0.004635768157162227
7.155	-5.40231997782941	0.004370537640707672
7.165	-5.3676097203596145	0.004624236395577247
7.175	-5.3330179590969555	0.004820276342521918
7.185	-5.298561266558245	0.004578109349237323
7.195	-5.264256069373304	0.004820276342521918
7.205	-5.230118639061891	0.005339205613846047
7.215	-5.196165082920057	0.005592904368715622
7.225	-5.162411335021268	0.006215619494304578
7.235	-5.128873147337803	0.005673626699810487
7.245	-5.095566080987652	0.0059042619315101
7.255	-5.062505497612047	0.0060311113089448875
7.265	-5.029706550888918	0.006042643070529868
7.275	-4.9971841781871795	0.006434722964419211
7.285	-4.964953092366828	0.00659616762660894
7.295	-4.9330277737297346	0.007184287467442953
7.305	-4.901422462125861	0.007553303838162335
7.315	-4.870151149219522	0.007518708553407393
7.325	-4.839227570920331	0.008083764871071446
7.335	-4.808665199983229	0.008037637824731523
7.345	-4.778477238781868	0.008083764871071446
7.355	-4.748676612259731	0.008452781241790826
7.365	-4.719275961062971	0.008821797612510208
7.375	-4.69028763485902	0.008637289427150517
7.385	-4.661723685844855	0.009190813983229589
7.395	-4.63359586244865	0.009017837559454879
7.405	-4.605915603228516	0.009525235069194029
7.415	-4.578694030971729	0.009986505532593256
7.425	-4.551941946997951	0.009951910247838314
7.435	-4.525669825669655	0.010851387651466805
7.445	-4.499887809112803	0.01127806283011109
7.455	-4.47460570215092	0.011312658114866031
7.465	-4.449832967455276	0.011012832313656535
7.475	-4.425578720913989	0.011681674485585413
7.485	-4.401851727222574	0.011796992101435219
7.495	-4.378660395698441	0.012177540233739582
7.505	-4.356012776321552	0.012811787120913519
7.515	-4.333916556003486	0.01319233525321788
7.525	-4.3123790550868994	0.01319233525321788
7.535	-4.291407224077194	0.013134676445292976
7.545	-4.271007640608202	0.013803518617221854
7.555	-4.251186506643413	0.01404568561050645
7.565	-4.231949645914181	0.013665137478202086
7.575	-4.213302501596201	0.014852908921455096
7.585	-4.195250134225352	0.015233457053759458
7.595	-4.177797219853953	0.014714527782435328
7.605	-4.160948048448179	0.015025885345229806
7.615	-4.144706522527392	0.015210393530589497
7.625	-4.129076156045852	0.01575238632508359
7.635	-4.114060073517219	0.01680177662931683
7.645	-4.099661009382068	0.016548077874447252
7.655	-4.085881307618475	0.016225188550067795
7.665	-4.072722921595611	0.01609833917263301
7.675	-4.060187414170078	0.016974753053091537
7.685	-4.048275958024659	0.017424491754905784
7.695	-4.03698933624891	0.016398164973842503
7.705	-4.026327943160907	0.018070270403664702
7.715	-4.016291785369335	0.01768972227136034
7.725	-4.00688048307493	0.0177127857945303
7.735	-3.998093271610123	0.018024143357324777
7.745	-3.989929003215636	0.018185588019514507
7.755	-3.982386149052573	0.01845081853596906
7.765	-3.9754628014484505	0.018623794959743773
7.775	-3.969156676375448	0.01825477858902439
7.785	-3.9634651161590075	0.017839635171965088
7.795	-3.9583850924147814	0.01893515252253825
7.805	-3.953913209211785	0.017620531701850455
7.815	-3.9500457064594716	0.01890055723778331
7.825	-3.9467784635162872	0.01891208899936829
7.835	-3.944107003017174	0.01946561355544736
7.845	-3.942026494917294	0.018531540867063927
7.855	-3.9405317607491726	0.01876217609876354
7.865	-3.939617278090287	0.019281105370087672
7.875	-3.93927718523801	0.019234978323747747
7.885	-3.9395052860886914	0.018139460973174586
7.895	-3.9402950552175517	0.0195002088402023
7.905	-3.9416396431558978	0.01856613615181887
7.915	-3.9435318818620884	0.018669922006083695
7.925	-3.9459642903825496	0.01845081853596906
7.935	-3.9489290806990067	0.017770444602455204
7.945	-3.9524181637580003	0.018312437396949294
7.955	-3.9564231556786673	0.019477145317032343
7.965	-3.960935384134586	0.019880756972506665
7.975	-3.965945894905471	0.01790882574147497
7.985	-3.9714454585943177	0.018323969158534275
7.995	-3.9774245775055808	0.0177127857945303
8.005	-3.983873492679767	0.017562872893925552
8.015	-3.9907821910798478	0.017770444602455204
8.025	-3.9981404129246845	0.016605736682372155
8.035	-4.005937659164708	0.018704517290838638
8.045	-4.014163199094856	0.017436023516490765
8.055	-4.0228060780998165	0.018116397450004623
8.065	-4.031855125526482	0.01700934833784648
8.075	-4.041298962678445	0.016259783834822735
8.085	-4.05112601092735	0.017447555278075746
8.095	-4.061324499935744	0.016628800205542117
8.105	-4.071882475986117	0.017597468178680492
8.115	-4.0827878104106485	0.016709522536636982
8.125	-4.094028208116271	0.01753980937075559
8.135	-4.10559121619939	0.015198861769004516
8.145	-4.117464232644776	0.015602473424478838
8.155	-4.129634515102918	0.01529111586168436
8.165	-4.142089189740201	0.015487155808629033
8.175	-4.154815260156142	0.015083544153154708
8.185	-4.167799616361984	0.014887504206210038
8.195	-4.181029043814769	0.014956694775719922
8.205	-4.194490232501144	0.01509507591473969
8.215	-4.208169786064978	0.01421866203428116
8.225	-4.22205423097301	0.015083544153154708
8.235	-4.236130025712507	0.014495424312320695
8.245	-4.250383570015153	0.014137939703186294
8.255	-4.264801214101152	0.013422970484917493
8.265	-4.279369267937669	0.013630542193447144
8.275	-4.29407401050568	0.012984763544688228
8.285	-4.308901699069265	0.013630542193447144
8.295	-4.3238385784414515	0.012938636498348305
8.305	-4.3388708902406545	0.012523493081289002
8.315	-4.353984882131868	0.012050690856304794
8.325	-4.3691668170466205	0.012292857849589387
8.335	-4.384402982375911	0.01232745313434433
8.345	-4.399679699130192	0.011796992101435219
8.355	-4.414983331060664	0.011727801531925335
8.365	-4.430300293735985	0.011912309717285026
8.375	-4.445617063568707	0.011416443969130857
8.385	-4.460920186785674	0.010701474750862056
8.395	-4.476196288336716	0.010885982936221747
8.405	-4.491432080735967	0.010147950194782984
8.415	-4.506614372830267	0.010885982936221747
8.425	-4.5217300784890435	0.011254999306941129
8.435	-4.536766225210208	0.010563093611842288
8.445	-4.551709962636674	0.010689942989277076
8.455	-4.566548570978066	0.01025173604904781
8.465	-4.581269469332344	0.009951910247838314
8.475	-4.595860223902131	0.009513703307609048
8.485	-4.610308556100534	0.01040164894965256
8.495	-4.6246023505414025	0.009340726883834338
8.505	-4.638729662909015	0.009663616208213797
8.515	-4.652678727702218	0.009017837559454879
8.525	-4.666437965848253	0.008925583466775034
8.535	-4.679995992181418	0.009283068075909435
8.545	-4.693341622781976	0.00851044004971573
8.555	-4.706463882170685	0.008948646989944995
8.565	-4.719352010354483	0.008591162380810594
8.575	-4.731995469718965	0.008798734089340246
8.585	-4.744383951763346	0.008429717718620866
8.595	-4.756507383673747	0.008614225903980557
8.605	-4.7683559347307325	0.008568098857640634
8.615	-4.779920022547165	0.008475844764960789
8.625	-4.791190319132468	0.007668621454012142
8.635	-4.8021577567796365	0.007922320208881716
8.645	-4.812813533771319	0.008268273056431135
8.655	-4.823149119901513	0.007507176791822412
8.665	-4.833156261809473	0.007749343785107006
8.675	-4.842826988122585	0.007910788447296736
8.685	-4.852153614405068	0.007218882752197895
8.695	-4.861128747909511	0.00781853435461689
8.705	-4.869745292128384	0.00746104974548249
8.715	-4.877996451142717	0.007380327414387625
8.725	-4.885875733765424	0.007530240314992374
8.735	-4.893376957476714	0.007414922699142567
8.745	-4.900494252149299	0.007172755705857973
8.755	-4.907222063561156	0.007484113268652451
8.765	-4.9135551566938	0.007680153215597122
8.775	-4.919488618814121	0.007737812023522026
8.785	-4.925017862338004	0.007126628659518051
8.795	-4.930138627474079	0.007161223944272993
8.805	-4.934846984646087	0.007011311043668244
8.815	-4.939139336692526	0.007253478036952837
8.825	-4.943012420842326	0.0068268028583085534
8.835	-4.946463310465494	0.007657089692427161
8.845	-4.9494894165978	0.0067576122887986695
8.855	-4.952088489238721	0.007034374566838205
8.865	-4.9542586184220045	0.006907525189403418
8.875	-4.955998235058347	0.0070805016131781275
8.885	-4.95730611154988	0.007345732129632683
8.895	-4.958181362176216	0.007184287467442953
8.905	-4.958623443252053	0.007195819229027935
8.915	-4.958632153056412	0.007276541560122799
8.925	-4.958207631533735	0.006919056950988398
8.935	-4.957350359767272	0.006342468871739365
8.945	-4.956061159225268	0.006838334619893534
8.955	-4.954341190780619	0.0073687956528026444
8.965	-4.9521919535048795	0.006907525189403418
8.975	-4.94961528323752	0.00728807332170778
8.985	-4.946613350931618	0.006999779282083263
8.995	-4.943188660777192	0.006838334619893534
9.005	-4.939344048103612	0.007161223944272993
9.015	-4.935082677062612	0.007092033374763109
9.025	-4.93040803809361	0.006999779282083263
9.035	-4.925323945173126	0.007103565136348089
9.045	-4.919834532850275	0.007172755705857973
9.055	-4.913944253070452	0.007011311043668244
9.065	-4.907657871789404	0.007414922699142567
9.075	-4.9009804653800915	0.007576367361332296
9.085	-4.893917416834799	0.007841597877786852
9.095	-4.886474411765157	0.008014574301561562
9.105	-4.878657434202826	0.007311136844877741
9.115	-4.8704727622037165	0.007541772076577354
9.125	-4.861926963258751	0.008233677771676193
9.135	-4.85302688951432	0.007161223944272993
9.145	-4.843779672805665	0.008072233109486465
9.155	-4.8341927195065875	0.008256741294846156
9.165	-4.82427370519893	0.008256741294846156
9.175	-4.814030569165486	0.008106828394241407
9.185	-4.803471508709989	0.007749343785107006
9.195	-4.792604973308076	0.008487376526545768
9.205	-4.781439658593099	0.008279804818016117
9.215	-4.76998450018087	0.008614225903980557
9.225	-4.7582486673374085	0.008429717718620866
9.235	-4.746241556494003	0.00852197181130071
9.245	-4.733972784613887	0.008475844764960789
9.255	-4.721452182414938	0.008602694142395576
9.265	-4.708689787452962	0.008879456420435111
9.275	-4.695695837070101	0.008925583466775034
9.285	-4.682480761213138	0.008902519943605072
9.295	-4.6690551751263945	0.009686679731383757
9.305	-4.6554298719241425	0.009248472791154493
9.315	-4.641615815047358	0.009352258645419319
9.325	-4.627624130609927	0.01040164894965256
9.335	-4.61346609963929	0.009767402062478623
9.345	-4.599153150216708	0.010021100817348198
9.355	-4.5846968495222775	0.009605957400288894
9.365	-4.570108895790043	0.010297863095387733
9.375	-4.555401110178435	0.009778933824063604
9.385	-4.540585428561437	0.010332458380142675
9.395	-4.5256738932458775	0.01112814992950634
9.405	-4.510678644620335	0.011220404022186187
9.415	-4.495611912741065	0.011647079200830471
9.425	-4.480486008860606	0.01130112635328105
9.435	-4.465313316904572	0.01111661816792136
9.445	-4.4501062849021835	0.01161248391607553
9.455	-4.434877416376285	0.011162745214261282
9.465	-4.419639261698395	0.012096817902644717
9.475	-4.404404409414526	0.011727801531925335
9.485	-4.389185477547425	0.012304389611174369
9.495	-4.373995104880988	0.01232745313434433
9.505	-4.358845942232461	0.012604215412383865
9.515	-4.343750643718298	0.012973231783103247
9.525	-4.328721858019227	0.01320386701480286
9.535	-4.313772219650379	0.013146208206877957
9.545	-4.298914340242109	0.012731064789818653
9.555	-4.284160799837252	0.013642073955032126
9.565	-4.269524138210477	0.014506956073905675
9.575	-4.255016846215442	0.014299384365376023
9.585	-4.240651357165379	0.014368574934885907
9.595	-4.226440038252751	0.014737591305605289
9.605	-4.212395182013595	0.014875972444625057
9.615	-4.198528997842063	0.01493363125254996
9.625	-4.184853603560805	0.015025885345229806
9.635	-4.1713810170525925	0.014645337212925444
9.645	-4.158123147958691	0.015890767464103357
9.655	-Inf	0.0
9.665	-Inf	0.0
9.675	-Inf	0.0
9.685	-Inf	0.0
9.695	-Inf	0.0
9.705	-Inf	0.0
9.715	-Inf	0.0
9.725	-Inf	0.0
9.735	-Inf	0.0
9.745	-Inf	0.0
9.755	-Inf	0.0
9.765	-Inf	0.0
9.775	-Inf	0.0
9.785	-Inf	0.0
9.795	-Inf	0.0
9.805	-Inf	0.0
9.815	-Inf	0.0
9.825	-Inf	0.0
9.835	-Inf	0.0
9.845	-Inf	0.0
9.855	-Inf	0.0
9.865	-Inf	0.0
9.875	-Inf	0.0
9.885	-Inf	0.0
9.895	-Inf	0.0
9.905	-Inf	0.0
9.915	-Inf	0.0
9.925	-Inf	0.0
9.935	-Inf	0.0
9.945	-Inf	0.0
9.955	-Inf	0.0
9.965	-Inf	0.0
9.975	-Inf	0.0
9.985	-Inf	0.0
9.995	-Inf	0.0
