0.005	-Inf	0.0
0.015	-Inf	0.0
0.025	-Inf	0.0
0.035	-Inf	0.0
0.045	-Inf	0.0
0.055	-Inf	0.0
0.065	-Inf	0.0
0.075	-Inf	0.0
0.085	-Inf	0.0
0.095	-Inf	0.0
0.105	-Inf	0.0
0.115	-Inf	0.0
0.125	-Inf	0.0
0.135	-Inf	0.0
0.145	-Inf	0.0
0.155	-Inf	0.0
0.165	-Inf	0.0
0.175	-Inf	0.0
0.185	-Inf	0.0
0.195	-Inf	0.0
0.205	-Inf	0.0
0.215	-Inf	0.0
0.225	-Inf	0.0
0.235	-Inf	0.0
0.245	-Inf	0.0
0.255	-Inf	0.0
0.265	-Inf	0.0
0.275	-Inf	0.0
0.285	-Inf	0.0
0.295	-Inf	0.0
0.305	-Inf	0.0
0.315	-Inf	0.0
0.325	-Inf	0.0
0.335	-Inf	0.0
0.345	-Inf	0.0
0.355	-Inf	0.0
0.365	-Inf	0.0
0.375	-Inf	0.0
0.385	-Inf	0.0
0.395	-Inf	0.0
0.405	-Inf	0.0
0.415	-Inf	0.0
0.425	-Inf	0.0
0.435	-Inf	0.0
0.445	-Inf	0.0
0.455	-Inf	0.0
0.465	-Inf	0.0
0.475	-Inf	0.0
0.485	-Inf	0.0
0.495	-Inf	0.0
0.505	1.698792348359621	1.5072673877635658
0.515	1.6973261763165082	1.4600351273321484
0.525	1.6954309783949313	1.4422233368129833
0.535	1.6931104529764895	1.4258294002654932
0.545	1.6903685300026121	1.4122711716613527
0.555	1.6872093688201328	1.4088151526053954
0.565	1.683637355888063	1.3797491461860614
0.575	1.6796571023468205	1.3665453810748396
0.585	1.6752734414512702	1.3500628286541199
0.595	1.6704914258690162	1.3295925619380646
0.605	1.6653163248454637	1.314705095235479
0.615	1.6597536212372643	1.3009696348848792
0.625	1.6538090084158277	1.307881672996794
0.635	1.6474883870426742	1.27332148243722
0.645	1.6407978617184797	1.2638395840016448
0.655	1.6337437375077433	1.2321151013854206
0.665	1.626332516341091	1.214214694993026
0.675	1.618570893297298	1.1729196980679968
0.685	1.6104657527671993	1.1673368980545271
0.695	1.602024164501719	1.153690053577157
0.705	1.5932533795463357	1.1303840789177522
0.715	1.5841608260643696	1.1161169233277741
0.725	1.5747541050515361	1.104685475681146
0.735	1.5650409859442997	1.0525793422220961
0.745	1.5550294021246098	1.0432746755329803
0.755	1.5447274463236855	1.0357423263084578
0.765	1.5341433659275578	1.0143859008601057
0.775	1.5232855581871672	0.9972830373267781
0.785	1.5121625653358457	0.9683942626539036
0.795	1.5007830696171056	0.9554563451623709
0.805	1.4891558882256803	0.9411005736991633
0.815	1.477289968164845	0.9365811641644498
0.825	1.4651943810230827	0.9193010688846629
0.835	1.4528783176732212	0.8763223703682699
0.845	1.440351082897221	0.8819051703817394
0.855	1.427622089939816	0.841496332189007
0.865	1.4147008549943003	0.8564724147648224
0.875	1.4015969916237556	0.8114555511641467
0.885	1.3883202051210726	0.7953274622363457
0.895	1.3748802868111762	0.7868203384062967
0.905	1.3612871082988656	0.7710467129714142
0.915	1.3475506156657546	0.746765963706483
0.925	1.3336808236198003	0.7427782494111476
0.935	1.3196878096009697	0.7309037223983709
0.945	1.3055817078465792	0.7143325541044214
0.955	1.2913727034199343	0.6979386175569313
0.965	1.2770710262058476	0.6844690048260205
0.975	1.2626869448766973	0.6484023444215422
0.985	1.2482307608326744	0.6535420650688634
0.995	1.2337128021198898	0.6450349412388144
1.005	1.219143417330054	0.6281979253251759
1.015	1.204532969485401	0.6133104586225904
1.025	1.189891829912612	0.6050691824122304
1.035	1.1752303721094346	0.5785730363165572
1.045	1.160558965607748	0.5730788521763173
1.055	1.1458879698368036	0.5543809029248555
1.065	1.131227727990386	0.5535833600657885
1.075	1.1165885609016295	0.5420632965459306
1.085	1.1019807609292258	0.5396706679687292
1.095	1.0874145858587692	0.5176053155345398
1.105	1.0729002528229346	0.5025406170854948
1.115	1.0584479322442417	0.4880076138758279
1.125	1.0440677418040776	0.4763103186095106
1.135	1.0297697404416837	0.4807411122709944
1.145	1.0155639223867763	0.473474610666161
1.155	1.0014602112294564	0.4514978741052012
1.165	0.9874684540310401	0.43350885183957694
1.175	0.9735984154794203	0.4351039375577111
1.185	0.9598597720925558	0.42172294070002997
1.195	0.9462621064736187	0.42624235023474344
1.205	0.9328149016213626	0.41693768354562744
1.215	0.9195275352991772	0.4110890359124688
1.225	0.9064092744663073	0.39434063587206
1.235	0.8934692697746547	0.3857448961687813
1.245	0.8807165501345501	0.38397257870418783
1.255	0.8681600173528427	0.3759971501135169
1.265	0.8558084408466013	0.36004629293217516
1.275	0.8436704524357028	0.35366595005963847
1.285	0.8317545412174967	0.3483489976658579
1.295	0.8200690485267226	0.3420572706665509
1.305	0.8086221629837869	0.33319568334358324
1.315	0.7974219156344569	0.33319568334358324
1.325	0.7864761751839768	0.32903073730178845
1.335	0.7757926433285449	0.3122823372613796
1.345	0.7653788501870623	0.3051930674030055
1.355	0.7552421498359416	0.29376161975637727
1.365	0.7453897159497873	0.3013825848541294
1.375	0.7358285375506136	0.28897636260197473
1.385	0.7265654148682545	0.2902169848271902
1.395	0.717606955314529	0.2786083054341026
1.405	0.7089595695736636	0.2761270609836716
1.415	0.7006294678114029	0.27337996891355165
1.425	0.6926226560051576	0.2646069974638137
1.435	0.6849449323974968	0.25477063553531965
1.445	0.6776018840751579	0.2622143688866124
1.455	0.6705988836757469	0.2564543371266835
1.465	0.6639410862241565	0.2533527815636448
1.475	0.6576334261006911	0.2511373847329029
1.485	0.6516806141427909	0.23775638787522177
1.495	0.6460871348821752	0.23961732121304496
1.505	0.6408572439191342	0.2451115053532849
1.515	0.6359949654356095	0.24945368314153904
1.525	0.631504089848654	0.2553909466479274
1.535	0.6273881716057133	0.2627460641259905
1.545	0.623650527123152	0.27843107368764325
1.555	0.6202942328693097	0.2766587562230497
1.565	0.6173221235933135	0.279051384800251
1.575	0.6147367907007671	0.2926982292776211
1.585	0.6125405807773527	0.2934957721366882
1.595	0.6107355942613075	0.3011167372344404
1.605	0.6093236842655949	0.3079401594731255
1.615	0.6083064555505822	0.31751067378193054
1.625	0.6076852636478471	0.3098010928109487
1.635	0.6074612141357272	0.32601779761197947
1.645	0.6076351620670768	0.32867627380886977
1.655	0.6082077115496349	0.32610641348520913
1.665	0.6091792154792941	0.3447157468634412
1.675	0.6105497754264725	0.3453360579760489
1.685	0.612319241675721	0.36270476912906546
1.695	0.6144872134185362	0.35224809608796365
1.705	0.6170530390993584	0.34737422306033144
1.715	0.6200158169145272	0.36172999452353904
1.725	0.6233743954639669	0.36881926438191315
1.735	0.6271273745552194	0.37706054059227306
1.745	0.6312731061593787	0.3784783945639479
1.755	0.6358096955183797	0.3752882231276795
1.765	0.640735002402982	0.3758199183670576
1.775	0.6460466425207515	0.37883285805686656
1.785	0.6517419890731702	0.3836181152112691
1.795	0.6578181744609821	0.39203662316808835
1.805	0.6642720921367581	0.3983283501673954
1.815	0.6711003986035761	0.4075444009832817
1.825	0.6782995155586297	0.40789886447620044
1.835	0.6858656321804676	0.4185327692637616
1.845	0.6937947075585381	0.41224104226445457
1.855	0.7020824732635067	0.4214570930803409
1.865	0.7107244360568903	0.41348166448967005
1.875	0.7197158807383008	0.42393833753077187
1.885	0.7290518731286275	0.43271130898050986
1.895	0.7387272631873437	0.4391802677262762
1.905	0.7487366882620545	0.4418387439231665
1.915	0.7590745764683247	0.43058452802299757
1.925	0.7697351501977236	0.44006642645857297
1.935	0.7807124297520117	0.4327999248537395
1.945	0.79200023710118	0.42331802641816413
1.955	0.8035921997631652	0.4418387439231665
1.965	0.8154817548027962	0.4501686360067561
1.975	0.8276621529475954	0.44547199472558324
1.985	0.8401264628179144	0.46062530904785787
1.995	0.8528675752688353	0.4500800201335264
2.005	0.8658782078411962	0.4658536455684088
2.015	0.8791509093190121	0.47453800114491707
2.025	0.89267806439057	0.4600049979352502
2.035	0.9064518984102724	0.46115700428723594
2.045	0.92046448225841	0.4759558551165919
2.055	0.9347077372958481	0.48446297894664087
2.065	0.9491734404106158	0.4766647821024293
2.075	0.9638532291533315	0.48366543608757373
2.085	0.9787386069583006	0.4773737090882667
2.095	0.9938209484471359	0.49483103611451296
2.105	1.0090915048116083	0.5020975377193464
2.115	1.0245414092725025	0.5137948329856638
2.125	1.040161682611063	0.50936403932418
2.135	1.055943238769729	0.5097185028170986
2.145	1.0718768905186666	0.5259352076181294
2.155	1.0879533551846519	0.512908674253367
2.165	1.1041632604388292	0.5147696075911902
2.175	1.1204971501397405	0.516719156802243
2.185	1.136945490228114	0.5223905726889423
2.195	1.1534986746697302	0.5472916330664814
2.205	1.170147031442806	0.5207954869708081
2.215	1.1868808285661414	0.5393162044758105
2.225	1.2036902801644038	0.5311635441386803
2.235	1.2205655525667944	0.5385186616167434
2.245	1.2374967704353583	0.5433039187711459
2.255	1.2544740229192082	0.5472030171932517
2.265	1.271487369830829	0.5255807441252107
2.275	1.2885268478407537	0.5385186616167434
2.285	1.3055824766867223	0.5417974489262415
2.295	1.3226442653935844	0.5628880267549045
2.305	1.3397022185000786	0.5524313537138026
2.315	1.356746342288692	0.5593433918257174
2.325	1.3737666510147686	0.5571279949949755
2.335	1.390753173131013	0.5705089918526566
2.345	1.4076959575036283	0.5624449473887561
2.355	1.4245850796161847	0.5522541219673432
2.365	1.4414106477574893	0.5582800013469613
2.375	1.4581628091895775	0.5729016204298579
2.385	1.4748317562921096	0.5775096458378011
2.395	1.4914077326793236	0.5902703315828745
2.405	1.5078810392858197	0.5752056331338294
2.415	1.524242040417454	0.5775982617110307
2.425	1.540481169763551	0.5783958045700979
2.435	1.5565889363668222	0.5924857284136164
2.445	1.5725559305472288	0.591776801427779
2.455	1.58837282977623	0.579990890288232
2.465	1.604030404497718	0.5956758998498847
2.475	1.619519523892125	0.5912451061884009
2.485	1.6348311615801074	0.6069301157500536
2.495	1.6499564012623138	0.5933718871459132
2.505	1.6648864422917744	0.5970051379483299
2.515	1.6796126051754297	0.5921312649206977
2.525	1.6941263370014916	0.6055122617783788
2.535	1.7084192167892023	0.6004611570042873
2.545	1.7224829607577608	0.599131918905842
2.555	1.7363094275111368	0.6032968649476369
2.565	1.7498906231355842	0.6059553411445272
2.575	1.7632187062067126	0.6097658236934033
2.585	1.776285992703013	0.6131332268761309
2.595	1.789084960822846	0.60790489035558
2.605	1.8016082557018622	0.6343124205780236
2.615	1.813848694028008	0.607639042735891
2.625	1.8257992685512048	0.6297043951700805
2.635	1.8374531524849793	0.6396293729718042
2.645	1.8488037037972769	0.6298816269165398
2.655	1.85984446938783	0.637768439633981
2.665	1.870569189149515	0.6390976777324262
2.675	1.8809717999111466	0.6287296205645541
2.685	1.8910464392593282	0.6346668840709423
2.695	1.9007874492369394	0.6351099634370907
2.705	1.9101893799160186	0.6399838364647229
2.715	1.919246992842799	0.6411358428167087
2.725	1.9279552643527957	0.6275776142125682
2.735	1.9363093887538552	0.6445032459994364
2.745	1.9443047813752345	0.646807258703408
2.755	1.9519370814807955	0.6719741667006361
2.765	1.95920215504451	0.6523900587168776
2.775	1.9660960973865809	0.6688726111375974
2.785	1.972615235668501	0.6616947254059936
2.795	1.9787561312455408	0.6654165920816401
2.805	1.9845155818751803	0.6763163444888902
2.815	1.9898906237801162	0.6538965285617822
2.825	1.9948785335645687	0.6724172460667844
2.835	1.9994768299826864	0.6589476333358737
2.845	2.0036832755579477	0.6716197032077174
2.855	2.0074958780525445	0.6653279762084103
2.865	2.0109128917858468	0.6978500016837016
2.875	2.013932818801087	0.6821649921220488
2.885	2.016554409879572	0.6691384587572865
2.895	2.018776665401747	0.6951915254868113
2.905	2.0205988360545897	0.6967866112049454
2.915	2.0220204233848724	0.6990906239089171
2.925	2.023041180197939	0.6787975889393212
2.935	2.0236611108017324	0.6756074175030529
2.945	2.02388047109591	0.6772911190944166
2.955	2.0236997685059723	0.6846462365724798
2.965	2.0231197617624312	0.692533049289921
2.975	2.0221414605251327	0.6757846492495122
2.985	2.020766124852952	0.6896087254733417
2.995	2.0189952645191704	0.6813674492629818
3.005	2.0168306381729346	0.6773797349676464
3.015	2.0142742523472963	0.6994450874018358
3.025	2.011328360314435	0.6817219127559005
3.035	2.0079954607887314	0.6786203571928618
3.045	2.004278296478491	0.6875705603890592
3.055	2.0001798524871766	0.6678092206588413
3.065	1.995703354565129	0.6773797349676464
3.075	1.9908522672128124	0.6879250238819778
3.085	1.9856302916367579	0.6881022556284372
3.095	1.9800413635594207	0.6822536079952786
3.105	1.9740896508843015	0.6641759698564246
3.115	1.9677795512177254	0.6756074175030529
3.125	1.9611156892488093	0.6708221603486503
3.135	1.954102913989186	0.6686953793911381
3.145	1.946746295874183	0.674189563531378
3.155	1.9390511237272134	0.682696687361427
3.165	1.9310229015892142	0.671442471461258
3.175	1.922667345415085	0.6822536079952786
3.185	1.91399037963912	0.6772911190944166
3.195	1.9049981336115351	0.6776455825873354
3.205	1.8956969379082609	0.6716197032077174
3.215	1.8860933205162493	0.6623150365186014
3.225	1.8761940028966135	0.6560233095192943
3.235	1.8660058959280166	0.659124865082333
3.245	1.8555360957327711	0.6570866999980505
3.255	1.844791879388193	0.64078137932379
3.265	1.8337807005258355	0.6429967761545319
3.275	1.8225101848212872	0.6340465729583346
3.285	1.810988125377275	0.6571753158712801
3.295	1.799222478002906	0.6343124205780236
3.305	1.7872213563919033	0.6421992332954648
3.315	1.7749930272028205	0.6359075062961578
3.325	1.7625459050441867	0.6266914554802715
3.335	1.749888547367689	0.6203111126077347
3.345	1.737029649272471	0.6272231507196495
3.355	1.7239780382237497	0.6175640205376148
3.365	1.7107426686889564	0.598600223666464
3.375	1.6973326166946858	0.6111836776650781
3.385	1.6837570743077563	0.6061325728909865
3.395	1.6700253440437856	0.6223492776920173
3.405	1.6561468332066587	0.6180957157769928
3.415	1.6421310481623625	0.5826493664851223
3.425	1.62798758855069	0.5755600966267482
3.435	1.6137261414383088	0.5815859760063662
3.445	1.59935647541682	0.5807884331472991
3.455	1.584888434649356	0.5801681220346914
3.465	1.5703319328693888	0.5846875315694049
3.475	1.5556969473353832	0.5671415886699289
3.485	1.5409935127450027	0.5668757410502399
3.495	1.5262317151125742	0.5620904838958374
3.505	1.5114216856135514	0.5627107950084451
3.515	1.496573594399712	0.561647404529689
3.525	1.4816976443889098	0.5530516648264103
3.535	1.466804065033101	0.5365691124056906
3.545	1.4519031060685075	0.5543809029248555
3.555	1.4370050312517044	0.552342737840573
3.565	1.4221201120854328	0.5396706679687292
3.575	1.4072586215379952	0.5262010552378185
3.585	1.3924308277600508	0.5320497028709771
3.595	1.3776469878026227	0.533733404462341
3.605	1.3629173413401867	0.5414429854333228
3.615	1.3482521044026097	0.5051104774091555
3.625	1.3336614631198143	0.510427429802936
3.635	1.3191555674829432	0.5158329980699463
3.645	1.3047445251258343	0.5051104774091555
3.655	1.2904383951306047	0.49155224880501497
3.665	1.2762471818610812	0.5129972901265967
3.675	1.262180828827882	0.4925270234105414
3.685	1.2482492125888347	0.5069714107469786
3.695	1.2344621366884772	0.47728509321503704
3.705	1.220829325640309	0.4927042551570007
3.715	1.2073604189554608	0.4817158868765209
3.725	1.194064965221406	0.46913243287790685
3.735	1.1809524162343388	0.45504250903438825
3.745	1.1680321211887428	0.47232260431417517
3.755	1.1553133209277184	0.45823268047065663
3.765	1.142805142257552	0.45894160745649404
3.775	1.1305165923299607	0.45716928999190054
3.785	1.1184565530954536	0.44866216616185156
3.795	1.1066337758311562	0.4514978741052012
3.805	1.0950568757464134	0.45433358204855084
3.815	1.0837343266694632	0.43085037564268663
3.825	1.0726744558183956	0.44494029948620517
3.835	1.0618854386595429	0.43342023596634727
3.845	1.0513752938564502	0.4354584010506298
3.855	1.0411518783124705	0.461422851906925
3.865	1.031222882309969	0.4388258042333575
3.875	1.0215958247491193	0.4231407946717048
3.885	1.0122780484891085	0.4273057407134996
3.895	1.0032767157946352	0.42544480737567636
3.905	0.9945988038903995	0.4153425978274933
3.915	0.9862511006262931	0.4314706867552944
3.925	0.9782402002559045	0.41915308037636934
3.935	0.9705724993308631	0.43297715660019886
3.945	0.9632541927135334	0.4070127057439037
3.955	0.9562912697104213	0.43377469945926594
3.965	0.9496895103286485	0.42154570895357063
3.975	0.9434544816577266	0.41206381051799523
3.985	0.9375915343788064	0.4196847756157474
3.995	0.9321057994035087	0.4208367819677332
4.005	0.9270021846443394	0.4268626613473512
4.015	0.9222853719186169	0.4160515248133307
4.025	0.9179598139877825	0.4257106549953654
4.035	0.9140297317338417	0.41197519464476556
4.045	0.9104991114746266	0.41543121370072295
4.055	0.9073717024194833	0.4275715883331886
4.065	0.9046510142668848	0.4228749470520157
4.075	0.9023403149453944	0.41232965813768424
4.085	0.9004426284993245	0.4089622549549566
4.095	0.8989607331203316	0.4214570930803409
4.105	0.8978971593260997	0.43474947406479236
4.115	0.8972541882871777	0.42447003277014994
4.125	0.8970338503029714	0.42863497881194473
4.135	0.8972379234277253	0.4242041851504609
4.145	0.8978679322473411	0.41472228671488554
4.155	0.8989251468076886	0.4327999248537395
4.165	0.900410581695038	0.4392688835995059
4.175	0.9023249952691209	0.41959615974251774
4.185	0.9046688890492353	0.419241696249599
4.195	0.9074425072537331	0.4274829724599589
4.205	0.910645836493094	0.44795323917601415
4.215	0.9142786056167691	0.4306731438962273
4.225	0.9183402857137823	0.437053486768764
4.235	0.9228300902670825	0.43226822961436145
4.245	0.9277469754614877	0.4351039375577111
4.255	0.9330896406449674	0.431293455008835
4.265	0.938856528942961	0.4319137661214427
4.275	0.9450458280252724	0.4324454613608208
4.285	0.9516554710250581	0.44228182328931487
4.295	0.958683137609254	0.4407753534444104
4.305	0.966126255199785	0.42429280102369055
4.315	0.9739820003447217	0.42322941054493446
4.325	0.9822473002385079	0.44352244551453035
4.335	0.990918834390301	0.4336860835860363
4.345	0.9999930364393205	0.42854636293871506
4.355	1.0094660961160828	0.4458264582185019
4.365	1.0193339613482428	0.44795323917601415
4.375	1.0295923405097358	0.44502891535943484
4.385	1.0402367048117813	0.4695755122440552
4.395	1.0512622908342366	0.44875078203508123
4.405	1.062664103195738	0.4595619185691018
4.415	1.074436917360899	0.4575237534848192
4.425	1.0865752825828663	0.464435791596734
4.435	1.0990735249793477	0.4621317788927624
4.445	1.1119257507401956	0.47746232496149643
4.455	1.1251258494645695	0.46080254079431726
4.465	1.1386674976255695	0.46798042652592103
4.475	1.1525441621601904	0.479500490045779
4.485	1.1667491041823665	0.47258845193386423
4.495	1.1812753828168048	0.479766337665468
4.505	1.1961158591512178	0.4966919694523362
4.515	1.211263200304507	0.4871214551435311
4.525	1.2267098836083774	0.4841971313269518
4.535	1.2424482008997941	0.49899598215630775
4.545	1.258470262921632	0.4900457789601105
4.555	1.274768003828792	0.4995276773956858
4.565	1.2913331857969959	0.5023633853390355
4.575	1.3081574037314292	0.5053763250288444
4.585	1.3252320900723193	0.5012999948602793
4.595	1.3425485196945002	0.5192890171259037
4.605	1.3600978148979221	0.5148582234644199
4.615	1.3778709504860553	0.513706217112434
4.625	1.3958587589290816	0.5281506044488713
4.635	1.4140519356086454	0.5273530615898042
4.645	1.432441044141016	0.5489753346578452
4.655	1.4510165217753332	0.5353284901804751
4.665	1.469768684863654	0.5441014616302131
4.675	1.4886877343994678	0.5484436394184672
4.685	1.5077637616212332	0.5599637029383251
4.695	1.5269867536775699	0.5566849156288272
4.705	1.5463465993505805	0.5483550235452376
4.715	1.5658330948338706	0.5453420838554285
4.725	1.5854359495616737	0.5597864711918658
4.735	1.6051447920855533	0.5658123505714838
4.745	1.6249491759951136	0.5596978553186361
4.755	1.6448385858790675	0.5604067823044735
4.765	1.6648024433230777	0.5735219315424657
4.775	1.6848301129406713	0.5850419950623236
4.785	1.7049109084336025	0.5971823696947892
4.795	1.7250340986779462	0.5775982617110307
4.805	1.7451889138322552	0.5947011252443583
4.815	1.7653645514640381	0.5766234871055043
4.825	1.7855501826908642	0.6054236459051491
4.835	1.8057349583323805	0.573699163288925
4.845	1.8259080150694813	0.6000180776381389
4.855	1.8460584816069425	0.6154372395801025
4.865	1.8661754848357512	0.5988660712861531
4.875	1.8862481559914483	0.5951442046105067
4.885	1.906265636804732	0.6067528840035943
4.895	1.9262170856406233	0.6058667252712975
4.905	1.9460916836225073	0.6120698363973749
4.915	1.9658786407373214	0.6009042363704357
4.925	1.9855672019182689	0.6203997284809645
4.935	2.0051466531013578	0.6063984205106756
4.945	2.0246063272521333	0.6094999760737142
4.955	2.0439356103590205	0.5925743442868461
4.965	2.063123947389644	0.6106519824257001
4.975	2.0821608482065592	0.6120698363973749
4.985	2.1010358934388913	0.6367050491552249
4.995	2.119738740306342	0.6250963697621372
5.005	2.138259128392087	0.632274255493741
5.015	2.1565868853611385	0.6301474745362289
5.025	2.1747119326207476	0.6567322365051318
5.035	2.1926242909194937	0.646541411083719
5.045	2.2103140858817425	0.6351985793103204
5.055	2.2277715534741604	0.658327322223266
5.065	2.244987045401058	0.6562005412657537
5.075	2.261951034425392	0.6718855508274064
5.085	2.278654119612264	0.6454780206049628
5.095	2.295087031491808	0.6632011952508982
5.105	2.311240637138462	0.6703790809825019
5.115	2.3271059451636034	0.6791520524322399
5.125	2.342674110618656	0.6673661412926929
5.135	2.357936439805759	0.6722400143203251
5.145	2.3728843949932052	0.6824308397417379
5.155	2.38750959903291	0.6835828460937237
5.165	2.401803839877185	0.6691384587572865
5.175	2.415759074992258	0.6846462365724798
5.185	2.4293674356659127	0.701306020739659
5.195	2.44262123120681	0.7087497540909518
5.205	2.455512953033046	0.6899631889662604
5.215	2.4680352786476094	0.6965207635852565
5.225	2.4801810754984834	0.6951029096135817
5.235	2.4919434047211357	0.6993564715286061
5.245	2.5033155247613137	0.7060912778940615
5.255	2.514290894876105	0.6935078238954474
5.265	2.524863178511242	0.7236372207935374
5.275	2.5350262465527873	0.707066052499588
5.285	2.544774180451393	0.7035214175704009
5.295	2.5541012752173735	0.7084839064712628
5.305	2.563002042284952	0.6994450874018358
5.315	2.5714712122441328	0.7198267382446614
5.325	2.5795037374386642	0.7151300969634885
5.335	2.5870947944287304	0.7457911891009565
5.345	2.5942397863170594	0.7252323065116716
5.355	2.6009343449371842	0.7267387763565761
5.365	2.607174332902736	0.7172568779210007
5.375	2.6129558455167254	0.7151300969634885
5.385	2.61827521253981	0.7280680144550212
5.395	2.623128999816704	0.7216876715824846
5.405	2.627514010759916	0.7406514684536353
5.415	2.6314272876901352	0.7333849668488018
5.425	2.63486611303263	0.7268273922298057
5.435	2.63782801036916	0.7329418874826534
5.445	2.640310745344971	0.7285110938211696
5.455	2.6423123264305106	0.7197381223714316
5.465	2.6438310055376517	0.7354231319330844
5.475	2.6448652784902267	0.7282452462014806
5.485	2.64541388534884	0.7300175636660742
5.495	2.6454758105899594	0.7311695700180599
5.505	2.6450502831394154	0.7502219827624403
5.515	2.6441367762604986	0.7368409859047592
5.525	2.6427350072969675	0.7211559763431065
5.535	2.6408449372713436	0.7296631001731554
5.545	2.638466770338956	0.7391449986087308
5.555	2.6356009530983364	0.7394994621016495
5.565	2.6322481737585743	0.7402083890874869
5.575	2.628409361164401	0.7247892271455232
5.585	2.624085683679837	0.7360434430456921
5.595	2.619278547931294	0.7263843128636573
5.605	2.613989597411159	0.7211559763431065
5.615	2.608220710942944	0.7383474557496638
5.625	2.601974001009171	0.7183202683997568
5.635	2.5952518119432524	0.7241689160329154
5.645	2.5880567179867264	0.7492472081569139
5.655	2.580391521213243	0.7243461477793749
5.665	2.5722592493208314	0.72567538587782
5.675	2.563663153294038	0.7229282938077001
5.685	2.554606704937572	0.7130919318792059
5.695	2.5450935942832555	0.7161048715690149
5.705	2.53512772687205	0.7306378747786819
5.715	2.5247132209130796	0.7129147001327466
5.725	2.5138544043216426	0.7002426302609028
5.735	2.5025558116382296	0.7300175636660742
5.745	2.4908221808306763	0.7200039699911207
5.755	2.4786584499816513	0.7068002048798989
5.765	2.4660697538637297	0.7010401731199699
5.775	2.45306142040437	0.6974069223175532
5.785	2.439638967043218	0.7257640017510497
5.795	2.42580809698416	0.7156617922028665
5.805	2.4115746953446564	0.702103563598726
5.815	2.396944825204961	0.6914696588111648
5.825	2.3819247235598437	0.692267201670232
5.835	2.3665207971755065	0.6797723635448476
5.845	2.3507396183544875	0.6783545095731728
5.855	2.3345879206113342	0.6842917730795611
5.865	2.3180725942619054	0.6841145413331018
5.875	2.301200681929232	0.6673661412926929
5.885	2.2839793739689114	0.6773797349676464
5.895	2.2664160038169863	0.6791520524322399
5.905	2.2485180432634406	0.6671889095462336
5.915	2.2302930976543562	0.6657710555745587
5.925	2.2117489010258877	0.656111925392524
5.935	2.6841606820462327	1.090950015330546
5.945	2.9682173525726854	1.4156385748440803
5.955	2.1542799717556944	0.650351893632595
5.965	2.134538511351501	0.6311222491417553
5.975	2.1145182257792037	0.6325401031134301
5.985	2.0942275156152745	0.6274003824661089
5.995	2.0736748744261595	0.6170323252982367
6.005	2.0528688834740016	0.6138421538619684
6.015	2.031818206383919	0.625450833255056
6.025	2.0105315837762614	0.6036513284405556
6.035	1.9890178278673434	0.6014359316098137
6.045	1.9672858170420624	0.6185387951431413
6.055	1.9453444904019188	0.5976254490609376
6.065	1.92320284229192	0.5969165220751002
6.075	1.9008699168098753	0.6050691824122304
6.085	1.8783548023015475	0.5950555887372769
6.095	1.8556666258452257	0.5830924458512706
6.105	1.8328145477292055	0.5964734427089518
6.115	1.8098077559256749	0.5852192268087829
6.125	1.7866554605645337	0.5807884331472991
6.135	1.7633668884106464	0.5708634553455754
6.145	1.7399512773480352	0.5841558363300268
6.155	1.71641787087446	0.5869915442733764
6.165	1.6927759126099375	0.5722813093172502
6.175	1.6690346408225722	0.5856623061749313
6.185	1.6452032829752201	0.5758259442464372
6.195	1.6212910502963782	0.5705976077258863
6.205	1.597307132378726	0.5682935950219147
6.215	1.5732606918086833	0.5651034235856464
6.225	1.5491608588303598	0.5640400331068902
6.235	1.5250167260472531	0.5451648521089691
6.245	1.5008373431649709	0.5584572330934207
6.255	1.476631711778245	0.5431266870246866
6.265	1.4524087802055345	0.5382528139970544
6.275	1.4281774383743755	0.5295684584205461
6.285	1.4039465127606707	0.5293912266740868
6.295	1.3797247613850319	0.5273530615898042
6.305	1.355520868869316	0.5130859059998263
6.315	1.3313434415563288	0.5197320964920521
6.325	1.3072010026957799	0.5250490488858326
6.335	1.2831019876993905	0.5050218615359258
6.345	1.2590547394680682	0.49429934087513494
6.355	1.2350675037940475	0.4996162932689155
6.365	1.211148424840765	0.482513429735588
6.375	1.187305540703231	0.48596944879154536
6.385	1.1635467790515854	0.47967772179223833
6.395	1.1398799528605137	0.4977553599310923
6.405	1.1163127562270712	0.4832223567214254
6.415	1.0928527602794311	0.4558400518934554
6.425	1.069507409179033	0.4787915630599416
6.435	1.046284016218548	0.45929607094941277
6.445	1.0231897600179165	0.45619451538637407
6.455	1.0002316808208218	0.46753734715977263
6.465	0.9774166768936977	0.47577862337013255
6.475	0.9547515010294705	0.44910524552799996
6.485	0.9322427571580458	0.43829410899397947
6.495	0.9098968970655573	0.4412184328105588
6.505	0.8877202172242464	0.4343950105718737
6.515	0.86571885573484	0.45619451538637407
6.525	0.8438987893831996	0.4304959121497679
6.535	0.8222658308128837	0.4335974677128066
6.545	0.8008256258152514	0.4323568454875911
6.555	0.7795836507386594	0.42881221055840407
6.565	0.7585452100181623	0.4152539819542636
6.575	0.7377154338271135	0.42659681372766217
6.585	0.717099275851927	0.40594931526514755
6.595	0.6967015111912523	0.42296356292524545
6.605	0.6765267343806195	0.41463367084165587
6.615	0.6565793575436712	0.4155198295739526
6.625	0.6368636086708789	0.39566987397050507
6.635	0.6173835300266255	0.40984841368725333
6.645	0.5981429766854837	0.3818457977466756
6.655	0.5791456151983393	0.39354309301299284
6.665	0.5603949223890096	0.39097323268933226
6.675	0.5418941842818671	0.39177077554839934
6.685	0.5236464951609298	0.3780353151977995
6.695	0.5056547567607768	0.38955537871765744
6.705	0.48792167758953575	0.37635161360643565
6.715	0.47044977238415087	0.3811368707608382
6.725	0.4532413616980402	0.376794692972584
6.735	0.4362985716211023	0.3904415374499542
6.745	0.41962333363206294	0.37493375963476083
6.755	0.4032173845829471	0.36997127073389896
6.765	0.3870822668154572	0.37271836280401893
6.775	0.37121932840890337	0.37466791201507177
6.785	0.35562972355929534	0.36509739770626676
6.795	0.3403144130890412	0.37511099138122017
6.805	0.32527416508670626	0.3698826548606693
6.815	0.31050955567614835	0.35490657228485395
6.825	0.29602096991423343	0.36757864215669767
6.835	0.28180860281633424	0.36314784849521387
6.845	0.26787246050865887	0.36270476912906546
6.855	0.25421236150639737	0.3665152516779416
6.865	0.24082793811663106	0.37635161360643565
6.875	0.22771863796474845	0.3567675056226772
6.885	0.214883725643229	0.3472856071871018
6.895	0.20232228448137046	0.3601349088054049
6.905	0.19003321843459298	0.35446349291870555
6.915	0.17801525409183316	0.3567675056226772
6.925	0.16626694279943388	0.33753786113183737
6.935	0.15478666289993126	0.3580967437211223
6.945	0.14357262208399046	0.35871705483373006
6.955	0.1326228598537582	0.35862843896050034
6.965	0.12193525009566897	0.3599576770589455
6.975	0.11150750376091301	0.35047577862337015
6.985	0.10133717165145706	0.34808315004616885
6.995	0.09142164730962365	0.355172419904543
7.005	0.0817581700090384	0.34462713099021147
7.015	0.07234382784480986	0.34896930877846566
7.025	0.06317556092063303	0.3362086230333922
7.035	0.05425016463050791	0.35242532783442304
7.045	0.045564293032736236	0.3464880643280347
7.055	0.03711446231363991	0.34365235638468505
7.065	0.028897054338647532	0.3430320452720773
7.075	0.020908320288076876	0.3460449849618863
7.085	0.013144384375084694	0.3456905214689676
7.095	0.005601247643050478	0.346133600835116
7.105	-0.0017252081602363578	0.3442726674972928
7.115	-0.008839216634427105	0.35419764529901654
7.125	-0.015745122707226722	0.3239796325276969
7.135	-0.02244737854669321	0.3362086230333922
7.145	-0.028950539408065357	0.3469311436941831
7.155	-0.035259259418092714	0.33417045794910966
7.165	-0.0413782872998143	0.3271698039639652
7.175	-0.04731246204078643	0.3382467881176748
7.185	-0.05306670850786843	0.33044859127346327
7.195	-0.05864603301157012	0.3209666928378879
7.205	-0.06405551882311189	0.3454246738492786
7.215	-0.06930032164735445	0.3262836452316685
7.225	-0.07438566505470101	0.3295624325411665
7.235	-0.07931683587523186	0.33434768969556905
7.245	-0.0840991795582704	0.3423231182862399
7.255	-0.08873809550056588	0.32486579125999365
7.265	-0.09323903234641917	0.3276128833301136
7.275	-0.0976074832629632	0.33266398810420517
7.285	-0.10184898119392871	0.32140977220403627
7.295	-0.10596909409515387	0.34241173415946957
7.305	-0.10997342015517542	0.33682893414599996
7.315	-0.11386758300417599	0.34179142304686183
7.325	-0.11765722691465186	0.34019633732872767
7.335	-0.12134801199711598	0.340107721455498
7.345	-0.1249456093941157	0.3453360579760489
7.355	-0.12845569647595179	0.3225617785560221
7.365	-0.13188395204136882	0.3288535055553291
7.375	-0.1352360515265738	0.3364744706530813
7.385	-0.13851766222585415	0.34701975956741277
7.395	-0.14173443852711198	0.3410824960610244
7.405	-0.1448920171656043	0.32929658492147745
7.415	-0.14799601249913108	0.34028495320195734
7.425	-0.15105201180798344	0.3396646420893496
7.435	-0.15406557062283466	0.342854813525618
7.445	-0.1570422080838081	0.3405508008216464
7.455	-0.15998740233392872	0.34480436273667087
7.465	-0.16290658595012864	0.34560190559573795
7.475	-0.16580514141492753	0.34905792465169533
7.485	-0.16868839663191926	0.3509188579895185
7.495	-0.17156162048815893	0.35410902942578687
7.505	-0.17443001846645956	0.3623503056361468
7.515	-0.17729872831067772	0.34666529607449403
7.525	-0.18017281574691824	0.3456905214689676
7.535	-0.18305727026359486	0.3528684072005714
7.545	-0.18595700095330447	0.3516277849753559
7.555	-0.1888768324193011	0.35074162624305916
7.565	-0.19182150074942728	0.358451207214041
7.575	-0.19479564956026896	0.349412388144614
7.585	-0.197803826114215	0.34436128337052246
7.595	-0.20085047751213625	0.35224809608796365
7.605	-0.20393994696428486	0.3484376135390876
7.615	-0.20707647014196606	0.33957602621611993
7.625	-0.21026417161248911	0.3569447373691365
7.635	-0.21350706135989062	0.35145055322889657
7.645	-0.2168090313937685	0.3445385151169818
7.655	-0.2201738524485961	0.33098028651284134
7.665	-0.22360517077578956	0.33292983572389423
7.675	-0.22710650503070728	0.3513619373556669
7.685	-0.2306812432567762	0.3503871627501405
7.695	-0.23433263996877152	0.34099388018779475
7.705	-0.2380638133373214	0.34444989924375213
7.715	-0.24187774247651905	0.3354996960475548
7.725	-0.2457772648365637	0.34436128337052246
7.735	-0.24976507370322532	0.33098028651284134
7.745	-0.25384371580584375	0.33771509287829676
7.755	-0.2580155890355542	0.33213229286482715
7.765	-0.26228294027528865	0.33434768969556905
7.775	-0.2666478633430991	0.34515882622958954
7.785	-0.27111229705019957	0.3411711119342541
7.795	-0.27567802337512237	0.33806955637121544
7.805	-0.2803466657552254	0.33487938493494707
7.815	-0.2851196874967741	0.3366517023995406
7.825	-0.2899983903047225	0.3261950293584388
7.835	-0.29498391293320836	0.33319568334358324
7.845	-0.3000772299577381	0.3257519499922904
7.855	-0.3052791506699353	0.3425889659059289
7.865	-0.31059031809563	0.3320436769915974
7.875	-0.31601120813703076	0.32601779761197947
7.885	-0.3215421288395728	0.32876488968209944
7.895	-0.3271832197840019	0.33798094049798577
7.905	-0.33293445160415436	0.3209666928378879
7.915	-0.3387956256307998	0.33098028651284134
7.925	-0.3447663736618445	0.3186626801339163
7.935	-0.350846157859094	0.33000551190731486
7.945	-0.35703427077169403	0.3289421214285588
7.955	-0.3633298354862875	0.3161814356834854
7.965	-0.369731805903843	0.32796734682303236
7.975	-0.3762389671430024	0.31139617852908286
7.985	-0.3828499360697397	0.3175992896551602
7.995	-0.38956316195302154	0.3175992896551602
8.005	-0.39637692724608264	0.31210510551492027
8.015	-0.40328934849283327	0.31892852775360536
8.025	-0.410298377358838	0.31706759441578214
8.035	-0.41740180178624087	0.3110417150361641
8.045	-0.4245972472718811	0.30944662931802996
8.055	-0.43188217826782216	0.3156497404441073
8.065	-0.43925389970336903	0.30652230550145065
8.075	-0.44670955862762174	0.30607922613530225
8.085	-0.4542461459715126	0.30244597533288553
8.095	-0.46186049842816246	0.30209151183996685
8.105	-0.46954930045038257	0.28968528958781214
8.115	-0.4773090863639773	0.28676096577123283
8.125	-0.48513624259553056	0.2944705467422147
8.135	-0.4930270100131713	0.28427972132080187
8.145	-0.5009774863788241	0.2873812768838405
8.155	-0.50898362891034	0.288356051489367
8.165	-0.5170412569518135	0.2773676832088871
8.175	-0.5251460547503446	0.28020339115223675
8.185	-0.5332935743374403	0.2802920070254664
8.195	-0.5414792385131284	0.27018979747728333
8.205	-0.5496983439308458	0.2685947117591492
8.215	-0.5579460642810534	0.2904828324468792
8.225	-0.5662174535715048	0.27036702922374267
8.235	-0.5745074495019609	0.2725824260544846
8.245	-0.5828108769311595	0.27506367050491554
8.255	-0.5911224514337334	0.2665565466748666
8.265	-0.599436782944702	0.2666451625480963
8.275	-0.6077483794891785	0.2599989720558705
8.285	-0.6160516509947445	0.2571632641125209
8.295	-0.6243409131840305	0.24830167678955326
8.305	-0.6326103915448607	0.2560998736337648
8.315	-0.6408542253753862	0.25361862918333383
8.325	-0.6490664719014481	0.2417441021705572
8.335	-0.6572411104634885	0.23483206405864243
8.345	-0.6653720467701694	0.24032624819888238
8.355	-0.6734531172159266	0.24006040057919334
8.365	-0.6814780932595093	0.23616130215708758
8.375	-0.6894406858606374	0.2266794037215122
8.385	-0.6973345499717829	0.2331483624672786
8.395	-0.7051532890820869	0.23562960691770954
8.405	-0.7128904598103607	0.23181912436883345
8.415	-0.720539576544118	0.2266794037215122
8.425	-0.7280941161215104	0.21985598148282715
8.435	-0.7355475225530159	0.22153968307419097
8.445	-0.742893211779766	0.21932428624344907
8.455	-0.7501245764652515	0.21462764496227624
8.465	-0.7572349908172353	0.21533657194811365
8.475	-0.7642178154366	0.21941290211667874
8.485	-0.7710664021898932	0.20487989890701183
8.495	-0.7777740991022624	0.20434820366763376
8.505	-0.7843342552675128	0.19761339730217836
8.515	-0.7907402257719416	0.21037408304725175
8.525	-0.7969853766286557	0.2068294481180647
8.535	-0.8030630897190225	0.20417097192117442
8.545	-0.8089667677379078	0.20399374017471505
8.555	-0.8146898391393707	0.20514574652670084
8.565	-0.8202257630794558	0.21179193701892657
8.575	-0.825568034352723	0.20151249572428412
8.585	-0.8307101883191825	0.20931069256849563
8.595	-0.8356458058182679	0.19920848302031252
8.605	-0.8403685180665219	0.20363927668179635
8.615	-0.8448720115356538	0.2049685147802415
8.625	-0.8491500328076456	0.20053772111875767
8.635	-0.8531963934035778	0.2033734290621073
8.645	-0.8570049745829071	0.21391871797643883
8.655	-0.8605697321098962	0.21702027353947748
8.665	-0.863884700983919	0.1977906290486377
8.675	-0.8669440001304298	0.21675442591978847
8.685	-0.8697418370493448	0.2098423878078737
8.695	-0.8722725124176585	0.2079814544700505
8.705	-0.8745304246431218	0.209487924314955
8.715	-0.8765100743658443	0.21232363225830464
8.725	-0.8782060689046975	0.21312117511737172
8.735	-0.8796131266454625	0.2229575370458658
8.745	-0.8807260813676709	0.20744975923067244
8.755	-0.8815398865071464	0.2195901338631381
8.765	-0.8820496193512533	0.2259704767356748
8.775	-0.8822504851639743	0.21090577828662982
8.785	-0.8821378212378979	0.21790643227177425
8.795	-0.8817071008702868	0.2282744894396464
8.805	-0.8809539372604764	0.22455262276399998
8.815	-0.8798740873258009	0.22588186086244513
8.825	-0.8784634554334012	0.22570462911598577
8.835	-0.8767180970452744	0.21799504814500392
8.845	-0.8746342222739583	0.22676801959474188
8.855	-0.8722081993463535	0.2214510672009613
8.865	-0.8694365579731813	0.22508431800337805
8.875	-0.8663159926216932	0.22995819103101023
8.885	-0.8628433656892576	0.2285403370593354
8.895	-0.8590157105755696	0.23128742912945538
8.905	-0.854830234651208	0.23554099104447984
8.915	-0.8502843221204348	0.2391742418468966
8.925	-0.8453755367760962	0.24794721329663455
8.935	-0.840101624644642	0.24821306091632359
8.945	-0.8344605165192667	0.24528873709974425
8.955	-0.8284503303793398	0.24218718153670557
8.965	-0.8220693736942448	0.24971953076122808
8.975	-0.8153161456099534	0.24085794343826045
8.985	-0.8081893390166279	0.25096015298644353
8.995	-0.8006878424956794	0.2597331244361815
9.005	-0.7928107421447681	0.254947867281779
9.015	-0.7845573232792997	0.26788578477331176
9.025	-0.7759270720090785	0.26815163239300077
9.035	-0.7669196766888215	0.26673377842132595
9.045	-0.7575350292413718	0.2752409022513749
9.055	-0.7477732263524342	0.2759498292372123
9.065	-0.7376345705358709	0.28188709274360063
9.075	-0.727119571068565	0.28622927053185476
9.085	-0.7162289447939845	0.2901283689539605
9.095	-0.7049636167937021	0.28924221022166374
9.105	-0.69332472092611	0.2919893022917837
9.115	-0.6813136002317941	0.2918120705453244
9.125	-0.6689318072049697	0.3160928198102557
9.135	-0.6561811039305896	0.30466137216362743
9.145	-0.6430634620867557	0.3194602229929834
9.155	-0.6295810628121394	0.3249544071332233
9.165	-0.6157362964382784	0.3311575182593007
9.175	-0.6015317620866298	0.3355883119207845
9.185	-0.5869702671303738	0.3411711119342541
9.195	-0.572054826521049	0.35464072466516494
9.205	-0.5567886619802076	0.3588942865801894
9.215	-0.5411752010563347	0.3655404770724151
9.225	-0.5252180760473577	0.3638567754810513
9.235	-0.5089211227892267	0.3733386739166267
9.245	-0.492288379311018	0.38955537871765744
9.255	-0.47532408435722395	0.39956897239261085
9.265	-0.45803267577791074	0.40763301685651143
9.275	-0.44041878878746843	0.40417699780055405
9.285	-0.42248725409289234	0.4165832200527087
9.295	-0.40424309589249763	0.4359014804167782
9.305	-0.3856915297461203	0.43528116930417043
9.315	-0.36683796031789107	0.4413956645570181
9.325	-0.3476879789928282	0.44635815345788
9.335	-0.3282473613684971	0.47063890272281134
9.345	-0.3085220646231259	0.4708161344692707
9.355	-0.2885182247615754	0.48552636942539695
9.365	-0.26824215374076665	0.5015658424799684
9.375	-0.24770033647610745	0.5088323440848018
9.385	-0.22689942773062421	0.5180483949006882
9.395	-0.2058462488885595	0.5336447885891112
9.405	-0.1845477846152903	0.5487094870381563
9.415	-0.16301117940542564	0.5708634553455754
9.425	-0.1412437340211421	0.570420375979427
9.435	-0.11925290182277992	0.5842444522032565
9.445	-0.09704628499379186	0.6108292141721594
9.455	-0.07463163066233935	0.6193363380022083
9.465	-0.05201682692172449	0.6580614746035769
9.475	-0.02920989875203095	0.658327322223266
9.485	-0.006219003845367221	0.6814560651362115
9.495	0.016947571662792482	0.697761385810472
9.505	-Inf	0.0
9.515	-Inf	0.0
9.525	-Inf	0.0
9.535	-Inf	0.0
9.545	-Inf	0.0
9.555	-Inf	0.0
9.565	-Inf	0.0
9.575	-Inf	0.0
9.585	-Inf	0.0
9.595	-Inf	0.0
9.605	-Inf	0.0
9.615	-Inf	0.0
9.625	-Inf	0.0
9.635	-Inf	0.0
9.645	-Inf	0.0
9.655	-Inf	0.0
9.665	-Inf	0.0
9.675	-Inf	0.0
9.685	-Inf	0.0
9.695	-Inf	0.0
9.705	-Inf	0.0
9.715	-Inf	0.0
9.725	-Inf	0.0
9.735	-Inf	0.0
9.745	-Inf	0.0
9.755	-Inf	0.0
9.765	-Inf	0.0
9.775	-Inf	0.0
9.785	-Inf	0.0
9.795	-Inf	0.0
9.805	-Inf	0.0
9.815	-Inf	0.0
9.825	-Inf	0.0
9.835	-Inf	0.0
9.845	-Inf	0.0
9.855	-Inf	0.0
9.865	-Inf	0.0
9.875	-Inf	0.0
9.885	-Inf	0.0
9.895	-Inf	0.0
9.905	-Inf	0.0
9.915	-Inf	0.0
9.925	-Inf	0.0
9.935	-Inf	0.0
9.945	-Inf	0.0
9.955	-Inf	0.0
9.965	-Inf	0.0
9.975	-Inf	0.0
9.985	-Inf	0.0
9.995	-Inf	0.0
