0.005	-Inf	0.0
0.015	-Inf	0.0
0.025	-Inf	0.0
0.035	-Inf	0.0
0.045	-Inf	0.0
0.055	-Inf	0.0
0.065	-Inf	0.0
0.075	-Inf	0.0
0.085	-Inf	0.0
0.095	-Inf	0.0
0.105	-Inf	0.0
0.115	-Inf	0.0
0.125	-Inf	0.0
0.135	-Inf	0.0
0.145	-Inf	0.0
0.155	-Inf	0.0
0.165	-Inf	0.0
0.175	-Inf	0.0
0.185	-Inf	0.0
0.195	-Inf	0.0
0.205	-Inf	0.0
0.215	-Inf	0.0
0.225	-Inf	0.0
0.235	-Inf	0.0
0.245	-Inf	0.0
0.255	-Inf	0.0
0.265	-Inf	0.0
0.275	-Inf	0.0
0.285	-Inf	0.0
0.295	-Inf	0.0
0.305	-Inf	0.0
0.315	-Inf	0.0
0.325	-Inf	0.0
0.335	-Inf	0.0
0.345	-Inf	0.0
0.355	-Inf	0.0
0.365	-Inf	0.0
0.375	-Inf	0.0
0.385	-Inf	0.0
0.395	-Inf	0.0
0.405	-Inf	0.0
0.415	-5.231604543915372	0.005320033250207814
0.425	-5.244231965215273	0.004184660300468341
0.435	-5.256868695713632	0.005320033250207814
0.445	-5.26951383928851	0.0048172252296089044
0.455	-5.282166484074083	0.004801005616041198
0.465	-5.294825701867991	0.0043468564361454085
0.475	-5.307490547551436	0.004411734890416236
0.485	-5.32016005852271	0.00454149179895789
0.495	-5.3328332541447505	0.0047685663889057844
0.505	-5.345509135207353	0.0046225898667964236
0.515	-5.358186683404657	0.00463880948036413
0.525	-5.370864860828487	0.004963201751718265
0.535	-5.383542609478141	0.004444174117551649
0.545	-5.396218850787208	0.004330636822577702
0.555	-5.408892485167969	0.0046225898667964236
0.565	-5.421562391573934	0.0042981975954422885
0.575	-5.4342274270810575	0.004330636822577702
0.585	-5.446886426488141	0.003762950347707966
0.595	-5.459538201936962	0.004330636822577702
0.605	-5.472181542552595	0.0038927072562496196
0.615	-5.484815214104423	0.0036331934391663117
0.625	-5.497437958688312	0.003681852279869432
0.635	-5.510048494430387	0.003925146483385033
0.645	-5.522645515212844	0.004006244551223567
0.655	-5.53522769042225	0.003762950347707966
0.665	-5.54779366472069	0.004119781846197514
0.675	-5.560342057840184	0.004119781846197514
0.685	-5.5728714644007304	0.004152221073332928
0.695	-5.5853804537523315	0.003389899235650711
0.705	-5.597867569841339	0.003746730734140259
0.715	-5.610331331101444	0.0036656326663017254
0.725	-5.622770230369597	0.0035520953713277783
0.735	-5.635182734827157	0.0036494130527340188
0.745	-5.647567285966528	0.0035196561441923646
0.755	-5.659922299583526	0.0036007542120308983
0.765	-5.6722461657957055	0.003616973825598605
0.775	-5.68453724908685	0.0031141658049996957
0.785	-5.696793888377828	0.0036331934391663117
0.795	-5.709014397123951	0.0029681892828903353
0.805	-5.721197063439034	0.003616973825598605
0.815	-5.733340150246229	0.0029357500557549215
0.825	-5.7454418954557935	0.0030655069642965757
0.835	-5.7575005121698375	0.0034709973034892446
0.845	-5.769514188914164	0.0028546519879163877
0.855	-5.781481089897202	0.0031466050321351095
0.865	-5.79339935529611	0.0028222127607809744
0.875	-5.805267101570021	0.0026275773979684935
0.885	-5.817082421800426	0.0032114834864059366
0.895	-5.828843386058685	0.0026275773979684935
0.905	-5.840548041800571	0.002530259716562253
0.915	-5.852194414287816	0.003130385418567403
0.925	-5.863780507036525	0.0031466050321351095
0.935	-5.875304302292378	0.0028222127607809744
0.945	-5.886763761532453	0.0026275773979684935
0.955	-5.898156825993547	0.0030655069642965757
0.965	-5.909481417226775	0.002838432374348681
0.975	-5.920735437678302	0.00269245585223932
0.985	-5.931916771295936	0.0026275773979684935
0.995	-5.943023284161395	0.002838432374348681
1.005	-5.954052825147956	0.0023518439673174785
1.015	-5.965003226603218	0.0028870912150518015
1.025	-5.975872305056691	0.00269245585223932
1.035	-5.986657861951878	0.002514040102994546
1.045	-5.997357684402534	0.002465381262291426
1.055	-6.007969545972721	0.0025464793301299598
1.065	-6.018491207480308	0.0023031851266143584
1.075	-6.028920417823509	0.002254526285911238
1.085	-6.039254914830049	0.0022383066723435313
1.095	-6.04949242612853	0.002270745899478945
1.105	-6.059630670041543	0.0021247693773695842
1.115	-6.069667356500075	0.002270745899478945
1.125	-6.07960018797869	0.002140988990937291
1.135	-6.089426860451036	0.0021247693773695842
1.145	-6.099145064365104	0.0024816008758591327
1.155	-6.10875248563775	0.002140988990937291
1.165	-6.118246806667889	0.0023518439673174785
1.175	-6.127625707367823	0.0028222127607809744
1.185	-6.136886866212105	0.0018652555602862763
1.195	-6.146027961303337	0.002011232082395637
1.205	-6.155046671454297	0.0018976947874216896
1.215	-6.163940677285764	0.0020436713095310505
1.225	-6.172707662339386	0.0021734282180727042
1.235	-6.181345314204956	0.0018976947874216896
1.245	-6.189851325661404	0.0019787928552602234
1.255	-6.198223395830829	0.002270745899478945
1.265	-6.20645923134489	0.002140988990937291
1.275	-6.214556547522815	0.001881475173853983
1.285	-6.222513069560342	0.002140988990937291
1.295	-6.23032653372884	0.002076110536666464
1.305	-6.237994688583871	0.0018328163331508627
1.315	-6.245515296182452	0.0021247693773695842
1.325	-6.252886133308236	0.0022383066723435313
1.335	-6.260104992703853	0.0021247693773695842
1.345	-6.2671696843096365	0.0015084240617967276
1.355	-6.2740780365079285	0.00199501246882793
1.365	-6.280827897372177	0.001751718265312329
1.375	-6.287417135920026	0.001751718265312329
1.385	-6.293843643369579	0.0016057417432029683
1.395	-6.300105334398017	0.0018652555602862763
1.405	-6.306200148401768	0.0015733025160675547
1.415	-6.3121260507573655	0.0016057417432029683
1.425	-6.3178810340821965	0.0020923301502341705
1.435	-6.323463119494283	0.001621961356770675
1.445	-6.328870357870264	0.0019787928552602234
1.455	-6.334100831100727	0.0016868398110415018
1.465	-6.339152653342055	0.0019463536281248098
1.475	-6.3440239722639244	0.0018328163331508627
1.485	-6.3487129702916265	0.0017030594246092087
1.495	-6.35321786584234	0.0016706201974737952
1.505	-6.357536914554516	0.001475984834661314
1.515	-6.361668410509525	0.001492204448229021
1.525	-6.365610687444716	0.0015408632889321412
1.535	-6.369362119957036	0.0017030594246092087
1.545	-6.3729211246963695	0.0018976947874216896
1.555	-6.376286161547754	0.001492204448229021
1.565	-6.379455734801626	0.001492204448229021
1.575	-6.382428394311267	0.0016057417432029683
1.585	-6.385202736636626	0.0017841574924477425
1.595	-6.3877774061736625	0.0015733025160675547
1.605	-6.390151096268425	0.0015246436753644345
1.615	-6.392322550315022	0.0015408632889321412
1.625	-6.394290562836697	0.0018490359467185694
1.635	-6.396053980549178	0.0015733025160675547
1.645	-6.397611703405541	0.0018490359467185694
1.655	-6.398962685621777	0.0015246436753644345
1.665	-6.400105936682289	0.0016057417432029683
1.675	-6.401040522324567	0.00134622792611966
1.685	-6.401765565502251	0.0012164710175780061
1.695	-6.4022802473258755	0.0015570829024998479
1.705	-6.402583807980513	0.0018165967195831558
1.715	-6.4026755476196335	0.0016706201974737952
1.725	-6.402554827234432	0.0017030594246092087
1.735	-6.402221069497946	0.0016868398110415018
1.745	-6.401673759583257	0.0015246436753644345
1.755	-6.400912445955116	0.0016381809703383816
1.765	-6.399936741134317	0.001751718265312329
1.775	-6.398746322434185	0.0017354986517446223
1.785	-6.397340932668536	0.0015570829024998479
1.795	-6.395720380830492	0.0018490359467185694
1.805	-6.3938845427415645	0.0015408632889321412
1.815	-6.391833361670393	0.001492204448229021
1.825	-6.3895668489206034	0.0017030594246092087
1.835	-6.3870850843872	0.0016544005839060885
1.845	-6.384388217080993	0.0015408632889321412
1.855	-6.381476465620507	0.0016868398110415018
1.865	-6.37835011869091	0.0016057417432029683
1.875	-6.375009535469442	0.0015570829024998479
1.885	-6.371455146016922	0.0016706201974737952
1.895	-6.36768745163487	0.0017841574924477425
1.905	-6.363707025187817	0.0016868398110415018
1.915	-6.359514511390416	0.0019787928552602234
1.925	-6.355110627058967	0.0014273259939581939
1.935	-6.350496161326984	0.0017679378788800356
1.945	-6.3456719758244855	0.0017030594246092087
1.955	-6.340639004820661	0.001362447539687367
1.965	-6.335398255329639	0.0013948867668227805
1.975	-6.329950807179072	0.0017192790381769154
1.985	-6.32429781304128	0.0018165967195831558
1.995	-6.318440498426721	0.0018165967195831558
2.005	-6.31238016163959	0.0018003771060154492
2.015	-6.3061181736953404	0.0014435456075259008
2.025	-6.29965597819998	0.0018328163331508627
2.035	-6.292995091190985	0.0014111063803904872
2.045	-6.286137100939735	0.0022383066723435313
2.055	-6.279083667715336	0.0018165967195831558
2.065	-6.271836523509812	0.0019625732416925167
2.075	-6.264397471724555	0.0020436713095310505
2.085	-6.2567683868180755	0.0016381809703383816
2.095	-6.24895121391498	0.0021085497638018776
2.105	-6.240947968376267	0.002140988990937291
2.115	-6.232760735330929	0.0018652555602862763
2.125	-6.224391669168979	0.0018652555602862763
2.135	-6.215842992995948	0.001751718265312329
2.145	-6.207116998049019	0.0020923301502341705
2.155	-6.198216043074899	0.002076110536666464
2.165	-6.189142553669614	0.0021896478316404113
2.175	-6.179899021580418	0.0019787928552602234
2.185	-6.170488003970011	0.002076110536666464
2.195	-6.160912122643324	0.0019625732416925167
2.205	-6.151174063237117	0.0023518439673174785
2.215	-6.141276574372676	0.0024978204894268393
2.225	-6.13122246677192	0.0022220870587758247
2.235	-6.121014612337243	0.0021896478316404113
2.245	-6.110655943195442	0.0024329420351560122
2.255	-6.100149450706121	0.0019787928552602234
2.265	-6.089498184434953	0.002027451695963344
2.275	-6.078705251092229	0.0019139144009893965
2.285	-6.06777381343714	0.0023680635808851856
2.295	-6.056707089148254	0.0024329420351560122
2.305	-6.045508349660682	0.002254526285911238
2.315	-6.034180918970434	0.0022220870587758247
2.325	-6.022728172406501	0.002578918557265373
2.335	-6.011153535371223	0.0023842831944528922
2.345	-5.999460482049498	0.0023031851266143584
2.355	-5.9876525340874505	0.00269245585223932
2.365	-5.046985242775444	0.006212111996431685
2.375	-5.034806389282426	0.006682480789895181
2.385	-5.022523477196144	0.006309429677837926
2.395	-5.010140204205076	0.0064554061999472865
2.405	-4.997660308416129	0.006682480789895181
2.415	-4.985087566863557	0.006877116152707662
2.425	-4.972425793992062	0.006893335766275368
2.435	-4.959678840114765	0.006325649291405632
2.445	-4.946850589846871	0.007087971129087849
2.455	-4.93394496051576	0.00723394765119721
2.465	-4.920965900548336	0.006666261176327474
2.475	-4.907917387836428	0.007217728037629503
2.485	-4.8948034280810795	0.007752975285363826
2.495	-4.88162805311657	0.007363704559738864
2.505	-4.868395319215027	0.007785414512499239
2.515	-4.855109305372505	0.00802870871601484
2.525	-4.841774111577409	0.0069744338341139024
2.535	-4.828393857062173	0.00848285789591063
2.545	-4.81497267853911	0.008417979441639804
2.555	-4.801514728421331	0.007623218376822173
2.565	-4.788024173029706	0.008693712872290817
2.575	-4.774505190786789	0.007752975285363826
2.585	-4.760961970398681	0.008093587170285669
2.595	-4.747398709025775	0.008158465624556495
2.605	-4.733819610443396	0.008288222533098149
2.615	-4.720228883193282	0.008904567848671005
2.625	-4.706630738726941	0.009699328913488636
2.635	-4.6930293895418425	0.008985665916509539
2.645	-4.679429047311494	0.008937007075806419
2.655	-4.665833921010392	0.008985665916509539
2.665	-4.652248215034863	0.009472254323540742
2.675	-4.638676127320862	0.00982908582203029
2.685	-4.625121847459694	0.009099203211483487
2.695	-4.611589554812763	0.010348113456196906
2.705	-4.598083416626333	0.010007501571275064
2.715	-4.584607586147377	0.009845305435597997
2.725	-4.571166200741526	0.010850921476795816
2.735	-4.557763380014208	0.010169697706952132
2.745	-4.544403223935965	0.010429211524035439
2.755	-4.531089810973043	0.011191533361717658
2.765	-4.517827196224287	0.010299454615493786
2.775	-4.5046194095653584	0.010704944954686454
2.785	-4.491470453801366	0.011434827565233258
2.795	-4.478384302828905	0.01098067838533747
2.805	-4.465364899808579	0.011418607951665551
2.815	-4.452416155349013	0.011159094134582244
2.825	-4.4395419457034055	0.011986294426535288
2.835	-4.42674611097963	0.012148490562212354
2.845	-4.414032453364916	0.01172678060945198
2.855	-4.401404735366135	0.011921415972264461
2.865	-4.38886667806666	0.012570200514972731
2.875	-4.37642195940085	0.012051172880806114
2.885	-4.364074212447108	0.012553980901405025
2.895	-4.3518270237405225	0.013089228149139346
2.905	-4.339683931606061	0.011953855199399874
2.915	-4.327648424513268	0.012651298582811265
2.925	-4.315723939453453	0.013446059647628895
2.935	-4.3039138603402645	0.013056788922003933
2.945	-4.292221516434642	0.013802891146118443
2.955	-4.2806501807950035	0.013008130081300813
2.965	-4.269203068753634	0.01497070332299333
2.975	-4.257883336420122	0.01362447539687367
2.985	-4.246694079212759	0.01422460109887882
2.995	-4.235638330418752	0.014240820712446527
3.005	-4.224719059784098	0.014208381485311113
3.015	-4.213939172133967	0.014484114915962127
3.025	-4.20330150602441	0.013948867668227805
3.035	-4.192808832426193	0.014662530665206902
3.045	-4.182463853441539	0.015424852502889119
3.055	-4.172269201054574	0.014840946414451675
3.065	-4.162227435916178	0.0158627820692172
3.075	-4.152341046164038	0.015327534821482879
3.085	-4.142612446278557	0.015587048638566187
3.095	-4.133043975975353	0.0144192364616913
3.105	-4.123637899135013	0.015749244774243255
3.115	-4.114396402770746	0.015927660523488027
3.125	-4.105321596034583	0.015473511343592239
3.135	-4.09641550926273	0.016576445066196297
3.145	-4.0876800930606665	0.016738641201873364
3.155	-4.079117217428566	0.016592664679764006
3.165	-4.070728670927567	0.01641424893051923
3.175	-4.062516159887447	0.016592664679764006
3.185	-4.054481307656173	0.0168197392697119
3.195	-4.04662565389184	0.017987551446586786
3.205	-4.0389506538974045	0.01756584149382641
3.215	-4.031457677998704	0.017582061107394117
3.225	-4.0241480109661145	0.01725766883603998
3.235	-4.017022851480278	0.017679378788800357
3.245	-4.010083311642197	0.01746852381242017
3.255	-4.003330416528098	0.017533402266690996
3.265	-3.9967651037893175	0.017484743425987877
3.275	-3.9903882232975203	0.01857145753502423
3.285	-3.9842005368354987	0.018182186809399266
3.295	-3.978202717833775	0.018230845650102388
3.305	-3.972395351153229	0.018084869127993026
3.315	-3.9667789329139174	0.01855523792145652
3.325	-3.9613538703702367	0.018636335989295056
3.335	-3.956120481832554	0.018749873284269
3.345	-3.951078996635419	0.017549621880258704
3.355	-3.9462295551524047	0.018474139853617986
3.365	-3.94157220885765	0.01886341057924295
3.375	-3.9371069204340983	0.018684994829998174
3.385	-3.932833563928434	0.01900938710135231
3.395	-3.928751924952692	0.01965817164406058
3.405	-3.924861700932455	0.019723050098331408
3.415	-3.921162501401578	0.018636335989295056
3.425	-3.917653848343293	0.018847190965675244
3.435	-3.9143351765775796	0.01949597550838351
3.445	-3.9112058341946088	0.019885246234008475
3.455	-3.908265083034088	0.019901465847576183
3.465	-3.905512099210256	0.019723050098331408
3.475	-3.902945973682302	0.019836587393305353
3.485	-3.90056571286992	0.018441700626482573
3.495	-3.8983702393137003	0.020436713095310505
3.505	-3.8963583923800362	0.021393670295805203
3.515	-3.8945289290101677	0.01986902662044077
3.525	-3.8928805245130116	0.019690610871195995
3.535	-3.891411773401357	0.020290736573201143
3.545	-3.890121190270995	0.01866877521643047
3.555	-3.8890072107223235	0.020015003142550128
3.565	-3.8880681923239533	0.019593293189789755
3.575	-3.8873024156178038	0.019625732416925168
3.585	-3.88670808516516	0.020031222756117836
3.595	-3.886283330633126	0.018393041785779454
3.605	-3.886026207920922	0.01896072826064919
3.615	-3.885934700325382	0.020582689617419866
3.625	-3.886006719745065	0.019366218599841858
3.635	-3.8862401079223123	0.02025829734606573
3.645	-3.886632637722579	0.019122924396326256
3.655	-3.88718201445035	0.01980414816616994
3.665	-3.8878858772009313	0.019723050098331408
3.675	-3.8887418002473675	0.019122924396326256
3.685	-3.8897472944617393	0.019723050098331408
3.695	-3.890899808770062	0.01891206941994607
3.705	-3.8921967316399733	0.019933905074711596
3.715	-3.8936353926004106	0.019479755894815806
3.725	-3.89521306379244	0.019674391257628286
3.735	-3.896926961550363	0.019739269711899113
3.745	-3.8987742480122463	0.018847190965675244
3.755	-3.9007520327589758	0.019723050098331408
3.765	-3.9028573744809254	0.018084869127993026
3.775	-3.905087282671317	0.02006366198325325
3.785	-3.907438719345336	0.019463536281248098
3.795	-3.909908600784024	0.019187802850597086
3.805	-3.9124937993020077	0.01951219512195122
3.815	-3.915191145038052	0.018684994829998174
3.825	-3.917997427767446	0.018133527968696144
3.835	-3.9209093987352137	0.019382438213409566
3.845	-3.9239237725091067	0.019025606714920016
3.855	-3.927037228851356	0.018798532124972123
3.865	-3.930246414608127	0.018814751738539828
3.875	-3.9335479456156093	0.0182632848772378
3.885	-3.936938408621681	0.019252681304867913
3.895	-3.940414363222051	0.019349998986274153
3.905	-3.9439723438098095	0.018539018307888816
3.915	-3.947608861537264	0.018798532124972123
3.925	-3.9513204062889713	0.01866877521643047
3.935	-3.9551034486648433	0.018928289033513776
3.945	-3.958954441972205	0.017728037629503476
3.955	-3.962869824225683	0.017387425744581634
3.965	-3.966846020153791	0.01845792024005028
3.975	-3.9708794432110692	0.01745230419885246
3.985	-3.9749664975946453	0.017598280720961822
3.995	-3.979103580264076	0.017030594246092087
4.005	-3.983287082963308	0.016803519656144194
4.015	-3.987513394243629	0.01766315917523265
4.025	-3.991778901486446	0.018295724104373214
4.035	-3.996079992924744	0.01751718265312329
4.045	-4.000413059662082	0.017209009995336862
4.055	-4.004774497687975	0.018182186809399266
4.065	-4.009160709888499	0.01691705695111814
4.075	-4.013568108051003	0.016900837337550434
4.085	-4.017993114861763	0.017290108063175394
4.095	-4.0224321658954505	0.01766315917523265
4.105	-4.026881711595266	0.017776696470206597
4.115	-4.031338219242635	0.017533402266690996
4.125	-4.035798174915316	0.01725766883603998
4.135	-4.0402580854328125	0.01746852381242017
4.145	-4.044714480287991	0.01652778622549318
4.155	-4.049163913563769	0.01737120613101393
4.165	-4.053602965833817	0.017484743425987877
4.175	-4.058028246046159	0.017209009995336862
4.185	-4.062436393388607	0.0168197392697119
4.195	-4.066824079134959	0.017403645358149342
4.205	-4.071188008470912	0.015797903614946374
4.215	-4.0755249222986345	0.017030594246092087
4.225	-4.079831599018966	0.016381809703383817
4.235	-4.08410485629024	0.01571680554710784
4.245	-4.088341552762701	0.016592664679764006
4.255	-4.092538589787541	0.015278875980779759
4.265	-4.096692913099568	0.01605741743202968
4.275	-4.100801514472541	0.016300711635545282
4.285	-4.104861433346229	0.016284492021977577
4.295	-4.108869758424267	0.0158627820692172
4.305	-4.112823629241876	0.016381809703383817
4.315	-4.1167202377025705	0.015489730957159945
4.325	-4.120556829582958	0.015749244774243255
4.335	-4.12433070600478	0.015651927092837012
4.345	-4.128039224873335	0.014824726800883968
4.355	-4.131679802281491	0.015538389797863065
4.365	-4.135249913878441	0.015343754435050585
4.375	-4.138747096202463	0.015651927092837012
4.385	-4.142168947976881	0.01587900168278491
4.395	-4.14551313136852	0.014808507187316262
4.405	-4.148777373207913	0.015424852502889119
4.415	-4.151959466170574	0.014905824868722503
4.425	-4.155057269918648	0.015311315207915172
4.435	-4.158068712202312	0.016138515499868215
4.445	-4.160991789920274	0.014889605255154797
4.455	-4.163824570138766	0.015635707479269307
4.465	-4.16656519106847	0.014386797234555887
4.475	-4.169211862998808	0.015408632889321412
4.485	-4.171762869189053	0.014727409119477728
4.495	-4.174216566715778	0.014857166028019382
4.505	-4.176571387276143	0.015084240617967277
4.515	-4.178825837946578	0.014938264095857917
4.525	-4.180978501896419	0.014694969892342315
4.535	-4.183028039056108	0.015408632889321412
4.545	-4.184973186739567	0.01432191878028506
4.555	-4.186812760220407	0.014500334529529833
4.565	-4.188545653261646	0.01446789530239442
4.575	-4.190170838598629	0.015003142550128743
4.585	-4.1916873683749	0.014013746122498632
4.595	-4.193094374530773	0.014046185349634045
4.605	-4.194391069144389	0.014873385641587088
4.615	-4.195576744725077	0.01492204448229021
4.625	-4.19665077445886	0.01492204448229021
4.635	-4.197612612405966	0.014776067960180848
4.645	-4.198461793650272	0.015392413275753705
4.655	-4.1991979344005586	0.014029965736066338
4.665	-4.199820732043588	0.014630091438071488
4.675	-4.200329965148929	0.013218985057681001
4.685	-4.200725493425583	0.014289479553149647
4.695	-4.201007257630441	0.014386797234555887
4.705	-4.2011752794286155	0.01437057762098818
4.715	-4.201229661205777	0.014532773756665247
4.725	-4.201170585832588	0.015392413275753705
4.735	-4.200998316381411	0.014240820712446527
4.745	-4.200713195795452	0.015035581777264157
4.755	-4.200315646510555	0.014840946414451675
4.765	-4.199806170029886	0.014208381485311113
4.775	-4.199185346451749	0.01432191878028506
4.785	-4.198453833950865	0.014711189505910022
4.795	-4.197612368213379	0.014678750278774608
4.805	-4.196661761825987	0.014662530665206902
4.815	-4.195602903619522	0.015132899458670397
4.825	-4.1944367579674084	0.014289479553149647
4.835	-4.193164364039424	0.014581432597368368
4.845	-4.191786835011188	0.014208381485311113
4.855	-4.190305357229881	0.014484114915962127
4.865	-4.188721189336685	0.014257040326014233
4.875	-4.187035661346479	0.013948867668227805
4.885	-4.185250173685329	0.015603268252133894
4.895	-4.183366196186369	0.015635707479269307
4.905	-4.181385267044663	0.01501936216369645
4.915	-4.179308991731666	0.015570829024998479
4.925	-4.177139041869971	0.014532773756665247
4.935	-4.174877154068949	0.014954483709425623
4.945	-4.172525128722054	0.014889605255154797
4.955	-4.1700848287664485	0.014759848346613142
4.965	-4.167558178405731	0.014354358007420473
4.975	-4.1649471617965	0.015700585933540134
4.985	-4.162253821699563	0.014613871824503782
4.995	-4.159480258096565	0.014727409119477728
5.005	-4.1566286267728865	0.015749244774243255
5.015	-4.153701137867649	0.015230217140076637
5.025	-4.150700054391677	0.015408632889321412
5.035	-4.147627690714315	0.0156194878657016
5.045	-4.144486411019981	0.01576546438781096
5.055	-4.141278627735408	0.015311315207915172
5.065	-4.138006799928467	0.015505950570727652
5.075	-4.134673431679552	0.015051801390831863
5.085	-4.131281070426475	0.015327534821482879
5.095	-4.127832305283879	0.015733025160675547
5.105	-4.124329765338141	0.015197777912941223
5.115	-4.120776117918789	0.015911440909920322
5.125	-4.117174066847455	0.016576445066196297
5.135	-4.113526350665415	0.015457291730024532
5.145	-4.109835740840744	0.01597631936419115
5.155	-4.1061050399561765	0.015797903614946374
5.165	-4.102337079878721	0.015327534821482879
5.175	-4.098534719912132	0.016884617723982726
5.185	-4.094700844933325	0.01696571579182126
5.195	-4.090838363513841	0.017030594246092087
5.205	-4.086950206027482	0.016154735113435924
5.215	-4.083039322745211	0.015700585933540134
5.225	-4.0791086819184805	0.015830342842081787
5.235	-4.075161267852099	0.016560225452628592
5.245	-5.043684998825274	0.005952598179348377
5.255	-5.039864909964937	0.006114794315025445
5.265	-5.03603707769537	0.006228331609999391
5.275	-5.032204531094423	0.006763578857733715
5.285	-5.028370305540924	0.005920158952212964
5.295	-5.024537440748923	0.006309429677837926
5.305	-5.020708978799575	0.006422966972811873
5.315	-5.016887962171778	0.00588771972507755
5.325	-5.013077431772785	0.007169069196926383
5.335	-5.009280424969896	0.005757962816535896
5.345	-5.005499973624435	0.007379924173306571
5.355	-5.001739102129157	0.006520284654218113
5.365	-4.998000825450237	0.006260770837134806
5.375	-4.994288147175017	0.006293210064270219
5.385	-4.990604057566641	0.006731139630598301
5.395	-4.986951531626734	0.006276990450702512
5.405	-4.983333527167293	0.006406747359244166
5.415	-4.979752982892866	0.006828457312004542
5.425	-4.976212816494224	0.006844676925572248
5.435	-4.972715922754595	0.006666261176327474
5.445	-4.969265171669605	0.007363704559738864
5.455	-4.965863406582008	0.006114794315025445
5.465	-4.96251344233235	0.006958214220546196
5.475	-4.959218063426599	0.006747359244166007
5.485	-4.955980022221865	0.0072988261054680375
5.495	-4.952802037131255	0.007574559536119052
5.505	-4.949686790848926	0.007104190742655557
5.515	-4.946636928596386	0.006763578857733715
5.525	-4.943655056391068	0.006617602335624354
5.535	-4.940743739338187	0.007379924173306571
5.545	-4.937905499946916	0.006390527745676459
5.555	-4.9351428164718225	0.006244551223567098
5.565	-4.9324581212805985	0.00723394765119721
5.575	-4.929853799248985	0.007039312288384729
5.585	-4.927332186183868	0.00723394765119721
5.595	-4.924895567275478	0.00713662996979097
5.605	-4.92254617557957	0.00723394765119721
5.615	-4.920286190530506	0.007217728037629503
5.625	-4.91811773648609	0.006666261176327474
5.635	-4.91604288130503	0.007363704559738864
5.645	-4.914063634957827	0.007623218376822173
5.655	-4.912181948171959	0.007250167264764917
5.665	-4.910399711112094	0.0073961437868742775
5.675	-4.908718752096137	0.007461022241145105
5.685	-4.907140836347876	0.007785414512499239
5.695	-4.9056676647869155	0.006601382722056647
5.705	-4.90430087285664	0.007412363400441984
5.715	-4.903042029390884	0.007379924173306571
5.725	-4.901892635519951	0.007428583014009691
5.735	-4.90085412361665	0.007444802627577398
5.745	-4.8999278562829565	0.007461022241145105
5.755	-4.899115125377858	0.0070230926748170225
5.765	-4.898417151086999	0.007606998763254465
5.775	-4.897835081034635	0.007525900695415932
5.785	-4.897369989438415	0.006893335766275368
5.795	-4.897022876307503	0.0070230926748170225
5.805	-4.896794666684477	0.007379924173306571
5.815	-4.896686209931469	0.007477241854712812
5.825	-4.896698279060941	0.006714920017030594
5.835	-4.896831570111502	0.007688096831092999
5.845	-4.89708670156911	0.007169069196926383
5.855	-4.8974642138340085	0.007169069196926383
5.865	-4.897964568733689	0.007817853739634653
5.875	-4.89858814908217	0.007444802627577398
5.885	-4.899335258285848	0.007315045719035744
5.895	-4.900206119996128	0.007655657603957586
5.905	-4.901200877809057	0.007704316444660706
5.915	-4.9023195950120995	0.007217728037629503
5.925	-4.903562254378236	0.008093587170285669
5.935	-4.904928758007453	0.0072988261054680375
5.945	-4.90641892721576	0.006958214220546196
5.955	-4.90803250247174	0.0069744338341139024
5.965	-4.909769143380721	0.007363704559738864
5.975	-4.9116284287165195	0.00713662996979097
5.985	-4.913609856500765	0.007363704559738864
5.995	-4.915712844129734	0.007444802627577398
6.005	-4.917936728548635	0.006844676925572248
6.015	-4.9202807664732005	0.0070717515155201425
6.025	-4.922744134658485	0.006990653447681609
6.035	-4.925325930214692	0.007055531901952436
6.045	-4.928025170969824	0.007331265332603451
6.055	-4.930840795878971	0.00798004987531172
6.065	-4.93377166547995	0.007331265332603451
6.075	-4.93681656239507	0.007152849583358677
6.085	-4.939974191878671	0.006958214220546196
6.095	-4.9432431824101535	0.006698700403462887
6.105	-4.9466220863321375	0.00653650426778582
6.115	-4.950109380533339	0.006941994606978489
6.125	-4.9537034671758144	0.006617602335624354
6.135	-4.957402674466092	0.006844676925572248
6.145	-4.961205257469763	0.007525900695415932
6.155	-4.96510939896905	0.00653650426778582
6.165	-4.9691132103628295	0.007055531901952436
6.175	-4.973214732608597	0.006731139630598301
6.185	-4.977411937205815	0.006828457312004542
6.195	-4.981702727220051	0.006714920017030594
6.205	-4.986084938347327	0.00658516310848894
6.215	-4.990556340018044	0.006779798471301422
6.225	-4.995114636539825	0.006763578857733715
6.235	-4.99975746827862	0.005968817792916084
6.245	-5.004482412877382	0.005920158952212964
6.255	-5.009286986511582	0.006244551223567098
6.265	-5.014168645180855	0.006666261176327474
6.275	-5.019124786035993	0.00653650426778582
6.285	-5.024152748740538	0.006114794315025445
6.295	-5.0292498168661615	0.006358088518541046
6.305	-5.034413219321013	0.0064878454270827
6.315	-5.039640131810232	0.006082355087890031
6.325	-5.044927678327734	0.007120410356223263
6.335	-5.050272932678431	0.006212111996431685
6.345	-5.055672920029995	0.0059850374064837905
6.355	-5.061124618493251	0.0059850374064837905
6.365	-5.0666249607302865	0.006228331609999391
6.375	-5.072170835589359	0.006098574701457738
6.385	-5.077759089765625	0.006017476633619204
6.395	-5.083386529486749	0.006374308132108752
6.405	-5.089049922222406	0.006082355087890031
6.415	-5.094745998416697	0.0060336962471869105
6.425	-5.100471453242457	0.006163453155728565
6.435	-5.106222948376455	0.005806621657239016
6.445	-5.111997113794474	0.006147233542160858
6.455	-5.117790549585183	0.006049915860754617
6.465	-5.123599827781827	0.005579547067291122
6.475	-5.129421494210615	0.005725523589400482
6.485	-5.135252070354781	0.006114794315025445
6.495	-5.141088055233218	0.006066135474322324
6.505	-5.146925927292631	0.005595766680858829
6.515	-5.152762146312099	0.005774182430103603
6.525	-5.158593155318966	0.005806621657239016
6.535	-5.164415382514944	0.00579040204367131
6.545	-5.170225243211359	0.005466009772317175
6.555	-5.176019141772382	0.0056119862944265355
6.565	-5.18179347356518	0.005579547067291122
6.575	-5.187544626915834	0.00538491170447864
6.585	-5.193268985069939	0.005109178273827626
6.595	-5.198962928156741	0.00579040204367131
6.605	-5.204622835155699	0.005725523589400482
6.615	-5.210245085864363	0.005303813636640107
6.625	-5.215826062866431	0.004946982138150559
6.635	-5.221362153498879	0.005757962816535896
6.645	-5.226849751817035	0.005920158952212964
6.655	-5.232285260556491	0.005076739046692213
6.665	-5.237665093090743	0.005028080205989092
6.675	-5.2429856753834345	0.004411734890416236
6.685	-5.248243447934134	0.005060519433124506
6.695	-5.253434867716491	0.005060519433124506
6.705	-5.25855641010774	0.00533625286377552
6.715	-5.2636045708084325	0.005352472477343227
6.725	-5.268575867751296	0.004736127161770371
6.735	-5.273466842998209	0.0050929586602599195
6.745	-5.278274064624164	0.005514668613020295
6.755	-5.282994128587198	0.0048172252296089044
6.765	-5.287623660583236	0.004606370253228717
6.775	-5.292159317884817	0.005157837114530746
6.785	-5.296597791162656	0.004963201751718265
6.795	-5.300935806289054	0.004946982138150559
6.805	-5.305170126122151	0.004784786002473491
6.815	-5.309297552269992	0.004930762524582852
6.825	-5.313314926833492	0.005449790158749468
6.835	-5.317219134127291	0.00454149179895789
6.845	-5.3210071023775525	0.004265758368306875
6.855	-5.324675805395798	0.004363076049713115
6.865	-5.328222264227823	0.005011860592421385
6.875	-5.331643548776825	0.004444174117551649
6.885	-5.33493677939981	0.004427954503983943
6.895	-5.338099128476472	0.004281977981874582
6.905	-5.341127821949609	0.004898323297447439
6.915	-5.34402014083632	0.004784786002473491
6.925	-5.3467734227091075	0.00463880948036413
6.935	-5.3493850631461095	0.004509052571822476
6.945	-5.351852517149682	0.0046225898667964236
6.955	-5.3541733005325565	0.004476613344687063
6.965	-5.356344991270857	0.004703687934634957
6.975	-5.3583652308232175	0.004963201751718265
6.985	-5.36023172541534	0.004525272185390183
6.995	-5.361942247289287	0.0047685663889057844
7.005	-5.3634946359168625	0.004379295663280823
7.015	-5.364886799176444	0.004395515276848529
7.025	-5.366116714492649	0.0043468564361454085
7.035	-5.367182429938253	0.0046712487074995436
7.045	-5.368082065297778	0.004946982138150559
7.055	-5.368813813092226	0.004736127161770371
7.065	-5.369375939564412	0.004655029093931837
7.075	-5.36976678562442	0.004557711412525597
7.085	-5.369984767754701	0.005222715568801574
7.095	-5.370028378874359	0.004752346775338078
7.105	-5.369896189162203	0.0042495387547391685
7.115	-5.369586846838171	0.0046712487074995436
7.125	-5.3690990789027415	0.004460393731119356
7.135	-5.3684316918339885	0.0046225898667964236
7.145	-5.367583572241955	0.004736127161770371
7.155	-5.366553687480031	0.005076739046692213
7.165	-5.365341086213093	0.005044299819556799
7.175	-5.363944898942122	0.00463880948036413
7.185	-5.362364338485101	0.004525272185390183
7.195	-5.360598700413986	0.004655029093931837
7.205	-5.358647363447573	0.004784786002473491
7.215	-5.356509789800138	0.0050929586602599195
7.225	-5.354185525485705	0.004914542911015145
7.235	-5.351674200577865	0.004784786002473491
7.245	-5.3489755294250685	0.004557711412525597
7.255	-5.346089310821376	0.004898323297447439
7.265	-5.343015428132602	0.005271374409504694
7.275	-5.33975384937793	0.004736127161770371
7.285	-5.336304627266969	0.004525272185390183
7.295	-5.332667899192361	0.0046712487074995436
7.305	-5.3288438871780155	0.005044299819556799
7.315	-5.3248328977830734	0.004801005616041198
7.325	-5.320635321961756	0.0047199075482026644
7.335	-5.316251634879254	0.004946982138150559
7.345	-5.311682395683858	0.004655029093931837
7.355	-5.30692824723553	0.005125397887395333
7.365	-5.3019899157911805	0.0047199075482026644
7.375	-5.296868210646888	0.004963201751718265
7.385	-5.291564023737376	0.004736127161770371
7.395	-5.286078329193047	0.005028080205989092
7.405	-5.280412182854923	0.004946982138150559
7.415	-5.274566721747846	0.00533625286377552
7.425	-5.268543163512314	0.005352472477343227
7.435	-5.262342805795407	0.005482229385884881
7.445	-5.255967025601163	0.0051416175009630395
7.455	-5.249417278600943	0.005125397887395333
7.465	-5.242695098404179	0.005060519433124506
7.475	-5.235802095790068	0.0056119862944265355
7.485	-5.228739957900703	0.005271374409504694
7.495	-5.221510447396193	0.004914542911015145
7.505	-5.2141154015723306	0.00538491170447864
7.515	-5.206556731441385	0.005466009772317175
7.525	-5.198836420776645	0.005579547067291122
7.535	-5.190956525121322	0.005871500111509843
7.545	-5.18291917076245	0.0056606451351296555
7.555	-5.174726553670459	0.00533625286377552
7.565	-5.166380938405098	0.005644425521561949
7.575	-5.157884656988401	0.00538491170447864
7.585	-5.1492401077454195	0.005725523589400482
7.595	-5.14044975411346	0.005352472477343227
7.605	-5.1315161234205435	0.005628205907994242
7.615	-5.122441805633912	0.006001257020051497
7.625	-5.113229452079313	0.006049915860754617
7.635	-5.103881774131874	0.006049915860754617
7.645	-5.094401541879388	0.005693084362265069
7.655	-5.084791582758837	0.005855280497942136
7.665	-5.075054780166971	0.006374308132108752
7.675	-5.065194072045821	0.006212111996431685
7.685	-5.055212449443989	0.005855280497942136
7.695	-5.045112955054621	0.006082355087890031
7.705	-5.034898681730906	0.006017476633619204
7.715	-5.024572770980047	0.006049915860754617
7.725	-5.014138411436593	0.006358088518541046
7.735	-5.003598837316033	0.007217728037629503
7.745	-4.992957326849608	0.006909555379843075
7.755	-4.982217200701281	0.006666261176327474
7.765	-4.971381820367763	0.0069744338341139024
7.775	-4.960454586562604	0.007428583014009691
7.785	-4.949438937585284	0.007752975285363826
7.795	-4.9383383476762335	0.00718528881049409
7.805	-4.92715632535882	0.007509681081848225
7.815	-4.915896411769233	0.007444802627577398
7.825	-4.904562178975235	0.006958214220546196
7.835	-4.893157228284801	0.00713662996979097
7.845	-4.881685188545604	0.007720536058228413
7.855	-4.870149714436334	0.00723394765119721
7.865	-4.858554484750869	0.00802870871601484
7.875	-4.846903200676232	0.008417979441639804
7.885	-4.835199584065397	0.007898951807473187
7.895	-4.82344737570588	0.007250167264764917
7.905	-4.811650333585123	0.008061147943150255
7.915	-4.799812231153689	0.008353100987368975
7.925	-4.787936855587187	0.008466638282342924
7.935	-4.7760280060479925	0.008093587170285669
7.945	-4.764089491947695	0.00867749325872311
7.955	-4.752125131211267	0.008369320600936682
7.965	-4.740138748543914	0.00872615209942623
7.975	-4.728134173701609	0.00862883441801999
7.985	-4.71611523976624	0.00872615209942623
7.995	-4.704085781426351	0.008985665916509539
8.005	-4.692049633264407	0.008661273645155404
8.015	-4.680010628051557	0.008693712872290817
8.025	-4.667972595050805	0.008499077509478337
8.035	-4.655939358329526	0.00982908582203029
8.045	-4.6439147350822685	0.009942623117004237
8.055	-4.631902533964692	0.009991281957707357
8.065	-4.619906553439624	0.009634450459217809
8.075	-4.6079305801360615	0.009342497414999087
8.085	-4.595978387222014	0.009115422825051194
8.095	-4.58405373279208	0.00992640350343653
8.105	-4.572160358270565	0.010137258479816719
8.115	-4.5603019868310275	0.010088599639113597
8.125	-4.548482321833059	0.010250795774790666
8.135	-4.536705045277123	0.010737384181821867
8.145	-4.524973816278256	0.010218356547655252
8.155	-4.513292269559403	0.011240192202420778
8.165	-4.501664013965184	0.0105751880461448
8.175	-4.4900926309968385	0.011743000223019686
8.185	-4.478581673369089	0.011515925633071793
8.195	-4.467134663589638	0.01102933722604059
8.205	-4.455755092562037	0.012359345538592543
8.215	-4.44444641821259	0.01093201954463435
8.225	-4.43321206414199	0.01237556515216025
8.235	-4.422055418302326	0.011970074812967581
8.245	-4.410979831700107	0.01227824747075401
8.255	-4.399988617125926	0.011240192202420778
8.265	-4.389085047911387	0.011694341382316566
8.275	-4.378272356713806	0.012034953267238408
8.285	-4.367553734329348	0.01247288283356649
8.295	-4.356932328535066	0.013251424284816415
8.305	-4.346411242960405	0.012602639742108145
8.315	-4.335993535988659	0.012716177037082091
8.325	-4.3256822196888605	0.013413620420493481
8.335	-4.315480258778592	0.013251424284816415
8.345	-4.305390569618123	0.012797275104920625
8.355	-4.2954160192363	0.013381181193358068
8.365	-4.285559424388621	0.01372179307827991
8.375	-4.2758235506478375	0.013705573464712203
8.385	-4.266211111527434	0.012683737809946678
8.395	-4.2567247676383495	0.014532773756665247
8.405	-4.247367125879228	0.013948867668227805
8.415	-4.238140738660481	0.013932648054660098
8.425	-4.229048103162463	0.014046185349634045
8.435	-4.2200916606279595	0.014289479553149647
8.445	-4.211273795689223	0.01446789530239442
8.455	-4.202596835729784	0.015246436753644345
8.465	-4.194063050281176	0.014354358007420473
8.475	-4.185674650454736	0.014062404963201752
8.485	-4.1774337884086234	0.015132899458670397
8.495	-4.169342556850157	0.014986922936561037
8.505	-4.16140298857354	0.014548993370232955
8.515	-4.153617056033079	0.01446789530239442
8.525	-4.145986670951862	0.014840946414451675
8.535	-4.138513683965998	0.01607363704559739
8.545	-4.131199884304346	0.015343754435050585
8.555	-4.124046999503722	0.015489730957159945
8.565	-4.117056695159571	0.016284492021977577
8.575	-4.110230574711951	0.014938264095857917
8.585	-4.103570179266823	0.015149119072238103
8.595	-4.097076987452456	0.015424852502889119
8.605	-4.090752415310854	0.015603268252133894
8.615	-4.084597816224009	0.016203393954139042
8.625	-4.078614480874834	0.01587900168278491
8.635	-4.0728036372425285	0.01677108042900878
8.645	-4.067166450632182	0.017192790381769154
8.655	-4.0617040237383595	0.016398029316951522
8.665	-4.056417396742391	0.016657543134034832
8.675	-4.051307547443089	0.01607363704559739
8.685	-4.046375391420581	0.01691705695111814
8.695	-4.04162178223292	0.016252052794842164
8.705	-4.037047511645138	0.016835958883279607
8.715	-4.032653309890361	0.01686839811041502
8.725	-4.028439845962607	0.017144131541066036
8.735	-4.024407727940853	0.017582061107394117
8.745	-4.020557503343954	0.01800377106015449
8.755	-4.0168896595159636	0.016446688157654644
8.765	-4.013404624041396	0.017306327676743102
8.775	-4.010102765189959	0.017403645358149342
8.785	-4.006984392390247	0.018328163331508628
8.795	-4.0040497567318925	0.018052429900857613
8.805	-4.001299051495655	0.01727388844960769
8.815	-3.998732412710874	0.017209009995336862
8.825	-3.996349919739753	0.017500963039555582
8.835	-3.994151595887894	0.01816596719583156
8.845	-3.99213740904048	0.018133527968696144
8.855	-3.99030727232351	0.016933276564685847
8.865	-3.9886610447894695	0.017776696470206597
8.875	-3.9871985321267998	0.018441700626482573
8.885	-3.9859194873925223	0.018441700626482573
8.895	-3.9848236117673714	0.017792916083774302
8.905	-3.9839105553327405	0.018295724104373214
8.915	-3.983179917868795	0.01810108874156073
8.925	-3.982631249673034	0.016884617723982726
8.935	-3.9822640523986133	0.01782535531090972
8.945	-3.982077779911708	0.0182632848772378
8.955	-3.9820718391672054	0.01792267299231596
8.965	-3.9822455911019876	0.018474139853617986
8.975	-3.982598351545067	0.017322547290310807
8.985	-3.9831293921438347	0.018068649514425317
8.995	-3.9838379413056586	0.017955112219451373
9.005	-3.9847231851540776	0.017728037629503476
9.015	-3.9857842684988256	0.01780913569734201
9.025	-3.9870202958189	0.017857794538045133
9.035	-3.9884303322579138	0.018539018307888816
9.045	-3.9900134046309423	0.01821462603653468
9.055	-3.9917685024420697	0.017874014151612837
9.065	-3.9936945789118563	0.017403645358149342
9.075	-3.995790552013927	0.018230845650102388
9.085	-3.9980553055198875	0.01780913569734201
9.095	-4.000487690051772	0.017598280720961822
9.105	-4.0030865241412155	0.017857794538045133
9.115	-4.005850595294561	0.018247065263670093
9.125	-4.008778661063095	0.01886341057924295
9.135	-4.01186945011762	0.01746852381242017
9.145	-4.015121663326543	0.017874014151612837
9.155	-4.018533974836712	0.017971331833019077
9.165	-4.022105033156189	0.01727388844960769
9.175	-4.025833462238159	0.01686839811041502
9.185	-4.029717862565201	0.016787300042576486
9.195	-4.033756812233126	0.01677108042900878
9.205	-4.0379488680336	0.01701437463252438
9.215	-4.042292566534764	0.01735498651744622
9.225	-4.046786425159116	0.01686839811041502
9.235	-4.051428943257828	0.017209009995336862
9.245	-4.056218603180792	0.017095472700362914
9.255	-4.061153871341609	0.01691705695111814
9.265	-4.06623319927678	0.01670620197473795
9.275	-4.071455024698381	0.016998155018956674
9.285	-4.076817772539449	0.017095472700362914
9.295	-4.082319855991396	0.01626827240840987
9.305	-4.087959677532716	0.015911440909920322
9.315	-4.093735629948295	0.016479127384790057
9.325	-4.099646097338617	0.016008758591326562
9.335	-4.105689456118187	0.016446688157654644
9.345	-4.111864076002506	0.015343754435050585
9.355	-4.118168320982946	0.015749244774243255
9.365	-4.1246005502888305	0.01621961356770675
9.375	-4.131159119336159	0.016008758591326562
9.385	-4.137842380662272	0.015587048638566187
9.395	-4.144648684845923	0.015522170184295359
9.405	-4.1515763814120845	0.01516533868580581
9.415	-4.158623819720983	0.015587048638566187
9.425	-4.165789349840722	0.014208381485311113
9.435	-4.173071323402996	0.015441072116456825
9.445	-4.1804680944413315	0.015651927092837012
9.455	-4.187978020211316	0.015797903614946374
9.465	-4.195599461992357	0.014808507187316262
9.475	-4.203330785870416	0.014127283417472578
9.485	-4.2111703635013065	0.014451675688826713
9.495	-4.219116572854041	0.014403016848123593
9.505	-4.227167798933834	0.013867769600389272
9.515	-4.23532243448429	0.01381911075968615
9.525	-4.243578880668427	0.013802891146118443
9.535	-4.251935547728076	0.01451655414309754
9.545	-4.2603908556213606	0.01367313423757679
9.555	-4.268943234637843	0.014808507187316262
9.565	-4.277591125991037	0.013494718488332015
9.575	-4.286332982387968	0.013802891146118443
9.585	-4.295167268575465	0.013754232305415323
9.595	-Inf	0.0
9.605	-Inf	0.0
9.615	-Inf	0.0
9.625	-Inf	0.0
9.635	-Inf	0.0
9.645	-Inf	0.0
9.655	-Inf	0.0
9.665	-Inf	0.0
9.675	-Inf	0.0
9.685	-Inf	0.0
9.695	-Inf	0.0
9.705	-Inf	0.0
9.715	-Inf	0.0
9.725	-Inf	0.0
9.735	-Inf	0.0
9.745	-Inf	0.0
9.755	-Inf	0.0
9.765	-Inf	0.0
9.775	-Inf	0.0
9.785	-Inf	0.0
9.795	-Inf	0.0
9.805	-Inf	0.0
9.815	-Inf	0.0
9.825	-Inf	0.0
9.835	-Inf	0.0
9.845	-Inf	0.0
9.855	-Inf	0.0
9.865	-Inf	0.0
9.875	-Inf	0.0
9.885	-Inf	0.0
9.895	-Inf	0.0
9.905	-Inf	0.0
9.915	-Inf	0.0
9.925	-Inf	0.0
9.935	-Inf	0.0
9.945	-Inf	0.0
9.955	-Inf	0.0
9.965	-Inf	0.0
9.975	-Inf	0.0
9.985	-Inf	0.0
9.995	-Inf	0.0
