0.005	-Inf	0.0
0.015	-Inf	0.0
0.025	-Inf	0.0
0.035	-Inf	0.0
0.045	-7.949061258492682	0.0004552669491901597
0.055	-7.9588362336910325	0.0003983585805413898
0.065	-7.968242928363294	0.00031868686443311183
0.075	-7.977285463551141	0.0003414502118926198
0.085	-7.9859681722957045	0.0002503968220545879
0.095	-7.994295594493968	0.00036421355935212777
0.105	-8.002272471620575	0.00037559523308188176
0.115	-8.00990374131911	0.00027316016951409584
0.125	-8.017194531866986	0.0003983585805413898
0.135	-8.024150156518152	0.0003073051907033578
0.145	-8.030776107727927	0.0002845418432438498
0.155	-8.037078051264338	0.0003073051907033578
0.165	-8.043061820210394	0.00036421355935212777
0.175	-8.048733408861843	0.0002959235169736038
0.185	-8.05409896652497	0.0002503968220545879
0.195	-8.05916479121911	0.00036421355935212777
0.205	-8.063937323288568	0.0001934884534058179
0.215	-8.068423138928734	0.0003300685381628658
0.225	-8.072628943631207	0.0003073051907033578
0.235	-8.076561565552806	0.00021625180086532587
0.245	-8.080227948813391	0.00042112192800089775
0.255	-8.083635146727461	0.00026177849578434186
0.265	-8.08679031497455	0.0002959235169736038
0.275	-8.08970070471344	0.00031868686443311183
0.285	-8.09237365564532	0.0003300685381628658
0.295	-8.094816589030941	0.0002503968220545879
0.305	-8.097037000666976	0.0003300685381628658
0.315	-8.099042453826687	0.0002503968220545879
0.325	-8.10084057217012	0.00023901514832483386
0.335	-8.10243903262904	0.0003528318856223738
0.345	-8.10384555827176	0.0003300685381628658
0.355	-8.105067911153172	0.00026177849578434186
0.365	-8.106113885155148	0.00037559523308188176
0.375	-8.106991298822566	0.0003528318856223738
0.385	-8.1077079882002	0.0003528318856223738
0.395	-8.108271799675704	0.0003073051907033578
0.405	-7.478547125743139	0.0006032287076769617
0.415	-7.478890585860563	0.0005007936441091757
0.425	-7.479104697926687	0.0006146103814067156
0.435	-7.479197278434643	0.00043250360173065173
0.445	-7.4791761187089	0.0006487554025959776
0.455	-7.479048977893877	0.0005121753178389297
0.465	-7.478823575984842	0.0006259920551364696
0.475	-7.478507586906153	0.0006601370763257316
0.485	-7.478108631641852	0.0004894119703794217
0.495	-7.477634271423658	0.0007625721398935175
0.505	-7.477092000981241	0.0007170454449745016
0.515	-7.476489241859738	0.0006487554025959776
0.525	-7.475833335809345	0.0005463203390281917
0.535	-7.475131538251775	0.0005007936441091757
0.545	-7.4743910118283505	0.0006259920551364696
0.555	-7.473618820034413	0.0004780302966496677
0.565	-7.472821920944659	0.0005235569915686837
0.575	-7.472007161033998	0.0005804653602174537
0.585	-7.471181269098379	0.0005121753178389297
0.595	-7.470350850280046	0.00042112192800089775
0.605	-7.469522380201558	0.0006829004237852396
0.615	-7.4687021992128235	0.0005577020127579456
0.625	-7.467896506755366	0.0006259920551364696
0.635	-7.467111355847918	0.0005007936441091757
0.645	-7.466352647697342	0.0005690836864876997
0.655	-7.46562612643885	0.0005690836864876997
0.665	-7.464937374009333	0.0006715187500554856
0.675	-7.464291805157547	0.0005007936441091757
0.685	-7.463694662594825	0.0005007936441091757
0.695	-7.463151012289849	0.0004552669491901597
0.705	-7.462665738910942	0.0006032287076769617
0.715	-7.462243541419216	0.0006829004237852396
0.725	-7.4618889288158305	0.00046664862291991374
0.735	-7.461606216046484	0.0007739538136232716
0.745	-7.461399520066163	0.0006032287076769617
0.755	-7.46127275606706	0.0005007936441091757
0.765	-7.461229633872451	0.0006942820975149935
0.775	-7.461273654499228	0.0005235569915686837
0.785	-7.461408106891621	0.0006829004237852396
0.795	-7.461636064828575	0.0004894119703794217
0.805	-7.46196038400709	0.0006487554025959776
0.815	-7.4623836993037305	0.0005804653602174537
0.825	-7.462908422216357	0.0005804653602174537
0.835	-7.463536738488059	0.0005577020127579456
0.845	-7.464270605915069	0.0005463203390281917
0.855	-7.465111752340382	0.0006032287076769617
0.865	-7.466061673834624	0.0005235569915686837
0.875	-7.467121633065596	0.0006146103814067156
0.885	-7.468292657857803	0.0006715187500554856
0.895	-7.469575539943128	0.0006373737288662237
0.905	-7.4709708339036816	0.0005690836864876997
0.915	-7.472478856307713	0.0004552669491901597
0.925	-7.474099685039374	0.0005804653602174537
0.935	-7.475833158822925	0.0005577020127579456
0.945	-7.477678876941898	0.0005804653602174537
0.955	-7.479636199153568	0.0006942820975149935
0.965	-7.48170424579893	0.0007056637712447476
0.975	-7.483881898108297	0.0005918470339472076
0.985	-7.486167798702414	0.0005577020127579456
0.995	-7.488560352288936	0.0005463203390281917
1.005	-7.491057726553926	0.00046664862291991374
1.015	-7.493657853247884	0.0006032287076769617
1.025	-7.496358429465724	0.0005463203390281917
1.035	-7.499156919119964	0.0006373737288662237
1.045	-7.502050554606221	0.0005349386652984376
1.055	-7.505036338660023	0.0005121753178389297
1.065	-7.508111046403794	0.0005918470339472076
1.075	-7.511271227582701	0.0006373737288662237
1.085	-7.514513208987988	0.0005007936441091757
1.095	-7.517833097066215	0.0006032287076769617
1.105	-7.52122678071275	0.0006259920551364696
1.115	-7.524689934247683	0.0005349386652984376
1.125	-7.528218020572245	0.0006715187500554856
1.135	-7.531806294503653	0.00040974025427114376
1.145	-7.535449806286188	0.0005007936441091757
1.155	-7.5391434052761985	0.0006715187500554856
1.165	-7.542881743798581	0.0004552669491901597
1.175	-7.546659281172175	0.0003869769068116358
1.185	-7.550470287901379	0.0005349386652984376
1.195	-7.554308850031216	0.0005918470339472076
1.205	-7.558168873662888	0.0005577020127579456
1.215	-7.562044089626808	0.0004894119703794217
1.225	-7.56592805830997	0.0005577020127579456
1.235	-7.569814174634363	0.0006373737288662237
1.245	-7.573695673183108	0.0005577020127579456
1.255	-7.577565633470805	0.0007739538136232716
1.265	-7.581416985354515	0.0005577020127579456
1.275	-7.5852425145817355	0.0004894119703794217
1.285	-7.589034868471526	0.0004552669491901597
1.295	-7.592786561724962	0.0005235569915686837
1.305	-7.596489982360894	0.0004438852754604057
1.315	-7.600137397773004	0.0005121753178389297
1.325	-7.60372096090394	0.0004552669491901597
1.335	-7.607232716532337	0.0004552669491901597
1.345	-7.610664607668382	0.0005804653602174537
1.355	-7.614008482053506	0.0003869769068116358
1.365	-7.617256098759724	0.0006487554025959776
1.375	-7.620399134884087	0.0004894119703794217
1.385	-7.623429192333566	0.00040974025427114376
1.395	-7.6263378046957015	0.0003414502118926198
1.405	-7.629116444190251	0.00040974025427114376
1.415	-7.631756528696977	0.00043250360173065173
1.425	-7.6342494288547025	0.00040974025427114376
1.435	-7.6365864752266965	0.0003528318856223738
1.445	-7.638758965527363	0.0005121753178389297
1.455	-7.640758171905199	0.0003528318856223738
1.465	-7.642575348276924	0.00040974025427114376
1.475	-7.6442017377076334	0.0004552669491901597
1.485	-7.645628579831792	0.00040974025427114376
1.495	-7.6468471183098705	0.00040974025427114376
1.505	-7.647848608315345	0.0004894119703794217
1.515	-7.648624324046797	0.00040974025427114376
1.525	-7.649165566259812	0.0006487554025959776
1.535	-7.649463669813336	0.0004552669491901597
1.545	-7.649510011225147	0.0005463203390281917
1.555	-7.64929601623108	0.00043250360173065173
1.565	-7.6488131673426345	0.0004780302966496677
1.575	-7.6480530113975655	0.00046664862291991374
1.585	-7.647007167098095	0.0005577020127579456
1.595	-7.645667332531334	0.0005690836864876997
1.605	-7.644025292666535	0.00040974025427114376
1.615	-7.6420729268238095	0.0004894119703794217
1.625	-7.639802216108915	0.0003869769068116358
1.635	-7.637205250808769	0.0004552669491901597
1.645	-7.634274237742357	0.00043250360173065173
1.655	-7.631001507561697	0.0005121753178389297
1.665	-7.627379521997586	0.0005121753178389297
1.675	-7.623400881044835	0.0005918470339472076
1.685	-7.619058330081788	0.0004552669491901597
1.695	-7.614344766918888	0.0005349386652984376
1.705	-7.609253248771167	0.00043250360173065173
1.715	-7.6037769991495	0.0004438852754604057
1.725	-7.597909414665563	0.0005349386652984376
1.735	-7.591644071745481	0.00042112192800089775
1.745	-7.584974733247167	0.00046664862291991374
1.755	-7.577895354976439	0.0004438852754604057
1.765	-7.570400092097065	0.0004894119703794217
1.775	-8.365953202645722	0.0001934884534058179
1.785	-8.357025280030363	0.0001934884534058179
1.795	-8.347665196854205	0.00015934343221655592
1.805	-8.337867967525016	0.00018210677967606389
1.815	-8.327628836101862	0.00020487012713557188
1.825	-8.316943281970302	0.0002845418432438498
1.835	-8.305807025379341	0.00021625180086532587
1.845	-8.294216032835951	0.0001934884534058179
1.855	-8.282166522352918	0.00018210677967606389
1.865	-8.269654968545936	0.00026177849578434186
1.875	-8.256678107575933	0.00027316016951409584
1.885	-8.243232941932746	0.00022763347459507985
1.895	-8.229316745056302	0.00026177849578434186
1.905	-8.214927065791587	0.00023901514832483386
1.915	-8.200061732673843	0.0002959235169736038
1.925	-8.184718858040437	0.00031868686443311183
1.935	-8.168896841966047	0.00026177849578434186
1.945	-8.152594376017868	0.0002503968220545879
1.955	-8.135810446827659	0.00036421355935212777
1.965	-8.118544339477602	0.0003414502118926198
1.975	-8.100795640697019	0.0003414502118926198
1.985	-8.08256424186714	0.00026177849578434186
1.995	-8.063850341831207	0.0002845418432438498
2.005	-8.044654449507396	0.00021625180086532587
2.015	-8.024977386302035	0.00036421355935212777
2.025	-8.004820288320884	0.0003528318856223738
2.035	-7.984184608376207	0.0003869769068116358
2.045	-7.96307211778767	0.00022763347459507985
2.055	-7.941484907975036	0.0003983585805413898
2.065	-7.919425391840965	0.0003073051907033578
2.075	-7.896896304942196	0.0003869769068116358
2.085	-7.873900706447617	0.0004438852754604057
2.095	-7.85044197988185	0.0003073051907033578
2.105	-7.826523833653084	0.00040974025427114376
2.115	-7.80215030136407	0.0004438852754604057
2.125	-7.777325741905329	0.0003869769068116358
2.135	-7.75205483932971	0.0003983585805413898
2.145	-7.726342602507668	0.0002959235169736038
2.155	-7.700194364562693	0.00040974025427114376
2.165	-7.673615782086523	0.0004894119703794217
2.175	-7.646612834133886	0.0004894119703794217
2.185	-7.61919182099663	0.0004552669491901597
2.195	-7.591359362757382	0.00046664862291991374
2.205	-7.563122397622802	0.0006259920551364696
2.215	-7.534488180036856	0.0003983585805413898
2.225	-7.505464278574547	0.0005577020127579456
2.235	-7.476058573616732	0.0005918470339472076
2.245	-7.446279254806788	0.0007170454449745016
2.255	-7.416134818290063	0.0005349386652984376
2.265	-7.385634063737139	0.0005804653602174537
2.275	-7.354786091152124	0.0007056637712447476
2.285	-7.323600297467312	0.0006715187500554856
2.295	-7.2920863729257155	0.0008080988348125335
2.305	-7.260254297253058	0.0008422438560017955
2.315	-7.228114335621056	0.0006829004237852396
2.325	-7.195677034403827	0.0007853354873530255
2.335	-7.162953216729555	0.0006829004237852396
2.345	-7.129953977829532	0.0008422438560017955
2.355	-7.096690680186944	0.0008536255297315495
2.365	-7.06317494848782	0.0008991522246505655
2.375	-7.029418664376811	0.0009105338983803194
2.385	-6.995433961020429	0.0007056637712447476
2.395	-6.961233217480681	0.0010357323094076134
2.405	-6.926829052902071	0.0008308621822720415
2.415	-6.8922343205150405	0.0009788239407588434
2.425	-6.85746210145917	0.0010926406780563834
2.435	-6.822525698429423	0.0011381673729753993
2.445	-6.787438629148999	0.0011381673729753993
2.455	-6.752214619672332	0.0011609307204349074
2.465	-6.7168675975220316	0.0011040223517861374
2.475	-6.6814116846635665	0.0011723123941646612
2.485	-6.645861190321646	0.0012519841102729393
2.495	-6.610230603642399	0.001399945868759741
2.505	-6.574534586205506	0.0013658008475704792
2.515	-6.538787964390566	0.0013430375001109711
2.525	-6.503005721602101	0.001513762606057281
2.535	-6.467202990357672	0.001650342690814329
2.545	-6.431395044243709	0.001513762606057281
2.555	-6.395597289743728	0.001673106038273837
2.565	-6.359825257943709	0.001627579343354821
2.575	-6.324094596119508	0.001730014406922607
2.585	-6.2884210592112755	0.001752777754382115
2.595	-6.252820501189849	0.0018779761654094088
2.605	-6.217308866320353	0.001957647881517687
2.615	-6.181902180328076	0.0020487012713557187
2.625	-6.146616541471995	0.002014556250166457
2.635	-6.111468111531233	0.002264953072221045
2.645	-6.076473106709872	0.0022308080510317825
2.655	-6.041647788465642	0.0021056096400044887
2.665	-6.007008454267912	0.0026974566739516965
2.675	-5.972571428290712	0.0025836399366541566
2.685	-5.938353052046332	0.0026291666315731723
2.695	-5.904369674965255	0.002799891737519482
2.705	-5.8706376449281406	0.0026519299790326804
2.715	-5.837173298755669	0.0029364718222765302
2.725	-5.8039929526620515	0.003061670233303824
2.735	-5.771112892678132	0.002970616843465792
2.745	-5.738549365049893	0.0030958152544930864
2.755	-5.706318566618378	0.003255158686709642
2.765	-5.6744366351869395	0.003516937182493984
2.775	-5.642919639881807	0.00339173877146669
2.785	-5.611783571511962	0.003573845551142754
2.795	-5.581044332934343	0.0034941738350344758
2.805	-5.55071772943037	0.0038697690681163575
2.815	-5.5208194590998785	0.00384700572065685
2.825	-5.4913651032784045	0.00407463919525193
2.835	-5.462370116983933	0.004290890996117256
2.845	-5.433849819399069	0.00396082245795439
2.855	-5.405819384394711	0.00447299777579332
2.865	-5.378293831101157	0.00435918103849578
2.875	-5.351288014532707	0.004666486229199137
2.885	-5.3248166162716455	0.004848593008875201
2.895	-5.298894135217639	0.005053463136010773
2.905	-5.273534878408388	0.004803066313956185
2.915	-5.248752951917464	0.005121753178389297
2.925	-5.224562251835156	0.005178661547038067
2.935	-5.200976455338147	0.005258333263146345
2.945	-5.178009011853797	0.005474585064011671
2.955	-5.155673134324745	0.005178661547038067
2.965	-5.133981790579493	0.005679455191147243
2.975	-5.112947694814606	0.005736363559796013
2.985	-5.0925832991940885	0.006646897458176332
2.995	-5.072900785571431	0.005963997034391093
3.005	-5.053912057339765	0.006350973941202728
3.015	-5.035628731415487	0.006715187500554856
3.025	-5.01806213036067	0.006464790678500268
3.035	-5.001223274649466	0.0063737372886622365
3.045	-4.985122875083646	0.00649893569968953
3.055	-4.9697713253623474	0.007079401059906984
3.065	-4.955178694811003	0.0070452560387177215
3.075	-4.941354721274331	0.00701111101752846
3.085	-4.928308804178226	0.00701111101752846
3.095	-4.916049997765169	0.007602958051475667
3.105	-4.904587004507881	0.006976965996339198
3.115	-4.893928168705616	0.00735256122942108
3.125	-4.8840814702675655	0.0074322329455293575
3.135	-4.875054518687653	0.00723874449212354
3.145	-4.866854547214874	0.007113546081096246
3.155	-4.859488407223332	0.0076940114413137
3.165	-4.852962562785831	0.0075460496828268974
3.175	-4.847283085454955	0.007557431356556651
3.185	-4.842455649255314	0.007978553284557549
3.195	-4.838485525890553	0.007739538136232715
3.205	-4.835377580168628	0.007728156462502961
3.215	-4.833136265648669	0.0077623014836922235
3.225	-4.831765620512664	0.007398087924340095
3.235	-4.83126926366506	0.007898881568449272
3.245	-4.831650391063192	0.007864736547260009
3.255	-4.832911772281421	0.007967171610827795
3.265	-4.835055747311598	0.007568813030286405
3.275	-4.199099533064604	0.014602687395274374
3.285	-4.204090254051268	0.014192947141003229
3.295	-4.209967982932836	0.014306763878300769
3.305	-4.216733314188904	0.014397817268138801
3.315	-4.224386400348147	0.014488870657976834
3.325	-4.232926950255259	0.014523015679166095
3.335	-4.242354227588971	0.01351004671721799
3.345	-4.252667049632704	0.013988077013867657
3.355	-4.263863786299179	0.014511634005436341
3.365	-4.275942359410275	0.01356695508586676
3.375	-4.288900242233074	0.013362084958731188
3.385	-4.30273445927313	0.013612481780785776
3.395	-4.317441586325603	0.013032016420568322
3.405	-4.333017750784904	0.013145833157865862
3.415	-4.349458632213295	0.012531222776459147
3.425	-4.366759463168668	0.01250845942899964
3.435	-4.384915030291715	0.01180279565775489
3.445	-4.403919675652337	0.012326352649323575
3.455	-4.423767298355223	0.012223917585755788
3.465	-4.4444513564041355	0.011893849047592922
3.475	-4.46596486882448	0.0112564753187267
3.485	-4.4883004180434325	0.01080120836953654
3.495	-4.511450152526822	0.01091502510683408
3.505	-4.535405789671792	0.011097131886510143
3.515	-4.560158618954092	0.010323178072886872
3.525	-4.585699505328687	0.010084162924562039
3.535	-4.612018892882268	0.009799621081318188
3.545	-4.6391068087360265	0.009526460911804093
3.555	-4.666952867196935	0.0089801405727759
3.565	-4.695546274155625	0.009014285593965162
3.575	-4.724875831728799	0.008900468856667622
3.585	-4.75492994314393	0.008206186759152629
3.595	-4.7856966178639055	0.008194805085422875
3.605	-4.817163476949077	0.008206186759152629
3.615	-4.849317758654072	0.008331385170179922
3.625	-4.882146324256504	0.006976965996339198
3.635	-4.915635664114685	0.007341179555691325
3.645	-4.949771903951193	0.006794859216663134
3.655	-4.984540811359038	0.006225775530175434
3.665	-5.019927802527125	0.006589989089527562
3.675	-5.055917949181376	0.006237157203905188
3.685	-5.092495985737938	0.0059867603818506004
3.695	-5.129646316664663	0.006032287076769617
3.705	-5.167353024046919	0.005611165148768718
3.715	-5.205599875353687	0.005394913347903393
3.725	-5.2443703313998045	0.005269714936876099
3.735	-5.283647554499961	0.005451821716552163
3.745	-5.323414416810122	0.005258333263146345
3.755	-5.363653508851769	0.00435918103849578
3.765	-5.4043471482142955	0.004347799364766025
3.775	-5.445477388430815	0.004290890996117256
3.785	-5.4870260280224645	0.004268127648657747
3.795	-5.528974619706201	0.004108784216441191
3.805	-5.571304479761032	0.003596608898602262
3.815	-5.613996697547388	0.003585227224872508
3.825	-5.657032145174432	0.003266540360439396
3.835	-5.700391487309817	0.003368975424007182
3.845	-5.74405519112646	0.002970616843465792
3.855	-5.78800353638069	0.002856800106168252
3.865	-5.832216625616141	0.0031868686443311182
3.875	-5.876674394487593	0.002890945127357514
3.885	-5.921356622199	0.0025267315680053866
3.895	-5.96624294204965	0.0025153498942756323
3.905	-6.011312852082633	0.0020487012713557187
3.915	-6.0565457258294515	0.0021056096400044887
3.925	-6.101920823144657	0.002264953072221045
3.935	-6.14741730112443	0.002151136334923505
3.945	-6.19301422510269	0.001957647881517687
3.955	-6.238690579718592	0.001741396080652361
3.965	-6.2844252800489775	0.002116991313734243
3.975	-6.330197182799405	0.001650342690814329
3.985	-6.375985097547305	0.0015934343221655591
3.995	-6.421767798030825	0.0015934343221655591
4.005	-6.46752403347676	0.001582052648435805
4.015	-6.513232539961146	0.001525144279787035
4.025	-6.5588720517958015	0.001456854237408511
4.035	-6.604421312934335	0.0014909992585977732
4.045	-6.649859088390926	0.0011836940678944152
4.055	-6.695164175665283	0.0014796175848680192
4.065	-6.740315416167109	0.0010357323094076134
4.075	-6.785291706633416	0.0011836940678944152
4.085	-6.8300720105320725	0.0009332972458398275
4.095	-6.874635369444867	0.0008194805085422875
4.105	-6.918960914423458	0.0008991522246505655
4.115	-6.963027877311573	0.0008536255297315495
4.125	-7.006815602026831	0.0010015872882183515
4.135	-7.050303555795512	0.0006829004237852396
4.145	-7.093471340333775	0.0006259920551364696
4.155	-7.136298702968625	0.0008422438560017955
4.165	-7.178765547692206	0.0005804653602174537
4.175	-7.220851946142851	0.0007853354873530255
4.185	-7.262538148506387	0.0007170454449745016
4.195	-7.303804594331308	0.0006942820975149935
4.205	-7.344631923251398	0.0005349386652984376
4.215	-7.385000985609481	0.0005349386652984376
4.225	-7.424892852975979	0.0005121753178389297
4.235	-7.464288828556046	0.0006259920551364696
4.245	-7.5031704574791265	0.0005463203390281917
4.255	-7.54151953696481	0.0006259920551364696
4.265	-7.579318126358931	0.0005804653602174537
4.275	-7.616548557033948	0.0005804653602174537
4.285	-7.65319344214767	0.00042112192800089775
4.295	-7.689235686254597	0.0003414502118926198
4.305	-7.724658494764016	0.0003528318856223738
4.315	-7.759445383239289	0.0003414502118926198
4.325	-7.7935801865326955	0.0004780302966496677
4.335	-7.827047067750452	0.0003414502118926198
4.345	-7.8598305270424165	0.0003073051907033578
4.355	-7.891915410211292	0.00037559523308188176
4.365	-7.923286917136071	0.0003300685381628658
4.375	-7.953930610004745	0.0003983585805413898
4.385	-7.983832421351221	0.0002959235169736038
4.395	-8.012978661891648	0.0002845418432438498
4.405	-8.041356028155414	0.0003300685381628658
4.415	-8.06895160990616	0.00036421355935212777
4.425	-8.095752897348355	0.00021625180086532587
4.435	-8.121747788115044	0.0003528318856223738
4.445	-8.146924594032482	0.00026177849578434186
4.455	-8.171272047657585	0.0003300685381628658
4.465	-8.194779308584186	0.0001934884534058179
4.475	-8.217435969514236	0.00036421355935212777
4.485	-8.239232062090231	0.0002959235169736038
4.495	-8.260158062485294	0.00037559523308188176
4.505	-8.280204896747449	0.00037559523308188176
4.515	-8.29936394589483	0.0003300685381628658
4.525	-8.317627050758619	0.0003300685381628658
4.535	-8.334986516570742	0.00020487012713557188
4.545	-8.35143511729347	0.00026177849578434186
4.555	-8.366966099688186	0.00026177849578434186
4.565	-8.3815731871208	0.00022763347459507985
4.575	-8.395250583101385	0.00026177849578434186
4.585	-8.407992974555809	0.00023901514832483386
4.595	-8.419795534827259	0.00021625180086532587
4.605	-8.43065392640574	0.0003073051907033578
4.615	-8.440564303383779	0.0002503968220545879
4.625	-8.449523313636718	0.00020487012713557188
4.635	-8.457528100726144	0.0002845418432438498
4.645	-8.46457630552521	0.00022763347459507985
4.655	-8.470666067564663	0.0003300685381628658
4.665	-8.475796026098678	0.0002959235169736038
4.675	-8.479965320889697	0.00022763347459507985
4.685	-8.483173592711612	0.0001479617584868019
4.695	-8.485420983570888	0.00018210677967606389
4.705	-8.486708136645289	0.00023901514832483386
4.715	-8.487036195940112	0.0001934884534058179
4.725	-8.486406805661938	0.00026177849578434186
4.735	-8.484822109310157	0.0001934884534058179
4.745	-8.482284748486588	0.0001934884534058179
4.755	-8.478797861423779	0.00021625180086532587
4.765	-8.474365081232673	0.00018210677967606389
4.775	-8.46899053387052	0.00018210677967606389
4.785	-8.462678835830086	0.00020487012713557188
4.795	-8.455435091551363	0.00026177849578434186
4.805	-8.447264890557115	0.0002845418432438498
4.815	-8.438174304313868	0.00023901514832483386
4.825	-8.428169882819974	0.0001707251059463099
4.835	-8.417258650922637	0.00018210677967606389
4.845	-8.405448104365933	0.0001707251059463099
4.855	-8.392746205571973	0.00022763347459507985
4.865	-8.379161379157596	0.0003869769068116358
4.875	-8.364702507189023	0.0001707251059463099
4.885	-8.3493789241772	0.0002503968220545879
4.895	-8.333200411816579	0.00026177849578434186
4.905	-8.316177193470319	0.0002845418432438498
4.915	-8.298319928405029	0.00022763347459507985
4.925	-8.279639705778287	0.0001707251059463099
4.935	-8.260148038382367	0.0003073051907033578
4.945	-8.239856856147702	0.00026177849578434186
4.955	-8.218778499409824	0.00022763347459507985
4.965	-8.196925711943551	0.0002845418432438498
4.975	-8.174311633768456	0.00022763347459507985
4.985	-8.150949793729698	0.00031868686443311183
4.995	-8.12685410185848	0.0002845418432438498
5.005	-8.102038841516501	0.00021625180086532587
5.015	-8.076518661328892	0.00022763347459507985
5.025	-8.050308566910328	0.0002959235169736038
5.035	-8.023423912388989	0.00027316016951409584
5.045	-7.995880391733328	0.0002959235169736038
5.055	-7.967694029886578	0.0003528318856223738
5.065	-7.938881173714156	0.0003300685381628658
5.075	-7.90945848276915	0.00037559523308188176
5.085	-7.879442919881238	0.00031868686443311183
5.095	-7.848851741574482	0.00042112192800089775
5.105	-7.817702488319524	0.0003528318856223738
5.115	-7.786012974625811	0.0003869769068116358
5.125	-7.7538012789796085	0.0002845418432438498
5.135	-7.721085733633602	0.00040974025427114376
5.145	-7.687884914254059	0.00040974025427114376
5.155	-7.6542176294314235	0.0004552669491901597
5.165	-7.6201029100606	0.00046664862291991374
5.175	-7.58555999859693	0.0006146103814067156
5.185	-7.550608338194186	0.0004552669491901597
5.195	-7.515267561730846	0.0006146103814067156
5.205	-7.479557480731082	0.0005349386652984376
5.215	-7.443498074186779	0.0005007936441091757
5.225	-7.407109477287189	0.0007625721398935175
5.235	-7.370411970062759	0.00046664862291991374
5.245	-7.333425965949647	0.0006601370763257316
5.255	-7.296172000281657	0.0005007936441091757
5.265	-7.258670718716277	0.0007056637712447476
5.275	-7.220942865601517	0.0007853354873530255
5.285	-7.183009272290329	0.0008650072034613035
5.295	-7.1448908454094076	0.0009332972458398275
5.305	-7.106608555089219	0.0007739538136232716
5.315	-7.068183423162042	0.0008991522246505655
5.325	-7.0296365113350054	0.0008650072034613035
5.335	-6.990988909344853	0.0008536255297315495
5.345	-6.9522617231014445	0.0007967171610827796
5.355	-6.913476062826872	0.0009219155721100734
5.365	-6.874653031197058	0.0009446789195695814
5.375	-6.835813711492773	0.0010015872882183515
5.385	-6.796979155766936	0.0012292207628134312
5.395	-6.758170373035113	0.0010698773305968753
5.405	-6.719408317496099	0.0010357323094076134
5.415	-6.680713876789389	0.0011723123941646612
5.425	-6.642107860296371	0.0014227092162192492
5.435	-6.603610987492149	0.0015365259535167891
5.445	-6.565243876354602	0.001559289300976297
5.455	-6.527027031837585	0.001445472563678757
5.465	-6.488980834414879	0.001638961017084575
5.475	-6.451125528701545	0.001582052648435805
5.485	-6.413481212159367	0.0019007395128689169
5.495	-6.376067823892891	0.001730014406922607
5.505	-6.338905133542583	0.001752777754382115
5.515	-6.302012730281528	0.001650342690814329
5.525	-6.265410011922163	0.0019917929027069487
5.535	-6.229116174139195	0.001957647881517687
5.545	-6.193150199815141	0.001855212817949901
5.555	-6.15753084851452	0.002003174576436703
5.565	-6.122276646092927	0.0019917929027069487
5.575	-6.087405874446868	0.0022421897247615367
5.585	-6.052936561410426	0.002264953072221045
5.595	-6.01888647080456	0.0022877164196805524
5.605	-5.985273092644729	0.0023446247883293224
5.615	-5.952113633512644	0.0026291666315731723
5.625	-5.919425007097549	0.002947853496006284
5.635	-5.887223824912638	0.0027088383476814503
5.645	-5.2589034399694246	0.005007936441091757
5.655	-5.234546329944614	0.005383531674173638
5.665	-5.210724595535035	0.005451821716552163
5.675	-5.18745355040031	0.006168867161526664
5.685	-5.164748162415755	0.005633928496228227
5.695	-5.142623045547866	0.005713600212336504
5.705	-5.121092451939961	0.0063168289200134665
5.715	-5.100170264212581	0.0057591269072555205
5.725	-5.079869987983059	0.006350973941202728
5.735	-5.060204744608482	0.006578607415797808
5.745	-5.04118726415626	0.00649893569968953
5.755	-5.02282987860624	0.006123340466607648
5.765	-5.005144515288276	0.006476172352230022
5.775	-4.988142690558991	0.006681042479365594
5.785	-4.971835503721302	0.007159072776015261
5.795	-4.956233631190113	0.0073753245768805875
5.805	-4.941347320907537	0.00740946959806985
5.815	-4.927186387010743	0.00723874449212354
5.825	-4.913760204755448	0.0069883476700689515
5.835	-4.901077705697846	0.00701111101752846
5.845	-4.8891473731377335	0.007307034534502064
5.855	-4.877977237825293	0.00746637796671862
5.865	-4.8675748739339575	0.007841973199800501
5.875	-4.857947395301511	0.007648484746394684
5.885	-4.849101451941553	0.00723874449212354
5.895	-4.84104322682714	0.007136309428555754
5.905	-4.8337784329484	0.00775091980996247
5.915	-4.827312310645635	0.008137896716774106
5.925	-4.8216496252193455	0.007500522987907881
5.935	-4.816794664818393	0.0076940114413137
5.945	-4.8127512386073805	0.007955789937098041
5.955	-4.809522675214156	0.007933026589638533
5.965	-4.807111821458163	0.008001316632017056
5.975	-4.805521041360222	0.00837691186509894
5.985	-4.804752215434144	0.007716774788773207
5.995	-4.804806740260393	0.007910263242179026
6.005	-4.805685528341881	0.008126515043044352
6.015	-4.807389008241799	0.008172041737963367
6.025	-4.8099171250031825	0.007341179555691325
6.035	-4.813269340849814	0.007386706250610341
6.045	-4.817444636167842	0.007591576377745914
6.055	-4.822441510767323	0.007671248093854191
6.065	-4.828257985422804	0.008058225000665827
6.075	-4.834891603691775	0.00775091980996247
6.085	-4.842339434009794	0.008354148517639432
6.095	-4.850598072060787	0.0074891413141781275
6.105	-4.859663643420987	0.00763710307266493
6.115	-4.869531806474702	0.007898881568449272
6.125	-4.880197755600053	0.00758019470401616
6.135	-4.891656224622541	0.007534668009097144
6.145	-4.903901490534264	0.007602958051475667
6.155	-4.9169273774763536	0.0077053931150434535
6.165	-4.930727260982099	0.007193217797204524
6.175	-4.945294072478064	0.006885912606501166
6.185	-4.960620304040322	0.00666966080563584
6.195	-4.976698013402821	0.006635515784446578
6.205	-4.99351882921472	0.0069314393014201815
6.215	-5.011073956543406	0.006305447246283712
6.225	-5.029354182619735	0.006077813771688633
6.235	-5.048349882821912	0.0063737372886622365
6.245	-5.068051026894298	0.006294065572553958
6.255	-5.088447185397276	0.006237157203905188
6.265	-5.109527536384153	0.00610057711914814
6.275	-5.131280872301009	0.005838798623363798
6.285	-5.153695607105179	0.0061461038140671565
6.295	-5.176759783598047	0.005941233686931584
6.305	-5.200461080967542	0.005577020127579457
6.315	-5.224786822535816	0.005360768326714131
6.325	-5.249723983707227	0.004859974682604955
6.335	-5.275259200111851	0.005246951589416591
6.345	-5.301378775939487	0.004882738030064463
6.355	-5.328068692459066	0.004973791419902495
6.365	-5.35531461671828	0.004620959534280121
6.375	-5.3831019104180715	0.004746157945307415
6.385	-5.41141563895667	0.004347799364766025
6.395	-5.440240580637568	0.004518524470712335
6.405	-5.469561236035902	0.00430227266984701
6.415	-5.499361837517508	0.004006349152873406
6.425	-5.529626358904947	0.003767334004548572
6.435	-5.560338525284514	0.0037445706570890637
6.445	-5.5914818229484435	0.00367628061471054
6.455	-5.623039509466152	0.003767334004548572
6.465	-5.654994623878535	0.00344864714011546
6.475	-5.687329997009107	0.003710425635899802
6.485	-5.720028261885773	0.003152723623141856
6.495	-5.753071864266944	0.0036307539197915238
6.505	-5.78644307326566	0.00305028855957407
6.515	-5.820123992065358	0.0029364718222765302
6.525	-5.854096568720738	0.002834036758708744
6.535	-5.888342607037377	0.0026405483053029265
6.545	-5.922843777523452	0.0026519299790326804
6.555	-5.957581628407038	0.0026746933264921884
6.565	-5.992537596712379	0.0025950216103839104
6.575	-6.027693019388501	0.0026177849578434185
6.585	-6.06302914448352	0.0024129148307078466
6.595	-6.098527142357891	0.0024129148307078466
6.605	-6.134168116930038	0.0020714646188152268
6.615	-6.169933116947487	0.0020828462925449806
6.625	-6.205803147276926	0.0021056096400044887
6.635	-6.241759180206381	0.001798304449301131
6.645	-6.277782166752798	0.0018779761654094088
6.655	-6.2215950725391815	0.0019917929027069487
6.665	-6.250874187614763	0.001866594491679655
6.675	-6.280163094747481	0.001980411228977195
6.685	-6.309442772818798	0.0019690295552474407
6.695	-6.338694235823128	0.001741396080652361
6.705	-6.367898544067008	0.001786922775571377
6.715	-6.397036815326938	0.0018324494704903928
6.725	-6.4260902359592045	0.0018324494704903928
6.735	-6.455040071955198	0.0015479076272465432
6.745	-6.483867679935658	0.0014340908899490032
6.755	-6.5125545180774225	0.0015365259535167891
6.765	-6.541082156966207	0.0014113275424894951
6.775	-6.569432290369035	0.001559289300976297
6.785	-6.597586745920053	0.0013430375001109711
6.795	-6.625527495713375	0.001388564195029987
6.805	-6.6532366667968645	0.0013544191738407252
6.815	-6.680696551560595	0.0011495490467051533
6.825	-6.7078896180140095	0.0011836940678944152
6.835	-6.734798519945773	0.0010812590043266293
6.845	-6.7614061069603535	0.0012064574153539233
6.855	-6.787695434385536	0.0010812590043266293
6.865	-6.813649773045098	0.0010243506356778594
6.875	-6.83925261889101	0.0010471139831373674
6.885	-6.86448770248951	0.0010926406780563834
6.895	-6.889338998355669	0.0010584956568671215
6.905	-6.913790734130993	0.0008194805085422875
6.915	-6.937827399598758	0.0008308621822720415
6.925	-6.96143375553199	0.0009105338983803194
6.935	-6.984594842368931	0.0007853354873530255
6.945	-7.007295988711038	0.0010812590043266293
6.955	-7.029522819638688	0.0008536255297315495
6.965	-7.051261264839835	0.0007170454449745016
6.975	-7.072497566547004	0.0007511904661637635
6.985	-7.0932182872780905	0.0010357323094076134
6.995	-7.113410317376657	0.0007967171610827796
7.005	-7.133060882347408	0.0007967171610827796
7.015	-7.152157549982738	0.0009902056144885975
7.025	-7.17068823727641	0.0007625721398935175
7.035	-7.188641217120434	0.0007284271187042555
7.045	-7.206005124781452	0.0007739538136232716
7.055	-7.222768964153083	0.0006373737288662237
7.065	-7.238922113780712	0.0006146103814067156
7.075	-7.254454332655455	0.0007398087924340096
7.085	-7.269355765774166	0.0007170454449745016
7.095	-7.283616949462404	0.0007853354873530255
7.105	-7.2972288164575385	0.0007056637712447476
7.115	-7.310182700749281	0.0007170454449745016
7.125	-7.322470342175023	0.0005918470339472076
7.135	-7.33408389076759	0.0006259920551364696
7.145	-7.345015910853184	0.0007284271187042555
7.155	-7.35525938489731	0.0006259920551364696
7.165	-7.364807717096805	0.0005349386652984376
7.175	-7.373654736716161	0.0006715187500554856
7.185	-7.3817947011664415	0.0007853354873530255
7.195	-7.38922229882538	0.0006487554025959776
7.205	-7.395932651597263	0.0007056637712447476
7.215	-7.401921317211514	0.0006259920551364696
7.225	-7.40718429125884	0.0006829004237852396
7.235	-7.411718008964266	0.0005121753178389297
7.245	-7.415519346696185	0.0005349386652984376
7.255	-7.418585623211049	0.0004894119703794217
7.265	-7.420914600633254	0.0006032287076769617
7.275	-7.422504485170018	0.0005804653602174537
7.285	-7.4233539275612435	0.0006032287076769617
7.295	-7.423462023264466	0.0005804653602174537
7.305	-7.422828312375159	0.0006259920551364696
7.315	-7.42145277928282	0.0006715187500554856
7.325	-7.419335852063504	0.0006032287076769617
7.335	-7.416478401609465	0.0005690836864876997
7.345	-7.4128817404969	0.0006715187500554856
7.355	-7.408547621592849	0.0005577020127579456
7.365	-7.403478236402451	0.0006601370763257316
7.375	-7.397676213157997	0.0005463203390281917
7.385	-7.391144614651284	0.0005463203390281917
7.395	-7.383886935810994	0.0006373737288662237
7.405	-7.375907101026921	0.0007398087924340096
7.415	-7.367209461223081	0.0006942820975149935
7.425	-7.357798790681825	0.0005690836864876997
7.435	-7.347680283621285	0.0004552669491901597
7.445	-7.336859550528591	0.0007967171610827796
7.455	-7.325342614251438	0.0008536255297315495
7.465	-7.313135905850759	0.0007625721398935175
7.475	-7.30024626021739	0.0007284271187042555
7.485	-7.286680911455724	0.0006942820975149935
7.495	-7.272447488037522	0.0006373737288662237
7.505	-7.257554007729189	0.0007739538136232716
7.515	-7.242008872295894	0.0007625721398935175
7.525	-7.225820861986176	0.0006146103814067156
7.535	-7.208999129800635	0.0009105338983803194
7.545	-7.191553195548566	0.0007170454449745016
7.555	-7.173492939696483	0.0007739538136232716
7.565	-7.332092921774007	0.0005690836864876997
7.575	-7.3117588035237695	0.0005007936441091757
7.585	-7.290842104465711	0.0006601370763257316
7.595	-7.269354082162437	0.0006259920551364696
7.605	-7.2473063211006385	0.0007511904661637635
7.615	-7.224710725380202	0.0006487554025959776
7.625	-7.2015795112259715	0.0009788239407588434
7.635	-7.177925199327027	0.0006715187500554856
7.645	-7.1537606070084445	0.0007284271187042555
7.655	-7.129098840240509	0.0008763888771910575
7.665	-7.103953285490556	0.0008422438560017955
7.675	-7.0783376014225645	0.0007625721398935175
7.685	-7.052265710449898	0.0007967171610827796
7.695	-7.025751790146494	0.0007853354873530255
7.705	-6.998810264521973	0.0007739538136232716
7.715	-6.9714557951661895	0.0009332972458398275
7.725	-6.943703272268873	0.0009219155721100734
7.735	-6.915567805519938	0.0010471139831373674
7.745	-6.887064714896272	0.0009902056144885975
7.755	-6.8582095213407825	0.0009674422670290894
7.765	-6.829017937339495	0.0009105338983803194
7.775	-6.799505857402689	0.0010129689619481053
7.785	-6.769689348455977	0.0010584956568671215
7.795	-6.739584640147327	0.0010129689619481053
7.805	-6.709208115076077	0.0009332972458398275
7.815	-6.678576298950058	0.0011836940678944152
7.825	-6.647705850676855	0.0010698773305968753
7.835	-6.616613552395455	0.0014113275424894951
7.845	-6.585316299454366	0.0014682359111382651
7.855	-6.553831090342486	0.001445472563678757
7.865	-6.522175016578845	0.0012519841102729393
7.875	-6.490365252567518	0.001399945868759741
7.885	-6.458419045423963	0.001638961017084575
7.895	-6.426353704778945	0.0015365259535167891
7.905	-6.3941865925664	0.001695869385733345
7.915	-6.361935112801449	0.001764159428111869
7.925	-6.329616701354777	0.001559289300976297
7.935	-6.297248815729679	0.0021397546611937506
7.945	-6.264848924847983	0.001638961017084575
7.955	-6.232434498851024	0.002014556250166457
7.965	-6.200022998921909	0.0022308080510317825
7.975	-6.1676318671352295	0.0021625180086532587
7.985	-6.135278516340366	0.001980411228977195
7.995	-6.102980320084483	0.002208044703572275
8.005	-6.070754602581289	0.0023446247883293224
8.015	-6.038618628731637	0.0025153498942756323
8.025	-6.0065895942019285	0.0025153498942756323
8.035	-5.974684615566254	0.0025267315680053866
8.045	-5.942920720518236	0.0024470598518971085
8.055	-5.911314838158338	0.002856800106168252
8.065	-5.879883789362498	0.0028454184324384984
8.075	-5.848644277237796	0.0023104797671400605
8.085	-5.817612877670784	0.00316410529687161
8.095	-5.786806029974157	0.003255158686709642
8.105	-5.756240027637187	0.003323448729088166
8.115	-5.725931009185487	0.003289303707898904
8.125	-5.695894949155403	0.003516937182493984
8.135	-5.666147649188334	0.003368975424007182
8.145	-5.636704729250276	0.003357593750277428
8.155	-5.607581618981562	0.0041429292376304536
8.165	-5.578793549181996	0.0037445706570890637
8.175	-5.550355543436227	0.004268127648657747
8.185	-5.522282409884218	0.0037445706570890637
8.195	-5.494588733141567	0.00379009735200808
8.205	-5.467288866374353	0.00396082245795439
8.215	-5.44039692353302	0.0041429292376304536
8.225	-5.413926771749683	0.004541287818171843
8.235	-5.387892023903316	0.004791684640226431
8.245	-5.362306031356866	0.0047006312503883995
8.255	-5.337181876870508	0.005167279873308313
8.265	-5.312532367694996	0.005110371504659543
8.275	-5.28837002884891	0.005292478284335607
8.285	-5.264707096583604	0.005235569915686837
8.295	-5.2415555120394375	0.005212806568227329
8.305	-5.2189269150968	0.005451821716552163
8.315	-5.196832638425209	0.006180248835256418
8.325	-5.17528370173384	0.005474585064011671
8.335	-5.154290806226465	0.006077813771688633
8.345	-5.714891245063428	0.0031299602756823483
8.355	-5.694979375412015	0.003141341949412102
8.365	-5.675653687201033	0.003653517267251032
8.375	-5.656923556352021	0.003266540360439396
8.385	-5.638798015721559	0.00379009735200808
8.395	-5.621285750840339	0.003585227224872508
8.405	-5.604395095874537	0.0037787156782783256
8.415	-5.588134029811444	0.003596608898602262
8.425	-5.57251017287121	0.0039266774367651275
8.435	-5.557530783146396	0.0037218073096295557
8.445	-5.543202753470856	0.004063257521522176
8.455	-5.52953260851939	0.0036307539197915238
8.465	-5.516526502139394	0.00390391408930562
8.475	-5.504190214915582	0.0038811507418461118
8.485	-5.492529151968798	0.004154310911360207
8.495	-5.481548340989666	0.00424536430119824
8.505	-5.471252430507754	0.003972204131684144
8.515	-5.4616456883967786	0.0040404941740626674
8.525	-5.452732000616123	0.003938059110494881
8.535	-5.444514870189014	0.004177074258819716
8.545	-5.436997416417252	0.0042567459749279935
8.555	-5.430182374332522	0.0044274710808743034
8.565	-5.424072094383997	0.004336417691036271
8.575	-5.418668542361802	0.0041998376062792235
8.585	-5.413973299555875	0.003949440784224636
8.595	-5.409987563149463	0.004461616102063565
8.605	-5.406712146846481	0.004723394597847907
8.615	-5.404147481731659	0.004222600953738731
8.625	-5.402293617362473	0.004165692585089961
8.635	-5.401150223091458	0.004211219280008977
8.645	-5.400716589617561	0.0045868145130908596
8.655	-5.400991630764983	0.0045868145130908596
8.665	-5.401973885487715	0.0045868145130908596
8.675	-5.403661520098056	0.004222600953738731
8.685	-5.40605233071701	0.0043705627122255335
8.695	-5.409143745944548	0.004620959534280121
8.705	-5.412932829747367	0.004609577860550367
8.715	-5.417416284561902	0.0039835858054138975
8.725	-5.422590454609893	0.004541287818171843
8.735	-5.428451329424034	0.0043136543435767635
8.745	-5.434994547580784	0.004222600953738731
8.755	-5.442215400637534	0.004268127648657747
8.765	-5.45010883727099	0.004347799364766025
8.775	-5.458669467613755	0.004279509322387501
8.785	-5.4678915677857125	0.00390391408930562
8.795	-5.477769084616862	0.0042567459749279935
8.805	-5.488295640558165	0.0038925324155758656
8.815	-5.4994645387766194	0.0038811507418461118
8.825	-5.511268768431028	0.003824242373197342
8.835	-5.523701010124454	0.0038697690681163575
8.845	-5.536753641529521	0.0041315475639007
8.855	-5.550418743182428	0.004051875847792421
8.865	-5.564688104441638	0.0037787156782783256
8.875	-5.579553229606871	0.003767334004548572
8.885	-5.59500534419413	0.003425883792655952
8.895	-5.6110354013623525	0.0038811507418461118
8.905	-5.627634088487076	0.0038811507418461118
8.915	-5.644791833876578	0.003596608898602262
8.925	-5.6624988136258185	0.0029592351697360383
8.935	-5.680744958603347	0.003460028813845214
8.945	-5.699519961566366	0.003528318856223738
8.955	-5.71881328439906	0.0029250901485467764
8.965	-5.738614165469157	0.002834036758708744
8.975	-5.758911627097693	0.002856800106168252
8.985	-5.779694483136849	0.0028795634536277603
8.995	-5.80095134665072	0.0028681817798980064
9.005	-5.82267063769371	0.0030730519070335783
9.015	-5.844840591181395	0.0029250901485467764
9.025	-5.867449264848349	0.0028226550849789903
9.035	-5.890484547287716	0.0026746933264921884
9.045	-5.913934166067006	0.0025381132417351404
9.055	-5.937785695914702	0.0026746933264921884
9.065	-5.96202656697216	0.002663311652762434
9.075	-5.986644073105268	0.0023104797671400605
9.085	-6.0116253802703765	0.0025950216103839104
9.095	-6.036957534928806	0.0025950216103839104
9.105	-6.062627472504468	0.002037319597625965
9.115	-6.088622025878859	0.0023560064620590767
9.125	-6.1149279339178975	0.0025950216103839104
9.135	-6.141531850024926	0.0021852813561127667
9.145	-6.168420350714203	0.002116991313734243
9.155	-6.195579944199327	0.001798304449301131
9.165	-6.222997078990857	0.001855212817949901
9.175	-6.250658152497541	0.002003174576436703
9.185	-6.278549519625529	0.0019917929027069487
9.195	-6.306657501369936	0.001855212817949901
9.205	-5.965547818900334	0.0024470598518971085
9.215	-5.994632084913485	0.0024584415256268624
9.225	-6.023891810745642	0.0020828462925449806
9.235	-6.053313267314908	0.0023218614408698148
9.245	-6.082882734276278	0.0021738996823830125
9.255	-6.11258650845054	0.0023673881357888305
9.265	-6.142410912206877	0.002060082945085473
9.275	-6.172342301793858	0.0021397546611937506
9.285	-6.202367075613316	0.0021738996823830125
9.295	-6.232471682431964	0.002037319597625965
9.305	-6.2626426295254145	0.001855212817949901
9.315	-6.292866490749519	0.0021283729874639968
9.325	-6.323129914533775	0.0018779761654094088
9.335	-6.353419631791816	0.001616197669625067
9.345	-6.38372246374396	0.001661724364544083
9.355	-6.414025329646933	0.0018779761654094088
9.365	-6.4443152544257805	0.001525144279787035
9.375	-6.474579376203309	0.001638961017084575
9.385	-6.504804953722277	0.0014340908899490032
9.395	-6.534979373655733	0.0015934343221655591
9.405	-6.56509015780091	0.0014340908899490032
9.415	-6.595124970152301	0.001616197669625067
9.425	-6.625071623849427	0.0012178390890836774
9.435	-6.6549180879950995	0.001399945868759741
9.445	-6.684652494340001	0.0012292207628134312
9.455	-6.714263143829399	0.0011609307204349074
9.465	-6.743738513008099	0.0010926406780563834
9.475	-6.773067260279699	0.0012406024365431852
9.485	-6.802238232016383	0.001445472563678757
9.495	-6.831240468515535	0.0011154040255158912
9.505	-6.860063209799692	0.0010471139831373674
9.515	-6.888695901256233	0.0011267856992456453
9.525	-6.917128199113661	0.0009332972458398275
9.535	-6.945349975751015	0.0009446789195695814
9.545	-6.973351324837522	0.0010243506356778594
9.555	-7.0011225662993315	0.0008877705509208114
9.565	-7.028654251110548	0.0008991522246505655
9.575	-7.055937165905795	0.0007967171610827796
9.585	-7.082962337411691	0.0008308621822720415
9.595	-7.109721036694679	0.0008877705509208114
9.605	-7.136204783222983	0.0008763888771910575
9.615	-7.16240534874029	0.0007284271187042555
9.625	-7.188314760949132	0.0006829004237852396
9.635	-7.2139253070020075	0.0006942820975149935
9.645	-7.239229536798321	0.0007170454449745016
9.655	-7.2642202660855	0.0005121753178389297
9.665	-7.288890579362681	0.0006146103814067156
9.675	-7.313233832585532	0.0007398087924340096
9.685	-7.337243655670858	0.0006715187500554856
9.695	-7.360913954799945	0.0006259920551364696
9.705	-7.3842389145194645	0.0007056637712447476
9.715	-7.40721299963915	0.0005918470339472076
9.725	-7.429830956925436	0.0004894119703794217
9.735	-7.452087816590496	0.0005690836864876997
9.745	-7.473978893576157	0.0005804653602174537
9.755	-7.4954997886323795	0.0005690836864876997
9.765	-7.516646389190105	0.0006373737288662237
9.775	-7.537414870028441	0.00043250360173065173
9.785	-7.55780169373621	0.0005577020127579456
9.795	-7.577803610968122	0.0006942820975149935
9.805	-7.597417660495963	0.0006146103814067156
9.815	-7.616641169055226	0.0005235569915686837
9.825	-7.635471750987899	0.0002845418432438498
9.835	-7.653907307682137	0.00043250360173065173
9.845	-7.671946026809738	0.0004894119703794217
9.855	-7.689586381362512	0.00046664862291991374
9.865	-7.706827128488683	0.0005690836864876997
9.875	-7.723667308130657	0.00042112192800089775
9.885	-7.740106241465606	0.00043250360173065173
9.895	-7.756143529150487	0.0004438852754604057
9.905	-7.771779049373155	0.0004438852754604057
9.915	-7.787012955711457	0.0005918470339472076
9.925	-7.8018456748022755	0.00022763347459507985
9.935	-7.816277903822594	0.0003983585805413898
9.945	-7.830310607784877	0.0003073051907033578
9.955	-7.843945016649024	0.00027316016951409584
9.965	-Inf	0.0
9.975	-Inf	0.0
9.985	-Inf	0.0
9.995	-Inf	0.0
