0.005	-Inf	0.0
0.015	-Inf	0.0
0.025	-Inf	0.0
0.035	-Inf	0.0
0.045	-Inf	0.0
0.055	-Inf	0.0
0.065	-Inf	0.0
0.075	-Inf	0.0
0.085	-Inf	0.0
0.095	-Inf	0.0
0.105	-Inf	0.0
0.115	-Inf	0.0
0.125	-Inf	0.0
0.135	-Inf	0.0
0.145	-Inf	0.0
0.155	-Inf	0.0
0.165	-Inf	0.0
0.175	-Inf	0.0
0.185	-Inf	0.0
0.195	-Inf	0.0
0.205	-Inf	0.0
0.215	-Inf	0.0
0.225	-Inf	0.0
0.235	-Inf	0.0
0.245	-Inf	0.0
0.255	-Inf	0.0
0.265	-Inf	0.0
0.275	-Inf	0.0
0.285	-Inf	0.0
0.295	-Inf	0.0
0.305	-Inf	0.0
0.315	-Inf	0.0
0.325	-Inf	0.0
0.335	-Inf	0.0
0.345	0.03556789675060629	0.46770753318833763
0.355	0.04844628042201232	0.4719069274257189
0.365	0.061116781764178896	0.48879199175518934
0.375	0.07357038483751904	0.4784684809216271
0.385	0.08579817840912124	0.49377877241207957
0.395	0.09779136168531682	0.4933413355123524
0.405	0.10954124998964143	0.5171379028575128
0.415	0.1210392803825946	0.509264038662423
0.425	0.13227701721962626	0.5100514250819319
0.435	0.14324615764381954	0.5246618175328209
0.445	0.153938537009765	0.512238609580568
0.455	0.1643461342351733	0.5121511222006226
0.465	0.17446107707679676	0.5306984467490565
0.475	0.1842756473272847	0.5339354798070378
0.485	0.19378228592963392	0.5454838139598364
0.495	0.202973598005947	0.5616689792497432
0.505	0.2118423577972548	0.5570321481126348
0.515	0.2203815135112157	0.5745296241017234
0.525	0.22858419207454816	0.5754044979011778
0.535	0.236443703787116	0.5703302298643421
0.545	0.24395354687463744	0.5813536397374679
0.555	0.25110741193704955	0.5748795736215051
0.565	0.25789918628961495	0.5833658494762131
0.575	0.26432295819392815	0.5749670610014506
0.585	0.27037302097603577	0.5982387040669384
0.595	0.2760438770289533	0.6043628206631194
0.605	0.281330241696927	0.6013007623650288
0.615	0.2862270470388637	0.6020881487845379
0.625	0.2907294454684137	0.6053251818425193
0.635	0.29483281326827204	0.6002509138056835
0.645	0.2985327539763335	0.6200230616733536
0.655	0.3018251016414133	0.6193231626337901
0.665	0.304705923946323	0.6133740207975
0.675	0.3071715251961693	0.6126741217579365
0.685	0.309218449169822	0.6147738188766271
0.695	0.31084348183258204	0.6236100442511168
0.705	0.312043653908159	0.6061125682620282
0.715	0.31281624330815583	0.5950891583889024
0.725	0.3131587774173399	0.605675131362301
0.735	0.3130690352330652	0.6032254847238286
0.745	0.31254504935730254	0.604275333283174
0.755	0.3115851078398213	0.6082122653807188
0.765	0.3101877558711482	0.5894899660723941
0.775	0.3083517973240322	0.5952641331487933
0.785	0.30607629614222276	0.6014757371249198
0.795	0.30336057757547175	0.5953516205287388
0.805	0.3002042292597531	0.5828409251965404
0.815	0.2966071021417931	0.5810036902176862
0.825	0.29256931124709606	0.5768917833602503
0.835	0.2880912362907465	0.5772417328800321
0.845	0.2831735221303626	0.5735672629223235
0.855	0.27781707906067243	0.5719924900833055
0.865	0.2720230829492791	0.5661308356269609
0.875	0.2657929752132824	0.568930431785215
0.885	0.25912846263651046	0.5578195345321437
0.895	0.2520315170272278	0.5380473866644737
0.905	0.24450437471626896	0.5501206450969448
0.915	0.2365495358956501	0.5342854293268197
0.925	0.22816976379781106	0.5396221595034917
0.935	0.2193680837157359	0.54522135182
0.945	0.21014778186428906	0.5168754407176765
0.955	0.2005124040832192	0.520724885435276
0.965	0.19046575438236313	0.5059395182244961
0.975	0.18001189332968426	0.5012151997074422
0.985	0.16915513628288392	0.4943911840716977
0.995	0.15790005146541036	0.4802182285205359
1.005	0.14625145788778549	0.47969330424086326
1.015	0.13421442311527754	0.4772436576023909
1.025	0.1217942608830288	0.4783809935416816
1.035	0.10899652855984077	0.45213477955804876
1.045	0.0958270244619358	0.46272075253144734
1.055	0.08229178501806633	0.4488977465000674
1.065	0.06839708178748077	0.4340248919093421
1.075	0.054149418332305244	0.43411237928928753
1.085	0.03955552694602538	0.4127654585825995
1.095	0.02462236523980671	0.4146901809413992
1.105	0.009357112588522232	0.4139027945218902
1.115	-0.006232833561601092	0.4029668720287099
1.125	-0.02213986152169012	0.4038417458281643
1.135	-0.038356149323171995	0.3878315552981483
1.145	-0.05487366881279582	0.3895813028970571
1.155	-0.07168418987743425	0.3758457842456226
1.165	-0.08877928479632996	0.36595971031178753
1.175	-0.10615033271834745	0.35922318205598847
1.185	-0.12378852426172732	0.35213670428040755
1.195	-0.14168486623374332	0.3472374110034628
1.205	-0.1598301864676151	0.3425130924864089
1.215	-0.1782151387739349	0.3323645564127375
1.225	-0.19683020800378898	0.3257155155368838
1.235	-0.2156657152207132	0.32554054077699296
1.245	-0.23471182297852716	0.3036686957906322
1.255	-0.2539585407020178	0.30463105697003207
1.265	-0.2733957301674226	0.30174397343183246
1.275	-0.29301311107953343	0.29946930155325097
1.285	-0.3128002667422436	0.29308272281723363
1.295	-0.33274664981926305	0.2833716236432895
1.305	-0.35284158818166184	0.2822342877039987
1.315	-0.3730742908388969	0.2670989709734371
1.325	-0.39343385394986125	0.25432581350140243
1.335	-0.41390926691047486	0.2615872660368742
1.345	-0.4344894185142979	0.2532759649420571
1.355	-0.45516310318257014	0.25318847756211166
1.365	-0.4759190272600534	0.24785174738543966
1.375	-0.49674581537300394	0.24601451240658537
1.385	-0.5176320168455775	0.22641733929880617
1.395	-0.5385661121708849	0.2332413549345507
1.405	-0.559536519532953	0.23044175877629652
1.415	-0.5805316013757373	0.23639090061258664
1.425	-0.6015396710153411	0.2246675916998973
1.435	-0.6225489992915696	0.23385376659416882
1.445	-0.6435478212548972	0.21828101296387997
1.455	-0.664524342884917	0.22011824794273427
1.465	-0.6854667478363119	0.223617743140552
1.475	-0.7063632042083761	0.22230543244137035
1.485	-0.727201871334088	0.19964620103550065
1.495	-0.7479709065847179	0.21206940898775353
1.505	-0.7686584721859611	0.2081324768902086
1.515	-0.7892527420415419	0.21084458566851733
1.525	-0.8097419085602698	0.2024457971937548
1.535	-0.8301141894824808	0.20375810789293647
1.545	-0.8503578347018236	0.19745901653686457
1.555	-0.8704611330783295	0.20157092339430038
1.565	-0.8904124192387382	0.1911599251807927
1.575	-0.9102000803599978	0.18932269020193837
1.585	-0.9298125629319375	0.19177233684041078
1.595	-0.9492383794950588	0.1920347989802471
1.605	-0.9684661153494383	0.1822362124263575
1.615	-0.9874844352307345	0.1840734474052118
1.625	-1.006282089949314	0.18381098526537548
1.635	-1.0248479229885246	0.17549968417055842
1.645	-1.0431708770581718	0.17716194438952182
1.655	-1.0612400005992777	0.173050037532086
1.665	-1.0790444542362174	0.1664884840361778
1.675	-1.0965735171723714	0.16666345879606867
1.685	-1.1138165935254556	0.16473873643726894
1.695	-1.1307632185987222	0.1693755675743774
1.705	-1.1474030650842644	0.17296255015214057
1.715	-1.163725949194695	0.1551151246432702
1.725	-1.1797218367195055	0.15642743534245185
1.735	-1.1953808490024609	0.1560774858226701
1.745	-1.2106932688364251	0.16062682957983312
1.755	-1.2256495462720611	0.15249050324490693
1.765	-1.2402403043368948	0.15354035180425224
1.775	-1.2544563446612935	0.14575397498910783
1.785	-1.2682886530079496	0.1522280411050706
1.795	-1.281728404701527	0.15354035180425224
1.805	-1.2947669699551716	0.15082824302594353
1.815	-1.3073959190906677	0.14522905070943518
1.825	-1.3196070276490648	0.1552900994031611
1.835	-1.3313922813886612	0.14680382354845314
1.845	-1.3427438811673225	0.1461039245088896
1.855	-1.353654247706145	0.14339181573058088
1.865	-1.3641160262315704	0.1503908061262163
1.875	-1.37412209099311	0.14006729529265405
1.885	-1.3836655496539305	0.14802864686768935
1.895	-1.3927397475515986	0.14382925263030807
1.905	-1.4013382718263894	0.13709272437450898
1.915	-1.4094549554146167	0.14741623520807123
1.925	-1.4170838809045334	0.14067970695227214
1.935	-1.4242193842524304	0.13683026223467265
1.945	-1.4308560583566425	0.13639282533494546
1.955	-1.436988756487254	0.1436542778704172
1.965	-1.442612595569381	0.13805508555390886
1.975	-1.4477229593179928	0.14172955551161745
1.985	-1.4523155012223286	0.13359322917669128
1.995	-1.4563861473780415	0.13490553987587292
2.005	-1.4599310991653112	0.1315810194379461
2.015	-1.4629468357712287	0.13044368349865532
2.025	-1.4654301165548858	0.13621785057505456
2.035	-1.4673779832536598	0.13543046415554558
2.045	-1.4687877620293	0.13910493411325417
2.055	-1.4696570653525098	0.13910493411325417
2.065	-1.469983793724812	0.13473056511598203
2.075	-1.469766137236587	0.12983127183903723
2.085	-1.4690025769602653	0.12878142327969191
2.095	-1.467691886177756	0.13971734577287226
2.105	-1.4658331314412925	0.1361303631951091
2.115	-1.4634256734669704	0.12843147375991015
2.125	-1.460469167860361	0.14146709337178112
2.135	-1.4569635656736706	0.1454915128492715
2.145	-1.452909113794031	0.1434793031105263
2.155	-1.4483063551625943	0.1430418662107991
2.165	-1.4431561288242094	0.13892995935336327
2.175	-1.4374595698075676	0.14067970695227214
2.185	-1.4312181088357838	0.14295437883085366
2.195	-1.4244334718675113	0.1395423710129814
2.205	-1.4171076794687554	0.13718021175445444
2.215	-1.4092430460156817	0.14164206813167202
2.225	-1.4008421787287937	0.14470412642976252
2.235	-1.391907976538969	0.142429454551181
2.245	-1.3824436287859314	0.1475037225880167
2.255	-1.372452613749855	0.1462788992687805
2.265	-1.3619386970168668	0.13578041367532734
2.275	-1.3509059296793433	0.14330432835063542
2.285	-1.3393586463719735	0.14601643712894416
2.295	-1.3273014631446773	0.14820362162758022
2.305	-1.3147392751735363	0.1491659828069801
2.315	-1.3016772543110338	0.14969090708665275
2.325	-1.2881208464769454	0.1511781925457253
2.335	-1.2740757688913746	0.15537758678310654
2.345	-1.2595480071514542	0.15301542752457958
2.355	-1.2445438121534007	0.1583521577012516
2.365	-1.2290696968616297	0.15773974604163352
2.375	-1.2131324329268036	0.15459020036359755
2.385	-1.1967390471546966	0.14907849542703466
2.395	-1.179896817827921	0.15502763726332477
2.405	-1.1626132708826065	0.16167667813917844
2.415	-1.144896175942198	0.1644762742974326
2.425	-1.1267535422106931	0.16570109761666882
2.435	-1.1081936142276207	0.17051290351366816
2.445	-1.0892248674872416	0.16858818115486843
2.455	-1.0698560039244627	0.16517617333699613
2.465	-1.0500959472700901	0.17698696962963092
2.475	-1.0299538382780695	0.17532470941066752
2.485	-1.0094390298274951	0.1750622472708312
2.495	-0.9885610819021917	0.18092390172717587
2.505	-0.9673297564507898	0.1810113891071213
2.515	-0.9457550121302545	0.1797865657878851
2.525	-0.9238469989359129	0.18538575810439345
2.535	-0.9016160527210884	0.1897601271016656
2.545	-0.8790726896095239	0.18748545522308407
2.555	-0.8562276003038216	0.19737152915691913
2.565	-0.8330916442932055	0.19343459705937419
2.575	-0.809675843963968	0.20821996427015405
2.585	-0.785991378616028	0.19947122627560976
2.595	-0.7620495783890371	0.2013959486344095
2.605	-0.7378619181016296	0.20437051955255456
2.615	-0.7134400110073144	0.203670620512991
2.625	-0.6887956024707103	0.2093573002094448
2.635	-0.6639405635677508	0.2173186517844801
2.645	-0.6388868846136	0.22230543244137035
2.655	-0.6136466686220593	0.21889342462349806
2.665	-0.5882321247002172	0.22991683449662387
2.675	-0.5626555613822535	0.2320165316153145
2.685	-0.5369293799062147	0.23000432187656933
2.695	-0.5110660674377185	0.2335913044543325
2.705	-0.485078190244499	0.2517886794829846
2.715	-0.45897838682578485	0.24129019388953146
2.725	-0.43277936100048364	0.23717828703209565
2.735	-0.4064938749582515	0.24688938620603978
2.745	-0.3801347422774012	0.2519636542428755
2.755	-0.35371482091379947	0.25738787179949296
2.765	-0.3272470061647889	0.26841128167261874
2.775	-0.3007442236122266	0.2747103730286906
2.785	-0.2742194220487693	0.2562505358602022
2.795	-0.2476855663914991	0.2826717246037259
2.805	-0.22115563058701113	0.28109695176470795
2.815	-0.1946425905121239	0.29308272281723363
2.825	-0.1681594168742822	0.29378262185679715
2.835	-0.14171906811583096	0.3004316627326508
2.845	-0.11533448332626034	0.30576839290932284
2.855	-0.08901857516655176	0.30104407439226893
2.865	-0.06278422280971613	0.3083930143076861
2.875	-0.03664426490166034	0.32632792719650194
2.885	-0.010611492546420576	0.3217785834393389
2.895	0.015301357680119754	0.34295052938613607
2.905	0.041081610683995795	0.34085083226744545
2.915	0.0667166597703806	0.35283660331997113
2.925	0.09219397352023295	0.3418131934468453
2.935	0.11750110262241675	0.35353650235953465
2.945	0.14262568665727837	0.36534729865216947
2.955	0.16755546082782863	0.3746209609263864
2.965	0.19227826263456554	0.38004517848300384
2.975	0.21678203849012057	0.39474305831383827
2.985	0.24105485026989282	0.38039512800278563
2.995	0.26508488179487244	0.402791897268819
3.005	0.2888604452429204	0.3993798894509467
3.015	0.31236998748483447	0.40620390508669124
3.025	0.33560209634147853	0.42090178491752567
3.035	0.3585455067584429	0.43218765693048783
3.045	0.3811891068946397	0.43183770741070604
3.055	0.4035219441213356	0.4301754471917426
3.065	0.4255332309281872	0.4433860415635045
3.075	0.4472123507328838	0.4450483017824679
3.085	0.468548863591041	0.4475854358008857
3.095	0.4895325118031276	0.4675325584284467
3.105	0.5101532254151447	0.4799557663806996
3.115	0.5304011276099851	0.46796999532817396
3.125	0.5502665399863336	0.4907167141139891
3.135	0.5697399877221412	0.4915041005334981
3.145	0.5888122046197122	0.5149507183588767
3.155	0.607474138029523	0.5042772580055327
3.165	0.6257169536500298	0.5028774599264056
3.175	0.6435320402006739	0.5136384076596952
3.185	0.6609110139654963	0.5296485981897112
3.195	0.677845723204773	0.5328856312476925
3.205	0.6943282524321945	0.5456587887197272
3.215	0.710350926555168	0.5411969323425097
3.225	0.7259063148759577	0.5571196354925803
3.235	0.7409872349513746	0.568143045365706
3.245	0.7555867563089151	0.5639436511283248
3.255	0.7696982040172491	0.5791664552388318
3.265	0.7833151621090915	0.5879151932333762
3.275	0.796431476854566	0.5798663542783954
3.285	0.8090412598832706	0.5949141836290115
3.295	0.8211388911533235	0.5951766457688479
3.305	0.8327190217657896	0.6005133759455199
3.315	0.8437765766229468	0.611011861538973
3.325	0.854306756928982	0.6066374925417009
3.335	0.8643050425317713	0.6123241722381547
3.345	0.8737671941045095	0.6307840094066431
3.355	0.8826892551660466	0.6294716987074614
3.365	0.8910675539388835	0.6321838074857702
3.375	0.8988987050438824	0.6318338579659885
3.385	0.9061796110308427	0.6332336560451155
3.395	0.9129074637441801	0.6440820911583505
3.405	0.919079745523069	0.6531807786726765
3.415	0.9246942302354888	0.6414574697599872
3.425	0.9297489841457081	0.638657873601733
3.435	0.9342423666148796	0.645394401857532
3.445	0.938173030634454	0.6436446542586233
3.455	0.9415399231922865	0.6452194270976412
3.465	0.9443422854713657	0.631746370586043
3.475	0.9465796528812129	0.6600922816883665
3.485	0.9482518549220917	0.6559803748309306
3.495	0.9493590148822753	0.6625419283268389
3.505	0.9499015493687155	0.6397077221610783
3.515	0.9498801676715467	0.6491563591951861
3.525	0.9492958709629735	0.6556304253111489
3.535	0.9481499513311775	0.6488064096754044
3.545	0.9464439906499797	0.6453069144775866
3.555	0.9441798592850943	0.6511685689339313
3.565	0.941359714637902	0.6514310310737677
3.575	0.9379859995277713	0.6492438465751316
3.585	0.9340614404140526	0.6413699823800417
3.595	0.9295890454589579	0.6073373915812644
3.605	0.9245721024326436	0.6383079240819513
3.615	0.9190141764618938	0.6443445532981867
3.625	0.912919107623904	0.6367331512429333
3.635	0.9062910083867584	0.6341960172245154
3.645	0.8991342608982646	0.6152987431562997
3.655	0.8914535141249362	0.6182733140744447
3.665	0.8832536808429472	0.6081247780007735
3.675	0.8745399344830265	0.6150362810164635
3.685	0.8653177058313135	0.6060250808820828
3.695	0.8555926795882745	0.6051502070826283
3.705	0.8453707907878876	0.5906273020116849
3.715	0.8346582210793698	0.5955265952886296
3.725	0.8234613948737912	0.5852905718350129
3.735	0.8117869753580349	0.581178664977577
3.745	0.7996418603785806	0.5820535387770315
3.755	0.7870331781977329	0.5653434492074518
3.765	0.7739682831249262	0.5579945092920346
3.775	0.7604547510258632	0.551957880075799
3.785	0.7465003747122725	0.5442589906406001
3.795	0.7321131592151673	0.5324481943479653
3.805	0.717301316944531	0.5381348740444192
3.815	0.7020732627384582	0.5307859341290019
3.825	0.6864376088047887	0.5276363884509659
3.835	0.6704031595583813	0.5203749359154942
3.845	0.6539789063572103	0.5109262988813864
3.855	0.6371740221405207	0.49920298996869705
3.865	0.6199978559723576	0.4928164112326797
3.875	0.6024599274938142	0.5090015765225866
3.885	0.5845699212873807	0.48695475677633504
3.895	0.5663376811569014	0.4813555644598267
3.905	0.5477732043265733	0.45633417379543
3.915	0.5288866355625832	0.4699822050669191
3.925	0.5096882612209443	0.4613209544523203
3.935	0.4901885032251504	0.44041147064535946
3.945	0.4703979129773467	0.44986010767946727
3.955	0.4503271652066789	0.427288363653543
3.965	0.42998705175858154	0.4247512296351252
3.975	0.4093884753287532	0.4223890703765982
3.985	0.3885424431456258	0.4189770625587259
3.995	0.36746006060512937	0.4058539555669095
4.005	0.34615252486163006	0.42020188587796214
4.015	0.3246311183788504	0.40314184678860077
4.025	0.30290720244472613	0.395880394253129
4.035	0.28099221065404245	0.4011296370498556
4.045	0.25889764236279644	0.3877440679182028
4.055	0.23663505611820945	0.3733086502272048
4.065	0.21421606306831886	0.36333508891342425
4.075	0.19165232035510654	0.36797192005053275
4.085	0.16895552449510398	0.36114790441478817
4.095	0.1461374047514249	0.3642099627128787
4.105	0.12320971650119711	0.3486372090825899
4.115	0.10018423460232156	0.35598614899800707
4.125	0.07707274676350107	0.3417257060668999
4.135	0.05388704692150914	0.3428630420061906
4.145	0.030638928629585838	0.33035234667399227
4.155	0.0073401784609079535	0.34295052938613607
4.165	-0.015997430568973847	0.333064455452301
4.175	-0.039362145556870565	0.3118050221255584
4.185	-0.06274224023994879	0.3177541639618485
4.195	-0.08612602149317983	0.3065557793288318
4.205	-0.10950183579240308	0.3001692005928145
4.215	-0.13285807563922847	0.2993818141733055
4.225	-0.15618318594398622	0.29596980635543324
4.235	-0.1794656703630068	0.29089553831859755
4.245	-0.20269409758652418	0.27374801184929076
4.255	-0.22585710757354527	0.28127192652459887
4.265	-0.24894341773004125	0.2869586062210526
4.275	-0.2719418290268793	0.27173580211054554
4.285	-0.29484123205393886	0.2701610292715276
4.295	-0.3176306130069386	0.2648242990948556
4.305	-0.34029905960347423	0.26736143311327343
4.315	-0.3628357669248842	0.25931259415829266
4.325	-0.3852300431805749	0.26184972817671054
4.335	-0.4074713153915171	0.25502571254096595
4.345	-0.42954913498962405	0.25388837660167524
4.355	-0.45145318332985657	0.2562505358602022
4.365	-0.47317327711187684	0.2440897900477856
4.375	-0.4946993737082107	0.24802672214533056
4.385	-0.5160215763958756	0.24496466384724006
4.395	-0.5371301394885213	0.24164014340931322
4.405	-0.5580154733662145	0.24277747934860397
4.415	-0.5786681494000203	0.23805316083155006
4.425	-0.5990789047686607	0.22842954903755133
4.435	-0.6192386471645303	0.22947939759689667
4.445	-0.6391384593864897	0.22842954903755133
4.455	-0.6587696038168807	0.22746718785815148
4.465	-0.6781235267803134	0.22029322270262516
4.475	-0.6971918627818315	0.2191558867633344
4.485	-0.715966438622154	0.21276930802731708
4.495	-0.7344392773877488	0.2183685003438254
4.505	-0.7526026023136195	0.21084458566851733
4.515	-0.7704488405167063	0.21355669444682607
4.525	-0.7879706265979266	0.20393308265282734
4.535	-0.805160806110969	0.20498293121217265
4.545	-0.8220124388960081	0.20725760309075417
4.555	-0.838518802276609	0.2020083602940276
4.565	-0.854673394118192	0.19929625151571886
4.575	-0.870469935746491	0.1944844456187195
4.585	-0.8859023747245408	0.1995587136555552
4.595	-0.9009648874868272	0.1997336884154461
4.605	-0.9156518818292827	0.19982117579539152
4.615	-0.9299579992539718	0.1885353037824294
4.625	-0.9438781171673335	0.1850358085846117
4.635	-0.9574073509309778	0.19019756400139282
4.645	-0.9705410557641089	0.18801037950275673
4.655	-0.9832748284967651	0.18171128814668486
4.665	-0.995604509173118	0.18538575810439345
4.675	-1.0075261825042148	0.18188626290657572
4.685	-1.019036179169604	0.1808364143472304
4.695	-1.0301310769673913	0.1859106823840661
4.705	-1.0408077018123802	0.17698696962963092
4.715	-1.0510631285820282	0.18529827072444802
4.725	-1.0608946818100513	0.17296255015214057
4.735	-1.0702999362275978	0.1885353037824294
4.745	-1.079276717152027	0.17654953272990373
4.755	-1.0878231007233987	0.18153631338679396
4.765	-1.095937413988878	0.17479978513099487
4.775	-1.1036182348353767	0.17453732299115854
4.785	-1.110864391770808	0.1779493308090308
4.795	-1.1176749635544627	0.1710378277933408
4.805	-1.124049278677081	0.17541219679061296
4.815	-1.1299869146912929	0.1713877773131226
4.825	-1.135487697393208	0.1718252142128498
4.835	-1.140551699855997	0.17025044137383183
4.845	-1.1451792413164301	0.17418737347137678
4.855	-1.1493708859153928	0.166138534516396
4.865	-1.1531274412935288	0.1712128025532317
4.875	-1.1564499570432119	0.17619958321012194
4.885	-1.1593397230181461	0.16990049185405007
4.895	-1.16179826750201	0.1574772839017972
4.905	-1.1638273552375806	0.17374993657164955
4.915	-1.1654289853179416	0.1632514509781964
4.925	-1.1666053889413792	0.17409988609143132
4.935	-1.1673590270317185	0.16281401407846918
4.945	-1.1676925877258952	0.17025044137383183
4.955	-1.167608983730646	0.17252511325241335
4.965	-1.167111349550292	0.16841320639497753
4.975	-1.1662030385876485	0.16552612285677792
4.985	-1.1648876201201852	0.17025044137383183
4.995	-1.1631688761536167	0.16368888787792363
5.005	-1.161050798155205	0.1728750627721951
5.015	-1.1585375836690939	0.17584963369034018
5.025	-1.1556336328160906	0.17226265111257702
5.035	-1.152343544680362	0.17339998705186777
5.045	-1.1486721135855933	0.16955054233426828
5.055	-1.1446243252632007	0.17401239871148588
5.065	-1.1402053529152807	0.17514973465077663
5.075	-1.1354205531750152	0.17243762587246791
5.085	-1.130275461967328	0.17339998705186777
5.095	-1.1247757902726236	0.17462481037110397
5.105	-1.1189274197965404	0.1748872725109403
5.115	-1.112736398548636	0.1750622472708312
5.125	-1.1062089363330414	0.18293611146592106
5.135	-1.0993514001541327	0.1750622472708312
5.145	-1.09217030954032	0.1750622472708312
5.155	-1.0846723317891103	0.18372349788543005
5.165	-1.0768642771366466	0.18004902792772143
5.175	-1.0687530938549406	0.18626063190384787
5.185	-1.060345863280097	0.18346103574559372
5.195	-1.0516497947748342	0.18722299308324775
5.205	-1.04267222062865	0.1859106823840661
5.215	-1.0334205908990146	0.19702157963713735
5.225	-1.0239024681970104	0.19107243780084723
5.235	-1.0141255224208585	0.19640916797751926
5.245	-1.0040975254408022	0.1948343951385013
5.255	-0.9938263457388307	0.19597173107779203
5.265	-0.9833199430067806	0.2027957467135366
5.275	-0.972586362706334	0.19833389033631899
5.285	-0.9616337305944717	0.21206940898775353
5.295	-0.9504702472179415	0.19964620103550065
5.305	-0.9391041823803479	0.21154448470808088
5.315	-0.9275438695854217	0.21416910610644416
5.325	-0.9157977004601031	0.21521895466578947
5.335	-0.9038741191610203	0.21390664396660783
5.345	-0.8917816167679815	0.21338171968693517
5.355	-0.8795287256681047	0.21128202256824455
5.365	-0.8671240139341819	0.21189443422786264
5.375	-0.8545760797008943	0.2205556848424615
5.385	-0.8418935455424681	0.21495649252595314
5.395	-0.8290850528553902	0.22265538196115212
5.405	-0.8161592562497502	0.22493005383973363
5.415	-0.8031248179527883	0.2232677936207702
5.425	-0.7899904022281982	0.22982934711667843
5.435	-0.7767646698147552	0.23271643065487804
5.445	-0.7634562723877493	0.24024034533018612
5.455	-0.7500738470467647	0.2424275298288222
5.465	-0.73662601083327	0.23105417043591464
5.475	-0.7231213552814508	0.24706436096593068
5.485	-0.7095684410057473	0.24400230266784018
5.495	-0.6959757923284707	0.2536259144618389
5.505	-0.6823518919508557	0.2508263183035847
5.515	-0.6687051756708852	0.2500389318840757
5.525	-0.6550440271511979	0.2573003844195475
5.535	-0.6413767727402915	0.27497283516852694
5.545	-0.6277116763502779	0.27208575163032733
5.555	-0.6140569343943318	0.25633802324014765
5.565	-0.6004206707869839	0.2775974565668902
5.575	-0.5868109320103131	0.2701610292715276
5.585	-0.5732356822490852	0.277947406086672
5.595	-0.5597027985978389	0.2747978604086361
5.605	-0.5462200663427983	0.278734792506181
5.615	-0.5327951743215544	0.2826717246037259
5.625	-0.5194357103632745	0.27820986822650834
5.635	-0.5061491568122509	0.29658221801505136
5.645	-0.49294288613746406	0.28862086644001606
5.655	-0.4798241566308294	0.2950074451760334
5.665	-0.46680010819667994	0.2842464974427439
5.675	-0.45387775823502396	0.2899331771391977
5.685	-0.4410639976210354	0.3009565870123235
5.695	-0.4283655867831455	0.3124174337851765
5.705	-0.41578915188206167	0.30244387247139604
5.715	-0.4033411810929599	0.3083055269277407
5.725	-0.39102802099303646	0.3174917018220122
5.735	-0.3788558730565028	0.3128548706849037
5.745	-0.3668307902590886	0.3181041134816303
5.755	-0.3549586737939655	0.31617939112283056
5.765	-0.34324526990100046	0.32370330579813866
5.775	-0.33169616681114533	0.3196788863206483
5.785	-0.3203167918076649	0.3189789872810847
5.795	-0.3091124084058634	0.3153045173233761
5.805	-0.298088113652869	0.34592510030428114
5.815	-0.2872488355489673	0.3308772709536649
5.825	-0.2765993305918778	0.33805123610919124
5.835	-0.26614418144529206	0.3444378148452086
5.845	-0.2558877947329147	0.34225063034657255
5.855	-0.24583439895916137	0.3540614266392073
5.865	-0.23598804255756867	0.3523991664202439
5.875	-0.22635259206789615	0.35003700716171693
5.885	-0.21693173044283998	0.3462750498240629
5.895	-0.20772895548513381	0.3566860480375706
5.905	-0.19874757841577484	0.35458635091887997
5.915	-0.18999072257401994	0.3683218695703145
5.925	-0.18146132224967554	0.3684968443302054
5.935	-0.17316212164814604	0.36902176860987806
5.945	-0.16509567398863534	0.37234628904780487
5.955	-0.15726434073575346	0.37759553184453143
5.965	-0.14967029096473167	0.3779454813643132
5.975	-0.14231550086036543	0.37698312018491337
5.985	-0.13520175334969503	0.36534729865216947
5.995	-0.12833063786834292	0.37864538040387674
6.005	-0.12170355026036278	0.3780329687442587
6.015	-0.115321692811367	0.38398211058054876
6.025	-0.10918607441455663	0.38293226202120345
6.035	-0.10329751086928829	0.3910685883561297
6.045	-0.09765662531163039	0.39019371455667523
6.055	-0.09226384877632632	0.3860818076992394
6.065	-0.08711942088949542	0.39815506613171053
6.075	-0.08222339069129941	0.39518049521356546
6.085	-0.07757561758772075	0.38170743870196727
6.095	-0.07317577243051893	0.39001873979678436
6.105	-0.069023338724373	0.39089361359623875
6.115	-0.06511761396006693	0.3952679825935109
6.125	-0.061457711072572474	0.39675526805258343
6.135	-0.058042560022761036	0.39474305831383827
6.145	-0.05487090950138224	0.4038417458281643
6.155	-0.051941328753913746	0.40165456132952826
6.165	-0.04925220952476986	0.38555688341956673
6.175	-0.04680176811929332	0.390543664076457
6.185	-0.044588047581874485	0.4040167205880552
6.195	-0.04260891998849031	0.39308079809487484
6.205	-0.040862088851834844	0.39273084857509305
6.215	-0.03934509163718958	0.3946555709338928
6.225	-0.038055302387086765	0.3910685883561297
6.235	-0.03698993445273835	0.38721914363853016
6.245	-0.03614604333017135	0.38949381551711165
6.255	-0.03552052959891189	0.4015670739495828
6.265	-0.03511014196098866	0.3961428563929653
6.275	-0.034911480378018056	0.3840695979604942
6.285	-0.034920999303989064	0.40620390508669124
6.295	-0.035135011011371786	0.38354467368082157
6.305	-0.03554968900809374	0.3978926039918742
6.315	-0.03616107154285991	0.3936057223745475
6.325	-0.036965065196235436	0.40471661962761873
6.335	-0.03795744855488947	0.3816199513220218
6.345	-0.03913387596631157	0.38844396695776634
6.355	-0.04048988137125559	0.4090909886248909
6.365	-0.04202088221117706	0.3989424525512195
6.375	-0.04372218340779546	0.3920309495355295
6.385	-0.04558898141194412	0.3802201532428947
6.395	-0.04761636831879612	0.3766331706651316
6.405	-0.04979933604650333	0.40209199822925545
6.415	-0.05213278057526166	0.3811825144222946
6.425	-0.05461150624379893	0.3791703046835494
6.435	-0.05723023010019196	0.38039512800278563
6.445	-0.05998358630394496	0.38328221154098524
6.455	-0.06286613057618706	0.38179492608191273
6.465	-0.06587234469487122	0.3758457842456226
6.475	-0.06899664103173964	0.3707715162087869
6.485	-0.07223336712791095	0.3649098617524422
6.495	-0.07557681030483082	0.36989664240933245
6.505	-0.0790212023073443	0.36980915502938705
6.515	-0.0825607239756502	0.36779694529064183
6.525	-0.08618950994282565	0.3733086502272048
6.535	-0.08990165335465786	0.3606229801351155
6.545	-0.09369121060845953	0.3728712133274775
6.555	-0.09755220610758025	0.3568610227974615
6.565	-0.10147863702827534	0.3580858461166977
6.575	-0.10546447809559772	0.36552227341206034
6.585	-0.10950368636504385	0.3595731315757702
6.595	-0.1135902060065418	0.3505619314413896
6.605	-0.11771797308754495	0.3562486111378434
6.615	-0.12188092035184539	0.35029946930155326
6.625	-0.12607298199083075	0.35318655283975287
6.635	-0.1302880984038608	0.34618756244411747
6.645	-0.13452022094448673	0.35126183048095316
6.655	-0.13876331664921934	0.3383136982490276
6.665	-0.14301137294556632	0.3440003779454814
6.675	-0.14725840233614054	0.35572368685817074
6.685	-0.1514984470555423	0.3340268166317009
6.695	-0.15572558369685552	0.3360390263704461
6.705	-0.15993392780456467	0.34041339536771825
6.715	-0.16411763843071814	0.3262404398165565
6.725	-0.1682709226512153	0.3323645564127375
6.735	-0.17238804003912978	0.3495120828820443
6.745	-0.1764633070919816	0.3359515389905006
6.755	-0.18049110160991672	0.33043983405393773
6.765	-0.18446586702183576	0.3188914999011393
6.775	-0.18838211665645366	0.3331519428322465
6.785	-0.19223443795540918	0.3250156164973203
6.795	-0.1960174966255368	0.31539200470332157
6.805	-0.1997260407274522	0.32239099509895697
6.815	-0.20335490469766498	0.32029129798026634
6.825	-0.20689901330149485	0.31906647466103016
6.835	-0.2103533855140604	0.31512954256348524
6.845	-0.21371313832673128	0.31547949208326703
6.855	-0.2169734904764296	0.313904719244249
6.865	-0.22012976609526536	0.3167043154025032
6.875	-0.22317739827799687	0.30603085504915917
6.885	-0.22611193256492323	0.3130298454447946
6.895	-0.22892903033782447	0.3091804007271951
6.905	-0.23162447212665466	0.3079555774079589
6.915	-0.23419416082474198	0.2983319656139602
6.925	-0.23663412481033141	0.305593418149432
6.935	-0.2389405209723361	0.30165648605188705
6.945	-0.24110963763827048	0.30673075408872275
6.955	-0.243137897402384	0.3030562841310141
6.965	-0.2450218598520747	0.29745709181450575
6.975	-0.246758224190762	0.28975820237930683
6.985	-0.24834383175543562	0.30104407439226893
6.995	-0.24977566842719723	0.2982444782340148
7.005	-0.2510508669331718	0.31049271142637674
7.015	-0.2521667090382381	0.3015689986719416
7.025	-0.2531206276251148	0.30358120841068675
7.035	-0.25391020866140546	0.3084805016876316
7.045	-0.2545331930522907	0.3065557793288318
7.055	-0.2549874783776246	0.2924703111576155
7.065	-0.25527112051228407	0.3009565870123235
7.075	-0.25538233512869046	0.2958823189754878
7.085	-0.25531949908050766	0.2985069403738511
7.095	-0.25508115166659984	0.2982444782340148
7.105	-0.2546659957744194	0.28660865670127084
7.115	-0.25407289890206874	0.2869586062210526
7.125	-0.2533008940583742	0.29194538687794286
7.135	-0.2523491805403816	0.29448252089636073
7.145	-0.25121712458777934	0.3007816122524326
7.155	-0.2499042599138258	0.3051559812497047
7.165	-0.2484102881124538	0.2985944277537965
7.175	-0.2467350789413041	0.29701965491477855
7.185	-0.2448786704805198	0.29185789949799745
7.195	-0.24284126916723248	0.2801345905853081
7.205	-0.24062324970573634	0.29483247041614247
7.215	-0.2382251548534552	0.3033187462708504
7.225	-0.23564769508285865	0.3064682919488864
7.235	-0.23289174811961366	0.30611834242910463
7.245	-0.22995835835729272	0.2969321675348331
7.255	-0.22684873614908097	0.29518241993592426
7.265	-0.223564256976996	0.28643368194137997
7.275	-0.22010646049921379	0.3013940239120507
7.285	-0.21647704947617064	0.2957073442155969
7.295	-0.21267788857622738	0.29290774805734276
7.305	-0.2087110030617213	0.29518241993592426
7.315	-0.20457857735632456	0.29885688989363285
7.325	-0.20028295349475256	0.30743065312828627
7.335	-0.1958266294558606	0.3065557793288318
7.345	-0.19121225738033332	0.31224245902528563
7.355	-0.18644264167419466	0.3134672823445218
7.365	-0.18152073699947147	0.3070807036085045
7.375	-0.17644964615338732	0.3037561831705777
7.385	-0.17123261783760468	0.3011315617722144
7.395	-0.1658730443190225	0.30454356959008666
7.405	-0.16037445898378366	0.3037561831705777
7.415	-0.15474053378618224	0.3195913989407028
7.425	-0.14897507659422726	0.3167043154025032
7.435	-0.14308202843373174	0.31294235806484916
7.445	-0.13706546063280722	0.32554054077699296
7.455	-0.1309295718687707	0.33428927877153725
7.465	-0.12467868511946772	0.3153045173233761
7.475	-0.11831724452117881	0.321603608679448
7.485	-0.11184981213522949	0.3167043154025032
7.495	-0.10528106462557324	0.3266778767162837
7.505	-0.09861578984963826	0.32247848247890243
7.515	-0.09185888336477932	0.32492812911737484
7.525	-0.0850153448527805	0.32134114653961166
7.535	-0.07809027446486017	0.3323645564127375
7.545	-0.0710888690896958	0.3384886730089185
7.555	-0.0640164185470814	0.3509118809611714
7.565	-0.05687830170980718	0.33288948069241014
7.575	-0.049679982556495084	0.3457501255443902
7.585	-0.042427006158039515	0.34767484790319
7.595	-0.03512499460053059	0.34417535270537225
7.605	-0.027779642847372832	0.35922318205598847
7.615	-0.020396714543544192	0.3457501255443902
7.625	-0.01298203776485396	0.3485497217026444
7.635	-0.005541500715134928	0.34986203240182606
7.645	0.0019189526256188638	0.35721097231724325
7.655	0.009393326899202692	0.36123539179473363
7.665	0.016875579810140484	0.3554612247183344
7.675	0.024359626606621	0.3635100636733151
7.685	0.03183934459823479	0.35003700716171693
7.695	0.03930857770744767	0.36263518987386073
7.705	0.046761141051647415	0.3682343821903691
7.715	0.05419082555256871	0.35476132567877083
7.725	0.06159140256990486	0.36875930647004174
7.735	0.06895662855592305	0.37890784254371307
7.745	0.07628024972781966	0.3730461880873684
7.755	0.08355600675456454	0.38678170673880297
7.765	0.09077763945504885	0.36980915502938705
7.775	0.0979388915041749	0.38905637861738446
7.785	0.10503351514368847	0.39273084857509305
7.795	0.11205527589446374	0.385994320319294
7.805	0.11899795726694024	0.394305621414111
7.815	0.12585536546643966	0.4003422506303466
7.825	0.1326213340901229	0.38170743870196727
7.835	0.13928972881224005	0.3994673768308922
7.845	0.14585445205447634	0.39780511661192874
7.855	0.15230944763809218	0.40760370316581834
7.865	0.15864870541461418	0.3929933107149294
7.875	0.16486626587186287	0.4044541574877824
7.885	0.17095622471205318	0.4088285264850546
7.895	0.1769127373987981	0.41985193635818036
7.905	0.18273002366981006	0.40637887984658216
7.915	0.18840237201212706	0.41145314788341786
7.925	0.19392414409675968	0.42107675967741653
7.935	0.19928977916957336	0.41915203731861683
7.945	0.20449379839538173	0.4223890703765982
7.955	0.2095308091521434	0.4362995637879236
7.965	0.21439550927226936	0.4260635403343068
7.975	0.2190826912280056	0.434199866669233
7.985	0.22358724625796067	0.4399740337456322
7.995	0.22790416843183292	0.42291399465627083
8.005	0.232028558650479	0.4444358901228498
8.015	0.23595562857845764	0.4468855367613222
8.025	0.23968070450623558	0.44452337750279525
8.035	0.24319923113936903	0.4493351833997946
8.045	0.2465067753118495	0.45029754457919446
8.055	0.24959902962106018	0.44303609204372274
8.065	0.25247181598165613	0.43577463950825096
8.075	0.2551210890958542	0.4446108648827407
8.085	0.257542939837617	0.445660713442086
8.095	0.25973359854828837	0.44224870562421376
8.105	0.26168943824129076	0.44916020863990375
8.115	0.26340697771354826	0.45580924951575735
8.125	0.2648828845613954	0.45685909807510267
8.135	0.2661139780987145	0.4501225698193036
8.145	0.26709723217520365	0.45825889615422977
8.155	0.2678297778926879	0.4593087447135751
8.165	0.2683089062174413	0.4639455758506836
8.175	0.2685320704866019	0.4621083408718293
8.185	0.268496888806793	0.4516098552783761
8.195	0.26820114634314896	0.4621958282517747
8.205	0.26764279749701725	0.4530096533575032
8.215	0.26681996797067775	0.4522222669379942
8.225	0.2657309567174906	0.4504725193390854
8.235	0.2643742377759647	0.4545844261965212
8.245	0.26274846198632695	0.45502186309624837
8.255	0.2608524585882144	0.4551968378561393
8.265	0.2586852366982276	0.462458290391611
8.275	0.2562459866661526	0.44198624348437743
8.285	0.2535340813087068	0.44741046104099486
8.295	0.25054907701980633	0.4617583913520475
8.305	0.2472907147563782	0.45432196405668485
8.315	0.2437589208988442	0.4503850319591399
8.325	0.23995380798549082	0.452572216457776
8.335	0.23587567532003217	0.4566841233152118
8.345	0.23152500945171095	0.4526597038377214
8.355	0.22690248452742712	0.4453982513022497
8.365	0.2220089625154309	0.4453982513022497
8.375	0.21684549330021707	0.4446983522626861
8.385	0.2114133146483217	0.42930057339228817
8.395	0.2057138520448496	0.42448876749528885
8.405	0.19974871840060826	0.43901167256623236
8.415	0.1935197136298113	0.44189875610443197
8.425	0.18702882409845184	0.4317502200307606
8.435	0.1802782219434505	0.4265884646139795
8.445	0.17327026426283643	0.4240513305955616
8.455	0.16600749217728378	0.4294755481521791
8.465	0.1584926297634044	0.4189770625587259
8.475	0.15072858285928376	0.42028937325790755
8.485	0.1427184377428517	0.4048915943875096
8.495	0.13446545968375018	0.41801470137932606
8.505	0.12597309136942403	0.41416525666172654
8.515	0.11724495120632139	0.39780511661192874
8.525	0.10828483149704177	0.4001672758704557
8.535	0.09909669649452418	0.3957929068731836
8.545	0.08968468033427984	0.4052415439072914
8.555	0.08005308484588808	0.39159351263580233
8.565	0.07020637724498285	0.4041916953479461
8.575	0.060149187707056906	0.38363216106076703
8.585	0.049886306824502014	0.3924683864352567
8.595	0.039422682948378474	0.3692842307497144
8.605	0.028763419416455827	0.379082817303604
8.615	0.017913771669192724	0.3672720210109692
8.625	0.006879144255385383	0.3707715162087869
8.635	-0.004334912270758995	0.3551987625784981
8.645	-0.015722704559209988	0.3761957337654044
8.655	-0.027278399778443374	0.36613468507167846
8.665	-0.03899602903249266	0.34225063034657255
8.675	-0.050869490878633905	0.3481122848029172
8.685	-0.06289255494353663	0.3558986616180616
8.695	-0.07505886563569136	0.33945103418831835
8.705	-0.08736194595178842	0.33822621086908217
8.715	-0.0997952013747021	0.3511743431010077
8.725	-0.112351923860664	0.3342017913915918
8.735	-0.1250252959131588	0.3395385215682638
8.745	-0.13780839474096607	0.3266778767162837
8.755	-0.15069419649778115	0.3295649602544833
8.765	-0.16367558060071946	0.3352516399509371
8.775	-0.176745334125049	0.32842762431519257
8.785	-0.18989615627231066	0.33175214475311937
8.795	-0.2031206629090475	0.3293899854945924
8.805	-0.2164113911732845	0.32676536409622914
8.815	-0.22976080414578487	0.3191539620409756
8.825	-0.2431612955831841	0.3230034067585751
8.835	-0.256605194709932	0.310142761906595
8.845	-0.27008477106601686	0.31582944160304877
8.855	-0.2835922394073731	0.31232994640523104
8.865	-0.2971197646558411	0.31469210566375805
8.875	-0.3106594668954884	0.31110512308599486
8.885	-0.3242034264120951	0.316266878502776
8.895	-0.33774368877258815	0.3036686957906322
8.905	-0.35127226994110583	0.30751814050823173
8.915	-0.3647811614284203	0.2913329752183248
8.925	-0.37826233547140853	0.2960572937353787
8.935	-0.3917077502391714	0.2928202606773973
8.945	-0.40510935506247625	0.2942200587565244
8.955	-0.4184590956830919	0.30270633461123236
8.965	-0.4317489195196345	0.29701965491477855
8.975	-0.4449707809464688	0.2920328742578883
8.985	-0.45811664658223084	0.2801345905853081
8.995	-0.4711785005845428	0.2906330761787612
9.005	-0.4841483499474027	0.2845089595825802
9.015	-0.49701822979785415	0.28503388386225287
9.025	-0.5097802086883759	0.2809219770048171
9.035	-0.522426393881591	0.271035903070982
9.045	-0.5349489366237647	0.2881834295402888
9.055	-0.5473400374036492	0.2775974565668902
9.065	-0.5595919511931777	0.28249674984383505
9.075	-0.5716969926665558	0.28573378290181645
9.085	-0.5836475413943055	0.2781223808465629
9.095	-0.5954360470087833	0.27331057494956357
9.105	-0.607055034337781	0.2634245010157285
9.115	-0.618497108502753	0.2660491224140918
9.125	-0.6297549599783018	0.26683650883360077
9.135	-0.6408213696095301	0.2699860545116367
9.145	-0.6516892135838898	0.2677113826330552
9.155	-0.6623514683542252	0.2692861554720732
9.165	-0.672801215509673	0.26517424861463734
9.175	-0.683031646591156	0.27086092831109115
9.185	-0.6930360678482259	0.2616747534168196
9.195	-0.7028079049340371	0.2683237942926733
9.205	-0.7123407075352668	0.27191077687043647
9.215	-0.7216281539338385	0.26429937481518295
9.225	-0.730664055497374	0.26867374381245507
9.235	-0.7394423610952605	0.25721289703960204
9.245	-0.7479571614373659	0.2561630484802567
9.255	-0.7562026933323959	0.25861269511872914
9.265	-0.7641733438629656	0.26193721555665594
9.275	-0.771863654474558	0.260362442717638
9.285	-0.7792683249754568	0.26884871857234593
9.295	-0.786382217444966	0.26184972817671054
9.305	-0.7932003600471339	0.2570379222797112
9.315	-0.7997179507473741	0.26228716507643773
9.325	-0.8059303609293365	0.2607998796173652
9.335	-0.8118331389094907	0.2620247029366014
9.345	-0.8174220133469732	0.2601874679577471
9.355	-0.8226928965462518	0.26438686219512836
9.365	-0.8276418876502498	0.26692399621354623
9.375	-0.8322652757216699	0.2638619379154557
9.385	-0.8365595427102671	0.25493822516102055
9.395	-0.8405213663039584	0.258000283459111
9.405	-0.8441476226616538	0.2522261163827118
9.415	-0.8474353890258547	0.25275104066238446
9.425	-0.8503819462130169	0.26508676123469194
9.435	-0.8529847809798994	0.24723933572582157
9.445	-0.8552415882640754	0.2547632504011296
9.455	-0.8571502732969082	0.2479392347653851
9.465	-0.8587089535873919	0.260362442717638
9.475	-0.8599159607752838	0.25756284655938383
9.485	-0.8607698423521031	0.2533634523220026
9.495	-0.8612693632485848	0.25318847756211166
9.505	-0.8614135072873362	0.25493822516102055
9.515	-0.8612014784994132	0.24977646974423942
9.525	-0.8606327023037984	0.24592702502663993
9.535	-0.859706826548619	0.25310099018216625
9.545	-0.8584237224132589	0.2621996776964923
9.555	-0.8567834851704265	0.259575056298129
9.565	-0.8547864348074451	0.25310099018216625
9.575	-0.8524331165060426	0.259575056298129
9.585	-0.8497243009800629	0.2646493243349647
9.595	-0.8466609846706052	0.2479392347653851
9.605	-0.8432443897981075	0.2715608273506547
9.615	-0.8394759642711334	0.2544133008813479
9.625	-0.8353573814515358	0.2580877708390565
9.635	-0.8308905397759234	0.25563812420058407
9.645	-0.8260775622333228	0.2544133008813479
9.655	-0.8209207956991044	0.26394942529540116
9.665	-Inf	0.0
9.675	-Inf	0.0
9.685	-Inf	0.0
9.695	-Inf	0.0
9.705	-Inf	0.0
9.715	-Inf	0.0
9.725	-Inf	0.0
9.735	-Inf	0.0
9.745	-Inf	0.0
9.755	-Inf	0.0
9.765	-Inf	0.0
9.775	-Inf	0.0
9.785	-Inf	0.0
9.795	-Inf	0.0
9.805	-Inf	0.0
9.815	-Inf	0.0
9.825	-Inf	0.0
9.835	-Inf	0.0
9.845	-Inf	0.0
9.855	-Inf	0.0
9.865	-Inf	0.0
9.875	-Inf	0.0
9.885	-Inf	0.0
9.895	-Inf	0.0
9.905	-Inf	0.0
9.915	-Inf	0.0
9.925	-Inf	0.0
9.935	-Inf	0.0
9.945	-Inf	0.0
9.955	-Inf	0.0
9.965	-Inf	0.0
9.975	-Inf	0.0
9.985	-Inf	0.0
9.995	-Inf	0.0
