0.005	-Inf	0.0
0.015	-Inf	0.0
0.025	-Inf	0.0
0.035	-Inf	0.0
0.045	-Inf	0.0
0.055	-Inf	0.0
0.065	-Inf	0.0
0.075	-Inf	0.0
0.085	-Inf	0.0
0.095	-Inf	0.0
0.105	-Inf	0.0
0.115	-Inf	0.0
0.125	-Inf	0.0
0.135	-Inf	0.0
0.145	-Inf	0.0
0.155	-Inf	0.0
0.165	-Inf	0.0
0.175	-Inf	0.0
0.185	-Inf	0.0
0.195	-Inf	0.0
0.205	-Inf	0.0
0.215	-Inf	0.0
0.225	-Inf	0.0
0.235	-Inf	0.0
0.245	-Inf	0.0
0.255	-Inf	0.0
0.265	-Inf	0.0
0.275	-Inf	0.0
0.285	-Inf	0.0
0.295	-Inf	0.0
0.305	-Inf	0.0
0.315	-Inf	0.0
0.325	-Inf	0.0
0.335	-Inf	0.0
0.345	-Inf	0.0
0.355	-Inf	0.0
0.365	-Inf	0.0
0.375	-Inf	0.0
0.385	-3.113692317938738	0.042216750458398296
0.395	-3.0943700683999373	0.04158664970528787
0.405	-3.075221278170394	0.044527119886469846
0.415	-3.056255387516164	0.04466714227604994
0.425	-3.0374816251776995	0.04473715347083999
0.435	-3.0189090036389916	0.04389701913335942
0.445	-3.0005463145610016	0.04900783635303285
0.455	-2.982402124381812	0.04725755648328168
0.465	-2.964484770085846	0.04949791471656318
0.475	-2.946802355144386	0.05005800427488355
0.485	-2.9293627456294917	0.04865778037908262
0.495	-2.91217356650331	0.04816770201555229
0.505	-2.89524219808466	0.053138496845645616
0.515	-2.8785757726946257	0.05257840728732524
0.525	-2.86218117148282	0.05005800427488355
0.535	-2.846065021435796	0.05334853043001576
0.545	-2.830233692569028	0.05551887746850721
0.555	-2.8146932953037043	0.054328687157076415
0.565	-2.799449678029492	0.057339168533048435
0.575	-2.7845084248542817	0.06160985141524129
0.585	-2.7698748535418156	0.05649903419556787
0.595	-2.7555540136379637	0.05677907897472806
0.605	-2.7415506847862967	0.0614698290256612
0.615	-2.7278693752334737	0.06259000814230195
0.625	-2.714514320524838	0.061539840220451246
0.635	-2.7014894823904974	0.06188989619440148
0.645	-2.688798547822019	0.06455032159642327
0.655	-2.676444928339773	0.06244998575272186
0.665	-2.664431759450805	0.0638502096485228
0.675	-2.6527619002970138	0.06392022084331285
0.685	-2.641437933493272	0.06343014247978251
0.695	-2.630462165155018	0.06679067982970477
0.705	-2.619836625114705	0.07043126195878721
0.715	-2.6095630673263868	0.07274163138685875
0.725	-2.5996429704575865	0.06469034398600336
0.735	-2.5900775386674906	0.06616057907659435
0.745	-2.5808677025703517	0.06798087014113556
0.755	-2.572014120382916	0.07183148585458815
0.765	-2.563517179254525	0.07022122837441706
0.775	-2.555376996778455	0.07008120598483697
0.785	-2.5475934226829264	0.07050127315357725
0.795	-2.5401660407000963	0.07239157541290853
0.805	-2.5330941706112524	0.07267162019206871
0.815	-2.5263768704662914	0.07190149704937819
0.825	-2.5200129389754626	0.07092134032231753
0.835	-2.514000918071259	0.06917106045256637
0.845	-2.508339095638201	0.07036125076399716
0.855	-2.5030255084081876	0.07449191125660994
0.865	-2.4980579450189557	0.07148142988063791
0.875	-2.49343394923309	0.07211153063374834
0.885	-2.489150823314949	0.0751920232045104
0.895	-2.4852056315627307	0.07169146346500806
0.905	-2.4815952039928444	0.07260160899727866
0.915	-2.478316140173636	0.07757240382737199
0.925	-2.475364813205425	0.07757240382737199
0.935	-2.4727373738437226	0.07610216873678101
0.945	-2.470429754762412	0.07526203439930045
0.955	-2.4684376749535897	0.07757240382737199
0.965	-2.4667566442606543	0.07785244860653218
0.975	-2.4653819680411946	0.07757240382737199
0.985	-2.4643087519561067	0.07428187767223979
0.995	-2.46353190688131	0.07771242621695208
1.005	-2.4630461539383623	0.07421186647744975
1.015	-2.4628460296401835	0.07218154182853838
1.025	-2.4629258911480516	0.07120138510147772
1.035	-2.4632799216359444	0.0795327172814933
1.045	-2.463902135758254	0.07799247099611227
1.055	-2.464786385216823	0.0762421911263611
1.065	-2.465926364423214	0.07456192245139998
1.075	-2.4673156162520407	0.07827251577527246
1.085	-2.4689475378811574	0.07715233665863172
1.095	-2.470815386714448	0.07197150824416824
1.105	-2.472912286382896	0.07687229187947153
1.115	-2.475231232819591	0.07393182169828956
1.125	-2.4777651004042673	0.07610216873678101
1.135	-2.480506648172954	0.0763822135159412
1.145	-2.4834485260882433	0.07330172094517913
1.155	-2.4865832813656996	0.07470194484098007
1.165	-2.489903364851859	0.07323170975038909
1.175	-2.493401137449264	0.07491197842535022
1.185	-2.497068876583953	0.07253159780248862
1.195	-2.5008987827107956	0.0683309261150858
1.205	-2.504882985852058	0.07043126195878721
1.215	-2.5090135521645527	0.07323170975038909
1.225	-2.51328249053074	0.06875099328382608
1.235	-2.5176817591691067	0.06994118359525688
1.245	-2.52220327225918	0.0707113067379474
1.255	-2.526838906576499	0.07183148585458815
1.265	-2.5315805081328895	0.06861097089424599
1.275	-2.536419898817383	0.06987117240046684
1.285	-2.5413488830331303	0.06287005292146214
1.295	-2.54635925432566	0.0683309261150858
1.305	-2.551442801997876	0.07078131793273744
1.315	-2.5565913177071624	0.06490037757037351
1.325	-2.5617966020400083	0.06637061266096449
1.335	-2.5670504710596083	0.06770082536197537
1.345	-2.572344762821857	0.06665065744012467
1.355	-2.5776713438552528	0.06854095969945594
1.365	-2.583022115600223	0.06812089253071565
1.375	-2.5883890208034117	0.06455032159642327
1.385	-2.5937640498625294	0.06427027681726308
1.395	-2.599139247117394	0.06812089253071565
1.405	-2.6045067170828333	0.061819884999611434
1.415	-2.6098586306191636	0.061329806636081105
1.425	-2.6151872310360296	0.06553047832348392
1.435	-2.620484840125402	0.06350015367457257
1.445	-2.625743864119624	0.06069970588297068
1.455	-2.6309567995704315	0.0592294707923797
1.465	-2.6361162391449438	0.06188989619440148
1.475	-2.641214877334659	0.06364017606415266
1.485	-2.6462455160736074	0.0651804223495337
1.495	-2.6512010702618136	0.06174987380482139
1.505	-2.65607457319034	0.05992958274028017
1.515	-2.660859181864244	0.0638502096485228
1.525	-2.6655481822198412	0.06048967229860055
1.535	-2.6701349942327637	0.06118978424650101
1.545	-2.674613176913361	0.061539840220451246
1.555	-2.678976433186106	0.0614698290256612
1.565	-2.6832186146497095	0.058039280480948904
1.575	-2.6873337262147654	0.0593694931819598
1.585	-2.6913159306158296	0.059439504376749844
1.595	-2.695159552794912	0.06076971707776073
1.605	-2.6988590841534688	0.05999959393507022
1.615	-2.7024091866700726	0.060559683493390595
1.625	-2.7058046968810245	0.05971954915591003
1.635	-2.709040629721284	0.060839728272550776
1.645	-2.7121121822231764	0.058459347649689186
1.655	-2.71501473707046	0.05747919092262853
1.665	-2.7177438660053985	0.05705912375388825
1.675	-2.7202953330866477	0.05719914614346834
1.685	-2.722665097795801	0.05495878791018684
1.695	-2.7248493179906053	0.05656904539035792
1.705	-2.7268443527029302	0.05859937003926928
1.715	-2.7286467647796937	0.05495878791018684
1.725	-2.730253323365062	0.060559683493390595
1.735	-2.7316610062223425	0.05747919092262853
1.745	-2.732867001894113	0.05628900061119773
1.755	-2.733868711699229	0.05950951557153989
1.765	-2.7346637515654795	0.05782924689657876
1.775	-2.735249953696766	0.05467874313102665
1.785	-2.7356253680737987	0.05327851923522571
1.795	-2.7357882637874225	0.05607896702682759
1.805	-2.7357371302037903	0.05726915733825839
1.815	-2.7354706779607434	0.05467874313102665
1.825	-2.734987839794835	0.055028799104976885
1.835	-2.7342877711986	0.05439869835186646
1.845	-2.733369850907749	0.06076971707776073
1.855	-2.7322336812181076	0.05586893344245745
1.865	-2.730879088132231	0.05600895583203754
1.875	-2.729306121335745	0.05348855281959585
1.885	-2.727515054003576	0.05866938123405933
1.895	-2.725506382436366	0.056429023000777824
1.905	-2.7232808255274588	0.057339168533048435
1.915	-2.720839324060992	0.057129134948678294
1.925	-2.718183039841727	0.055238832689347026
1.935	-2.715313354657361	0.0546087319362366
1.945	-2.7122318690742055	0.057759235701788716
1.955	-2.708940401067194	0.058179302870529
1.965	-2.7054409844853406	0.058459347649689186
1.975	-2.7017358673538405	0.06125979544129106
1.985	-2.6978275100141396	0.055238832689347026
1.995	-2.6937185831034234	0.05656904539035792
2.005	-2.689411965375047	0.05796926928615886
2.015	-2.684910741361584	0.053628575209175945
2.025	-2.680218198882247	0.059859571545490126
2.035	-2.6753378263965475	0.06434028801205313
2.045	-2.6702733102061833	0.05789925809136881
2.055	-2.665028531507228	0.05656904539035792
2.065	-2.6596075632948044	0.06104976185692092
2.075	-2.654014667122532	0.060839728272550776
2.085	-2.6482542897191426	0.06020962751944036
2.095	-2.6423310594647247	0.06167986261003134
2.105	-2.6362497827292053	0.060839728272550776
2.115	-2.6300154400757214	0.05810929167573895
2.125	-2.623633182331681	0.06441029920684317
2.135	-2.6171083265303174	0.06448031040163323
2.145	-2.610446351725761	0.06364017606415266
2.155	-2.603652894684598	0.06826091492029575
2.165	-2.5967337454570685	0.06490037757037351
2.175	-2.5896948428311215	0.06567050071306402
2.185	-2.5825422696725626	0.06658064624533462
2.195	-2.5752822481547235	0.0650403999599536
2.205	-2.5679211348810225	0.06308008650583229
2.215	-2.560465415903994	0.06868098208903603
2.225	-2.55292170164433	0.06672066863491471
2.235	-2.545296721713594	0.07008120598483697
2.245	-2.5375973196443447	0.0741418552826597
2.255	-2.529830447531438	0.06896102686819622
2.265	-2.522003160588353	0.06672066863491471
2.275	-2.5141226116224566	0.0692410716473564
2.285	-2.506196045433164	0.07106136271189763
2.295	-2.498230793136998	0.071621452270218
2.305	-2.4902342664236348	0.0684709485046659
2.315	-2.482213951747023	0.0741418552826597
2.325	-2.4741774044557605	0.071621452270218
2.335	-2.4661322428669044	0.07435188886702984
2.345	-2.458086142287477	0.07631220232115116
2.355	-2.4500468289879347	0.06987117240046684
2.365	-2.4420220741318968	0.07428187767223979
2.375	-2.4340196876665217	0.07253159780248862
2.385	-2.4260475121778287	0.07694230307426157
2.395	-2.418113416715432	0.07484196723056016
2.405	-2.410225290591066	0.07568210156804073
2.415	-2.4023910371553283	0.07330172094517913
2.425	-2.3946185675571314	0.08198310909914495
2.435	-2.386915794490283	0.08156304193040467
2.445	-2.3792906259317173	0.08240317626788524
2.455	-2.3717509588758046	0.08331332180015584
2.465	-2.3643046730692774	0.0831032882157857
2.475	-2.3569596247512297	0.08212313148872505
2.485	-2.349723640402677	0.0841534561376364
2.495	-2.3426045105101685	0.08114297476166439
2.505	-2.3356099833479114	0.08373338896889612
2.515	-2.328747758782871	0.0831032882157857
2.525	-2.3220254821073003	0.08058288520334402
2.535	-2.3154507379031073	0.08737397109797856
2.545	-2.309031043942499	0.08695390392923828
2.555	-2.3027738451292588	0.08905423977293969
2.565	-2.296686507485032	0.0842934785272165
2.575	-2.2907763121849434	0.08723394870839847
2.585	-2.28505044964685	0.0920647211489117
2.595	-2.2795160136784887	0.08779403826671885
2.605	-2.274179995686739	0.0920647211489117
2.615	-2.2690492789531964	0.08898422857814964
2.625	-2.2641306329801836	0.08863417260419941
2.635	-2.2594307079113056	0.09213473234370176
2.645	-2.254956029030585	0.09157464278538138
2.655	-2.250712991344182	0.09150463159059133
2.665	-2.246707854248614	0.08870418379898945
2.675	-2.2429467362893853	0.09283484429160223
2.685	-2.2394356100138304	0.09927587421228655
2.695	-2.236180296921926	0.09423506818740317
2.705	-2.2331864625187805	0.09094454203227095
2.715	-2.230459611472414	0.09367497862908279
2.725	-2.228005082880387	0.09493518013530364
2.735	-2.225828045648757	0.09640541522589462
2.745	-2.2239334939867885	0.09486516894051358
2.755	-2.222326243020718	0.09381500101866289
2.765	-2.2210109245298524	0.0959153368623643
2.775	-2.2199919828081485	0.09241477712286195
2.785	-2.2192736706543728	0.09451511296656336
2.795	-2.2188600454938388	0.09535524730404392
2.805	-2.2187549656346204	0.1001160085497671
2.815	-2.2189620866610755	0.09829571748522589
2.825	-2.2194848579674082	0.09269482190202213
2.835	-2.2203265194338897	0.09423506818740317
2.845	-2.2214900982482892	0.09934588540707659
2.855	-2.2229784058749567	0.09584532566757424
2.865	-2.2247940351738853	0.09031444127916054
2.875	-2.226939357672008	0.09297486668118232
2.885	-2.2294165209888566	0.09388501221345293
2.895	-2.232227446418631	0.08926427335730983
2.905	-2.235373826670582	0.09535524730404392
2.915	-2.238857123769549	0.09766561673211546
2.925	-2.242678567118371	0.0887741949937795
2.935	-2.246839151723749	0.09136460920101123
2.945	-2.2513396365870744	0.09402503460303302
2.955	-2.256180543261604	0.09003439650000035
2.965	-2.2613621545772347	0.08695390392923828
2.975	-2.2668845135340514	0.09360496743429274
2.985	-2.272747422365683	0.09087453083748091
2.995	-2.278950441773386	0.08919426216251979
3.005	-2.285492890331666	0.09031444127916054
3.015	-2.2923738440661543	0.08646382556570796
3.025	-2.2995921362042715	0.08604375839696768
3.035	-2.30714635709918	0.0866738591500781
3.045	-2.3150348543273394	0.08919426216251979
3.055	-2.3232557329598977	0.08618378078654777
3.065	-2.331806856008018	0.08534364644906721
3.075	-2.3406858450421364	0.08268322104704542
3.085	-2.3498900809849905	0.08555368003343734
3.095	-2.3594167050782087	0.08534364644906721
3.105	-2.369262620022041	0.08128299715124448
3.115	-2.3794244912877818	0.08107296356687434
3.125	-2.3898987486022545	0.0808629299825042
3.135	-2.400681587603637	0.08163305312519471
3.145	-2.411768971667782	0.08184308670956486
3.155	-2.423156633904075	0.07974275086586345
3.165	-2.4348400793197578	0.07841253816485255
3.175	-2.4468145871515046	0.07757240382737199
3.185	-2.4590752133629623	0.06987117240046684
3.195	-2.4716167933068167	0.0738618105034995
3.205	-2.4844339445498584	0.07442190006181988
3.215	-2.4975210698593857	0.07260160899727866
3.225	-2.5108723603492002	0.07211153063374834
3.235	-2.5244817987832917	0.0738618105034995
3.245	-2.538343163035272	0.07001119479004693
3.255	-2.5524500297014288	0.06679067982970477
3.265	-2.56679577786522	0.06469034398600336
3.275	-2.581373593010903	0.067140735803655
3.285	-2.596176471083888	0.0660905678818043
3.295	-2.6111972226953	0.06798087014113556
3.305	-2.626428477468161	0.06574051190785407
3.315	-2.6418626885224366	0.05999959393507022
3.325	-2.65749213709618	0.0637101872589427
3.335	-2.6733089372998493	0.06104976185692092
3.345	-2.68930504100079	0.05880940362363942
3.355	-2.705472242834813	0.05782924689657876
3.365	-2.72180218534166	0.06244998575272186
3.375	-2.738286364221093	0.058739392428849374
3.385	-2.7549161337062746	0.05530884388413707
3.395	-2.771682712050952	0.05782924689657876
3.405	-2.7885771871269616	0.052718429676905335
3.415	-2.8055905221284188	0.0511781833915243
3.425	-2.8227135613789365	0.05537885507892712
3.435	-2.8399370362381124	0.05215834011858496
3.445	-2.8572515711034336	0.05096814980715416
3.455	-2.874647689503726	0.050408060248833785
3.465	-2.8921158202801727	0.05257840728732524
3.475	-2.90964630385086	0.0499879930800935
3.485	-2.927229398554772	0.0490778475478229
3.495	-2.9448552870710776	0.04739757887286177
3.505	-2.9625140829094665	0.04473715347083999
3.515	-2.980195836967331	0.04515722063958027
3.525	-2.997890544149406	0.04858776918429257
3.535	-3.015588150045557	0.043406940769829094
3.545	-3.0332785576622614	0.04417706391251961
3.555	-3.0509516342033587	0.040186425809486934
3.565	-3.0685972178955456	0.04375699674377933
3.575	-3.0862051248541067	0.04137661612091773
3.585	-3.1037651559842976	0.042496795237558484
3.595	-3.121267103913781	0.03934629147200637
3.605	-3.1387007599514867	0.03962633625116656
3.615	-3.156055921068254	0.041096571341757544
3.625	-3.1733223968945725	0.03528564217418365
3.635	-3.1904900167307035	0.03577572053771398
3.645	-3.2075486365645256	0.03717594443351492
3.655	-3.2244881460922996	0.034515519031493136
3.665	-3.2412984757377004	0.03668586606998459
3.675	-3.25796960366433	0.03668586606998459
3.685	-3.274491562776937	0.03374539588880262
3.695	-3.290854447706666	0.035215630979393606
3.705	-3.307048421775543	0.03325531752527229
3.715	-3.323063723935463	0.030804925707620646
3.725	-3.3388906756769674	0.03472555261586328
3.735	-3.3545196879030668	0.03234517199300168
3.745	-3.3699412677634295	0.030034802564930133
3.755	-3.3851460254442367	0.02870458986391924
3.765	-3.4001246809090553	0.02919466822744957
3.775	-3.4148680705860386	0.028144500305598865
3.785	-3.4293671539969144	0.030244836149300274
3.795	-3.4436130203231237	0.02989478017535004
3.805	-3.457596894904583	0.02891462344828938
3.815	-3.471310145666534	0.02919466822744957
3.825	-3.484744289470051	0.02709433238374816
3.835	-3.4978909983817155	0.027934466721228724
3.845	-3.510742105858122	0.02709433238374816
3.855	-3.5232896128408653	0.027164343578538207
3.865	-3.5355256937576796	0.025624097293157174
3.875	-3.5474427024255673	0.028354533889969006
3.885	-3.5590331778516884	0.023313727865085627
3.895	-3.57028984992792	0.027234354773328254
3.905	-3.581205645015013	0.027234354773328254
3.915	-3.591773691412384	0.024293884592146285
3.925	-3.6019873247095835	0.025554086098367127
3.935	-3.611840093015645	0.025204030124416892
3.945	-3.6213257620624857	0.026254198046267597
3.955	-3.630438320178675	0.02464394056609652
3.965	-3.6391719831299687	0.025834130877527315
3.975	-3.6475211988230454	0.02667426521500788
3.985	-3.655480651868988	0.02345375025466572
3.995	-3.6630452680031427	0.021983515164074735
4.005	-3.6702102183580716	0.02499399654004675
4.015	-3.676970923586401	0.025624097293157174
4.025	-3.683323057830453	0.023593772644245815
4.035	-3.6892625525356912	0.022193548748444876
4.045	-3.694785600104998	0.019953190515163373
4.055	-3.699888657391049	0.022473593527605064
4.065	-3.7045684490240225	0.024713951760886567
4.075	-3.7088219705720498	0.022963671891135393
4.085	-3.7126464915318893	0.02464394056609652
4.095	-3.716039558147465	0.021773481579704594
4.105	-3.718998996053915	0.022403582332815017
4.115	-3.7215229127450113	0.02184349277449464
4.125	-3.7236096998619086	0.02464394056609652
4.135	-3.7252580353011577	0.022893660696345346
4.145	-3.7264668851402756	0.0228236495015553
4.155	-3.727235505379031	0.021983515164074735
4.165	-3.7275634434949114	0.022613615917185158
4.175	-3.7274505398112225	0.022683627111975205
4.185	-3.726896928676484	0.022403582332815017
4.195	-3.7259030394538466	0.01897303378810272
4.205	-3.7244695973193878	0.02072331365785389
4.215	-3.7225976238683343	0.02114338082659417
4.225	-3.7202884375282137	0.021913503969284688
4.235	-3.717543653778283	0.024573929371306473
4.245	-3.7143651851745236	0.02114338082659417
4.255	-3.710755241179717	0.020373257683903655
4.265	-3.7067163277981896	0.024293884592146285
4.275	-3.702251247014982	0.021703470384914547
4.285	-3.6973630960393056	0.020653302463063843
4.295	-3.6920552663522406	0.02303368308592544
4.305	-3.6863314425588407	0.023173705475505534
4.315	-3.680195601044862	0.025204030124416892
4.325	-3.6736520084384523	0.025204030124416892
4.335	-3.6667052198773638	0.025204030124416892
4.345	-3.6593600770822743	0.022403582332815017
4.355	-3.6516217062369343	0.02415386220256619
4.365	-3.1916452721235284	0.037806045186625344
4.375	-3.1991470651766143	0.03934629147200637
4.385	-3.2062726914330675	0.03850615713452581
4.395	-3.2130283899011274	0.03626579890124431
4.405	-3.219420670590889	0.03787605638141539
4.415	-3.225456311258365	0.0353556533689737
4.425	-3.231142353965205	0.036125776511664216
4.435	-3.2364861014557436	0.03668586606998459
4.445	-3.241495113353259	0.03647583248561445
4.455	-3.246177202177439	0.03556568695334384
4.465	-3.2505404291851776	0.03689589965435473
4.475	-3.2545931000368515	0.03493558620023342
4.485	-3.2583437602905	0.036615854875194545
4.495	-3.2618011907263105	0.03255520557737182
4.505	-3.264974402503982	0.037315966823095015
4.515	-3.2678726321556617	0.03556568695334384
4.525	-3.2705053364172407	0.03395542947317276
4.535	-3.272882186900877	0.033605373499222525
4.545	-3.275013064611814	0.035915742927294075
4.555	-3.2769080543125555	0.03234517199300168
4.565	-3.278577438737614	0.036125776511664216
4.575	-3.2800316926621984	0.032695227966951915
4.585	-3.281281476828203	0.03332532872006234
4.595	-3.2823376317310493	0.035705709342923934
4.605	-3.2832111712709837	0.03542566456376375
4.615	-3.283913276272538	0.03507560858981351
4.625	-3.2844552878759394	0.035705709342923934
4.635	-3.2848487008043827	0.03626579890124431
4.645	-3.2851051565111202	0.033185306330482243
4.655	-3.285236436210419	0.03206512721384149
4.665	-3.285254453796557	0.03241518318779173
4.675	-3.2851712486550566	0.034095451862752854
4.685	-3.284998978370454	0.0341654630575429
4.695	-3.284749911334983	0.03325531752527229
4.705	-3.2844364192626228	0.03703592204393483
4.715	-3.2840709696130013	0.035215630979393606
4.725	-3.28366611792976	0.03374539588880262
4.735	-3.2832345000980174	0.03262521677216187
4.745	-3.2827888245256034	0.03353536230443248
4.755	-3.2823418642528805	0.03241518318779173
4.765	-3.2819064489959255	0.03115498168157088
4.775	-3.281495457127955	0.033185306330482243
4.785	-3.281121807603913	0.03136501526594102
4.795	-3.280798451833188	0.03283525035653201
4.805	-3.28053836550545	0.03262521677216187
4.815	-3.28035454037467	0.03514561978460356
4.825	-3.2802599760064006	0.030174824954510227
4.835	-3.280267671493421	0.03528564217418365
4.845	-3.2803906171449144	0.03045486973367041
4.855	-3.280641786154327	0.032485194382581774
4.865	-3.2810341262511256	0.03388541827838271
4.875	-3.2815805513416616	0.03465554142107323
4.885	-3.2822939331443752	0.03486557500544337
4.895	-3.283187092824596	0.03094494809720074
4.905	-2.871576807445354	0.04935789232698309
4.915	-2.8568576270254193	0.049707948300933315
4.925	-2.8423563011126545	0.050828127417574066
4.935	-2.8280853651839695	0.0511781833915243
4.945	-2.8140572625153095	0.054118653572706274
4.955	-2.800284335924601	0.05425867596228637
4.965	-2.7867788195511474	0.056639056585147965
4.975	-2.77355283067672	0.05761921331220862
4.985	-2.7606183615935684	0.0593694931819598
4.995	-2.7479872715245586	0.05831932526010909
5.005	-2.735671278600619	0.059159459597589656
5.015	-2.7236819519006614	0.062029918583981575
5.025	-2.7120307035591047	0.061819884999611434
5.035	-2.7007287809460996	0.06216994097356167
5.045	-2.689787258925513	0.06209992977877162
5.055	-2.6792170321957065	0.06188989619440148
5.065	-2.669028807718078	0.06651063505054458
5.075	-2.659233097238321	0.06188989619440148
5.085	-2.649840209905277	0.06665065744012467
5.095	-2.64086024499221	0.06644062385575453
5.105	-2.6323030847253324	0.0659505454922242
5.115	-2.624178387224233	0.06420026562247304
5.125	-2.616495579558951	0.06826091492029575
5.135	-2.609263850928247	0.06721074699844505
5.145	-2.6024921459636152	0.06420026562247304
5.155	-2.5961891581635177	0.07113137390668768
5.165	-2.5903633234622196	0.06679067982970477
5.175	-2.5850228139375626	0.06658064624533462
5.185	-2.5801755316618644	0.06889101567340618
5.195	-2.5758291027001983	0.06987117240046684
5.205	-2.5719908712600237	0.07001119479004693
5.215	-2.5686678939962224	0.06798087014113556
5.225	-2.565866934475444	0.07134140749105781
5.235	-2.5635944578035166	0.06637061266096449
5.245	-2.5618566254196975	0.0684709485046659
5.255	-2.560659290061349	0.07267162019206871
5.265	-2.560007990902573	0.07001119479004693
5.275	-2.5599079488702166	0.07106136271189763
5.285	-2.5603640621405757	0.06721074699844505
5.295	-2.5613809018199927	0.07155144107542796
5.305	-2.562962707812457	0.06980116120567678
5.315	-2.565113384877231	0.07134140749105781
5.325	-2.567836498879314	0.06882100447861612
5.335	-2.571135273235585	0.07106136271189763
5.345	-2.575012585559241	0.06770082536197537
5.355	-2.579470964505064	0.06707072460886496
5.365	-2.5845125868179357	0.07113137390668768
5.375	-2.590139274586921	0.06868098208903603
5.385	-2.5963524927070374	0.06868098208903603
5.395	-2.603153346550818	0.06546046712869388
5.405	-2.610542579851554	0.06420026562247304
5.415	-2.618520572800019	0.06525043354432374
5.425	-2.627087340356365	0.06420026562247304
5.435	-2.636242530778689	0.06707072460886496
5.445	-2.645985424369732	0.062239952168351716
5.455	-2.656314932442922	0.06392022084331285
5.465	-2.667229596508982	0.06308008650583229
5.475	-2.6787275876840404	0.06581052310264411
5.485	-2.6908067063201737	0.06546046712869388
5.495	-2.7034643818591055	0.06315009770062233
5.505	-2.716697672909654	0.062660019337092
5.515	-2.730503267549441	0.05852935884447923
5.525	-2.744877483851136	0.058249314065319045
5.535	-2.7598162706335057	0.05719914614346834
5.545	-2.7753152084372426	0.05740917972783848
5.555	-2.7913695107256085	0.06069970588297068
5.565	-2.807974025309533	0.05726915733825839
5.575	-2.8251232359969563	0.05439869835186646
5.585	-2.842811264465862	0.05726915733825839
5.595	-2.861031872360316	0.0535585640143859
5.605	-2.8797784636088855	0.053418541624805804
5.615	-2.899044086964388	0.04977795949572336
5.625	-2.9188214387640525	0.04774763484681201
5.635	-2.9391028659088154	0.05145822817068449
5.645	-2.9598803690605537	0.048937825158242805
5.655	-2.981145606055667	0.04277684001671867
5.665	-3.0028898955335754	0.046417422145801114
5.675	-3.0251042207783443	0.04417706391251961
5.685	-3.047779233771546	0.043616974354199235
5.695	-3.0709052594545065	0.04333692957503905
5.705	-3.094472300197696	0.04053648178343717
5.715	-3.118470040475137	0.037806045186625344
5.725	-3.1428878517413534	0.037526000407465156
5.735	-3.1677147975085065	0.038996235498056135
5.745	-3.1929396386209197	0.03745598921267511
5.755	-3.2185508387244326	0.039206269082426276
5.765	-3.2445365699276127	0.03472555261586328
5.775	-3.270884718651814	0.035495675758553794
5.785	-3.2975828916670933	0.031014959291990787
5.795	-3.3246184223106234	0.033815407083592666
5.805	-3.351978376884395	0.0329752727461121
5.815	-3.3796495612286113	0.031084970486780834
5.825	-3.407618527467359	0.03136501526594102
5.835	-3.4358715809227602	0.026954309994168067
5.845	-3.4643947871938847	0.031014959291990787
5.855	-3.493173979396518	0.030174824954510227
5.865	-3.5221947655597736	0.028844612253499335
5.875	-3.5514425361755215	0.026254198046267597
5.885	-3.580902471896323	0.025764119682737268
5.895	-3.6105595513777256	0.024503918176516426
5.905	-3.6403985592604142	0.024293884592146285
5.915	-3.670404094287809	0.022053526358864782
5.925	-3.70056057755453	0.023663783839035862
5.935	-3.7308522608811057	0.020163224099533514
5.945	-3.7612632353101425	0.02114338082659417
5.955	-3.7917774397191684	0.019253078567262907
5.965	-3.8223786695453126	0.016592653165241122
5.975	-3.8530505856167623	0.018412944229782343
5.985	-3.883776723086019	0.017642821087091826
5.995	-3.91454050045985	0.01981316812558328
6.005	-3.945325228720783	0.018903022593312672
6.015	-3.976114120534795	0.017922865866252014
6.025	-4.006890299540096	0.018342933034992296
6.035	-4.0376368097114845	0.016452630775661028
6.045	-4.068336624794945	0.015402462853810323
6.055	-4.098972657807081	0.016102574801710793
6.065	-4.129527770593782	0.014772362100699902
6.075	-4.159984783442652	0.016452630775661028
6.085	-4.190326484743601	0.01617258599650084
6.095	-4.220535640692018	0.01484237329548995
6.105	-4.250595005028743	0.013862216568429292
6.115	-4.280487328811342	0.01484237329548995
6.125	-4.310195370210835	0.01435229493195962
6.135	-4.339701904328178	0.013022082230948728
6.145	-4.3689897330247875	0.010851735192457274
6.155	-4.398041694761304	0.012041925503888072
6.165	-4.426840674438786	0.012602015062208446
6.175	-4.455369613236622	0.011341813555987602
6.185	-4.483611518441304	0.010571690413297086
6.195	-4.511549473260258	0.010851735192457274
6.205	-4.539166646614955	0.009941589660186663
6.215	-4.566446302907553	0.009171466517496148
6.225	-4.593371811755176	0.009871578465396616
6.235	-4.619926657686168	0.00959153368623643
6.245	-4.64609444979249	0.009521522491446383
6.255	-4.671858931332571	0.007911265011275303
6.265	-4.697203989278853	0.007841253816485256
6.275	-4.722113663804357	0.00798127620606535
6.285	-4.746572157702625	0.008541365764385725
6.295	-4.770563845735388	0.009661544881026475
6.305	-4.79407328390236	0.007281164258164881
6.315	-4.817085218627621	0.007491197842535022
6.325	-4.839584595857074	0.007771242621695209
6.335	-4.861556570061492	0.007421186647744975
6.345	-4.882986513139788	0.007141141868584787
6.355	-4.903860023217077	0.007631220232115115
6.365	-4.924162933332266	0.007491197842535022
6.375	-4.943881320009925	0.00637101872589427
6.385	-4.963001511711256	0.007141141868584787
6.395	-4.981510097158994	0.007281164258164881
6.405	-4.99939393353125	0.007281164258164881
6.415	-5.016640154519296	0.0049707948300933315
6.425	-5.033236178244383	0.006230996336314176
6.435	-5.0491697150287465	0.005810929167573895
6.445	-5.064428775016116	0.006020962751944036
6.455	-5.079001675636998	0.006791085894634552
6.465	-5.09287704891421	0.005880940362363942
6.475	-5.106043848604155	0.006441029920684317
6.485	-5.118491357169454	0.005390861998833613
6.495	-5.130209192578635	0.005390861998833613
6.505	-5.141187314928692	0.0049707948300933315
6.515	-5.151416032886409	0.00546087319362366
6.525	-5.1608860099444325	0.004760761245723191
6.535	-5.169588270488247	0.005810929167573895
6.545	-5.17751420567024	0.00434069407698291
6.555	-5.184655579087182	0.005250839609253519
6.565	-5.191004532257584	0.005390861998833613
6.575	-5.196553589895469	0.0048307724405132375
6.585	-5.2012956649772395	0.005250839609253519
6.595	-5.205224063598433	0.005110817219673425
6.605	-5.208332489617266	0.004410705271772957
6.615	-5.210615049082017	0.006230996336314176
6.625	-5.212066254439396	0.005110817219673425
6.635	-5.212681028521197	0.00616098514152413
6.645	-5.212454708306636	0.005250839609253519
6.655	-5.211383048457934	0.0046207388561430975
6.665	-5.209462224626808	0.0050408060248833785
6.675	-5.206688836529681	0.005390861998833613
6.685	-5.203059910789564	0.006020962751944036
6.695	-5.198572903542683	0.006441029920684317
6.705	-5.1932257028080535	0.0049007836353032845
6.715	-5.187016630618384	0.005530884388413707
6.725	-5.179944444910777	0.0049007836353032845
6.735	-5.172008341175877	0.005950951557153989
6.745	-5.163207953864223	0.00546087319362366
6.755	-5.153543357548744	0.005950951557153989
6.765	-5.1430150678424384	0.005250839609253519
6.775	-5.131624042070437	0.00616098514152413
6.785	-5.11937167969582	0.005250839609253519
6.795	-5.1062598224986475	0.006651063505054458
6.805	-5.092290754507855	0.006511041115474364
6.815	-5.077467201685796	0.00637101872589427
6.825	-5.061792331365348	0.006651063505054458
6.835	-5.045269751439651	0.005740917972783848
6.845	-5.027903509304709	0.005600895583203754
6.855	-5.00969809055519	0.006581052310264411
6.865	-4.9906584174339805	0.006230996336314176
6.875	-4.970789847036042	0.0075612090373250685
6.885	-4.950098169267524	0.0075612090373250685
6.895	-4.928589604560905	0.006511041115474364
6.905	-4.906270801347367	0.006931108284214646
6.915	-4.883148833287582	0.007351175452954928
6.925	-4.859231196262272	0.006301007531104223
6.935	-4.834525805124068	0.007211153063374834
6.945	-4.809040990212332	0.007421186647744975
6.955	-4.782785493632726	0.006861097089424599
6.965	-4.755768465303403	0.008051287400855396
6.975	-4.727999458770002	0.008261320985225537
6.985	-4.699488426791572	0.007841253816485256
6.995	-4.670245716699762	0.008261320985225537
7.005	-4.640282065533784	0.009731556075816522
7.015	-4.609608594953772	0.007631220232115115
7.025	-4.578236805935218	0.010151623244556804
7.035	-4.546178573247408	0.008611376959175772
7.045	-4.5134461397188455	0.011131779971617461
7.055	-4.480052110292718	0.010361656828926945
7.065	-4.446009445875781	0.008751399348755866
7.075	-4.411331456983936	0.010851735192457274
7.085	-4.376031797187987	0.01141182475077765
7.095	-4.34012445636324	0.011341813555987602
7.105	-4.303623753746653	0.010431668023716992
7.115	-4.266544330805347	0.01001160085497671
7.125	-4.228901143920459	0.011971914309098025
7.135	-4.190709456890394	0.014212272542379526
7.145	-4.151984833257645	0.013302127010108916
7.155	-4.112743128463421	0.013862216568429292
7.165	-4.0730004818345495	0.01568250763297051
7.175	-4.032773308407	0.01568250763297051
7.185	-3.9920782905907064	0.01344214939968901
7.195	-3.9509323696803196	0.01666266436003117
7.205	-3.9093527372166417	0.01666266436003117
7.215	-3.8673568262035944	0.018763000203732578
7.225	-3.8249623021856545	0.016732675554821216
7.235	-3.782187054190784	0.016802686749611263
7.245	-3.7390491855439487	0.018202910645412202
7.255	-3.695567004556362	0.01799287706104206
7.265	-3.651759015095771	0.022053526358864782
7.275	-3.6076439070430633	0.021913503969284688
7.285	-3.563240546640561	0.02254360472239511
7.295	-3.518567966737481	0.0273043659681183
7.305	-3.473645356938108	0.024923985345256704
7.315	-3.4284920536581573	0.024713951760886567
7.325	-3.3831275300950487	0.02688429879937802
7.335	-3.337571386117725	0.03094494809720074
7.345	-3.2918433380817045	0.03143502646073107
7.355	-3.245963208575227	0.029754757785769945
7.365	-3.1999509161022375	0.030244836149300274
7.375	-3.153826464708055	0.03325531752527229
7.385	-3.107609933553635	0.03164506004510121
7.395	-3.061321466444335	0.03675587726477464
7.405	-3.0149812613191442	0.03703592204393483
7.415	-2.9686095597062625	0.037806045186625344
7.425	-2.922226636151102	0.03962633625116656
7.435	-2.8758527876227142	0.04396703032814947
7.445	-2.8295083229045437	0.04487717586042008
7.455	-2.783213551975698	0.042496795237558484
7.465	-2.7369887753886264	0.046627455730171255
7.475	-2.690854273649305	0.049637937106143275
7.485	-2.6448302966059556	0.05649903419556787
7.495	-2.5989370528523383	0.05831932526010909
7.505	-2.553194699151568	0.055938944637247495
7.515	-2.507623329886534	0.06469034398600336
7.525	-2.462242966542922	0.06301007531104223
7.535	-2.4170735472307214	0.06875099328382608
7.545	-2.3721349162502556	0.06875099328382608
7.555	-2.327446813708625	0.07078131793273744
7.565	-2.2830288651924615	0.07274163138685875
7.575	-2.2389005715028376	0.08002279564502364
7.585	-2.1950812984581747	0.08625379198133781
7.595	-2.1515902667709357	0.08499359047511697
7.605	-2.108446542003803	0.08926427335730983
7.615	-2.0656690246111253	0.0911545756166411
7.625	-2.023276440071146	0.09675547119984486
7.635	-1.981287329114713	0.0980156727060657
7.645	-1.9397200380559552	0.10480675860070025
7.655	-1.8985927092304065	0.11061768776827414
7.665	-1.857923271545972	0.1093574862620533
7.675	-1.8177294311520948	0.1172687512733286
7.685	-1.7780286622323795	0.11656863932542813
7.695	-1.7388381979259064	0.12609016181687452
7.705	-1.700175021382314	0.13505159475000053
7.715	-1.662055856955692	0.13617177386664128
7.725	-1.624497161542321	0.14758359861741893
7.735	-1.5875151160670238	0.1482837105653194
7.745	-1.55112561712302	0.14604335233203788
7.755	-1.5153442687699061	0.15815528903071602
7.765	-1.4801863744944073	0.16550646448367093
7.775	-1.4456669293383864	0.17026722572939412
7.785	-1.4118006121985531	0.17481795339074718
7.795	-1.3786017783021407	0.1821691288437021
7.805	-1.346084451862754	0.18286924079160258
7.815	-1.3142623189205471	0.1944210879319603
7.825	-1.2831487203706404	0.19680146855482192
7.835	-1.2527566451836951	0.20072209546306455
7.845	-1.2230987238224102	0.21381418888880332
7.855	-1.1941872218575957	0.21892500610847673
7.865	-1.166034033787304	0.22879658457387336
7.875	-1.1386506770624873	0.22431586810731036
7.885	-1.1120482863224668	0.23131698758631505
7.895	-1.0862376078433136	0.23866816303926996
7.905	-1.0612289942022668	0.24650941685575523
7.915	-1.037032399161046	0.2541406370878703
7.925	-1.0136573727708522	0.2572911408534225
7.935	-0.9911130567017095	0.26149181254082526
7.945	-0.9694081797986924	0.25995156625544424
7.955	-0.9485510538673729	0.28039483513413793
7.965	-0.9285495696907864	0.2780144545112763
7.975	-0.909411193280012	0.2740238164082437
7.985	-0.8911429623603557	0.28949629045684405
7.995	-0.8737514830949453	0.2932768949755066
8.005	-0.8572429270474728	0.2988077793639203
8.015	-0.8416230283856336	0.3100095705303278
8.025	-0.8268970813266607	0.2985277345847601
8.035	-0.8130699378262531	0.31330009668546
8.045	-0.8001460055120173	0.311759850400079
8.055	-0.7881292458624118	0.31302005190629983
8.065	-0.7770231726320502	0.32513198860497794
8.075	-0.7668308505240522	0.3164506004510121
8.085	-0.7575548941099912	0.32786242520178976
8.095	-0.7491974669978783	0.3364738021609655
8.105	-0.7417602812484052	0.334163432732894
8.115	-0.7352445970396162	0.340114384290048
8.125	-0.7296512225799381	0.3255520557737182
8.135	-0.7249805142694212	0.3350735782651646
8.145	-0.7212323771088807	0.3301727946298613
8.155	-0.7184062653564629	0.3450851791201413
8.165	-0.7165011834310402	0.34277480969206975
8.175	-0.7155156870616874	0.34452508956182093
8.185	-0.7154478846823462	0.33815407083592663
8.195	-0.7162954390706391	0.33605373499222524
8.205	-0.7180555692296684	0.3368238581349158
8.215	-0.7207250525114679	0.33815407083592663
8.225	-0.7243002269806587	0.3474655597430029
8.235	-0.7287769940167079	0.3337433655641537
8.245	-0.7341508211530599	0.34571527987325174
8.255	-0.7404167451512613	0.3264622013059888
8.265	-0.747569375308061	0.3268822684747291
8.275	-0.7556028969933797	0.32310166395606654
8.285	-0.7645110754168174	0.3249219550206078
8.295	-0.7742872596203316	0.31126977203654865
8.305	-0.7849243866945286	0.3186909586842936
8.315	-0.7964149862159084	0.3158204996979017
8.325	-0.8087511849022615	0.3049687645054444
8.335	-0.8219247114832946	0.31042963769906806
8.345	-0.8359269017834436	0.3041986413627539
8.355	-0.8507487040137374	0.29964791370140087
8.365	-0.8663806842693629	0.29383698453382695
8.375	-0.8828130322295911	0.2907564919630649
8.385	-0.9000355670565141	0.2845955068215408
8.395	-0.9180377434889762	0.2827052045622095
8.405	-0.9368086581279322	0.27458390596656407
8.415	-0.9563370559094393	0.2724835701228626
8.425	-0.976611336761243	0.26268200285225607
8.435	-0.9976195624389574	0.2601615998398144
8.445	-1.0193494635376927	0.2579212416065329
8.455	-1.0417884466747935	0.24692948402449552
8.465	-1.0649236018393975	0.24489915937558415
8.475	-1.0887417099043473	0.2324371667029558
8.485	-1.1132292502959114	0.2287265733790833
8.495	-1.13837240881667	0.22354574496461985
8.505	-1.1641570856169174	0.22627618156143167
8.515	-1.190568903309654	0.21808487177099617
8.525	-1.2175932152244984	0.20744317016290906
8.535	-1.245215113795325	0.20793324852643938
8.545	-1.2734194390768296	0.2006520842682745
8.555	-1.3021907873847725	0.19477114390591055
8.565	-1.331513520054812	0.18342933034992295
8.575	-1.3613717723147034	0.1811189609218514
8.585	-1.3917494622645556	0.17922865866252014
8.595	-1.4226302999597953	0.16746677793779224
8.605	-1.2502970711291006	0.20457271117651712
8.615	-1.2931984408175075	0.19393100956842999
8.625	-1.336552932406715	0.18805006920606604
8.635	-1.3803435164680282	0.18748997964774566
8.645	-1.4245530022933908	0.17271761754704576
8.655	-1.469164047479783	0.15689508752449516
8.665	-1.5141591675776462	0.14856375534447958
8.675	-1.5595207457976423	0.144713139631027
8.685	-1.6052310427700025	0.14268281498211563
8.695	-1.651272206350849	0.1410025463071545
8.705	-1.6976262814696386	0.13204111337402852
8.715	-1.744275220011958	0.12896062080326645
8.725	-1.791200890731971	0.1187389863639196
8.735	-1.83838508918868	0.10823730714541255
8.745	-1.8858095477001966	0.110407654183904
8.755	-1.9334559453102524	0.09857576226438608
8.765	-1.9813059177611092	0.10214633319867847
8.775	-2.0293410674671937	0.09059448605832073
8.785	-2.077542973483498	0.08751399348755866
8.795	-2.125893201463102	0.08779403826671885
8.805	-2.1743733135980383	0.0795327172814933
8.815	-2.2229648785377214	0.07813249338569236
8.825	-2.2716494812792747	0.07778243741174214
8.835	-2.320408733024023	0.07526203439930045
8.845	-2.369224280994472	0.0708513291275275
8.855	-2.4180778182062586	0.06798087014113556
8.865	-2.4669510931893153	0.0628000417266721
8.875	-2.515825919652801	0.06076971707776073
8.885	-2.5646841860882392	0.05887941481842947
8.895	-2.613507865305423	0.05726915733825839
8.905	-2.6622790238956484	0.050828127417574066
8.915	-2.7109798316168843	0.049917981885303456
8.925	-2.7595925706956375	0.047537601262441866
8.935	-2.8080996450401243	0.04578732139269069
8.945	-2.85648358935978	0.04074651536780731
8.955	-2.9047270781856667	0.042496795237558484
8.965	-2.9528129347870276	0.04214673926360825
8.975	-3.000724139978778	0.03458553022628318
8.985	-3.04844384081509	0.03850615713452581
8.995	-3.095955359164286	0.03794606757620544
9.005	-3.1432422001601523	0.03689589965435473
9.015	-3.190288060525096	0.02919466822744957
9.025	-3.2370768367604925	0.03227516079821163
9.035	-3.2835926331997825	0.026954309994168067
9.045	-3.3298197699197427	0.028564567474339147
9.055	-3.375742790505829	0.029824768980559992
9.065	-3.42134646966716	0.025624097293157174
9.075	-3.4666158206970925	0.022193548748444876
9.085	-3.511536102775401	0.026954309994168067
9.095	-3.217662820027738	0.031995116019051445
9.105	-3.2507778682989272	0.030174824954510227
9.115	-3.283501171038893	0.03276523916174196
9.125	-3.3158190406899095	0.02779444433164863
9.135	-3.3477180695806115	0.02870458986391924
9.145	-3.3791851361985605	0.028424545084759053
9.155	-3.410207411279127	0.02737437716290835
9.165	-3.4407723637074548	0.026114175656687503
9.175	-3.4708677662305174	0.02499399654004675
9.185	-3.500481700976362	0.02352376144945577
9.195	-3.529602564777716	0.023173705475505534
9.205	-3.558219074297265	0.024853974150466657
9.215	-3.5863202709520863	0.023593772644245815
9.225	-3.6138955256348058	0.02345375025466572
9.235	-3.6409345432291405	0.025834130877527315
9.245	-3.6674273669177415	0.022893660696345346
9.255	-3.6933643822802087	0.0204432688786937
9.265	-3.7187363211793936	0.01932308976205295
9.275	-3.743534265434278	0.019043044982892766
9.285	-3.7677496502776933	0.019953190515163373
9.295	-3.7913742675974125	0.02114338082659417
9.305	-3.81440026895924	0.019953190515163373
9.315	-3.836820168410857	0.018062888255832108
9.325	-3.858626845065289	0.016802686749611263
9.335	-3.8798135454630787	0.01799287706104206
9.345	-3.9003738857122547	0.019463112151633044
9.355	-3.9203018534054883	0.016312608386080934
9.365	-3.93959180931379	0.016732675554821216
9.375	-3.9582384888563666	0.01799287706104206
9.385	-3.9762370033463723	0.015612496438180464
9.395	-3.9935828410123415	0.0159625524121307
9.405	-4.010271867795351	0.014212272542379526
9.415	-4.026300327921983	0.015402462853810323
9.425	-4.041664844253413	0.014912384490279996
9.435	-4.056362418410929	0.016522641970451075
9.445	-4.070390430678513	0.015402462853810323
9.455	-4.083746639683068	0.015612496438180464
9.465	-4.096429181853123	0.01435229493195962
9.475	-4.108436570656986	0.015612496438180464
9.485	-4.1197676956213325	0.015822530022550605
9.495	-4.13042182113151	0.014492317321539714
9.505	-4.140398585014816	0.013932227763219339
9.515	-4.149697996908295	0.014072250152799433
9.525	-4.158320436412536	0.01484237329548995
9.535	-4.166266651033299	0.014702350905909855
9.545	-4.173537753912723	0.014212272542379526
9.555	-4.18013522135215	0.014072250152799433
9.565	-4.1860608901286	0.01274203745178854
9.575	-4.191316954607175	0.01484237329548995
9.585	-4.195905963651679	0.013092093425738775
9.595	-4.1998308173359	0.014212272542379526
9.605	-4.203094763458202	0.01505240687986009
9.615	-4.205701393862002	0.014772362100699902
9.625	-Inf	0.0
9.635	-Inf	0.0
9.645	-Inf	0.0
9.655	-Inf	0.0
9.665	-Inf	0.0
9.675	-Inf	0.0
9.685	-Inf	0.0
9.695	-Inf	0.0
9.705	-Inf	0.0
9.715	-Inf	0.0
9.725	-Inf	0.0
9.735	-Inf	0.0
9.745	-Inf	0.0
9.755	-Inf	0.0
9.765	-Inf	0.0
9.775	-Inf	0.0
9.785	-Inf	0.0
9.795	-Inf	0.0
9.805	-Inf	0.0
9.815	-Inf	0.0
9.825	-Inf	0.0
9.835	-Inf	0.0
9.845	-Inf	0.0
9.855	-Inf	0.0
9.865	-Inf	0.0
9.875	-Inf	0.0
9.885	-Inf	0.0
9.895	-Inf	0.0
9.905	-Inf	0.0
9.915	-Inf	0.0
9.925	-Inf	0.0
9.935	-Inf	0.0
9.945	-Inf	0.0
9.955	-Inf	0.0
9.965	-Inf	0.0
9.975	-Inf	0.0
9.985	-Inf	0.0
9.995	-Inf	0.0
