0.005	-Inf	0.0
0.015	-Inf	0.0
0.025	-Inf	0.0
0.035	-Inf	0.0
0.045	-Inf	0.0
0.055	-Inf	0.0
0.065	-Inf	0.0
0.075	-Inf	0.0
0.085	-Inf	0.0
0.095	-Inf	0.0
0.105	-Inf	0.0
0.115	-Inf	0.0
0.125	-Inf	0.0
0.135	-Inf	0.0
0.145	-Inf	0.0
0.155	-Inf	0.0
0.165	-Inf	0.0
0.175	-Inf	0.0
0.185	-Inf	0.0
0.195	-Inf	0.0
0.205	-Inf	0.0
0.215	-Inf	0.0
0.225	-Inf	0.0
0.235	-Inf	0.0
0.245	-Inf	0.0
0.255	-Inf	0.0
0.265	-Inf	0.0
0.275	-Inf	0.0
0.285	-Inf	0.0
0.295	-Inf	0.0
0.305	-Inf	0.0
0.315	-Inf	0.0
0.325	-Inf	0.0
0.335	-Inf	0.0
0.345	-Inf	0.0
0.355	-Inf	0.0
0.365	-Inf	0.0
0.375	-Inf	0.0
0.385	-Inf	0.0
0.395	-Inf	0.0
0.405	-Inf	0.0
0.415	-Inf	0.0
0.425	-Inf	0.0
0.435	-Inf	0.0
0.445	-Inf	0.0
0.455	-Inf	0.0
0.465	-Inf	0.0
0.475	-Inf	0.0
0.485	-Inf	0.0
0.495	-Inf	0.0
0.505	2.217228468919547	1.2165134533280721
0.515	2.2348228761290416	1.2453220210780411
0.525	2.25243672442133	1.227709200036591
0.535	2.270059136937988	1.2597945717012484
0.545	2.2876791498348696	1.1748707369122404
0.555	2.3052857188229896	1.2121443814418211
0.565	2.3228677257872183	1.1422392312618017
0.575	2.340413985478801	1.175553404394467
0.585	2.3579132522776534	1.1605347197854785
0.595	2.3753542270203294	1.147427504126725
0.605	2.392725563889533	1.1254456111990234
0.615	2.4100158773609475	1.1183458693838653
0.625	2.4272137492031614	1.097592777924172
0.635	2.4443077355263885	1.1336376209857446
0.645	2.4612863738756605	1.1370509583968782
0.655	2.4781381903641226	1.1332280204964085
0.665	2.4948517068420366	1.0902199691161232
0.675	2.5114154480970408	1.0678284756990857
0.685	2.5278179490812205	1.0727436815711182
0.695	2.5440477621604862	1.0631863368199437
0.705	2.5600934643817466	1.088308500165888
0.715	2.575943664753334	1.0462561832607202
0.725	2.5915870115341324	1.0493964536789633
0.735	2.6070121995268343	1.0615479348625996
0.745	2.622207977370734	1.0487137861967366
0.755	2.637163154829471	1.036835372005991
0.765	2.6518666100691144	1.04420818081404
0.775	2.6663072969219836	1.0409313768993516
0.785	2.6804742521316003	1.0502156546576353
0.795	2.694356602574154	1.0121228091493826
0.805	2.707943572451894	1.0102113401991477
0.815	2.721224490453834	0.9928715861505882
0.825	2.7341887968792054	1.0271414937583712
0.835	2.7468260507190685	0.9953291890866045
0.845	2.7591259366915315	1.0029750648875442
0.855	2.771078272226055	1.0002443949586373
0.865	2.7826730143922953	0.9860449113283207
0.875	2.793900266769028	1.0073441367737954
0.885	2.8047502862486757	0.9712992937122229
0.895	2.8152134897729955	0.9849526433567579
0.905	2.8252804609955504	0.963516884414838
0.915	2.834941956866585	0.9581920780534693
0.925	2.844188914135985	0.9540960731601087
0.935	2.8530124557700383	0.9411253909978005
0.945	2.861403897277763	0.964745685882846
0.955	2.8693547529426033	0.9572363435783517
0.965	2.8768567419553595	0.9482251328129586
0.975	2.8839017944442578	0.9349813836577596
0.985	2.890482057398132	0.9326603142181887
0.995	2.8965899004787365	0.9356640511399864
1.005	2.9022179217182735	0.9190069645736537
1.015	2.9073589530982917	0.9158666941554107
1.025	2.9120060660061577	0.9140917587016211
1.035	2.9161525765653895	0.8915637317881382
1.045	2.9197920508361968	0.894567468709936
1.055	2.922918309882657	0.8799583845902834
1.065	2.9255254347030277	0.8526516853012134
1.075	2.9276077710197637	0.8714933078106717
1.085	2.9291599339259013	0.870810640328445
1.095	2.9301768123845484	0.8721759752928985
1.105	2.9306535735783017	0.855245821733675
1.115	2.930585667105492	0.8402271371246864
1.125	2.9299688290202703	0.8318985938415201
1.135	2.928799085713605	0.8358580652384353
1.145	2.927072757632375	0.8024073586093244
1.155	2.9247864628338434	0.8227508495796816
1.165	2.921937120372856	0.8022708251128791
1.175	2.918521953519259	0.7775582622562707
1.185	2.914538492803082	0.7477939600311843
1.195	2.909984578885167	0.766772116037088
1.205	2.904858365251001	0.7569417042930228
1.215	2.899158320725644	0.7505246299600913
1.225	2.892883231807716	0.7062877771117977
1.235	2.886032204820539	0.7034205736864454
1.245	2.8786046678786334	0.6837597501983149
1.255	2.87060037266787	0.6519474455265483
1.265	2.862019396037688	0.66041252230616
1.275	2.8528621414039335	0.6363826269317783
1.285	2.843129339960926	0.6186332723938828
1.295	2.8328220517015454	0.5977436474377441
1.305	2.8219416662441854	0.6126257985502873
1.315	2.810489903465575	0.5917361735941488
1.325	2.7984688139385714	0.5810865608714114
1.335	2.7858807791741556	0.556783598504139
1.345	2.772728511666951	0.5612892038868356
1.355	2.7590150547437506	0.5479089212351912
1.365	2.7447437822146226	0.5322075691439759
1.375	2.729918397826286	0.5070854057980314
1.385	2.7145429345175995	0.49793766153619295
1.395	2.698621753477079	0.4797787065089614
1.405	2.682159543002524	0.47773070406228113
1.415	2.66516131716293	0.4685829598004426
1.425	2.6476324142629934	0.4345861191855504
1.435	2.6295784951106236	0.4199770350658979
1.445	2.6110055410880264	0.4059140849320268
1.455	2.591919852027012	0.42175197051968744
1.465	2.5723280438893137	0.4240730399592584
1.475	2.552237046252843	0.40331994849956515
1.485	2.5316540996048844	0.38147458906830906
1.495	2.5105867524433894	0.3631791005446321
1.505	2.4890428581876423	0.37628631620338576
1.515	2.467030571899671	0.3850244599758882
1.525	2.4445583468179004	0.40181808003866626
1.535	2.42163493070469	0.45670454560969714
1.545	2.398269362009458	0.4546565431630169
1.555	2.374470965849276	0.46557922287864495
1.565	2.3502493498088706	0.48455737888454864
1.575	2.3256143995621157	0.49001871874236264
1.585	2.3005762743172236	0.4949339246143953
1.595	2.2751454020879116	0.5246982268394816
1.605	2.2493324747929604	0.5246982268394816
1.615	2.223148443186683	0.535757440051555
1.625	2.1966045116229442	0.5644294743050786
1.635	2.1697121326554307	0.5752156205242613
1.645	2.142483001477024	0.5667505437446496
1.655	2.1149290502012263	0.572758017588245
1.665	2.087062441988638	0.5922823075799302
1.675	2.058895565021667	0.5858652332469987
1.685	2.0304410263306663	0.5763078884958241
1.695	2.001711645474857	0.5820422953465288
1.705	1.9727204480814293	0.6060721907209106
1.715	1.9434806592463731	0.6246407462374781
1.725	1.914005696800603	0.5849094987718811
1.735	1.8843091644450896	0.5940572430337197
1.745	1.8544048447587698	0.58054042688563
1.755	1.8243066920830877	0.5674332112268763
1.765	1.7940288252871217	0.5849094987718811
1.775	1.763585520417291	0.5967879129626267
1.785	1.7329912032357528	0.5999281833808697
1.795	1.7022604416516647	0.5709830821344555
1.805	1.671407938049529	0.5790385584247312
1.815	1.6404485215189417	0.5507761246605436
1.825	1.6093971399901261	0.5712561491273461
1.835	1.5782688522796728	0.5768540224816056
1.845	1.5470788200509997	0.5743964195455892
1.855	1.515842299694083	0.5566470650076937
1.865	1.484574634129072	0.5469531867600738
1.875	1.4532912445384578	0.5332998371155387
1.885	1.422007622032517	0.5343921050871016
1.895	1.3907393192527846	0.5264731622932712
1.905	1.3595019419183658	0.5294768992150689
1.915	1.3283111403199541	0.5184176860029955
1.925	1.2971826007664262	0.5245616933430363
1.935	1.2661320369889477	0.5185542194994409
1.945	1.235175181507553	0.4912475202103708
1.955	1.204327776965176	0.5055835373371326
1.965	1.1736055674341594	0.49261285517482434
1.975	1.1430242897002865	0.469129093786224
1.985	1.1125996645293763	0.48483044587743934
1.995	1.0823473879215397	0.45370080868789947
2.005	1.0522831223581914	0.4546565431630169
2.015	1.022422488046912	0.4624389524604019
2.025	0.9927810541692842	0.45083360526254707
2.035	0.9633743301368218	0.4463279998798505
2.045	0.9342177568601191	0.4278959778597282
2.055	0.9053266980363298	0.43049011429218986
2.065	0.8767164314601231	0.410283156818278
2.075	0.8484021403631936	0.4111023577969501
2.085	0.8203989047874665	0.3992239436062046
2.095	0.7927216929970533	0.4067332859106989
2.105	0.7653853529340686	0.40359301549245585
2.115	0.7384046037233207	0.3836591250114347
2.125	0.711794027230968	0.3919876682946011
2.135	0.6855680596820859	0.38120152207541835
2.145	0.6597409833421711	0.3663193709628752
2.155	0.6343269182675262	0.3639983015233042
2.165	0.6093398141294066	0.37546711522471365
2.175	0.5847934421168683	0.351437219850332
2.185	0.560701386923089	0.3265881234972782
2.195	0.537077038820009	0.34597587999251794
2.205	1.3339830547683393	0.758989706739703
2.215	1.305624126702115	0.7311368734648515
2.225	1.2777718321852185	0.7525726324067715
2.235	1.2504387064821674	0.6807560132765171
2.245	1.2236370522983684	0.6908594920134731
2.255	1.1973789324824813	0.6935901619423801
2.265	1.1716761628491947	0.6698333335608891
2.275	1.1465403051267749	0.6538589144767831
2.285	1.1219826600336467	0.6399324978393575
2.295	1.0980142604882501	0.6090759276427082
2.305	1.0746458649562647	0.6037511212813396
2.315	1.0518879509392947	0.591053506111922
2.325	1.0297507086089697	0.5797212259069578
2.335	1.0082440345903894	0.5570566654970297
2.345	0.9873775258986863	0.5417649138951505
2.355	0.9671604740324834	0.5363035740373364
2.365	0.9476018592278403	0.538078509491126
2.375	0.9287103448762835	0.5480454547316366
2.385	0.9104942721103423	0.5395803779520248
2.395	0.8929616545599761	0.52210409040702
2.405	0.8761201732831531	0.4958896590895127
2.415	0.8599771718737376	0.4811440414734149
2.425	0.8445396517497787	0.4815536419627509
2.435	0.8298142676251274	0.4876976493027917
2.445	0.8158073231672782	0.4816901754591963
2.455	0.8025247668441564	0.4684464263039973
2.465	0.7899721879625176	0.4549296101559076
2.475	0.7781548129004819	0.45137973924832847
2.485	0.7670775015366307	0.4457818658940691
2.495	0.7567447438779639	0.43130931527086197
2.505	0.7471606568889404	0.4400474590433644
2.515	0.7383289815236425	0.42202503751257814
2.525	0.7302530799630645	0.4063236854213628
2.535	0.722935933059337	0.4284421118455096
2.545	0.7163801379886303	0.4121946257685129
2.555	0.7105879061143366	0.4240730399592584
2.565	0.7055610610620033	0.4261210424059387
2.575	0.7013010370073836	0.425847975413048
2.585	0.6978088771788385	0.3992239436062046
2.595	0.6950852325751946	0.391578067805265
2.605	0.693130360900044	0.4003162115777674
2.615	0.6919441257133535	0.39144153430881967
2.625	0.6915259958010969	0.39594713969151624
2.635	0.6918750447635328	0.3985412761239779
2.645	0.6929899508225972	0.40195461353511164
2.655	0.6948689968487523	0.4127407597542943
2.665	0.6975100706075333	0.41792903261921766
2.675	0.7009106652258608	0.39512793871284413
2.685	0.7050678798781036	0.3872089959190138
2.695	0.7099784206917091	0.3977220751453058
2.705	0.7156386018721252	0.39635674018085226
2.715	0.7220443470465767	0.3790169861322928
2.725	0.7291911908261609	0.38147458906830906
2.735	0.737074280585561	0.38843779738702194
2.745	0.7456883784595993	0.38215725655053584
2.755	0.7550278635556785	0.3910319338194836
2.765	0.7650867343810486	0.3844783259901068
2.775	0.7758586114837303	0.39717594115952437
2.785	0.7873367403057542	0.3910319338194836
2.795	0.7995139942473142	0.3979951421381965
2.805	0.8123828779402418	0.40263728101733837
2.815	0.825935530729123	0.386526328436787
2.825	0.840163730358273	0.40113541255643953
2.835	0.8550588968626079	0.39567407269862553
2.845	0.8706120966603845	0.4124676927614036
2.855	0.8868140468456314	0.40796208737870704
2.865	0.9036551196779964	0.40331994849956515
2.875	0.9211253472675751	0.4078255538822617
2.885	0.9392144264522663	0.4009988790599942
2.895	0.9579117238649486	0.40973702283249663
2.905	0.9772062811877738	0.4186117001014444
2.915	0.9970868205907337	0.41478876220097455
2.925	1.0175417503514974	0.399770077591986
2.935	1.0385591706534947	0.40386608248534656
2.945	1.060126879559013	0.40263728101733837
2.955	1.0822323791540924	0.4141060947187478
2.965	1.104862881861771	0.4034564819960105
2.975	1.128005316920254	0.4139695612223025
2.985	1.1516463370224002	0.4138330277258571
2.995	1.1757723251128325	0.4078255538822617
3.005	1.2003694013389454	0.4134234272365211
3.015	1.2254234301519356	0.40946395583960593
3.025	1.2509200275538594	0.42967091331351775
3.035	1.276844568486764	0.4197039680730072
3.045	1.3031821943597048	0.4141060947187478
3.055	1.3299178207094622	0.4201135685623432
3.065	1.357036144990702	0.4345861191855504
3.075	1.3845216544911971	0.4056410179391361
3.085	1.4123586343676475	0.42420957345570376
3.095	1.4405311757976897	0.4485125358229761
3.105	1.4690231842433836	0.4334938512139876
3.115	1.4978183878216729	0.43144584876730735
3.125	1.5269003457770063	0.42980744680996313
3.135	1.5562524570514218	0.43963785855402837
3.145	1.585857968947237	0.45779681358125995
3.155	1.6156999858774657	0.4459183993905145
3.165	1.6457614781990744	0.4524720072198913
3.175	1.6760252911240086	0.4276229108668375
3.185	1.7064741537030574	0.45260854071633666
3.195	1.7370906878774257	0.45766028008481463
3.205	1.7678574175929112	0.44974133729098426
3.215	1.7987567779715534	0.4722693642044671
3.225	1.829771124535568	0.4706309622471229
3.235	1.8608827424783083	0.4822363094449777
3.245	1.8920738559770913	0.47704803658005435
3.255	1.9233266375425468	0.5059931378264687
3.265	1.9546232173992242	0.48783418279923707
3.275	1.985945692892149	0.4943877906286139
3.285	2.0172761379140143	0.5158235495705339
3.295	2.0485966123476214	0.5238790258608096
3.305	2.07988917151831	0.5277019637612794
3.315	2.1111358756508993	0.5192368869816677
3.325	2.1423187993259027	0.540399578930697
3.335	2.173420040929582	0.5372593085124538
3.345	2.204421732092519	0.5640198738157426
3.355	2.2353060471113384	0.5547355960574587
3.365	2.266055212348255	0.5716657496166822
3.375	2.2966515156031106	0.5769905559780508
3.385	2.3270773154526134	0.5607430699010542
3.395	2.35731505055144	0.5921457740834848
3.405	2.38734724888998	0.577400156467387
3.415	2.4171565370034482	0.6145372675005223
3.425	2.446725649127161	0.5985628484164163
3.435	2.476037436292809	0.6201351408547816
3.445	2.5050748753605134	0.6377479618962318
3.455	2.5338210779816457	0.6326962225277538
3.465	2.5622592994872497	0.6575453188808076
3.475	2.590372947697106	0.6489437086047506
3.485	2.6181455916444203	0.68771922159523
3.495	2.645560970211205	0.66041252230616
3.505	2.672603000669471	0.7066973776011338
3.515	2.699255787123469	0.6952285638997243
3.525	2.7255036288480774	0.6814386807587439
3.535	2.7513310285187824	0.6878557550916754
3.545	2.77672270032851	0.7587166397468122
3.555	2.80166357798676	0.7199411267563328
3.565	2.826138822596556	0.7315464739541876
3.575	2.8501338304047614	0.7486131610098563
3.585	2.8736342404213797	0.7361886128333295
3.595	2.8966259419036113	0.75584943632146
3.605	2.919095081700399	0.766772116037088
3.615	2.941028071453404	0.8059572295169035
3.625	2.9624115946503213	0.7801523986887323
3.635	2.983232613526621	0.7793331977100602
3.645	3.00347837581184	0.7920308128794777
3.655	3.023136421316652	0.8196105791614385
3.665	3.0421945883570616	0.8460980774718365
3.675	3.0606410200121132	0.8060937630133489
3.685	3.07846417021165	0.8387252686637876
3.695	3.095652809650746	0.838861802160233
3.705	3.112196031527513	0.8491018143936343
3.715	3.12808325710113	0.868079970399538
3.725	3.143304241067007	0.8956597366814988
3.735	3.1578490767461154	0.9020768110144303
3.745	3.171708201085663	0.8807775855689556
3.755	3.184872399468338	0.9061728159077908
3.765	3.197332810327499	0.9364832521186586
3.775	3.2090809295658094	0.9185973640843176
3.785	3.2201086147749045	0.923785636949241
3.795	3.2304080892538	0.9248779049208038
3.805	3.2399719458238994	0.9412619244942458
3.815	3.248793150438524	0.9394869890404562
3.825	3.2568650455850636	0.9302027112821724
3.835	3.2641813534779334	0.9228299024741234
3.845	3.2707361790406613	0.9461771303662784
3.855	3.2765240126755346	0.9243317709350224
3.865	3.281539732819386	0.9196896320558804
3.875	3.2857786082842093	0.9271989743603747
3.885	3.2892363003814182	0.9213280340132246
3.895	3.2919088648286934	0.8921098657739196
3.905	3.293792753438491	0.8967520046530616
3.915	3.2948848155874106	0.9016672105250941
3.925	3.2951822994657523	0.9056266819220093
3.935	3.294682853106723	0.8773642481578218
3.945	3.293384525194865	0.8917002652845836
3.955	3.291285765653428	0.8881503943770045
3.965	3.2883854260105325	0.8934752007383732
3.975	3.2846827595440855	0.9018037440215395
3.985	3.2801774212055586	0.8940213347241546
3.995	3.2748694673228504	0.8738143772502427
4.005	3.2687593550826	0.8751797122146961
4.015	3.2618479417924284	0.8759989131933683
4.025	3.254136483923736	0.9114976222691594
4.035	3.245626635935784	0.8585226256483635
4.045	3.236320448881938	0.8765450471791497
4.055	3.2262203687990665	0.8531978192869948
4.065	3.2153292348812235	0.8664415684421938
4.075	3.2036502774388484	0.8459615439753913
4.085	3.191187115644865	0.8305332588770666
4.095	3.177943755069168	0.8372234002028888
4.105	3.163924585003123	0.8243892515370258
4.115	3.149134375575808	0.782746535121194
4.125	3.1335782746638525	0.8140127058071792
4.135	3.117261804596873	0.7887540089647894
4.145	3.100190858660567	0.7834292026034207
4.155	3.0823716973997106	0.7731891903700194
4.165	3.0638109447233672	0.7727795898806834
4.175	3.0445155838147393	0.7819273341425218
4.185	3.0244929528482514	0.773052656873574
4.195	3.0037507405164825	0.7308638064719608
4.205	2.9822969813697604	0.7408307517124714
4.215	2.9601400509712574	0.7147528538914094
4.225	2.9372886608706095	0.7393288832515725
4.235	2.913751853399123	0.702464839211328
4.245	2.889538996289769	0.7166643228416444
4.255	2.864659777125233	0.6804829462836265
4.265	2.8391241976174415	0.7020552387219918
4.275	2.8129425677220192	0.6963208318712871
4.285	2.7861254995912663	0.6803464127871811
4.295	2.7586839013693014	0.6374748949033411
4.305	2.730628970833153	0.6665565296462007
4.315	2.7019721888836177	0.6221831433014618
4.325	2.672725312889842	0.6363826269317783
4.335	2.6429003698915645	0.6331058230170898
4.345	2.612509649663205	0.6365191604282237
4.355	2.5815656976438683	0.6109873965929431
4.365	2.5500813077375772	0.6228658107836886
4.375	2.5180695149879746	0.6135815330254047
4.385	2.4855435881319212	0.5742598860491439
4.395	2.4525170220364245	0.6008839178559872
4.405	2.419003530023379	0.5900977716368045
4.415	2.3850170360867295	0.5655217422766414
4.425	2.350571667006624	0.5640198738157426
4.435	2.3156817443653077	0.5537798615823413
4.445	2.2803617764694355	0.5488646557103087
4.455	2.2446264501836173	0.5476358542423005
4.465	2.2084906226800047	0.5428571818667133
4.475	2.171969313108811	0.5270192962790526
4.485	2.135077694194662	0.5214214229247932
4.495	2.097831083763753	0.5167792840456513
4.505	2.060244936206756	0.5191003534852223
4.515	2.0223348338825367	0.5085872742589304
4.525	1.9841164784677172	0.47745763706939043
4.535	1.9456056822571366	0.4814171084663056
4.545	1.9068183594203165	0.4896091182530266
4.555	1.8677705172190593	0.5042182023726791
4.565	1.8284782471912815	0.46394082092130073
4.575	1.7889577163062493	0.474180833154702
4.585	1.7492251580963547	0.4700848282613415
4.595	1.7092968637705832	0.4744539001475927
4.605	1.669189173314886	0.46967522777200543
4.615	1.62891846658456	0.4425050619793807
4.625	1.5885011543938148	0.4491952033052029
4.635	1.5479536696077243	0.43881865757535626
4.645	1.5072924582416571	0.4322650497459794
4.655	1.4665339705733533	0.43581492065355854
4.665	1.4256946522727734	0.43677065512867597
4.675	1.3847909355547854	0.4053679509462454
4.685	1.3438392303598292	0.4145156952080839
4.695	1.3028559155675803	0.407552486889371
4.705	1.2618573302486578	0.40291034801022907
4.715	1.2208597649593647	0.38707246242256843
4.725	1.17987945308446	0.38379565850788006
4.735	1.1389325622328834	0.38980313235147546
4.745	1.098035185691316	0.36154069858728793
4.755	1.0572033339404336	0.3725999117993613
4.765	1.0164529262386888	0.35894656215482623
4.775	0.9757997822783524	0.3425625425813842
4.785	1.5882219835639808	0.6613682567812774
4.795	1.5535197348569363	0.6411612993073655
4.805	1.5189615293141436	0.6325596890313085
4.815	1.484562706532828	0.6512647780443215
4.825	1.4503384660713514	0.6168583369400932
4.835	1.4163038596358801	0.6520839790229936
4.845	1.3824737833711156	0.6026588533097768
4.855	1.3488629702593569	0.6048433892529024
4.865	1.3154859826321168	0.580130826396294
4.875	1.2823572047983978	0.5981532479270801
4.885	1.2494908357937504	0.5795846924105126
4.895	1.2169008822540446	0.5503665241712076
4.905	1.184601151417887	0.5758982880064881
4.915	1.1526052442615031	0.5522779931214424
4.925	1.1209265487697964	0.5545990625610134
4.935	1.0895782333472566	0.5439494498382761
4.945	1.0585732403722758	0.5518683926321064
4.955	1.0279242798983232	0.5581489334685925
4.965	0.997643823505352	0.527155829775498
4.975	0.9677440983047287	0.5029894009046709
4.985	0.9382370811008485	0.5230598248821374
4.995	0.90913449271254	0.48701498182056496
5.005	0.8804477924572078	0.5162331500598699
5.015	0.8521881728006031	0.5135024801309629
5.025	0.8243665541750164	0.48537657986322075
5.035	0.7969935799685178	0.4833285774165405
5.045	0.770079611687829	0.47950563951607067
5.055	0.7436347242972827	0.46366775392841003
5.065	0.7176687017361845	0.4692656272826694
5.075	0.6921910326168336	0.4562949451203611
5.085	0.6672109061052951	0.45643147861680644
5.095	0.642737207986948	0.45943521553860417
5.105	0.6187785169186806	0.4329477172282062
5.115	0.5953431008695105	0.428988245831291
5.125	0.5724389137512831	0.43103624827797127
5.135	0.5500735922409874	0.43089971478152594
5.145	0.5282544527961388	0.4224346380019142
5.155	0.5069884888644403	0.4407301265255911
5.165	0.48628236828902494	0.4135599607329664
5.175	0.46614243091024576	0.40741595339292563
5.185	0.4465746863649964	0.4057775514355815
5.195	0.4275848120843615	0.3945818047270627
5.205	0.40917815149033876	0.39936047710265
5.215	0.39135971239213463	0.4003162115777674
5.225	0.3741341655825461	0.3921242017910464
5.235	0.357505843634774	0.3836591250114347
5.245	0.3414787398997978	0.4059140849320268
5.255	0.3260565077044906	0.3848879264794428
5.265	0.31124245975039866	0.37505751473537763
5.275	0.2970395677130291	0.3802457876003009
5.285	0.2834504620413838	0.3513006863538866
5.295	0.2704774319573342	0.35621589222591926
5.305	0.25812242565433596	0.3571716267010367
5.315	0.24638705069481137	0.3796996536145195
5.325	0.235272574605508	0.36877697389889147
5.335	0.22477992566986837	0.35976576313349834
5.345	0.2149096939165056	0.37273644529580663
5.355	0.20566213230262553	0.35539669124724715
5.365	0.19703715809117872	0.3712345768349078
5.375	0.18903435442040228	0.34761428194986216
5.385	0.1816529720643021	0.34720468146052613
5.395	0.17489193138249037	0.34024147314181324
5.405	0.16874982445771902	0.34133374111337605
5.415	0.16322491741929657	0.3383300041915783
5.425	0.15831515295048404	0.3376473367093516
5.435	0.15401815297788124	0.33300519783020965
5.445	0.1503312215406727	0.3308206618870841
5.455	0.14725134783749905	0.3147097093065327
5.465	0.14477520944864364	0.31211557287407105
5.475	0.14289917573110156	0.3230382525896991
5.485	0.1416193113839892	0.3097945034345001
5.495	0.1409313801816845	0.29982755819398954
5.505	0.14083084887195607	0.29996409169043486
5.515	0.14131289123625956	0.2889048784783615
5.525	0.14237239230929388	0.2835800721169928
5.535	0.14400395275481803	0.2819416701596486
5.545	0.1462018933946081	0.29982755819398954
5.555	0.1489602598873867	0.2775725982733974
5.565	0.1522728275544658	0.2962776872864104
5.575	0.1561331063487279	0.28712994302457195
5.585	0.16053434596352867	0.2905432804357057
5.595	0.16546954107800982	0.2880856774996894
5.605	0.1709314367352237	0.2684248540115589
5.615	0.17691253384941152	0.2805763351951951
5.625	0.18340509483872047	0.2764803303018346
5.635	0.1904011493795239	0.28658380903879055
5.645	0.19789250027849992	0.27634379680538923
5.655	0.20587072945852758	0.2818051366632033
5.665	0.2143272040544053	0.27716299778406134
5.675	0.2232530826143413	0.28043980169874977
5.685	0.23263932140309684	0.28644727554234517
5.695	0.24247668080262752	0.2684248540115589
5.705	0.2527557318059954	0.27334005988359156
5.715	0.2634668626003167	0.2823512706489847
5.725	0.2746002852343914	0.27798219876273345
5.735	0.28614604236670327	0.2680152535222229
5.745	0.29809401408936953	0.26036937772128327
5.755	0.31043392482363674	0.2775725982733974
5.765	0.3231553502824376	0.2811224691809765
5.775	0.33624772449552065	0.2823512706489847
5.785	0.34970034689262963	0.27361312687648226
5.795	0.36350238944018143	0.2899971464499243
5.805	0.3776429038268829	0.28016673470585907
5.815	0.39211082869366143	0.2816686031667579
5.825	0.40689499690332953	0.29996409169043486
5.835	0.42198414284535435	0.30064675917266165
5.845	0.4373669097710835	0.3111598383989536
5.855	0.45303185715478733	0.3091118359522734
5.865	0.4689674680758811	0.3159385107745409
5.875	0.48516215661766804	0.31921531468922926
5.885	0.5016042752779291	0.29941795770465346
5.895	0.5182821223867635	0.31457317581008737
5.905	0.5351839495269823	0.32044411615723745
5.915	0.552297968952453	0.33245906384442825
5.925	0.5696123609997719	0.3500718848858785
5.935	0.587115281488658	0.34065107363114927
5.945	0.6047948691064602	0.3375108032129062
5.955	0.6226392527722477	0.33887613817735973
5.965	0.640636558975914	0.3633156340410775
5.975	0.6587749190877774	0.35348522229701224
5.985	0.6770424766341873	0.36140416509084256
5.995	0.6954273945347169	0.3859801944510056
6.005	0.7139178622964653	0.3578542941832634
6.015	0.7325021031611056	0.3775151176713939
6.025	0.7511683812003758	0.38010925410385554
6.035	0.7699050083556296	0.38161112256475443
6.045	0.7887003514172668	0.38843779738702194
6.055	0.807542838939802	0.3902127328408115
6.065	0.8264209680884066	0.4008623455635488
6.075	0.845323311412822	0.40168154654222094
6.085	0.8642385235446375	0.3977220751453058
6.095	0.8831553478138785	0.4287151788384003
6.105	0.9020626227810035	0.42530184142726657
6.115	0.9209492886804617	0.42885171233484565
6.125	0.9398043937719934	0.42257117149835954
6.135	0.9586171005959124	0.4400474590433644
6.145	0.9773766921287506	0.4343130521926597
6.155	0.99607257783566	0.4460549328869598
6.165	1.0146942996160138	0.4330842507246515
6.175	1.0332315376388403	0.4419589279935993
6.185	1.0516741160646554	0.4482394688300854
6.195	1.0700120086504419	0.4625754859568472
6.205	1.0882353442345736	0.4728154981902485
6.215	1.106334412098569	0.4610736174959484
6.225	1.1242996672026386	0.4822363094449777
6.235	1.1421217352920796	0.48537657986322075
6.245	1.1597914178716682	0.481963242452087
6.255	1.1772996970452971	0.490155252238808
6.265	1.1946377402181771	0.49862032901841974
6.275	1.2117969046590193	0.5054470038406873
6.285	1.2287687419197355	0.49138405370681615
6.295	1.245545002110293	0.4964357930752941
6.305	1.2621176380263681	0.5038086018833431
6.315	1.2784788091277095	0.5095430087340478
6.325	1.294620885365056	0.5051739368477965
6.335	1.3105364508536606	0.525244360825263
6.345	1.3262183073915423	0.5234694253714736
6.355	1.341659477820694	0.5290672987257329
6.365	2.066787053290537	1.073426349053345
6.375	2.0683139474966095	1.074655150521353
6.385	2.0695805816057256	1.0577249969621296
6.395	2.0705808930506517	1.0270049602619258
6.405	2.0713090547037742	1.030554831169505
6.415	2.071759477264743	1.016082280546298
6.425	2.071926811481643	1.0035211988733257
6.435	2.0718059502047916	1.0212705534112212
6.445	2.0713920302723903	0.980720104966952
6.455	2.070680434227289	1.0171745485178607
6.465	2.069666791864312	0.9878198467821103
6.475	2.068346981607726	0.9762144995842555
6.485	2.066717131718389	0.9710262267193321
6.495	2.064773621330454	0.9793547700024986
6.505	2.062513081317409	0.9569632765854611
6.515	2.0599323949874817	0.9489078002951854
6.525	2.0570286986084705	0.9413984579906911
6.535	2.0537993817622326	0.9356640511399864
6.545	2.0502420875291096	0.9117706892620501
6.555	2.0463547125027284	0.9177781631056455
6.565	2.0421354066357065	0.8934752007383732
6.575	2.037582572916918	0.900438409057086
6.585	2.0326948668810227	0.8825525210227451
6.595	2.0274711959511778	0.8734047767609067
6.605	2.0219107186158443	0.84159247208914
6.615	2.0160128434407776	0.8469172784505087
6.625	2.0097772279173904	0.847053811946954
6.635	2.0032037771487445	0.8413194050962493
6.645	1.9962926423745666	0.8085513659493652
6.655	1.9890442193367652	0.7961268177728383
6.665	1.9814591464870681	0.7988574877017453
6.675	1.973538303038402	0.7798793316958416
6.685	1.9652828068618753	0.7801523986887323
6.695	1.9566940122311902	0.7533918333854436
6.705	1.947773507416486	0.7439710221307144
6.715	1.9385231121296966	0.7208968612314502
6.725	1.9289448748235625	0.7233544641674665
6.735	1.9190410698465779	0.6926344274672627
6.745	1.9088141944562134	0.7098376480193769
6.755	1.8982669656928532	0.6926344274672627
6.765	1.8874023171169563	0.6758408074044846
6.775	1.8762233954120744	0.6645085271995205
6.785	1.8647335568563956	0.674475472440031
6.795	1.8529363636655831	0.6542685149661193
6.805	1.840835580209798	0.6456669046900622
6.815	1.8284351691077596	0.6238215452588061
6.825	1.8157392872009226	0.6554973164341273
6.835	1.802752281410823	0.6168583369400932
6.845	1.7894786844826738	0.572758017588245
6.855	1.7759232106185587	0.5967879129626267
6.865	1.7620907510033592	0.5662044097588682
6.875	1.7479863692268665	0.5735772185669171
6.885	1.7336152966054281	0.5600604024188274
6.895	1.7189829274066375	0.5586950674543739
6.905	1.704094813980529	0.5395803779520248
6.915	1.6889566618009317	0.5302961001937411
6.925	1.6735743244205543	0.5338459711013201
6.935	1.6579537983434975	0.5089968747482664
6.945	1.64210121781896	0.5005317979686547
6.955	1.6260228495598315	0.506129671322914
6.965	1.6097250873900615	0.4893360512601359
6.975	1.593214446824622	0.5047643363584605
6.985	1.5764975595859705	0.47991524000540675
6.995	1.5595811680609135	0.4538373421843448
7.005	1.542472119701864	0.44318772946160745
7.015	1.5251773613764579	0.46503308889286354
7.025	1.50770393366953	0.42775944436328284
7.035	1.490058965141549	0.42284423849125025
7.045	1.4722496665474587	0.4132868937400757
7.055	1.4542833250201206	0.42202503751257814
7.065	1.6651345333327483	0.5085872742589304
7.075	1.660289116141802	0.4896091182530266
7.085	1.655308917072142	0.47827683804806254
7.095	1.650201470036944	0.49001871874236264
7.105	1.6449743558562482	0.49288592216771504
7.115	1.6396351963139573	0.4889264507707998
7.125	1.6341916482082022	0.4810075079769695
7.135	1.6286513973992018	0.47677496958716364
7.145	1.623022152858733	0.4683098928075519
7.155	1.6173116407253185	0.4571141460990332
7.165	1.6115275983692443	0.4670810913395438
7.175	1.6056777684714585	0.4668080243466531
7.185	1.5997698931204576	0.44509919841184237
7.195	1.5938117079311815	0.45725067959547855
7.205	1.5878109361899384	0.47104056273645895
7.215	1.5817752830293959	0.4474202678514133
7.225	1.5757124296375422	0.4427781289722714
7.235	1.5696300275046302	0.47800377105517183
7.245	1.5635356927119692	0.44509919841184237
7.255	1.5574370002664497	0.44387039694383423
7.265	1.5513414784846293	0.4345861191855504
7.275	1.5452566034301916	0.4617562849781751
7.285	1.5391897934085068	0.44400693044027956
7.295	1.533148403522011	0.44441653092961564
7.305	1.5271397202900778	0.45137973924832847
7.315	1.5211709563369444	0.43130931527086197
7.325	1.5152492451513013	0.43103624827797127
7.335	1.509381635921015	0.44223199498649
7.345	1.5035750884464278	0.4541104091772355
7.355	1.4978364681356264	0.43171891576019805
7.365	1.4921725410850044	0.44987787078742963
7.375	1.4865899692483646	0.4407301265255911
7.385	1.4810953056977636	0.44209546149004464
7.395	1.4756949899792218	0.4452357319082877
7.405	1.4703953435663568	0.4722693642044671
7.415	1.4652025654149055	0.45370080868789947
7.425	1.4601227276210704	0.45970828253149487
7.435	1.4551617711865128	0.47991524000540675
7.445	1.4503255018927312	0.46544268938219957
7.455	1.4456195862875374	0.4971184605575209
7.465	1.4410495477861922	0.47677496958716364
7.475	1.4366207628897365	0.4733616321760299
7.485	1.4323384575229343	0.49998566398287325
7.495	1.4282077034941847	0.5103622097127198
7.505	1.4242334150796352	0.5050374033513512
7.515	1.4204203457336924	0.5038086018833431
7.525	1.4167730849279931	0.5432667823560493
7.535	1.4132960551208167	0.5147312815989711
7.545	1.4099935088588447	0.5200560879603398
7.555	1.4068695260130628	0.5479089212351912
7.565	1.403928011150511	0.5402630454342516
7.575	1.401172691043488	0.5505030576676528
7.585	1.3986071123177264	0.5327537031297573
7.595	1.3962346392409533	0.5480454547316366
7.605	1.3940584516531516	0.5623814718583984
7.615	1.3920815430397373	0.5795846924105126
7.625	1.3903067187487734	0.5607430699010542
7.635	1.3887365943532282	0.5681158787091031
7.645	1.3873735941592007	0.5819057618500835
7.655	1.3862199498609256	0.5698908141628927
7.665	1.3852776993432556	0.5880497691901243
7.675	1.3845486856322422	0.5922823075799302
7.685	1.3840345559943146	0.5992455158986429
7.695	1.3837367611844518	0.5879132356936789
7.705	1.3836565548436521	0.5971975134519627
7.715	1.3837949930458926	0.5779462904531684
7.725	1.3841529339946614	0.5985628484164163
7.735	1.3847310378690556	0.5952860445017278
7.745	1.3855297668193323	0.6003377838702058
7.755	1.386549385111668	0.5928284415657116
7.765	1.3877899594218368	0.5825884293323103
7.775	1.3892513592773537	0.6193159398761096
7.785	1.3909332576475615	0.5943303100266104
7.795	1.39283513168103	0.5948764440123918
7.805	1.3949562635895418	0.5876401687007882
7.815	1.3972957416778113	0.6037511212813396
7.825	1.3998524615180177	0.5997916498844243
7.835	1.4026251272681238	0.6161756694578664
7.845	1.4056122531328146	0.5952860445017278
7.855	1.4088121649658638	0.5948764440123918
7.865	1.4122230020125779	0.6213639423227898
7.875	1.4158427187908988	0.5865479007292254
7.885	1.4196690871096305	0.6000647168773151
7.895	1.4236996982222057	0.6025223198133314
7.905	1.4279319651142661	0.6094855281320443
7.915	1.4323631249232258	0.5976071139412988
7.925	1.436990241488024	0.6133084660325141
7.935	1.4418102080269624	0.6208178083370084
7.945	1.446819749941659	0.602385786316886
7.955	1.4520154277449286	0.6265522151877131
7.965	1.4573936401103476	0.6075740591818094
7.975	1.4629506270411932	0.5961052454803999
7.985	1.468682473156345	0.6243676792445875
7.995	1.4745851110906891	0.6131719325360687
8.005	1.4806543250074298	0.6193159398761096
8.015	1.486885754219713	0.6098951286213803
8.025	1.4932748969187903	0.5873671017078975
8.035	1.4998171140060244	0.6077105926782547
8.045	1.5065076330257925	0.5980167144306349
8.055	1.5133415521964315	0.5896881711474684
8.065	1.5203138445361941	0.6000647168773151
8.075	1.5274193620811634	0.6199986073583362
8.085	1.5346528401920612	0.6081201931675908
8.095	1.542008901946652	0.6081201931675908
8.105	1.5494820626146761	0.6027953868062221
8.115	1.5570667342118307	0.6221831433014618
8.125	1.564757230129617	0.5991089824021977
8.135	1.5725477698375439	0.5829980298216463
8.145	1.5804324836542876	0.623002344280134
8.155	1.5884054175843165	0.602385786316886
8.165	1.5964605382164003	0.6096220616284896
8.175	1.6045917376805037	0.5936476425443836
8.185	1.6127928386593107	0.6113969970822791
8.195	1.6210575994508984	0.6123527315573967
8.205	1.6293797190786874	0.5907804391190312
8.215	1.6377528424450656	0.5843633647860998
8.225	1.6461705655249024	0.5873671017078975
8.235	1.6546264405951294	0.5839537642967637
8.245	1.663113981496646	0.5875036352043429
8.255	1.671626668924656	0.575488687517152
8.265	1.6801579557436552	0.5670236107375403
8.275	1.688701272323148	0.5704369481486741
8.285	1.6972500318902575	0.5382150429875714
8.295	1.705797635895297	0.550912658156989
8.305	1.714337479386446	0.5339825045977655
8.315	1.7228629563896192	0.5283846312435061
8.325	1.7313674652895912	0.5253808943217084
8.335	1.7398444142084986	0.5227867578892468
8.345	1.7482872263777953	0.5132294131380722
8.355	1.7566893454997925	0.5152774155847525
8.365	1.7650442410948282	0.49111098671392545
8.375	1.7733454138302505	0.49302245566416036
8.385	1.7815864008272753	0.4827824434307591
8.395	1.7897607809419258	0.49288592216771504
8.405	1.7978621800161594	0.47049442875067754
8.415	1.8058842760954121	0.4547930766594622
8.425	1.8138208046087168	0.46421388791419144
8.435	1.8216655635076509	0.42885171233484565
8.445	1.829412418360393	0.4330842507246515
8.455	1.8370553073971179	0.40796208737870704
8.465	1.8445882465031178	0.40850822136448844
8.475	1.8520053341559428	0.4117850252791769
8.485	1.859300756303022	0.3979951421381965
8.495	1.8664687911761417	0.3848879264794428
8.505	1.8735038140393159	0.3695961748775636
8.515	1.8804003018665174	0.38202072305409046
8.525	1.8871528379458844	0.3979951421381965
8.535	1.8937561164070191	0.40209114703155696
8.545	1.9002049466680337	0.4139695612223025
8.555	1.9064942577990924	0.4268037098881654
8.565	1.9126191027992423	0.41519836269031063
8.575	1.918574662783348	0.42953437981707243
8.585	1.9243562510760857	0.4474202678514133
8.595	1.9299593172099176	0.4269402433846108
8.605	1.935379450824144	0.4464645333762959
8.615	1.9406123854620618	0.45097013875899244
8.625	1.9456540022634838	0.4565680121132518
8.635	1.950500333549805	0.4688560267933333
8.645	1.9551475662989628	0.4968453935646302
8.655	1.9595920455076947	0.4803248404947428
8.665	1.9638302774385268	0.505720070833578
8.675	1.9678589327491	0.5305691671866317
8.685	1.9716748495014074	0.5279750307541701
8.695	1.9752750360487186	0.5227867578892468
8.705	1.9786566737979152	0.538078509491126
8.715	1.9818171198452101	0.5428571818667133
8.725	1.9847539094831141	0.5454513182991749
8.735	1.9874647585768197	0.5505030576676528
8.745	1.9899475658080596	0.564566007801524
8.755	1.992200414784738	0.5767174889851602
8.765	1.9942215760146154	0.58054042688563
8.775	1.9960095087415293	0.6002012503737605
8.785	1.9975628626426194	0.591872707090594
8.795	1.998880479385188	0.6318770215490818
8.805	1.999961394041932	0.6403420983286935
8.815	2.000804836363293	0.636655693924669
8.825	2.00141023190591	0.6482610411225238
8.835	2.001777203016114	0.6530397134981111
8.845	2.0019055696676156	0.6333788900099806
8.855	2.0017953501525447	0.6657373286675287
8.865	2.0014467616252123	0.6957746978855057
8.875	2.000860220497942	0.6882653555810114
8.885	2.0000363426885133	0.6946824299139429
8.895	1.9989759437188386	0.6986419013108581
8.905	1.997680038664552	0.7043763081615628
8.915	1.996149841955368	0.6976861668357407
8.925	1.994386767026119	0.7199411267563328
8.935	1.9923924258184944	0.7299080719968434
8.945	1.990168628133596	0.7513438309387633
8.955	1.987717380835587	0.7342771438830945
8.965	1.9850408869067226	0.7700489199517764
8.975	1.9821415443542296	0.7518899649245447
8.985	1.9790219449695696	0.743015287655597
8.995	1.975684872940729	0.7843849370785382
9.005	1.972133303318289	0.7826100016247486
9.015	1.9683704003361235	0.7981748202195186
9.025	1.9643995155876735	0.7797427981993963
9.035	1.9602241860588454	0.7966729517586197
9.045	1.9558481320187069	0.7895732099434615
9.055	1.951275254769203	0.8050014950417861
9.065	1.946509634255265	0.8489652808971889
9.075	1.9415555265367548	0.8435039410393749
9.085	1.936417361123783	0.8515594173296506
9.095	1.9310997381770598	0.8332639288059737
9.105	1.9256074255749935	0.8480095464220715
9.115	1.9199453558493964	0.855655422223011
9.125	1.9141186229916891	0.8631647645275053
9.135	1.9081324791316514	0.8791391836116114
9.145	1.9019923310908071	0.8877407938876685
9.155	1.8957037368126384	0.8941578682206
9.165	1.8892724016719262	0.8876042603912231
9.175	1.8827041746655737	0.9071285503829082
9.185	1.876005044487374	0.918733897580763
9.195	1.8691811354892525	0.921054967020334
9.205	1.862238703531615	0.9348448501613144
9.215	1.855184131725497	0.9408523240049097
9.225	1.8480239260692723	0.9531403386849913
9.235	1.8407647109828134	0.9555979416210076
9.245	1.8334132247419914	0.9617419489610484
9.255	1.8259763148165438	0.9606496809894856
9.265	1.8184609331143815	0.9448117954018249
9.275	1.8108741311354388	0.9609227479823762
9.285	1.8032230550383357	0.9834507748958591
9.295	1.7955149406230668	0.9785355690238264
9.305	1.7877571082330932	1.0134881441138361
9.315	1.7799569575801928	1.012259342645828
9.325	1.7721219624955573	0.9839969088816405
9.335	1.7642596656106364	1.0229089553685653
9.345	1.7563776729712735	1.0260492257868083
9.355	1.7484836485887554	1.0209974864183304
9.365	1.7405853089314598	1.045027381792712
9.375	1.732690417360776	1.0513079226291981
9.385	1.7248067785150816	1.0416140443815785
9.395	1.716942232645545	1.0757474184929159
9.405	1.709104649907618	1.0880354331729976
9.415	1.7013019246120376	1.0821644928258474
9.425	1.6935419694393237	1.100323447853079
9.435	1.6858327096216263	1.0836663612867463
9.445	1.6781820770959273	1.1176632019016386
9.455	1.6705980046326014	1.0992311798815162
9.465	1.6630884199433162	1.1494755065734052
9.475	1.6556612397723476	1.1060578547037838
9.485	1.6483243639753231	1.1594424518139157
9.495	1.641085669589513	1.1740515359335681
9.505	-Inf	0.0
9.515	-Inf	0.0
9.525	-Inf	0.0
9.535	-Inf	0.0
9.545	-Inf	0.0
9.555	-Inf	0.0
9.565	-Inf	0.0
9.575	-Inf	0.0
9.585	-Inf	0.0
9.595	-Inf	0.0
9.605	-Inf	0.0
9.615	-Inf	0.0
9.625	-Inf	0.0
9.635	-Inf	0.0
9.645	-Inf	0.0
9.655	-Inf	0.0
9.665	-Inf	0.0
9.675	-Inf	0.0
9.685	-Inf	0.0
9.695	-Inf	0.0
9.705	-Inf	0.0
9.715	-Inf	0.0
9.725	-Inf	0.0
9.735	-Inf	0.0
9.745	-Inf	0.0
9.755	-Inf	0.0
9.765	-Inf	0.0
9.775	-Inf	0.0
9.785	-Inf	0.0
9.795	-Inf	0.0
9.805	-Inf	0.0
9.815	-Inf	0.0
9.825	-Inf	0.0
9.835	-Inf	0.0
9.845	-Inf	0.0
9.855	-Inf	0.0
9.865	-Inf	0.0
9.875	-Inf	0.0
9.885	-Inf	0.0
9.895	-Inf	0.0
9.905	-Inf	0.0
9.915	-Inf	0.0
9.925	-Inf	0.0
9.935	-Inf	0.0
9.945	-Inf	0.0
9.955	-Inf	0.0
9.965	-Inf	0.0
9.975	-Inf	0.0
9.985	-Inf	0.0
9.995	-Inf	0.0
