0.005	-Inf	0.0
0.015	-Inf	0.0
0.025	-Inf	0.0
0.035	-8.433248944608248	0.0002040104658775964
0.045	-8.419887564417738	0.00023214984048140278
0.055	-8.405955356490736	0.0001899407785756932
0.065	-8.391455687124278	0.0002040104658775964
0.075	-8.376392167824946	0.0002884285896890156
0.085	-8.36076865432741	0.0002251149968304512
0.095	-8.344589245491289	0.00023214984048140278
0.105	-8.32785828207666	0.00021104530952854798
0.115	-8.310580345398634	0.0002251149968304512
0.125	-8.292760255861436	0.00021808015317949957
0.135	-8.27440307137254	0.0001547665603209352
0.145	-8.255514085637426	0.00019697562222664478
0.155	-8.236098826335661	0.00023918468413235437
0.165	-8.216163053178983	0.00021808015317949957
0.175	-8.195712755852213	0.0002673240587361608
0.185	-8.174754151837835	0.0002954634333399672
0.195	-8.15329368412517	0.00033063765159472517
0.205	-8.131338018805119	0.00023918468413235437
0.215	-8.108894042551526	0.00023918468413235437
0.225	-8.08596885999028	0.0003587770261985316
0.235	-8.062569790957298	0.0003376724952456768
0.245	-8.038704367646664	0.00037284671350043476
0.255	-8.014380331650184	0.000316567964292822
0.265	-7.989605630889717	0.00032360280794377355
0.275	-7.964388416443715	0.0002673240587361608
0.285	-7.9387370392694185	0.00035174218254757997
0.295	-7.912660046822264	0.00042209061905709597
0.305	-7.886166179574067	0.00044319515000995076
0.315	-7.859264367431647	0.00042209061905709597
0.325	-7.831963726057582	0.000386916400802338
0.335	-7.804273553094849	0.00045726483731185394
0.345	-7.7762033242971675	0.00041505577540614435
0.355	-7.747762689566899	0.0005135435865194668
0.365	-7.718961468902422	0.00039395124445328956
0.375	-7.6898096482569445	0.000492439055566612
0.385	-7.6603173753107745	0.0005627874920761279
0.395	-7.6304949551590955	0.0005065087428685152
0.405	-7.600352845917387	0.00052761327382137
0.415	-7.569901654246617	0.0004291254627080476
0.425	-7.539152130800425	0.00047836936826470874
0.435	-7.508115165596551	0.0005768571793780312
0.445	-7.476801783314774	0.0005065087428685152
0.455	-7.4452231385237235	0.0005557526484251764
0.465	-7.413390510838908	0.0006472056158875471
0.475	-7.381315300014394	0.0006190662412837407
0.485	-7.349009020970566	0.0005698223357270796
0.495	-7.316483298760475	0.0005557526484251764
0.505	-7.283749863477262	0.0007105192087461115
0.515	-7.250820545105262	0.0006472056158875471
0.525	-7.217707268317315	0.0006753449904913536
0.535	-7.184422047220953	0.0007175540523970632
0.545	-7.150976980056083	0.0007456934270008695
0.555	-7.117384243846845	0.0007175540523970632
0.565	-7.083656089010354	0.000998947798435127
0.575	-7.049804833925045	0.0008371463944632404
0.585	-7.0158428594613795	0.0008934251436708531
0.595	-6.981782603477674	0.0009145296746237079
0.605	-6.94763655528386	0.0009426690492275144
0.615	-6.91341725007597	0.0011607492024070139
0.625	-6.879137263344193	0.0009356342055765627
0.635	-6.844809205257337	0.0011466795151051107
0.645	-6.810445715026561	0.0011115052968503527
0.655	-6.776059455251243	0.0009567387365294175
0.665	-6.741663106249883	0.0013717945119355618
0.675	-6.707269360378909	0.0012170279516146268
0.685	-6.672890916342316	0.0012592370135203364
0.695	-6.6385404734950155	0.001266271857171288
0.705	-6.604230726142832	0.0013999338865393683
0.715	-6.569974357842047	0.001491386854001739
0.725	-6.53578403570141	0.0014069687301903199
0.735	-6.501672404689535	0.0015406307595584002
0.745	-6.4676520819505905	0.0016039443524169647
0.755	-6.433735651131209	0.0015969095087660131
0.765	-6.399935656721495	0.0016109791960679163
0.775	-6.366264598413063	0.0019345820040116899
0.785	-6.332734925476969	0.0017868502873417062
0.795	-6.29935903116443	0.0017446412254359966
0.805	-6.266149247133201	0.0021174879389364316
0.815	-6.233117837902464	0.0021315576262383347
0.825	-6.2002769953390615	0.0018712684111531254
0.835	-6.167638833177923	0.002173766688144044
0.845	-6.135215381579465	0.002314463561163076
0.855	-6.103018581726775	0.0021878363754459476
0.865	-6.071060280465324	0.0022581848119554633
0.875	-6.039352224987987	0.0024692301214840114
0.885	-6.007906057568051	0.002581787619899237
0.895	-6.5022434399071125	0.0016250488833698194
0.905	-6.4709217158551215	0.0016109791960679163
0.915	-6.439896125269562	0.0016813276325774323
0.925	-6.409177839129448	0.001737606381785045
0.935	-6.378777897972764	0.001737606381785045
0.945	-6.348707206973133	0.0017165018508321903
0.955	-6.318976531082734	0.0018712684111531254
0.965	-6.289596490243964	0.002173766688144044
0.975	-6.260577554672258	0.0018149896619455127
0.985	-6.231930040212491	0.0017657457563888515
0.995	-6.203664103771301	0.002040104658775964
1.005	-6.175789738827673	0.002145627313540238
1.015	-6.148316771024039	0.0019275471603607383
1.025	-6.1212548538401546	0.0020752788770307218
1.035	-6.0946134643519105	0.002173766688144044
1.045	-6.068401899077249	0.0024340559032292536
1.055	-6.042629269911263	0.0024340559032292536
1.065	-6.017304500152534	0.002300393873861173
1.075	-5.9924363206227	0.002736554180220172
1.085	-5.968033265881209	0.0026802754310125596
1.095	-5.944103670537148	0.0026099269945030435
1.105	-5.92065566565999	0.002806902616729688
1.115	-5.89769717529105	0.0028350419913334944
1.125	-5.875235913057382	0.0025747527762482853
1.135	-5.853279378889804	0.0027154496492673174
1.145	-5.831834855846658	0.003088296362767752
1.155	-5.8109094070448934	0.0028772510532392042
1.165	-5.790509872699947	0.002792832929427785
1.175	-5.770642867275903	0.0032219583921358325
1.185	-5.751314776747295	0.0030671918318148973
1.195	-5.7325317559738895	0.0031656796429282196
1.205	-5.714299726189714	0.003320446203249155
1.215	-5.696624372607527	0.003200853861182978
1.225	-5.679511142139885	0.0035385263564286546
1.235	-5.662965241237869	0.0033626552651548646
1.245	-5.646991633848494	0.00347521276357009
1.255	-5.631595039491751	0.0033837597961077193
1.265	-5.616779931458161	0.0036862580730986382
1.275	-5.602550535127661	0.0038339897897686215
1.285	-5.588910826410588	0.0039606169754857505
1.295	-5.575864530311426	0.003862129164372428
1.305	-5.563415119615961	0.003862129164372428
1.315	-5.551565813702381	0.004052069942948122
1.325	-5.5403195774768195	0.004115383535806686
1.335	-5.5296791204337525	0.004206836503269057
1.345	-5.5196468958416185	0.0038691640080233797
1.355	-5.510225100053919	0.004227941034221912
1.365	-5.5014156719460505	0.00417869712866525
1.375	-5.49322029247799	0.004157592597712395
1.385	-5.485640384382933	0.004094279004853831
1.395	-5.478677111981883	0.004122418379457637
1.405	-5.472331381124161	0.004227941034221912
1.415	-5.466603839253686	0.004108348692155734
1.425	-5.461494875600858	0.004438986343750459
1.435	-5.457004621499786	0.004108348692155734
1.445	-5.45313295083052	0.004375672750891895
1.455	-5.449879480585917	0.0038199201024667184
1.465	-5.447243571562673	0.00453043931121283
1.475	-5.445224329175998	0.004038000255646218
1.485	-5.4438206043973505	0.0038761988516743313
1.495	-5.443030994814562	0.00431235915803333
1.505	-5.44285384581365	0.0042771849397785725
1.515	-5.4432872518815145	0.004284219783429524
1.525	-5.444329058028693	0.0042771849397785725
1.535	-5.4459768613312285	0.004417881812797605
1.545	-5.448228012590703	0.004565613529467588
1.555	-5.45107961811138	0.004495265092958072
1.565	-5.4545285415933655	0.00431235915803333
1.575	-5.458571406140616	0.003974686662787654
1.585	-5.463204596382578	0.0039606169754857505
1.595	-5.468424260708175	0.004052069942948122
1.605	-5.474226313610792	0.003918407913580041
1.615	-5.48060643814288	0.004192766815967153
1.625	-5.487560088478691	0.004298289470731427
1.635	-5.495082492583666	0.003988756350089557
1.645	-5.5031686549888725	0.003946547288183847
1.655	-5.511813359668894	0.0037566065096081543
1.665	-5.5210111730214875	0.003707362604051493
1.675	-5.530756446947267	0.0037003277604005414
1.685	-5.541043322027651	0.0038410246334195735
1.695	-5.551865730799223	0.0039113730699290895
1.705	-5.563217401122648	0.00382695494611767
1.715	-5.575091859644179	0.004115383535806686
1.725	-5.587482435347822	0.00365108385484388
1.735	-5.600382263196096	0.0035948051056362675
1.745	-5.613784287857341	0.0035385263564286546
1.755	-5.627681267517472	0.0034822476072210416
1.765	-5.642065777773991	0.00365108385484388
1.775	-5.656930215610103	0.003531491512777703
1.785	-5.672266803446676	0.003587770261985316
1.795	-5.688067593269773	0.0033767249524567678
1.805	-5.704324470831466	0.003200853861182978
1.815	-5.721029159921557	0.003200853861182978
1.825	-5.738173226707852	0.003320446203249155
1.835	-5.75574808414256	0.003320446203249155
1.845	-5.773744996432372	0.0027857980857768335
1.855	-5.7921550835697495	0.0030038782389563328
1.865	-5.81096932592293	0.0025536482452954306
1.875	-5.830178568882081	0.002863181365937301
1.885	-5.849773527559098	0.0028561465222863495
1.895	-5.869744791538411	0.002806902616729688
1.905	-5.890082829676242	0.0026451012127578014
1.915	-5.910777994945656	0.002863181365937301
1.925	-5.931820529324775	0.0026099269945030435
1.935	-5.953200568725481	0.0026310315254558982
1.945	-5.9749081479599395	0.0026099269945030435
1.955	-5.996933205742242	0.002511439183389721
1.965	-6.019265589722449	0.002300393873861173
1.975	-6.041895061550324	0.002089348564332625
1.985	-6.064811301966023	0.002356672623068786
1.995	-6.088003915914992	0.0023214984048140277
2.005	-6.111462437684333	0.002370742310370689
2.015	-6.135176336057868	0.002026034971474061
2.025	-6.159135019487167	0.001793885130992658
2.035	-6.183327841275744	0.0019627213786154963
2.045	-6.207744104773696	0.0017305715381340935
2.055	-6.232373068579984	0.0017868502873417062
2.065	-6.257203951749625	0.0019627213786154963
2.075	-6.282225939003025	0.0020752788770307218
2.085	-6.307428185934696	0.0018853380984550287
2.095	-6.3327998242186165	0.0019345820040116899
2.105	-6.3583299668075055	0.0017094670071812386
2.115	-6.384007713123269	0.0018009199746436095
2.125	-6.409822154235899	0.0018009199746436095
2.135	-6.435762378028144	0.001667257945275529
2.145	-6.461817474343244	0.0015758049778131582
2.155	-6.487976540113037	0.0016180140397188678
2.165	-6.5142286844638395	0.001477317166699836
2.175	-6.540563033797383	0.0013647596682846103
2.185	-6.566968736844265	0.001301446075426046
2.195	-6.5934349696872605	0.0015406307595584002
2.205	-6.619950940751956	0.0013717945119355618
2.215	-6.646505895762137	0.0013717945119355618
2.225	-6.673089122657423	0.0012240627952655784
2.235	-6.699689956470633	0.001034122016689885
2.245	-6.726297784162444	0.0012873763881241426
2.255	-6.752902049410873	0.00105522654764274
2.265	-6.7794922573531995	0.0010622613912936916
2.275	-6.806057979277946	0.0011888885770108203
2.285	-6.832588857264591	0.0011607492024070139
2.295	-6.859074608768682	0.0010763310785955947
2.305	-6.885505031150113	0.0010833659222465463
2.315	-6.911870006142312	0.000998947798435127
2.325	-6.938159504260177	0.0009215645182746596
2.335	-6.964363589144563	0.0009497038928784659
2.345	-6.990472421841265	0.0009637735801803692
2.355	-7.0164762650123835	0.0007667979579537243
2.365	-7.042365487078088	0.00087935545636895
2.375	-7.068130566286753	0.0007597631143027728
2.385	-7.093762094711582	0.0007808676452556276
2.395	-7.119250782171791	0.0007667979579537243
2.405	-7.144587460076544	0.0007105192087461115
2.415	-7.169763085189824	0.0007597631143027728
2.425	-7.1947687433144925	0.0009497038928784659
2.435	-7.219595652893896	0.0008090070198594339
2.445	-7.2442351685293005	0.0007879024889065791
2.455	-7.26867878441164	0.0007034843650951599
2.465	-7.292918137665977	0.0006894146777932567
2.475	-7.316945011607251	0.0006894146777932567
2.485	-7.340751338905837	0.000633135928585644
2.495	-7.364329204661578	0.0006261010849346923
2.505	-7.387670849384942	0.0006823798341423051
2.515	-7.410768671884063	0.0005698223357270796
2.525	-7.433615232056451	0.0006542404595384988
2.535	-7.456203253584228	0.0006542404595384988
2.545	-7.478525626531786	0.0005487178047742248
2.555	-7.50057540984486	0.0006190662412837407
2.565	-7.522345833750014	0.0006190662412837407
2.575	-7.543830302053649	0.000597961710330886
2.585	-7.565022394339655	0.0005838920230289827
2.595	-7.585915868064959	0.0005205784301704183
2.605	-7.606504660552151	0.0005346481174723216
2.615	-7.626782890878614	0.0003587770261985316
2.625	-7.6467448616614675	0.0005698223357270796
2.635	-7.666385060737808	0.0005557526484251764
2.645	-7.685698162739751	0.000386916400802338
2.655	-7.704679030563835	0.000386916400802338
2.665	-7.723322716734427	0.000492439055566612
2.675	-7.741624464660828	0.0005627874920761279
2.685	-7.759579709787815	0.0004291254627080476
2.695	-7.777184080639444	0.0005205784301704183
2.705	-7.794433399756002	0.00046429968096280556
2.715	-7.811323684524025	0.00034470733889662835
2.725	-7.827851147899402	0.000386916400802338
2.735	-7.844012199023595	0.0003095331206418704
2.745	-7.859803443733139	0.0004009860881042412
2.755	-7.875221684962559	0.00042209061905709597
2.765	-7.890263923040978	0.00046429968096280556
2.775	-7.904927355882695	0.00033063765159472517
2.785	-7.919209379072107	0.00035174218254757997
2.795	-7.933107585843387	0.00036581186984948314
2.805	-7.9466197669554095	0.0003376724952456768
2.815	-7.959743910462432	0.0002743589023871124
2.825	-7.972478201381168	0.00026028921508520917
2.835	-7.984821021254864	0.000386916400802338
2.845	-7.996770947615108	0.00023918468413235437
2.855	-8.00832675334215	0.0004009860881042412
2.865	-8.019487405924513	0.00023214984048140278
2.875	-8.030252066618806	0.00026028921508520917
2.885	-8.04062008951066	0.000316567964292822
2.895	-8.050591020477764	0.00032360280794377355
2.905	-8.060164596056033	0.0004009860881042412
2.915	-8.069340742210013	0.00030249827699091876
2.925	-8.078119573008637	0.00036581186984948314
2.935	-8.08650138920756	0.000316567964292822
2.945	-8.094486676739258	0.00028139374603806396
2.955	-8.102076105112234	0.00034470733889662835
2.965	-8.10927052572062	0.0002954634333399672
2.975	-8.116070970065593	0.00023214984048140278
2.985	-8.122478647890016	0.0002954634333399672
2.995	-8.12849494522777	0.00039395124445328956
3.005	-8.134121422369306	0.0002532543714342576
3.015	-8.139359811744985	0.00033063765159472517
3.025	-8.14421201572777	0.00028139374603806396
3.035	-8.14868010435697	0.00030249827699091876
3.045	-8.152766312984646	0.000316567964292822
3.055	-8.156473039846478	0.00032360280794377355
3.065	-8.159802843558772	0.00032360280794377355
3.075	-8.162758440543467	0.00019697562222664478
3.085	-8.165342702382924	0.000316567964292822
3.095	-8.16755865310638	0.00019697562222664478
3.105	-8.169409466409958	0.0002954634333399672
3.115	-8.17089846281216	0.0002673240587361608
3.125	-8.17202910674679	0.00032360280794377355
3.135	-8.172805003595307	0.0002532543714342576
3.145	-8.173229896660597	0.0002673240587361608
3.155	-8.173307664084238	0.00033063765159472517
3.165	-8.17304231570926	0.00028139374603806396
3.175	-8.172437989890579	0.00030249827699091876
3.185	-8.171498950255105	0.00026028921508520917
3.195	-8.170229582413745	0.00026028921508520917
3.205	-8.168634390627393	0.000316567964292822
3.215	-8.166717994429106	0.000316567964292822
3.225	-8.164485125204624	0.00023918468413235437
3.235	-8.161940622733457	0.0002040104658775964
3.245	-8.15908943169274	0.00028139374603806396
3.255	-8.155936598126077	0.00026028921508520917
3.265	-8.152487265879623	0.0003376724952456768
3.275	-8.148746673007647	0.000246219527783306
3.285	-8.144720148149817	0.0002884285896890156
3.295	-8.140413106882509	0.0002532543714342576
3.305	-8.135831048046335	0.0002673240587361608
3.315	-8.13097955005226	0.0002532543714342576
3.325	-8.125864267168494	0.0002884285896890156
3.335	-8.120490925790488	0.0002673240587361608
3.345	-8.114865320696293	0.00028139374603806396
3.355	-8.108993311289549	0.0002673240587361608
3.365	-8.102880817832407	0.0002954634333399672
3.375	-8.096533817670618	0.00028139374603806396
3.385	-8.089958341453066	0.0002954634333399672
3.395	-8.083160469348002	0.0002532543714342576
3.405	-8.076146327258236	0.00035174218254757997
3.415	-8.068922083037513	0.0002884285896890156
3.425	-8.061493942710282	0.0002884285896890156
3.435	-8.053868146697129	0.00032360280794377355
3.445	-8.04605096604802	0.0003798815571513864
3.455	-8.03804869868556	0.00034470733889662835
3.465	-8.02986766566047	0.0004291254627080476
3.475	-8.021514207421362	0.00030249827699091876
3.485	-8.012994680101034	0.0003798815571513864
3.495	-8.00431545182134	0.0002743589023871124
3.505	-7.995482899018744	0.0003095331206418704
3.515	-7.986503402792635	0.0004291254627080476
3.525	-7.97738334527846	0.0003095331206418704
3.535	-7.968129106047673	0.00036581186984948314
3.545	-7.958747058536513	0.00037284671350043476
3.555	-7.9492435665055865	0.00033063765159472517
3.565	-7.939624980532182	0.00034470733889662835
3.575	-7.92989763453724	0.0002954634333399672
3.585	-7.9200678423488595	0.0004009860881042412
3.595	-7.910141894304187	0.0003587770261985316
3.605	-7.900126053891509	0.0003376724952456768
3.615	-7.890026554434338	0.0003587770261985316
3.625	-7.879849595819238	0.00041505577540614435
3.635	-7.869601341269095	0.0004502299936609024
3.645	-7.859287914163547	0.0004080209317551928
3.655	-7.848915394908158	0.0004080209317551928
3.665	-7.8384898178539935	0.0004080209317551928
3.675	-7.828017168269136	0.000386916400802338
3.685	-7.817503379363663	0.00047836936826470874
3.695	-7.806954329369576	0.0004291254627080476
3.705	-7.79637583867714	0.00052761327382137
3.715	-7.785773667028999	0.0003798815571513864
3.725	-7.775153510773452	0.00046429968096280556
3.735	-7.7645210001782	0.00043616030635899915
3.745	-7.753881696805819	0.00042209061905709597
3.755	-7.743241090952196	0.00045726483731185394
3.765	-7.732604599149115	0.00039395124445328956
3.775	-7.721977561732098	0.0004291254627080476
3.785	-7.711365240474612	0.0004291254627080476
3.795	-7.70077281628968	0.0004502299936609024
3.805	-7.690205386999869	0.0005205784301704183
3.815	-7.679667965176622	0.00034470733889662835
3.825	-7.669165476049811	0.0004994738992175635
3.835	-7.6587027554883615	0.0004502299936609024
3.845	-7.648284548052754	0.00044319515000995076
3.855	-7.637915505120143	0.00045726483731185394
3.865	-7.627600183082786	0.00046429968096280556
3.875	-7.617343041620444	0.00052761327382137
3.885	-7.607148442047327	0.0004994738992175635
3.895	-7.597020645734167	0.0006120313976327892
3.905	-7.586963812605883	0.0005557526484251764
3.915	-7.576981999715288	0.00047836936826470874
3.925	-7.567079159893256	0.00046429968096280556
3.935	-7.55725914047565	0.00047836936826470874
3.945	-7.547525682107362	0.0005346481174723216
3.955	-7.537882417623643	0.0004009860881042412
3.965	-7.528332871008956	0.000492439055566612
3.975	-7.518880456433494	0.0005065087428685152
3.985	-7.509528477367406	0.0005205784301704183
3.995	-7.500280125772839	0.00052761327382137
4.005	-7.4911384813737225	0.00052761327382137
4.015	-7.482106511003262	0.0006401707722365955
4.025	-7.4731870680290395	0.00048540421191566036
4.035	-7.464382891855534	0.0005557526484251764
4.045	-7.4556966075038655	0.0005698223357270796
4.055	-7.447130725268501	0.0005698223357270796
4.065	-7.438687640450616	0.0006261010849346923
4.075	-7.430369633167756	0.0005909268666799344
4.085	-7.422178868239368	0.0005135435865194668
4.095	-7.414117395147804	0.0006190662412837407
4.105	-7.406187148074233	0.0005909268666799344
4.115	-7.39838994600896	0.0005627874920761279
4.125	-7.390727492935561	0.0006894146777932567
4.135	-7.383201378088154	0.0006542404595384988
4.145	-7.375813076281171	0.0006542404595384988
4.155	-7.368563948310895	0.0006120313976327892
4.165	-7.361455241427969	0.0006401707722365955
4.175	-7.354488089880094	0.0006472056158875471
4.185	-7.347663515524044	0.000597961710330886
4.195	-7.3409824285060985	0.0005698223357270796
4.205	-7.334445628009995	0.0005416829611232731
4.215	-7.328053803071363	0.0007034843650951599
4.225	-7.321807533457679	0.0006894146777932567
4.235	-7.315707290612651	0.0006190662412837407
4.245	-7.30975343866399	0.0006120313976327892
4.255	-7.303946235493367	0.000597961710330886
4.265	-7.2982858338674745	0.0007527282706518212
4.275	-7.292772282628934	0.0006753449904913536
4.285	-7.287405527945853	0.0007245888960480147
4.295	-7.2821854146187475	0.0007245888960480147
4.305	-7.277111687443546	0.0006894146777932567
4.315	-7.272183992629355	0.0005838920230289827
4.325	-7.267401879269593	0.0005909268666799344
4.335	-7.262764800865161	0.0007105192087461115
4.345	-7.258272116898196	0.0006472056158875471
4.355	-7.253923094454986	0.0006964495214442084
4.365	-7.249716909896565	0.0006190662412837407
4.375	-7.245652650575525	0.0008090070198594339
4.385	-7.241729316597502	0.0006823798341423051
4.395	-7.237945822625819	0.0008863903000199015
4.405	-7.234300999727726	0.000738658583349918
4.415	-7.2307935972606465	0.0008934251436708531
4.425	-7.227422284796853	0.0006120313976327892
4.435	-7.224185654084948	0.0007949373325575308
4.445	-7.221082221046515	0.0007456934270008695
4.455	-7.2181104278063035	0.0006472056158875471
4.465	-7.215268644754281	0.0007245888960480147
4.475	-7.212555172637878	0.0008019721762084823
4.485	-7.2099682446827424	0.0007034843650951599
4.495	-7.207506028740312	0.0006683101468404019
4.505	-7.20516662946048	0.0009004599873218048
4.515	-7.202948090487666	0.0007527282706518212
4.525	-7.200848396678554	0.0006401707722365955
4.535	-7.198865476339762	0.0006964495214442084
4.545	-7.19699720348374	0.0008441812381141919
4.555	-7.195241400101128	0.0008512160817651435
4.565	-7.193595838447856	0.0007245888960480147
4.575	-7.1920582433452465	0.0007808676452556276
4.585	-7.190626294491359	0.0005909268666799344
4.595	-7.189297628781869	0.0008230767071613371
4.605	-7.188069842638725	0.0006683101468404019
4.615	-7.186940494344856	0.0006683101468404019
4.625	-7.185907106383207	0.0008371463944632404
4.635	-7.184967167778377	0.000738658583349918
4.645	-7.184118136439143	0.0008652857690670467
4.655	-7.183357441500166	0.0007879024889065791
4.665	-7.182682485661196	0.0005627874920761279
4.675	-7.182090647522066	0.0006472056158875471
4.685	-7.181579283911813	0.0008160418635103856
4.695	-7.181145732210279	0.0007456934270008695
4.705	-7.180787312660511	0.0007667979579537243
4.715	-7.180501330670367	0.0007879024889065791
4.725	-7.180285079101676	0.0007808676452556276
4.735	-7.180135840545387	0.0007949373325575308
4.745	-7.180050889581088	0.0007879024889065791
4.755	-7.180027495019382	0.0008090070198594339
4.765	-7.180062922125524	0.0007949373325575308
4.775	-7.180154434822851	0.0007808676452556276
4.785	-7.180299297874469	0.0007879024889065791
4.795	-7.180494779041746	0.0008160418635103856
4.805	-7.180738151218156	0.0008441812381141919
4.815	-7.181026694537037	0.000738658583349918
4.825	-7.181357698451882	0.0008090070198594339
4.835	-7.18172846378779	0.0007175540523970632
4.845	-7.182136304762716	0.000773832801604676
4.855	-7.182578550977223	0.0007316237396989663
4.865	-7.18305254937145	0.000738658583349918
4.875	-7.183555666148024	0.0006823798341423051
4.885	-7.184085288659716	0.0007808676452556276
4.895	-7.184638827260638	0.0009145296746237079
4.905	-7.185213717119807	0.000773832801604676
4.915	-7.185807419995983	0.00087935545636895
4.925	-7.186417425972661	0.0007034843650951599
4.935	-7.187041255152171	0.0006612753031894503
4.945	-7.1876764593078715	0.0008090070198594339
4.955	-7.188320623493435	0.0007667979579537243
4.965	-7.188971367608282	0.0006964495214442084
4.975	-7.189626347918271	0.0007808676452556276
4.985	-7.190283258530737	0.0007316237396989663
4.995	-7.19093983282307	0.000738658583349918
5.005	-7.191593844824019	0.0007175540523970632
5.015	-7.192243110546975	0.0008371463944632404
5.025	-7.192885489274506	0.0006753449904913536
5.035	-7.193518884793475	0.0006964495214442084
5.045	-7.1941412465800925	0.0007879024889065791
5.055	-7.194750570934301	0.0008512160817651435
5.065	-7.19534490206296	0.0008230767071613371
5.075	-7.19592233311129	0.000773832801604676
5.085	-7.196481007142112	0.0007316237396989663
5.095	-7.197019118062446	0.0008512160817651435
5.105	-7.197534911497081	0.0006683101468404019
5.115	-7.198026685608776	0.0006190662412837407
5.125	-7.1984927918647665	0.0007316237396989663
5.135	-7.198931635749332	0.0007456934270008695
5.145	-7.199341677422181	0.0007245888960480147
5.155	-7.1997214323225025	0.0007316237396989663
5.165	-7.200069471718522	0.000738658583349918
5.175	-7.2003844232024825	0.0008723206127179983
5.185	-7.20066497113098	0.0008934251436708531
5.195	-7.200909857010682	0.0006753449904913536
5.205	-7.201117879829402	0.0008160418635103856
5.215	-7.201287896332667	0.0007667979579537243
5.225	-7.201418821245852	0.0007667979579537243
5.235	-7.201509627442042	0.0008371463944632404
5.245	-7.20155934605585	0.0007456934270008695
5.255	-7.201567066543402	0.0007245888960480147
5.265	-7.201531936688768	0.0008371463944632404
5.275	-7.2014531625572	0.0007527282706518212
5.285	-7.20133000839548	0.0006964495214442084
5.295	-7.201161796479838	0.000773832801604676
5.305	-7.200947906911831	0.0008863903000199015
5.315	-7.2006877773627105	0.0007175540523970632
5.325	-7.200380902766746	0.0007527282706518212
5.335	-7.200026834964115	0.0008371463944632404
5.345	-7.199625182293917	0.000633135928585644
5.355	-7.199175609137944	0.0006542404595384988
5.365	-7.198677835415912	0.0008090070198594339
5.375	-7.19813163603281	0.0007527282706518212
5.385	-7.197536840279134	0.0006542404595384988
5.395	-7.196893331184789	0.0007245888960480147
5.405	-7.196201044827429	0.0007175540523970632
5.415	-7.19545996959612	0.0008160418635103856
5.425	-7.194670145411179	0.0006894146777932567
5.435	-7.193831662901099	0.0007456934270008695
5.445	-7.192944662537483	0.0007175540523970632
5.455	-7.192009333729001	0.0008441812381141919
5.465	-7.191025913875308	0.0008441812381141919
5.475	-7.189994687381993	0.0007949373325575308
5.485	-7.188915984637607	0.000633135928585644
5.495	-7.187790180953829	0.0006823798341423051
5.505	-7.186617695469911	0.000633135928585644
5.515	-7.185398990022516	0.0008019721762084823
5.525	-7.184134567982112	0.0006261010849346923
5.535	-7.182824973057116	0.000738658583349918
5.545	-7.181470788066956	0.0007667979579537243
5.555	-7.180072633685354	0.0008371463944632404
5.565	-7.178631167154973	0.0007808676452556276
5.575	-7.177147080974801	0.0007316237396989663
5.585	-7.175621101561486	0.0007245888960480147
5.595	-7.174053987885953	0.0006120313976327892
5.605	-7.172446530086632	0.0006894146777932567
5.615	-7.170799548060625	0.0005909268666799344
5.625	-7.169113890034161	0.0006964495214442084
5.635	-7.167390431113706	0.0007667979579537243
5.645	-7.165630071819138	0.0007527282706518212
5.655	-7.163833736600309	0.0007949373325575308
5.665	-7.162002372338476	0.000738658583349918
5.675	-7.160136946833959	0.0006401707722365955
5.685	-7.158238447281451	0.0007105192087461115
5.695	-7.156307878734434	0.0006964495214442084
5.705	-7.154346262560111	0.0008652857690670467
5.715	-7.152354634886287	0.0006894146777932567
5.725	-7.1503340450416735	0.0008160418635103856
5.735	-7.148285553991032	0.0008230767071613371
5.745	-7.146210232766597	0.0008863903000199015
5.755	-7.1441091608972815	0.0009145296746237079
5.765	-7.141983424837048	0.0008371463944632404
5.775	-7.139834116393918	0.0007316237396989663
5.785	-7.1376623311610885	0.0008371463944632404
5.795	-7.135469166951555	0.000773832801604676
5.805	-7.133255722237697	0.000738658583349918
5.815	-7.131023094597273	0.0009004599873218048
5.825	-7.128772379167209	0.0009285993619256111
5.835	-7.126504667106637	0.0006823798341423051
5.845	-7.1242210440705644	0.0008019721762084823
5.855	-7.121922588695576	0.0008230767071613371
5.865	-7.1196103710989656	0.0008652857690670467
5.875	-7.117285451392657	0.0006823798341423051
5.885	-7.114948878213289	0.0008652857690670467
5.895	-7.1126016872697795	0.0006612753031894503
5.905	-7.110244899909761	0.0008441812381141919
5.915	-7.107879521706126	0.0008371463944632404
5.925	-7.105506541065033	0.0007949373325575308
5.935	-7.103126927856652	0.0009567387365294175
5.945	-7.100741632069864	0.0007949373325575308
5.955	-7.098351582492212	0.0008160418635103856
5.965	-7.095957685416282	0.0006823798341423051
5.975	-7.093560823373733	0.00087935545636895
5.985	-7.091161853898127	0.0009919129547841755
5.995	-7.088761608317751	0.0008090070198594339
6.005	-7.086360890579503	0.0009637735801803692
6.015	-7.083960476104973	0.0008371463944632404
6.025	-7.081561110679812	0.0008019721762084823
6.035	-7.079163509377377	0.0009919129547841755
6.045	-7.076768355517731	0.0008019721762084823
6.055	-7.07437629966295	0.0008371463944632404
6.065	-7.071987958649707	0.0009497038928784659
6.075	-7.069603914660071	0.0008441812381141919
6.085	-7.06722471433141	0.0007597631143027728
6.095	-7.064850867906268	0.0007667979579537243
6.105	-7.062482848423036	0.0007034843650951599
6.115	-7.060121090948265	0.0007034843650951599
6.125	-7.0577659918513245	0.0009426690492275144
6.135	-7.055417908122186	0.0009285993619256111
6.145	-7.053077156733015	0.0008652857690670467
6.155	-7.0507440140442394	0.0007879024889065791
6.165	-7.0484187152557025	0.0009356342055765627
6.175	-7.046101453903529	0.0009145296746237079
6.185	-7.043792381403223	0.0008301115508122887
6.195	-7.04149160663952	0.0007879024889065791
6.205	-7.039199195603497	0.0008652857690670467
6.215	-7.036915171077353	0.0008723206127179983
6.225	-7.034639512367267	0.0009426690492275144
6.235	-7.032372155084718	0.0009637735801803692
6.245	-7.030112990976555	0.0008441812381141919
6.255	-7.027861867804131	0.000998947798435127
6.265	-7.025618589271742	0.0009356342055765627
6.275	-7.023382915004552	0.0008652857690670467
6.285	-7.021154560576195	0.0009919129547841755
6.295	-7.018933197586177	0.0009285993619256111
6.305	-7.0167184537871305	0.0008934251436708531
6.315	-7.014509913262005	0.000984878111133224
6.325	-7.012307116651171	0.0008863903000199015
6.335	-7.010109561429405	0.0008863903000199015
6.345	-7.00791670223267	0.0009708084238313207
6.355	-7.005727951234588	0.0007667979579537243
6.365	-7.003542678572427	0.0010130174857370304
6.375	-7.001360212822399	0.0009778432674822724
6.385	-6.9991798415240485	0.0009919129547841755
6.395	-6.997000811753421	0.0007527282706518212
6.405	-6.994822330744707	0.0009004599873218048
6.415	-6.992643566559994	0.000984878111133224
6.425	-6.9904636488067124	0.00087935545636895
6.435	-6.988281669402353	0.001020052329387982
6.445	-6.9860966833859495	0.0010622613912936916
6.455	-6.983907709775827	0.0008582509254160952
6.465	-6.981713732473038	0.0010622613912936916
6.475	-6.9795137012098944	0.0009919129547841755
6.485	-6.977306532542962	0.0009778432674822724
6.495	-6.975091110889832	0.0008723206127179983
6.505	-6.972866289608971	0.0009074948309727563
6.515	-6.97063089212188	0.0009919129547841755
6.525	-6.968383713076808	0.0009778432674822724
6.535	-6.966123519553161	0.00105522654764274
6.545	-6.963849052305783	0.0010270871730389335
6.555	-6.9615590270481995	0.000984878111133224
6.565	-6.959252135773899	0.0009426690492275144
6.575	-6.956927048114702	0.0010130174857370304
6.585	-6.9545824127352205	0.0010763310785955947
6.595	-6.952216858762378	0.0010411568603408367
6.605	-6.949828997248944	0.0008230767071613371
6.615	-6.947417422669998	0.0010763310785955947
6.625	-6.9449807144511935	0.000984878111133224
6.635	-6.942517438527683	0.0009497038928784659
6.645	-6.9400261489325406	0.0011255749841522558
6.655	-6.937505389413462	0.0011396446714541592
6.665	-6.934953695076521	0.000998947798435127
6.675	-6.932369594055731	0.0009919129547841755
6.685	-6.929751609207125	0.0008863903000199015
6.695	-6.927098259826052	0.0009356342055765627
6.705	-6.924408063386369	0.0011396446714541592
6.715	-6.921679537300149	0.0009637735801803692
6.725	-6.918911200696591	0.0009567387365294175
6.735	-6.916101576218662	0.001034122016689885
6.745	-6.913249191836136	0.0010622613912936916
6.755	-6.910352582673533	0.0010904007658974978
6.765	-6.907410292851561	0.0010763310785955947
6.775	-6.90442087734056	0.0010411568603408367
6.785	-6.901382903824486	0.0009356342055765627
6.795	-6.898294954573935	0.0010130174857370304
6.805	-6.89515562832669	0.0009708084238313207
6.815	-6.891963542174287	0.0009004599873218048
6.825	-6.888717333453055	0.0010411568603408367
6.835	-6.885415661638072	0.001245167326218433
6.845	-6.882057210238532	0.00105522654764274
6.855	-6.878640688692896	0.0010411568603408367
6.865	-6.875164834262339	0.0010481917039917882
6.875	-6.8716284139208215	0.0011044704531994012
6.885	-6.868030226240323	0.0010833659222465463
6.895	-6.864369103269544	0.0011396446714541592
6.905	-6.595855912902415	0.0015195262286055455
6.915	-6.592499372608088	0.0012944112317750942
6.925	-6.589076612686731	0.001209993107963675
6.935	-6.58558661769615	0.0013717945119355618
6.945	-6.582028414911832	0.0014140035738412714
6.955	-6.578401076133538	0.0014069687301903199
6.965	-6.574703719474307	0.0013999338865393683
6.975	-6.570935511130368	0.0015828398214641098
6.985	-6.567095667130341	0.0013084809190769976
6.995	-6.563183455062215	0.0013788293555865134
7.005	-6.559198195776522	0.0014351081047941263
7.015	-6.555139265064217	0.0013647596682846103
7.025	-6.551006095307684	0.0013577248246336587
7.035	-6.546798177103393	0.001477317166699836
7.045	-6.542515060854734	0.001512491384954594
7.055	-6.538156358333453	0.0013788293555865134
7.065	-6.533721744208345	0.0015335959159074486
7.075	-6.529210957539647	0.0015547004468603035
7.085	-6.52462380323777	0.0013366202936808038
7.095	-6.519960153484912	0.0014280732611431748
7.105	-6.515219949118189	0.001456212635746981
7.115	-6.510403200972885	0.0013295854500298522
7.125	-6.505509991184496	0.001737606381785045
7.135	-6.500540474448232	0.0014491777920960295
7.145	-6.495494879234654	0.0013928990428884167
7.155	-6.490373508960211	0.0014069687301903199
7.165	-6.485176743111391	0.0014702823230488844
7.175	-6.479905038321272	0.0016109791960679163
7.185	-6.474558929397286	0.0014140035738412714
7.195	-6.469139030299024	0.0013858641992374652
7.205	-6.4636460350649525	0.0014702823230488844
7.215	-6.458080718686897	0.0018571987238512222
7.225	-6.452443937931314	0.0017094670071812386
7.235	-6.446736632106186	0.001913477473058835
7.245	-6.4409598237726495	0.0016391185706717227
7.255	-6.435114619400289	0.0016039443524169647
7.265	-6.429202209965239	0.0016039443524169647
7.275	-6.423223871490138	0.0017587109127379
7.285	-6.417180965525095	0.0015898746651150616
7.295	-6.411074939568836	0.0016250488833698194
7.305	-6.4049073274292425	0.0014984216976526906
7.315	-6.398679749522547	0.0015547004468603035
7.325	-6.392393913110444	0.0017657457563888515
7.335	-6.386051612474493	0.0018290593492474158
7.345	-6.379654729027119	0.001737606381785045
7.355	-6.37320523135872	0.0015687701341622067
7.365	-6.366705175220234	0.0017587109127379
7.375	-6.360156703440739	0.001723536694483142
7.385	-6.353562045779589	0.0017587109127379
7.395	-6.346923518712676	0.0018360941928983676
7.405	-6.340243525152471	0.0017094670071812386
7.415	-6.333524554101484	0.0018642335675021738
7.425	-6.326769180238881	0.0020049304405212057
7.435	-6.319980063440014	0.0016953973198793354
7.445	-6.313159948228683	0.0017446412254359966
7.455	-6.306311663161973	0.0019556865349645448
7.465	-6.299438120147572	0.0017165018508321903
7.475	-6.292542313693531	0.0017094670071812386
7.485	-6.285627320090418	0.0019556865349645448
7.495	-6.278696296525967	0.002145627313540238
7.505	-6.271752480132279	0.0020049304405212057
7.515	-6.2647991869656865	0.002019000127823109
7.525	-6.257839810919511	0.0019908607532193026
7.535	-6.250877822569924	0.001969756222266448
7.545	-6.243916767955168	0.0018501638802002707
7.555	-6.236960267288494	0.0019416168476626414
7.565	-6.230012013605184	0.0018783032548040771
7.575	-6.223075771344033	0.001969756222266448
7.585	-6.2161553748638285	0.0020612091897288186
7.595	-6.209254726895292	0.0020612091897288186
7.605	-6.20237779692904	0.002145627313540238
7.615	-6.195528619540201	0.0019064426294078834
7.625	-6.188711292650326	0.0020963834079835765
7.635	-6.181929975727282	0.002215975750049754
7.645	-6.175188887923895	0.0022933590302102215
7.655	-6.168492306156119	0.0021808015317949956
7.665	-6.161844563121562	0.0020823137206816733
7.675	-6.155250045259275	0.0020752788770307218
7.685	-6.1487131906517005	0.0022230105937007054
7.695	-6.142238486869775	0.0022933590302102215
7.705	-6.1358304687621645	0.0021526621571911894
7.715	-6.129493716189742	0.0022370802810026086
7.725	-6.123232851706357	0.002194871219096899
7.735	-6.117052538187044	0.0020752788770307218
7.745	-6.1109574764049075	0.002215975750049754
7.755	-6.104952402557804	0.002300393873861173
7.765	-6.099042085746194	0.0025255088706916244
7.775	-6.093231325403389	0.0023637074667197376
7.785	-6.087524948679576	0.00224411512465356
7.795	-6.081927807780965	0.0024832998087859146
7.805	-6.076444777265516	0.0023988816849744954
7.815	-6.071080751296675	0.0023214984048140277
7.825	-6.065840640856595	0.00246219527783306
7.835	-6.060729370920408	0.0023426029357668824
7.845	-6.055751877593055	0.002490334652436866
7.855	-6.0509131052103005	0.002405916528625447
7.865	-6.046218003405557	0.0022089409063988023
7.875	-6.041671524144132	0.0024551604341821083
7.885	-6.037278618726633	0.002215975750049754
7.895	-6.033044234763216	0.002546613401644479
7.905	-6.02897331312043	0.0024129513722763985
7.915	-6.0250707848424065	0.002476264965134963
7.925	-6.021341568048239	0.002581787619899237
7.935	-6.0177905648073065	0.0024481255905311567
7.945	-6.014422657994446	0.0022230105937007054
7.955	-6.011242708126815	0.002652136056408753
7.965	-6.008255550184325	0.0024832998087859146
7.975	-6.005465990415585	0.0025677179325973337
7.985	-6.0028788031312645	0.0024270210595783016
7.995	-6.000498727486829	0.0025747527762482853
8.005	-5.998330464256626	0.0024692301214840114
8.015	-5.996378672601289	0.0024973694960878177
8.025	-5.994647966830463	0.0024340559032292536
8.035	-5.993142913162872	0.002546613401644479
8.045	-5.991868026485738	0.0027295193365692205
8.055	-5.990827767115592	0.0025536482452954306
8.065	-5.990026537562528	0.0024481255905311567
8.075	-5.989468679299948	0.002511439183389721
8.085	-5.989158469541851	0.002391846841323544
8.095	-5.989100118029752	0.0024270210595783016
8.105	-5.989297763831286	0.002581787619899237
8.115	-5.989755472152583	0.0023637074667197376
8.125	-5.990477231166483	0.00246219527783306
8.135	-5.9914669488586725	0.0024129513722763985
8.145	-5.992728449893831	0.002391846841323544
8.155	-5.994265472503845	0.002518474027040673
8.165	-5.996081665400175	0.0025888224635501884
8.175	-5.998180584712439	0.002370742310370689
8.185	-6.000565690955286	0.002335568092115931
8.195	-6.003240346025594	0.0023777771540216407
8.205	-6.006207810232068	0.002300393873861173
8.215	-6.0094712393592475	0.0023848119976725922
8.225	-6.013033681767973	0.002511439183389721
8.235	-6.016898075534311	0.002314463561163076
8.245	-6.021067245628949	0.002215975750049754
8.255	-6.025543901139038	0.0024481255905311567
8.265	-6.030330632534453	0.0022019060627478508
8.275	-6.035429908980431	0.00228632418655927
8.285	-6.0408440756985105	0.0023777771540216407
8.295	-6.04657535137769	0.0025255088706916244
8.305	-6.052625825637695	0.002518474027040673
8.315	-6.058997456546223	0.002215975750049754
8.325	-6.0656920681920115	0.002230045437351657
8.335	-6.07271134831555	0.0024481255905311567
8.345	-6.08005684599922	0.0022230105937007054
8.355	-6.0877299694186515	0.0022370802810026086
8.365	-6.095731983657	0.002272254499257367
8.375	-6.1040640085838715	0.0022370802810026086
8.385	-6.112727016800579	0.0022581848119554633
8.395	-6.121721831653349	0.0021878363754459476
8.405	-6.1310491253161	0.0023988816849744954
8.415	-6.140709416944379	0.00211045309528548
8.425	-6.150703070901969	0.00224411512465356
8.435	-6.161030295061696	0.002230045437351657
8.445	-6.1716911391818945	0.001913477473058835
8.455	-6.182685493359933	0.0019767910659173995
8.465	-6.194013086564214	0.0018360941928983676
8.475	-6.205673485245992	0.001948651691313593
8.485	-6.217666092032291	0.0018712684111531254
8.495	-6.229990144501193	0.0019064426294078834
8.505	-6.24264471404073	0.00206824403337977
8.515	-6.255628704792502	0.0018220245055964642
8.525	-6.26894085268124	0.002026034971474061
8.535	-6.282579724531255	0.002089348564332625
8.545	-6.296543717270957	0.0018783032548040771
8.555	-6.31083105722631	0.001667257945275529
8.565	-6.325439799504209	0.0016742927889264808
8.575	-6.340367827466681	0.0018571987238512222
8.585	-6.3556128522967015	0.0017798154436907546
8.595	-6.371172412656431	0.0017165018508321903
8.605	-6.38704387443862	0.0018994077857569318
8.615	-6.403224430611855	0.0017516760690869482
8.625	-6.419711101160222	0.0015828398214641098
8.635	-6.436500733118067	0.0016742927889264808
8.645	-6.45359000070027	0.0018290593492474158
8.655	-6.47097540552855	0.0016461534143226743
8.665	-6.48865327695422	0.001561735290511255
8.675	-6.506619772477706	0.0014069687301903199
8.685	-6.524870878265166	0.001526561072256497
8.695	-6.543402409762432	0.0014351081047941263
8.705	-6.562210012406504	0.0014351081047941263
8.715	-6.581289162434618	0.0014140035738412714
8.725	-6.600635167791118	0.001526561072256497
8.735	-6.620243169132009	0.0014421429484450779
8.745	-6.640108140927228	0.0014140035738412714
8.755	-6.660224892660493	0.0013436551373317556
8.765	-6.680588070126607	0.0011185401405013043
8.775	-6.701192156825987	0.0014491777920960295
8.785	-6.722031475456117	0.0014140035738412714
8.795	-6.743100189499642	0.0011396446714541592
8.805	-6.764392304908675	0.0011537143587560623
8.815	-6.785901671884902	0.0011677840460579654
8.825	-6.8076219867549455	0.001209993107963675
8.835	-6.829546793940461	0.001020052329387982
8.845	-6.851669488022279	0.0011326098278032074
8.855	-6.873983315898044	0.0010974356095484496
8.865	-6.896481379032455	0.0010059826420860786
8.875	-6.919156635799433	0.001034122016689885
8.885	-6.9420019039153145	0.0010270871730389335
8.895	-6.965009862962175	0.00105522654764274
8.905	-6.98817305700035	0.0008723206127179983
8.915	-7.011483897269073	0.0007667979579537243
8.925	-7.034934664974237	0.0009285993619256111
8.935	-7.058517514162055	0.0009919129547841755
8.945	-7.082224474677598	0.0007808676452556276
8.955	-7.106047455206745	0.0007949373325575308
8.965	-7.129978246400505	0.0007105192087461115
8.975	-7.154008524080181	0.0008230767071613371
8.985	-7.178129852522075	0.0006823798341423051
8.995	-7.202333687820298	0.0007949373325575308
9.005	-7.226611381326125	0.0007456934270008695
9.015	-7.250954183162424	0.000738658583349918
9.025	-7.2753532458115115	0.0007316237396989663
9.035	-7.29979962777487	0.000633135928585644
9.045	-7.3242842973028885	0.0007175540523970632
9.055	-7.348798136193106	0.0005838920230289827
9.065	-7.373331943654986	0.000633135928585644
9.075	-7.397876440239482	0.0007034843650951599
9.085	-7.422422271831566	0.0006190662412837407
9.095	-7.446960013703685	0.0005768571793780312
9.105	-7.471480174628348	0.0005065087428685152
9.115	-7.495973201047683	0.00046429968096280556
9.125	-7.520429481298105	0.0004713345246137572
9.135	-7.5448393498878605	0.0006190662412837407
9.145	-7.569193091825433	0.0005487178047742248
9.155	-7.593480946996671	0.0004713345246137572
9.165	-7.617693114588389	0.00043616030635899915
9.175	-7.64181975755627	0.000492439055566612
9.185	-7.665851007134829	0.0004994738992175635
9.195	-7.689776967387143	0.0005768571793780312
9.205	-7.713587719792015	0.00045726483731185394
9.215	-7.737273327866266	0.00037284671350043476
9.225	-7.760823841819784	0.0004080209317551928
9.235	-7.784229303240894	0.00041505577540614435
9.245	-7.807479749809706	0.0004009860881042412
9.255	-7.8305652200369185	0.00047836936826470874
9.265	-7.853475758025638	0.0004291254627080476
9.275	-7.876201418253774	0.0003587770261985316
9.285	-7.898732270374428	0.0003095331206418704
9.295	-7.921058404031793	0.0002673240587361608
9.305	-7.943169933690021	0.0004009860881042412
9.315	-7.965057003472485	0.000316567964292822
9.325	-7.9867097920088685	0.0003798815571513864
9.335	-8.00811851728752	0.0004009860881042412
9.345	-8.029273441510416	0.00030249827699091876
9.355	-8.05016487594822	0.00026028921508520917
9.365	-8.070783185792738	0.0002954634333399672
9.375	-8.091118795004174	0.0002954634333399672
9.385	-8.111162191150601	0.0002954634333399672
9.395	-8.130903930236965	0.00030249827699091876
9.405	-8.150334641521008	0.00026028921508520917
9.415	-8.169445032313496	0.000316567964292822
9.425	-8.188225892760093	0.0002673240587361608
9.435	-8.206668100602258	0.0001899407785756932
9.445	-8.224762625914572	0.0002673240587361608
9.455	-8.242500535815816	0.00026028921508520917
9.465	-8.259872999151233	0.0002040104658775964
9.475	-8.276871291143362	0.0002673240587361608
9.485	-8.293486798008828	0.00028139374603806396
9.495	-8.30971102153853	0.00019697562222664478
9.505	-8.32553558363864	0.00034470733889662835
9.515	-8.340952230829865	0.0002673240587361608
9.525	-8.355952838702429	0.0002954634333399672
9.535	-8.370529416324256	0.0001688362476228384
9.545	-8.384674110599848	0.00023214984048140278
9.555	-8.398379210577366	0.00017587109127378998
9.565	-8.411637151701468	0.000246219527783306
9.575	-8.424440520009473	0.00021104530952854798
9.585	-8.436782056268402	0.0002673240587361608
9.595	-8.44865466005054	0.00023918468413235437
9.605	-8.460051393745166	0.0001899407785756932
9.615	-8.470965486504086	0.0001899407785756932
9.625	-8.481390338118707	0.00021104530952854798
9.635	-8.491319522826362	9.145296746237079e-5
9.645	-8.500746793043652	0.0001547665603209352
9.655	-8.509666083024618	0.00023214984048140278
9.665	-8.518071512441567	0.0002251149968304512
9.675	-8.525957389886443	0.0001547665603209352
9.685	-8.533318216290608	0.000246219527783306
9.695	-8.540148688261057	0.0001336620293680804
9.705	-8.546443701330993	0.00028139374603806396
9.715	-8.55219835312284	0.00018290593492474157
9.725	-8.557407946421733	0.0002673240587361608
9.735	-8.562067992157656	0.00021104530952854798
9.745	-8.566174212294356	0.0001688362476228384
9.755	-8.569722542623259	0.00019697562222664478
9.765	-8.572709135460657	0.00023214984048140278
9.775	-8.575130362246487	0.00021808015317949957
9.785	-8.576982816043035	0.0001899407785756932
9.795	-8.578263313932009	0.0002040104658775964
9.805	-8.578968899308425	0.0001688362476228384
9.815	-8.579096844069836	0.0001688362476228384
9.825	-8.578644650699486	0.0001899407785756932
9.835	-8.577610054241978	0.0002251149968304512
9.845	-8.575991024170193	0.0002040104658775964
9.855	-8.573785766142159	0.000246219527783306
9.865	-8.57099272364668	0.00017587109127378998
9.875	-8.567610579536598	0.00019697562222664478
9.885	-8.56363825744856	0.00021104530952854798
9.895	-8.559074923108321	0.0003376724952456768
9.905	-8.553919985520572	0.0002251149968304512
9.915	-8.548173098042401	0.0002040104658775964
9.925	-8.541834159339567	0.00017587109127378998
9.935	-8.534903314224774	0.0001336620293680804
9.945	-8.527380954377241	0.0001899407785756932
9.955	-8.519267718942935	0.00021808015317949957
9.965	-8.510564495014824	0.0001477317166699836
9.975	-Inf	0.0
9.985	-Inf	0.0
9.995	-Inf	0.0
