0.005	-Inf	0.0
0.015	-Inf	0.0
0.025	-Inf	0.0
0.035	-Inf	0.0
0.045	-Inf	0.0
0.055	-Inf	0.0
0.065	-Inf	0.0
0.075	-Inf	0.0
0.085	-Inf	0.0
0.095	-Inf	0.0
0.105	-Inf	0.0
0.115	-Inf	0.0
0.125	-Inf	0.0
0.135	-Inf	0.0
0.145	-Inf	0.0
0.155	-Inf	0.0
0.165	-Inf	0.0
0.175	-Inf	0.0
0.185	-Inf	0.0
0.195	-Inf	0.0
0.205	-Inf	0.0
0.215	-Inf	0.0
0.225	-Inf	0.0
0.235	-Inf	0.0
0.245	-Inf	0.0
0.255	-Inf	0.0
0.265	-Inf	0.0
0.275	-Inf	0.0
0.285	-Inf	0.0
0.295	-Inf	0.0
0.305	-Inf	0.0
0.315	-Inf	0.0
0.325	-Inf	0.0
0.335	-Inf	0.0
0.345	-Inf	0.0
0.355	-Inf	0.0
0.365	-Inf	0.0
0.375	-Inf	0.0
0.385	-Inf	0.0
0.395	-Inf	0.0
0.405	-Inf	0.0
0.415	-Inf	0.0
0.425	-Inf	0.0
0.435	-Inf	0.0
0.445	-Inf	0.0
0.455	-Inf	0.0
0.465	-Inf	0.0
0.475	-Inf	0.0
0.485	-Inf	0.0
0.495	-Inf	0.0
0.505	-Inf	0.0
0.515	-5.743480935528693	0.0032414961748959883
0.525	-5.747328920505877	0.0033061413977571617
0.535	-5.751254772317195	0.0035093120981779928
0.545	-5.755257084134514	0.0029921503152886045
0.555	-5.759334426917268	0.003112205729173641
0.565	-5.7634853498665475	0.0031768509520348144
0.575	-5.767708380884524	0.0031860859838721252
0.585	-5.772002027039106	0.0028720949014035676
0.595	-5.776364775033704	0.003324611461431783
0.605	-5.78079509168197	0.002955210187939362
0.615	-5.785291424387408	0.003167615920197504
0.625	-5.789852201627718	0.0031768509520348144
0.635	-5.794475833443761	0.0032322611430586775
0.645	-5.799160711933014	0.0032137910793840568
0.655	-5.803905211747389	0.0030660305699870883
0.665	-5.808707690595305	0.002788979614867773
0.675	-5.813566489747873	0.0031399108246855725
0.685	-5.8184799345490745	0.0031860859838721252
0.695	-5.823446334929803	0.0030106203789632253
0.705	-5.82846398592565	0.0028720949014035676
0.715	-5.833531168198306	0.003056795538149778
0.725	-5.838646148560434	0.0027797445830304627
0.735	-5.843807180503912	0.0026227490417961843
0.745	-5.8490125047313	0.003001385347125915
0.755	-5.8542603496904	0.0029829152834512937
0.765	-5.85954893211179	0.0029275050924274307
0.775	-5.864876457549199	0.0031583808883601937
0.785	-5.870241120922588	0.002659689169145426
0.795	-5.875641107063808	0.0029275050924274307
0.805	-5.881074591264708	0.002585808914446942
0.815	-5.886539739827553	0.002678159232820047
0.825	-5.892034710617633	0.002752039487518531
0.835	-5.897557653617914	0.00273356942384391
0.845	-5.903106711485617	0.002752039487518531
0.855	-5.908680020110567	0.0030106203789632253
0.865	-5.406973054128906	0.0045159305684448385
0.875	-5.41396152568932	0.004626750950492564
0.885	-5.420968620679659	0.004506695536607527
0.895	-5.4279924535347766	0.0043774050908851805
0.905	-5.4350311347360085	0.00435893502721056
0.915	-5.442082771377419	0.0038879484035077238
0.925	-5.449145467732895	0.004395875154559801
0.935	-5.4562173258239435	0.004349699995373249
0.945	-5.463296445988056	0.004312759868024007
0.955	-5.470380927447517	0.004285054772512075
0.965	-5.477468868878489	0.004248114645162834
0.975	-5.484558368980285	0.00400800381739276
0.985	-5.491647527044638	0.004072649040253934
0.995	-5.498734443524865	0.004044943944742002
1.005	-5.505817220604778	0.00400800381739276
1.015	-5.512893962767206	0.0044605203774209755
1.025	-5.519962777361971	0.0043774050908851805
1.035	-5.527021775173215	0.0038602433079957922
1.045	-5.534069070985904	0.003518547130015303
1.055	-5.5411027841513905	0.004072649040253934
1.065	-5.548121039151886	0.003924888530856966
1.075	-5.555121966163711	0.0037217178304361346
1.085	-5.56210370161917	0.0038694783398331026
1.095	-5.569064388766935	0.004155764326789728
1.105	-5.576002178230763	0.004044943944742002
1.115	-5.582915228566445	0.003620132480225719
1.125	-5.589801706816811	0.003786363053297308
1.135	-5.596659789064684	0.003971063690043518
1.145	-5.603487660983608	0.003564722289201856
1.155	-5.610283518386245	0.0035554872573645454
1.165	-5.617045567770266	0.003786363053297308
1.175	-5.623772026861619	0.0033523165569437144
1.185	-5.630461125155026	0.0035370171936899243
1.195	-5.637111104451565	0.0032876713340825405
1.205	-5.643720219393198	0.0036016624165510977
1.215	-5.65028673799411	0.003767892989622687
1.225	-5.656808942168703	0.00326920127040792
1.235	-5.663285128256127	0.003370786620618335
1.245	-5.669713607541183	0.0034446668753168193
1.255	-5.676092706771478	0.0034908420345033716
1.265	-5.682420768670676	0.003583192352876477
1.275	-5.688696152447715	0.0035370171936899243
1.285	-5.694917234301848	0.0037032477667615134
1.295	-5.701082407923363	0.00326920127040792
1.305	-5.707190084989846	0.003167615920197504
1.315	-5.713238695657855	0.003130675792848262
1.325	-5.719226689049846	0.002964445219776673
1.335	-5.72515253373624	0.0032137910793840568
1.345	-5.731014718212461	0.003204556047546746
1.355	-5.736811751370843	0.003204556047546746
1.365	-5.742542162967229	0.0032969063659198513
1.375	-5.748204504082165	0.0030660305699870883
1.385	-5.75379734757651	0.0032969063659198513
1.395	-5.7593192885413735	0.0031399108246855725
1.405	-5.764768944742199	0.003019855410800536
1.415	-5.770144957056891	0.0030290904426378464
1.425	-5.77544598990783	0.003149145856522883
1.435	-5.780670731687667	0.00290903502875281
1.445	-5.7858178951787265	0.003056795538149778
1.455	-5.79088621796593	0.003315376429594472
1.465	-5.79587446284307	0.0029182700605901203
1.475	-5.80078141821233	0.002742804455681221
1.485	-5.805605898476904	0.003019855410800536
1.495	-5.810346744426599	0.0027705095511931523
1.505	-5.81500282361628	0.0028813299332408784
1.515	-5.819573030737048	0.0028628598695662573
1.525	-5.824056287980002	0.0031214407610109514
1.535	-5.828451545392478	0.002890564965078189
1.545	-5.832757781226639	0.003001385347125915
1.555	-5.836974002280278	0.003038325474475157
1.565	-5.841099244229738	0.003019855410800536
1.575	-5.845132571954804	0.0027797445830304627
1.585	-5.849073079855463	0.0030290904426378464
1.595	-5.852919892160413	0.00290903502875281
1.605	-5.8566721632271905	0.0025026936279111474
1.615	-5.86032907783383	0.00273356942384391
1.625	-5.863889851461907	0.002696629296494668
1.635	-5.867353730570884	0.002807449678542394
1.645	-5.87071999286363	0.002798214646705084
1.655	-5.873987947543011	0.002742804455681221
1.665	-5.877156935559444	0.0026135140099588735
1.675	-5.880226329849316	0.0028351547740543257
1.685	-5.883195535564143	0.002696629296494668
1.695	-5.886063990290401	0.0027058643283319785
1.705	-5.888831164259897	0.00273356942384391
1.715	-5.891496560550607	0.003001385347125915
1.725	-5.894059715277859	0.0027705095511931523
1.735	-5.896520197775802	0.002807449678542394
1.745	-5.898877610769033	0.0027705095511931523
1.755	-5.901131590534321	0.002530398723423079
1.765	-5.9032818070523225	0.002788979614867773
1.775	-5.905327964149212	0.0025765738826096316
1.785	-5.907269799628145	0.002345698086676869
1.795	-5.90910708539047	0.002650454137308116
1.805	-5.91083962754661	0.002678159232820047
1.815	-5.912467266516544	0.0023918732458634213
1.825	-5.913989877119815	0.0025581038189350105
1.835	-5.915407368654979	0.0025673388507723213
1.845	-5.916719684968459	0.0027612745193558415
1.855	-5.917926804512704	0.0025026936279111474
1.865	-5.9190287403936095	0.0023549331185141794
1.875	-5.920025540407146	0.002650454137308116
1.885	-5.920917287065112	0.002798214646705084
1.895	-5.92170409761	0.0025765738826096316
1.905	-5.922386124018873	0.0025673388507723213
1.915	-5.92296355299625	0.0026689242009827366
1.925	-5.923436605955928	0.0027243343920065996
1.935	-5.923805538991707	0.0025581038189350105
1.945	-5.924070642836987	0.002493458596073837
1.955	-5.9242322428131775	0.0025026936279111474
1.965	-5.9242906987669235	0.002650454137308116
1.975	-5.924246404996085	0.0028166847103797046
1.985	-5.92409979016446	0.002401108277700732
1.995	-5.923851317205238	0.002456518468724595
2.005	-5.923501483213141	0.0027612745193558415
2.015	-5.923050819325258	0.002511928659748458
2.025	-5.922499890590552	0.0026227490417961843
2.035	-5.921849295828028	0.0026227490417961843
2.045	-5.9210996674735705	0.0025765738826096316
2.055	-5.920251671415434	0.002752039487518531
2.065	-5.919306006818394	0.0025673388507723213
2.075	-5.918263405936573	0.002807449678542394
2.085	-5.917124633914939	0.002474988532399216
2.095	-5.9158904885795005	0.0025488687870977
2.105	-5.914561800216207	0.0025765738826096316
2.115	-5.913139431338581	0.002899799996915499
2.125	-5.911624276444114	0.0027797445830304627
2.135	-5.910017261759432	0.0027058643283319785
2.145	-5.908319344974299	0.0028259197422170154
2.155	-5.906531514964459	0.0028628598695662573
2.165	-5.904654791503388	0.002585808914446942
2.175	-5.902690224962976	0.0028259197422170154
2.185	-5.900638896003211	0.002382638214026111
2.195	-5.898501915250898	0.0030106203789632253
2.205	-5.896280422967482	0.0029367401242647415
2.215	-5.893975588706044	0.00290903502875281
2.225	-5.8915886109575	0.002844389805891636
2.235	-5.8891207167861275	0.00273356942384391
2.245	-5.886573161454443	0.0025026936279111474
2.255	-5.88394722803753	0.0025396337552603897
2.265	-5.881244227026915	0.0026873942646573577
2.275	-5.87846549592404	0.0026135140099588735
2.285	-5.875612398823454	0.002752039487518531
2.295	-5.872686325985806	0.0028166847103797046
2.305	-5.869688693400741	0.0028259197422170154
2.315	-5.866620942339793	0.002696629296494668
2.325	-5.863484538899396	0.0025765738826096316
2.335	-5.860280973534122	0.003112205729173641
2.345	-5.857011760580244	0.0030475605063124676
2.355	-5.8536784377697675	0.002678159232820047
2.365	-5.8502825657350455	0.002752039487518531
2.375	-5.846825727504095	0.002899799996915499
2.385	-5.843309527986764	0.0027243343920065996
2.395	-5.839735593451876	0.0031953210157094356
2.405	-5.836105570995488	0.002742804455681221
2.415	-5.8324211280004175	0.0031399108246855725
2.425	-5.828683951587188	0.003038325474475157
2.435	-5.824895748056526	0.002890564965078189
2.445	-5.8210582423235895	0.0031214407610109514
2.455	-5.817173177344082	0.003019855410800536
2.465	-5.813242313532407	0.00309373566549902
2.475	-5.809267428172038	0.0030845006336617095
2.485	-5.805250314818293	0.002964445219776673
2.495	-5.801192782693655	0.002696629296494668
2.505	-5.797096656075846	0.0028259197422170154
2.515	-5.792963773678844	0.003112205729173641
2.525	-5.788795988026993	0.002899799996915499
2.535	-5.784595164822446	0.003038325474475157
2.545	-5.780363182306104	0.0033061413977571617
2.555	-5.776101930612256	0.0031583808883601937
2.565	-5.771813311117131	0.003112205729173641
2.575	-5.767499235781563	0.0032137910793840568
2.585	-5.7631616264879755	0.003038325474475157
2.595	-5.758802414371901	0.0030845006336617095
2.605	-5.754423539148262	0.0031860859838721252
2.615	-5.7500269484326045	0.00309373566549902
2.625	-5.745614597057544	0.0030290904426378464
2.635	-5.741188446384625	0.003204556047546746
2.645	-5.736750463611828	0.003112205729173641
2.655	-5.732302621076953	0.003259966238570609
2.665	-5.727846895557143	0.002890564965078189
2.675	-5.7233852675647245	0.0032137910793840568
2.685	-5.718919720639682	0.0032322611430586775
2.695	-5.714452240638941	0.0031860859838721252
2.705	-5.709984815022759	0.0034908420345033716
2.715	-5.705519432138432	0.0033615515887810248
2.725	-5.701058080501599	0.003620132480225719
2.735	-5.69660274807538	0.0035554872573645454
2.745	-5.692155421547608	0.0032322611430586775
2.755	-5.687718085606421	0.0034077267479675774
2.765	-5.683292722214454	0.0031029706973363306
2.775	-5.678881309881921	0.0033523165569437144
2.785	-5.674485822938828	0.0033892566842929563
2.795	-5.6701082308066	0.0036016624165510977
2.805	-5.665750497269369	0.0036016624165510977
2.815	-5.661414579745223	0.0033061413977571617
2.825	-5.657102428557659	0.003426196811642198
2.835	-5.652815986207521	0.0031953210157094356
2.845	-5.648557186645719	0.00326920127040792
2.855	-5.644327954546953	0.0031953210157094356
2.865	-5.640130204584786	0.0032876713340825405
2.875	-5.635965840708281	0.003583192352876477
2.885	-5.63183675542052	0.003426196811642198
2.895	-5.627744829059266	0.0032876713340825405
2.905	-5.623691929080059	0.003943358594531586
2.915	-5.61967990934202	0.0035462522255272346
2.925	-5.615710609396634	0.0033061413977571617
2.935	-5.611785853779817	0.0038510082761584814
2.945	-5.607907451307538	0.003527782161852614
2.955	-5.604077194375254	0.0036293675120630292
2.965	-5.600296858261489	0.003370786620618335
2.975	-5.5965682004357875	0.004174234390464349
2.985	-5.592892959871361	0.00400800381739276
2.995	-5.5892728563626894	0.0035093120981779928
3.005	-5.585709589848362	0.0037032477667615134
3.015	-5.582204839739439	0.0035462522255272346
3.025	-5.578760264253617	0.0038510082761584814
3.035	-5.575377499755468	0.003749422925948066
3.045	-5.572058160103028	0.004229644581488212
3.055	-5.568803836001036	0.003934123562694276
3.065	-5.565616094361059	0.003971063690043518
3.075	-5.562496477668804	0.003786363053297308
3.085	-5.559446503358896	0.004091119103928555
3.095	-5.556467663197354	0.0037586579577853765
3.105	-5.553561422672084	0.0038602433079957922
3.115	-5.5507292203916165	0.0038325382124838607
3.125	-5.547972467492371	0.0037771280214599977
3.135	-5.5452925470547125	0.003924888530856966
3.145	-5.542690813528055	0.0038510082761584814
3.155	-5.540168592165269	0.004128059231277797
3.165	-5.537727178466654	0.003730952862273445
3.175	-5.535367837633723	0.004044943944742002
3.185	-5.5330918040330666	0.004100354135765865
3.195	-5.530900280670514	0.0041095891676031756
3.205	-5.528794438675867	0.004017238849230071
3.215	-5.526775416798431	0.0041095891676031756
3.225	-5.524844320913584	0.0040818840720912445
3.235	-5.5230022235406215	0.003924888530856966
3.245	-5.521250163372113	0.00400800381739276
3.255	-5.519589144814985	0.003915653499019655
3.265	-5.518020137543568	0.00363860254390034
3.275	-5.516544076064823	0.004414345218234423
3.285	-5.515161859295969	0.0038879484035077238
3.295	-5.513874350154705	0.003971063690043518
3.305	-5.512682375162269	0.004488225472932907
3.315	-5.511586724059505	0.00382330318064655
3.325	-5.510588149436156	0.0044605203774209755
3.335	-5.509687366373574	0.00382330318064655
3.345	-5.508885052101037	0.0038694783398331026
3.355	-5.508181845665859	0.004118824199440486
3.365	-5.507578347617476	0.004266584708837454
3.375	-5.507075119705678	0.004017238849230071
3.385	-5.506672684593169	0.00400800381739276
3.395	-5.50637152558261	0.00436817005904787
3.405	-5.506172086358313	0.003934123562694276
3.415	-5.506074770742733	0.0039987687855554494
3.425	-5.506079942467924	0.004063414008416623
3.435	-5.506187924962082	0.003915653499019655
3.445	-5.506399001151333	0.003786363053297308
3.455	-5.506713413276887	0.004146529294952418
3.465	-5.507131362727686	0.004285054772512075
3.475	-5.5076530098886805	0.003934123562694276
3.485	-5.508278474004827	0.004405110186397112
3.495	-5.509007833060943	0.003934123562694276
3.505	-5.509841123677493	0.004192704454138971
3.515	-5.510778341022432	0.004248114645162834
3.525	-5.511819438739175	0.0040818840720912445
3.535	-5.512964328890788	0.00436817005904787
3.545	-5.514212881920475	0.004275819740674765
3.555	-5.515564926628436	0.004026473881067381
3.565	-5.517020250165152	0.004063414008416623
3.575	-5.518578598041168	0.0037586579577853765
3.585	-5.5202396741534185	0.00382330318064655
3.595	-5.522003140828135	0.004091119103928555
3.605	-5.523868618880385	0.003989533753718139
3.615	-5.525835687690277	0.0038510082761584814
3.625	-5.527903885295826	0.0040818840720912445
3.635	-5.530072708502543	0.004035708912904692
3.645	-5.532341613009719	0.0037586579577853765
3.655	-5.534710013553429	0.003915653499019655
3.665	-5.53717728406625	0.003915653499019655
3.675	-5.539742757853675	0.003971063690043518
3.685	-5.542405727787213	0.0040541789765793125
3.695	-5.545165446514142	0.003767892989622687
3.705	-5.548021126683899	0.003961828658206208
3.715	-5.5509719411910545	0.0038879484035077238
3.725	-5.554017023434818	0.0037032477667615134
3.735	-5.557155467595053	0.0038140681488092396
3.745	-5.560386328924705	0.0038510082761584814
3.755	-5.563708624058596	0.0036663076394122716
3.765	-5.567121331338507	0.003564722289201856
3.775	-5.570623391154464	0.003370786620618335
3.785	-5.574213706302141	0.003906418467182345
3.795	-5.57789114235628	0.0037401878941107553
3.805	-5.58165452806003	0.003675542671249582
3.815	-5.585502655730093	0.0033061413977571617
3.825	-5.5894342816775575	0.003573957321039166
3.835	-5.593448126644292	0.003573957321039166
3.845	-5.597542876254775	0.003620132480225719
3.855	-5.601717181483222	0.003370786620618335
3.865	-5.605969659135851	0.003416961779804888
3.875	-5.610298892348147	0.0037032477667615134
3.885	-5.6147034310969675	0.00363860254390034
3.895	-5.61918179272731	0.003841773244321171
3.905	-5.623732462493574	0.0035093120981779928
3.915	-5.628353894115145	0.0037217178304361346
3.925	-5.633044510346105	0.0035000770663406824
3.935	-5.6378027035588705	0.003527782161852614
3.945	-5.642626836341578	0.003786363053297308
3.955	-5.647515242108989	0.0038325382124838607
3.965	-5.652466225726711	0.003527782161852614
3.975	-5.657478064148514	0.003426196811642198
3.985	-5.662549007066525	0.00346313693899144
3.995	-5.667677277574044	0.003573957321039166
4.005	-5.672861072840772	0.0033523165569437144
4.015	-5.678098564800187	0.003204556047546746
4.025	-5.683387900848828	0.003380021652455646
4.035	-5.688727204557224	0.003564722289201856
4.045	-5.694114576392208	0.0031029706973363306
4.055	-5.699548094450349	0.003426196811642198
4.065	-5.705025815202229	0.00327843630224523
4.075	-5.710545774247287	0.003315376429594472
4.085	-5.716105987078935	0.0031860859838721252
4.095	-5.721704449859668	0.0031583808883601937
4.105	-5.727339140205878	0.003315376429594472
4.115	-5.73300801798205	0.0035370171936899243
4.125	-5.738709026104053	0.0030106203789632253
4.135	-5.7444400913512155	0.0033615515887810248
4.145	-5.750199125186856	0.003056795538149778
4.155	-5.755984024586972	0.0035000770663406824
4.165	-5.761792672876736	0.003019855410800536
4.175	-5.767622940574502	0.0029829152834512937
4.185	-5.7734726862429575	0.0032322611430586775
4.195	-5.779339757347117	0.002945975156102052
4.205	-5.78522199111878	0.003472371970828751
4.215	-5.791117215427149	0.003167615920197504
4.225	-5.7970232496552265	0.002945975156102052
4.235	-5.802937905581662	0.0031214407610109514
4.245	-5.808858988267675	0.0027705095511931523
4.255	-5.814784296948719	0.003112205729173641
4.265	-5.820711625930502	0.0028166847103797046
4.275	-5.826638765489018	0.003038325474475157
4.285	-5.8325635027742	0.0031953210157094356
4.295	-5.838483622716872	0.003038325474475157
4.305	-5.844396908938555	0.0029736802516139834
4.315	-5.850301144663827	0.0028166847103797046
4.325	-5.8561941136348095	0.0029829152834512937
4.335	-5.862073601027434	0.0030845006336617095
4.345	-5.867937394369079	0.0025950439462842528
4.355	-5.873783284457231	0.003019855410800536
4.365	-5.879609066278749	0.0030660305699870883
4.375	-5.88541253992938	0.00290903502875281
4.385	-5.8911915115331235	0.002419578341375353
4.395	-5.896943794161055	0.0031768509520348144
4.405	-5.902667208749238	0.0025765738826096316
4.415	-5.908359585015312	0.002401108277700732
4.425	-5.914018762373404	0.002678159232820047
4.435	-5.919642590846928	0.0025581038189350105
4.445	-5.925228931978932	0.0027705095511931523
4.455	-5.930775659739562	0.002659689169145426
4.465	-5.936280661430287	0.0025673388507723213
4.475	-5.941741838584478	0.002742804455681221
4.485	-5.947157107863957	0.0024472834368872843
4.495	-5.952524401951136	0.002585808914446942
4.505	-5.957841670436356	0.002493458596073837
4.515	-5.963106880700037	0.0027058643283319785
4.525	-5.968318018789261	0.0025396337552603897
4.535	-5.973473090288413	0.002659689169145426
4.545	-5.978570121183482	0.002401108277700732
4.555	-5.983607158719663	0.0025026936279111474
4.565	-5.988582272251866	0.002225642672791832
4.575	-5.9934935540877765	0.0021609974499306587
4.585	-5.998339120323085	0.0025488687870977
4.595	-6.003117111668511	0.002345698086676869
4.605	-6.007825694268267	0.002345698086676869
4.615	-6.012463060509596	0.002641219105470805
4.625	-6.017027429823015	0.0022164076409545218
4.635	-6.02151704947292	0.0022533477683037637
4.645	-6.02593019533818	0.001948591717672517
4.655	-6.030265172682394	0.002474988532399216
4.665	-6.0345203169134365	0.002290287895653006
4.675	-6.038693994331979	0.002438048405049974
4.685	-6.042784602868624	0.002234877704629143
4.695	-6.046790572809325	0.002345698086676869
4.705	-6.050710367508776	0.002493458596073837
4.715	-6.0545424840914155	0.0023918732458634213
4.725	-6.058285454139762	0.0022533477683037637
4.735	-6.061937844369729	0.002345698086676869
4.745	-6.0654982572926315	0.002345698086676869
4.755	-6.068965331863573	0.0021055872589067957
4.765	-6.072337744115905	0.002114822290744106
4.775	-6.075614207781483	0.0025765738826096316
4.785	-6.078793474896395	0.002225642672791832
4.795	-6.081874336391925	0.0023734031821888006
4.805	-6.08485562267043	0.0025673388507723213
4.815	-6.087736204165891	0.0023641681503514898
4.825	-6.090514991888851	0.0022164076409545218
4.835	-6.093190937955495	0.0020871171952321745
4.845	-6.095763036100611	0.002077882163394864
4.855	-6.098230322174187	0.0024657535005619055
4.865	-6.100591874621406	0.0020963522270694853
4.875	-6.102846814945808	0.001856241399299412
4.885	-6.10499430815539	0.002290287895653006
4.895	-6.107033563191417	0.002059412099720243
4.905	-6.108963833339761	0.002114822290744106
4.915	-6.110784416624516	0.0023734031821888006
4.925	-6.112494656183744	0.0020963522270694853
4.935	-6.1140939406271215	0.0023549331185141794
4.945	-6.11558170437533	0.0022625828001410745
4.955	-6.1169574279809975	0.0021517624180933483
4.965	-6.118220638431037	0.002059412099720243
4.975	-6.1193709094302235	0.0020963522270694853
4.985	-6.120407861665844	0.0020132369405336907
4.995	-6.121331163053295	0.002059412099720243
5.005	-6.122140528962481	0.0022441127364664533
5.015	-6.122835722424895	0.0023734031821888006
5.025	-6.123416554321253	0.0018654764311367225
5.035	-6.1238828835495775	0.0020963522270694853
5.045	-6.12423461717364	0.0021609974499306587
5.055	-6.124471710551639	0.00217946751360528
5.065	-6.124594167445058	0.0021517624180933483
5.075	-6.124602040107618	0.0022164076409545218
5.085	-6.124495429354244	0.001911651590323275
5.095	-6.124274484610003	0.0022995229274903163
5.105	-6.123939403938955	0.0023179929911649375
5.115	-6.1234904340528775	0.0021979375772799006
5.125	-6.122927870299824	0.001911651590323275
5.135	-6.122252056632502	0.0019947668768590695
5.145	-6.1214633855564475	0.0020686471315575538
5.155	-6.120562298057991	0.002133292354418727
5.165	-6.119549283512015	0.002022471972371001
5.175	-6.118424879569521	0.002456518468724595
5.185	-6.117189672025013	0.002059412099720243
5.195	-6.11584429466374	0.001948591717672517
5.205	-6.114389429088821	0.0023641681503514898
5.215	-6.112825804528316	0.0021517624180933483
5.225	-6.111154197622267	0.002170232481767969
5.235	-6.109375432189817	0.0020686471315575538
5.245	-6.107490378976437	0.001911651590323275
5.255	-6.105499955381368	0.0022071726091172114
5.265	-6.103405125165355	0.0020409420360456222
5.275	-6.101206898138788	0.0021609974499306587
5.285	-6.098906329830328	0.00217946751360528
5.295	-6.096504521136169	0.0020963522270694853
5.305	-6.094002617950035	0.002281052863815695
5.315	-6.091401810774051	0.00217946751360528
5.325	-6.088703334310642	0.0023549331185141794
5.335	-6.085908467035589	0.002133292354418727
5.345	-6.083018530752419	0.0023087579593276267
5.355	-6.080034890128284	0.001985531845021759
5.365	-6.076958952211512	0.002345698086676869
5.375	-6.073792165931006	0.0023179929911649375
5.385	-6.070536021577684	0.002271817831978385
5.395	-6.067192050268168	0.002585808914446942
5.405	-6.063761823390915	0.002456518468724595
5.415	-6.0602469520350155	0.0022441127364664533
5.425	-6.056649086401876	0.0023087579593276267
5.435	-6.052969915200027	0.002345698086676869
5.445	-6.049211165023273	0.002290287895653006
5.455	-6.045374599712458	0.002281052863815695
5.465	-6.04146201970108	0.002327228023002248
5.475	-6.037475261345013	0.0022441127364664533
5.485	-6.0334161962366215	0.0023734031821888006
5.495	-6.029286730503528	0.0024288133732126636
5.505	-6.025088804092317	0.0023549331185141794
5.515	-6.020824390037463	0.0023734031821888006
5.525	-6.0164954937157855	0.002290287895653006
5.535	-6.012104152086718	0.0026689242009827366
5.545	-6.007652432918718	0.0024842235642365267
5.555	-6.003142434002108	0.002604278978121563
5.565	-5.998576282348691	0.002585808914446942
5.575	-5.993956133378456	0.0027243343920065996
5.585	-5.989284170093695	0.002604278978121563
5.595	-5.984562602240901	0.002530398723423079
5.605	-5.979793665460746	0.0025673388507723213
5.615	-5.974979620426531	0.0025950439462842528
5.625	-5.9701227519714335	0.002530398723423079
5.635	-5.965225368204922	0.002474988532399216
5.645	-5.960289799618699	0.002271817831978385
5.655	-5.955318398182551	0.0027243343920065996
5.665	-5.950313536430462	0.002742804455681221
5.675	-5.945277606537376	0.0026135140099588735
5.685	-5.9402130193869995	0.0026227490417961843
5.695	-5.935122203631024	0.002678159232820047
5.705	-5.930007604740142	0.0027705095511931523
5.715	-5.924871684047288	0.002585808914446942
5.725	-5.919716917783463	0.0025211636915857686
5.735	-5.914545796106565	0.002696629296494668
5.745	-5.909360822123634	0.0025396337552603897
5.755	-5.904164510906897	0.002659689169145426
5.765	-5.898959388504046	0.0026873942646573577
5.775	-5.893747990943149	0.002844389805891636
5.785	-5.8885328632326095	0.0027797445830304627
5.795	-5.8833165583566025	0.0026135140099588735
5.805	-5.87810163626639	0.0031768509520348144
5.815	-5.872890662867957	0.0028166847103797046
5.825	-5.867686209006371	0.002853624837728947
5.835	-5.862490849447312	0.002742804455681221
5.845	-5.8573071618561725	0.002798214646705084
5.855	-5.852137725775192	0.0027150993601692893
5.865	-5.84698512159901	0.00273356942384391
5.875	-5.841851929549104	0.002742804455681221
5.885	-5.83674072864752	0.0027058643283319785
5.895	-5.831654095690343	0.0029367401242647415
5.905	-5.826594604221315	0.003075265601824399
5.915	-5.821564823506057	0.0032969063659198513
5.925	-5.816567317507306	0.002788979614867773
5.935	-5.811604643861604	0.002696629296494668
5.945	-5.806679352857868	0.003112205729173641
5.955	-5.801793986418277	0.003056795538149778
5.965	-5.796951077081875	0.0029921503152886045
5.975	-5.792153146991362	0.0027243343920065996
5.985	-5.787402706883463	0.0031029706973363306
5.995	-5.782702255083301	0.0030660305699870883
6.005	-5.77805427650321	0.003075265601824399
6.015	-5.773461241646414	0.0031399108246855725
6.025	-5.7689256056159515	0.003315376429594472
6.035	-5.764449807129307	0.0029829152834512937
6.045	-5.760036267539136	0.003315376429594472
6.055	-5.755687389860497	0.0032876713340825405
6.065	-5.751405557805001	0.0030845006336617095
6.075	-5.747193134822293	0.0031583808883601937
6.085	-5.743052463149242	0.0032137910793840568
6.095	-5.738985862867256	0.00309373566549902
6.105	-5.7349956309681245	0.0031768509520348144
6.115	-5.731084040428746	0.003112205729173641
6.125	-5.727253339295161	0.002945975156102052
6.135	-5.723505749776263	0.0031029706973363306
6.145	-5.719843467347547	0.0034908420345033716
6.155	-5.716268659865296	0.003315376429594472
6.165	-5.712783466691564	0.0032876713340825405
6.175	-5.709389997830315	0.003167615920197504
6.185	-5.706090333075075	0.0031860859838721252
6.195	-5.702886521168478	0.003370786620618335
6.205	-5.699780578974011	0.003130675792848262
6.215	-5.696774490660341	0.00327843630224523
6.225	-5.693870206898551	0.0032969063659198513
6.235	-5.691069644072594	0.0035000770663406824
6.245	-5.68837468350333	0.003573957321039166
6.255	-5.6857871706864405	0.00326920127040792
6.265	-5.683308914544544	0.003259966238570609
6.275	-5.6809416866938145	0.003518547130015303
6.285	-5.678687220725421	0.0032507312067332986
6.295	-5.67654721150206	0.0031768509520348144
6.305	-5.674523314469882	0.0034816070026660612
6.315	-5.672617144986112	0.0036663076394122716
6.325	-5.670830277662593	0.003380021652455646
6.335	-5.669164245725569	0.0033523165569437144
6.345	-5.66762054039194	0.003472371970828751
6.355	-5.66620061026225	0.0034816070026660612
6.365	-5.664905860730653	0.003573957321039166
6.375	-5.663737653412107	0.0033523165569437144
6.385	-5.662697305587001	0.003712482798598824
6.395	-5.661786089663467	0.003518547130015303
6.405	-5.661005232657582	0.003472371970828751
6.415	-5.660355915691658	0.0036570726075749608
6.425	-5.65983927351083	0.003472371970828751
6.435	-5.659456394018145	0.0033430815251064036
6.445	-5.659208317828312	0.0030845006336617095
6.455	-5.659096037840296	0.0035924273847137873
6.465	-5.659120498828949	0.003416961779804888
6.475	-5.659282597055794	0.00346313693899144
6.485	-5.6595831798991485	0.003370786620618335
6.495	-5.66002304550371	0.0035000770663406824
6.505	-5.660602942449755	0.003259966238570609
6.515	-5.661323569442045	0.003961828658206208
6.525	-5.662185575018608	0.0034446668753168193
6.535	-5.663189557279445	0.0033984917161302666
6.545	-5.664336063635304	0.0035370171936899243
6.555	-5.6656255905765995	0.0037217178304361346
6.565	-5.667058583462551	0.0035000770663406824
6.575	-5.6686354363306215	0.0033984917161302666
6.585	-5.670356491726331	0.0035554872573645454
6.595	-5.672222040553477	0.003167615920197504
6.605	-5.674232321944828	0.00309373566549902
6.615	-5.676387523153329	0.00346313693899144
6.625	-5.678687779463827	0.003204556047546746
6.635	-5.681133174125372	0.0030845006336617095
6.645	-5.683723738304067	0.0033430815251064036
6.655	-5.686459451056503	0.0036016624165510977
6.665	-5.6893402393237515	0.003112205729173641
6.675	-5.69236597794591	0.0033892566842929563
6.685	-5.695536489697175	0.0032507312067332986
6.695	-5.6988515453414115	0.0030475605063124676
6.705	-5.702310863708174	0.003259966238570609
6.715	-5.705914111789134	0.0032137910793840568
6.725	-5.709660904854859	0.003416961779804888
6.735	-5.713550806591865	0.0037217178304361346
6.745	-5.717583329259879	0.0033523165569437144
6.755	-5.721757933869224	0.00326920127040792
6.765	-5.726074030378225	0.003056795538149778
6.775	-5.730530977910561	0.003518547130015303
6.785	-5.735128084992415	0.0033061413977571617
6.795	-5.739864609809346	0.0033338464932690932
6.805	-5.744739760482726	0.0029182700605901203
6.815	-5.749752695365626	0.0029736802516139834
6.825	-5.7549025233580045	0.0030475605063124676
6.835	-5.7601883042410424	0.003001385347125915
6.845	-5.765609049030481	0.003223026111221367
6.855	-5.771163720348784	0.003112205729173641
6.865	-5.776851232815948	0.003223026111221367
6.875	-5.782670453458813	0.0028628598695662573
6.885	-5.788620202138628	0.003370786620618335
6.895	-5.794699251996729	0.0030106203789632253
6.905	-5.800906329918099	0.0031214407610109514
6.915	-5.807240117012599	0.0031214407610109514
6.925	-5.81369924911367	0.002798214646705084
6.935	-5.82028231729426	0.0027797445830304627
6.945	-5.826987868399757	0.0029275050924274307
6.955	-5.833814405597689	0.003056795538149778
6.965	-5.8407603889439415	0.002890564965078189
6.975	-5.847824235965241	0.002696629296494668
6.985	-5.855004322257654	0.0027243343920065996
6.995	-5.862298982100827	0.002945975156102052
7.005	-5.869706509087697	0.002788979614867773
7.015	-5.877225156769411	0.0027705095511931523
7.025	-5.884853139315155	0.0029182700605901203
7.035	-5.892588632186601	0.002964445219776673
7.045	-5.900429772826705	0.002955210187939362
7.055	-5.908374661362528	0.002807449678542394
7.065	-5.916421361321781	0.0025950439462842528
7.075	-5.924567900362799	0.0025488687870977
7.085	-5.932812271017613	0.0024842235642365267
7.095	-5.941152431447803	0.0025488687870977
7.105	-5.949586306212817	0.0027243343920065996
7.115	-5.958111787050413	0.002345698086676869
7.125	-5.966726733668894	0.0024472834368872843
7.135	-5.975428974550815	0.0024657535005619055
7.145	-5.984216307767784	0.0027243343920065996
7.155	-5.993086501806046	0.0027058643283319785
7.165	-6.002037296402487	0.002511928659748458
7.175	-6.011066403390695	0.002511928659748458
7.185	-6.020171507556731	0.002585808914446942
7.195	-6.029350267504263	0.0023364630548395582
7.205	-6.038600316528656	0.002456518468724595
7.215	-6.047919263499704	0.002281052863815695
7.225	-6.0573046937526085	0.002438048405049974
7.235	-6.066754169986819	0.002290287895653006
7.245	-6.076265233172388	0.0025396337552603897
7.255	-6.085835403463457	0.0021517624180933483
7.265	-6.095462181118474	0.0022071726091172114
7.275	-6.1051430474267905	0.0020871171952321745
7.285	-6.114875465641237	0.0021609974499306587
7.295	-6.124656881916305	0.0024103433095380425
7.305	-6.134484726251528	0.0019762968131844484
7.315	-6.144356413439716	0.002290287895653006
7.325	-6.1542693440196095	0.001893181526648654
7.335	-6.164220905232585	0.0019301216539978961
7.345	-6.174208471983045	0.0019301216539978961
7.355	-6.184229407802055	0.0022533477683037637
7.365	-6.194281065813875	0.0022625828001410745
7.375	-6.2043607897049835	0.0018008312082755489
7.385	-6.214465914695199	0.0017731261127636173
7.395	-6.224593768510513	0.0020132369405336907
7.405	-6.234741672357244	0.00200400190869638
7.415	-6.244906941897128	0.0019024165584859646
7.425	-6.255086888222938	0.0018654764311367225
7.435	-6.265278818834275	0.001985531845021759
7.445	-6.275480038613114	0.001911651590323275
7.455	-6.285687850798729	0.0017361859854143754
7.465	-6.295899557961628	0.001837771335624791
7.475	-6.306112462976092	0.0018008312082755489
7.485	-6.316323869990938	0.0018285363037874804
7.495	-6.326531085398153	0.0014960751576443023
7.505	-6.33673141879899	0.0015791904441800968
7.515	-6.346922183967157	0.0016807757943905124
7.525	-6.357100699808753	0.0017915961764382385
7.535	-6.367264291318531	0.0015884254760174072
7.545	-6.377410290532167	0.0016623057307158914
7.555	-6.387536037474149	0.0016807757943905124
7.565	-6.397638881100906	0.001708480889902444
7.575	-6.407716180238855	0.0016623057307158914
7.585	-6.417765304516984	0.0014591350302950602
7.595	-6.427783635293624	0.0016253656033666493
7.605	-6.4377685665770485	0.0015699554123427863
7.615	-6.447717505939591	0.0016992458580651333
7.625	-6.457627875424889	0.0015514853486681653
7.635	-6.467497112447954	0.0015145452213189232
7.645	-6.477322670687727	0.0016438356670412703
7.655	-6.487102020971757	0.0014129598711085077
7.665	-6.496832652152725	0.001348314648247334
7.675	-6.506512071976468	0.0017177159217397543
7.685	-6.516137807941176	0.0012836694253861606
7.695	-6.525707408147459	0.0016530706988785808
7.705	-6.5352184421390005	0.001422194902945818
7.715	-6.544668501733453	0.0015330152849935442
7.725	-6.554055201843293	0.00127443439354885
7.735	-6.563376181286378	0.0016438356670412703
7.745	-6.572629103585849	0.001255964329874229
7.755	-6.581811657759168	0.001255964329874229
7.765	-6.590921559095966	0.0013021394890607816
7.775	-6.599956549924448	0.00127443439354885
7.785	-6.608914400366091	0.0014868401258069917
7.795	-6.617792909078371	0.0011543789796638134
7.805	-6.626589903985272	0.0012836694253861606
7.815	-6.635303242995304	0.0013021394890607816
7.825	-6.6439308147068425	0.001255964329874229
7.835	-6.652470539100485	0.001329844584572713
7.845	-6.660920368218246	0.0013206095527354025
7.855	-6.669278286829346	0.0010527936294533978
7.865	-6.677542313082386	0.0010712636931280188
7.875	-6.685710499143672	0.001237494266199608
7.885	-6.6937809318215375	0.0013944898074338865
7.895	-6.701751733176402	0.0010435585976160872
7.905	-6.709621061116413	0.0013206095527354025
7.915	-6.717387109978494	0.0010712636931280188
7.925	-6.725048111094583	0.0012097891706876764
7.935	-6.732602333342918	0.0013944898074338865
7.945	-6.740048083684208	0.0010804987249653294
7.955	-6.747383707682509	0.001477605093969681
7.965	-6.7546075900106635	0.0012467292980369185
7.975	-6.761718154940182	0.001200554138850366
7.985	-6.768713866815374	0.001145143947826503
7.995	-6.7755932305116655	0.0010066184702668454
8.005	-6.782354791877928	0.0013575496800846446
8.015	-6.788997138162714	0.001145143947826503
8.025	-6.7955188984243104	0.0011266738841518818
8.035	-6.801918743924481	0.0009973834384295348
8.045	-6.808195388505811	0.001145143947826503
8.055	-6.814347588952569	0.0012282592343622976
8.065	-6.8203741453350055	0.0010435585976160872
8.075	-6.8262739013369895	0.0012651993617115395
8.085	-6.832045744566961	0.0010620286612907084
8.095	-6.837688606852085	0.0010804987249653294
8.105	-6.843201464515603	0.0009235031837310508
8.115	-6.8485833386372885	0.0010435585976160872
8.125	-6.853833295297005	0.001145143947826503
8.135	-6.858950445801313	0.0010435585976160872
8.145	-6.863933946893098	0.0011728490433384345
8.155	-6.868783000944216	0.0008680929927071877
8.165	-6.873496856131126	0.0010804987249653294
8.175	-6.878074806593514	0.0009973834384295348
8.185	-6.882516192575911	0.0009142681518937402
8.195	-6.886820400552304	0.0010250885339414663
8.205	-6.890986863333767	0.0010620286612907084
8.215	-6.895015060159116	0.0010343235657787769
8.225	-6.898904516768637	0.0011174388523145715
8.235	-6.902654805460902	0.0009512082792429823
8.245	-6.906265545132732	0.0009881484065922242
8.255	-6.909736401302339	0.001163614011501124
8.265	-6.913067086115703	0.0009050331200564297
8.275	-6.916257358336265	0.0008773280245444982
8.285	-6.919307023317974	0.0007849777061713931
8.295	-6.92221593296177	0.0011082038204772609
8.305	-6.924983985655599	0.0008496229290325667
8.315	-6.927611126198029	0.0010804987249653294
8.325	-6.930097345705548	0.0009235031837310508
8.335	-6.932442681503678	0.0009512082792429823
8.345	-6.9346472170019595	0.0010527936294533978
8.355	-6.936711081552968	0.0009696783429176032
8.365	-6.938634450295426	0.0010158535021041557
8.375	-6.940417543981574	0.00108973375680264
8.385	-6.942060628788896	0.0009789133747549138
8.395	-6.9435640161163565	0.0007665076424967721
8.405	-6.944928062365253	0.0009881484065922242
8.415	-6.946153168704869	0.0009419732474056717
8.425	-6.947239780823034	0.0009142681518937402
8.435	-6.948188388661773	0.0009604433110802928
8.445	-6.9489995261381825	0.0010158535021041557
8.455	-6.9496737708507155	0.0010158535021041557
8.465	-6.950211743771022	0.0008957980882191192
8.475	-6.950614108921533	0.0007849777061713931
8.485	-6.950881573038958	0.0008219178335206351
8.495	-6.9510148852238824	0.0008311528653579457
8.505	-6.951014836576636	0.0009142681518937402
8.515	-6.950882259819657	0.0009142681518937402
8.525	-6.950618028906489	0.0010158535021041557
8.535	-6.9502230586176825	0.0009050331200564297
8.545	-6.949698304143732	0.0008865630563818087
8.555	-6.949044760655303	0.0010158535021041557
8.565	-6.94826346286095	0.0010620286612907084
8.575	-6.947355484552514	0.0008773280245444982
8.585	-6.946321938138454	0.0009881484065922242
8.595	-6.945163974165312	0.0009142681518937402
8.605	-6.943882780827533	0.0009235031837310508
8.615	-6.942479583465879	0.0010712636931280188
8.625	-6.9409556440546645	0.0010158535021041557
8.635	-6.939312260678044	0.001163614011501124
8.645	-6.937550766995588	0.0008588579608698771
8.655	-6.935672531697392	0.0008496229290325667
8.665	-6.933678957948951	0.0009327382155683612
8.675	-6.931571482826052	0.0009419732474056717
8.685	-6.929351576739938	0.0011913191070130555
8.695	-6.927020742852967	0.0009973834384295348
8.705	-6.924580516485043	0.0008126828016833247
8.715	-6.922032464511069	0.0010250885339414663
8.725	-6.919378184749656	0.0009973834384295348
8.735	-6.916619305343378	0.0009050331200564297
8.745	-6.913757484130798	0.0011359089159891924
8.755	-6.910794408010555	0.0009789133747549138
8.765	-6.907731792297751	0.0010066184702668454
8.775	-6.904571380072917	0.0010527936294533978
8.785	-6.901314941523807	0.0010712636931280188
8.795	-6.897964273280309	0.0010066184702668454
8.805	-6.894521197742709	0.0009973834384295348
8.815	-6.890987562403603	0.0009327382155683612
8.825	-6.887365239163705	0.0011359089159891924
8.835	-6.8836561236418286	0.0008680929927071877
8.845	-6.87986213447933	0.0010066184702668454
8.855	-6.875985212639222	0.0011082038204772609
8.865	-6.872027320700317	0.0008957980882191192
8.875	-6.867990442146582	0.0011082038204772609
8.885	-6.86387658065205	0.0009142681518937402
8.895	-6.859687759361501	0.0012282592343622976
8.905	-6.855426020167205	0.0011543789796638134
8.915	-6.851093422982023	0.0010620286612907084
8.925	-6.846692045009076	0.0010804987249653294
8.935	-6.842223980008319	0.0011359089159891924
8.945	-6.837691337560221	0.0010804987249653294
8.955	-6.83309624232689	0.001255964329874229
8.965	-6.828440833310832	0.0010435585976160872
8.975	-6.823727263111693	0.0009973834384295348
8.985	-6.818957697181178	0.001219024202524987
8.995	-6.814134313076441	0.0010435585976160872
9.005	-6.80925929971224	0.0011820840751757449
9.015	-6.804334856612048	0.0013390796164100235
9.025	-6.799363193158449	0.0010712636931280188
9.035	-6.794346527843025	0.0010435585976160872
9.045	-6.789287087516052	0.0010066184702668454
9.055	-6.784187106636178	0.0010527936294533978
9.065	-6.779048826520429	0.0010712636931280188
9.075	-6.773874494594725	0.0011359089159891924
9.085	-6.768666363645177	0.0011174388523145715
9.095	-6.763426691070446	0.0010250885339414663
9.105	-6.758157738135363	0.0011359089159891924
9.115	-6.752861769226077	0.0012282592343622976
9.125	-6.747541051106972	0.0011266738841518818
9.135	-6.742197852179601	0.001255964329874229
9.145	-6.2913994597807	0.0019024165584859646
9.155	-6.3288046503526445	0.001690010826227823
9.165	-6.3661941677683735	0.0019301216539978961
9.175	-6.403570279615845	0.0015145452213189232
9.185	-6.440935251453165	0.0017454210172516858
9.195	-6.478291346084522	0.0015145452213189232
9.205	-6.515640822839661	0.0015699554123427863
9.215	-6.552985936857244	0.0016161305715293387
9.225	-6.590328938372242	0.0014960751576443023
9.235	-6.627672072007619	0.0013852547755965762
9.245	-6.665017576070483	0.0011174388523145715
9.255	-6.702367681852923	0.001329844584572713
9.265	-6.739724612937737	0.0010989687886399503
9.275	-6.777090584509292	0.0012467292980369185
9.285	-6.814467802669628	0.0008496229290325667
9.295	-6.851858463760069	0.0011913191070130555
9.305	-6.889264753688534	0.0010620286612907084
9.315	-6.9266888472626835	0.0010158535021041557
9.325	-6.964132907529157	0.0009327382155683612
9.335	-7.001599085119031	0.0008680929927071877
9.345	-7.039089517599657	0.0008865630563818087
9.355	-7.076606328833177	0.0007757426743340827
9.365	-7.114151628341724	0.0008496229290325667
9.375	-7.151727510679587	0.0009604433110802928
9.385	-7.189336054812456	0.0007572726106594616
9.395	-7.226979323503954	0.000711097451472909
9.405	-7.264659362709548	0.0006833923559609775
9.415	-7.302378200978052	0.000581807005750562
9.425	-7.3401378488608575	0.0006464522286117355
9.435	-6.582565531721541	0.001422194902945818
9.445	-6.577626212536588	0.0014868401258069917
9.455	-6.5727336208464715	0.0013944898074338865
9.465	-6.567889689464454	0.001708480889902444
9.475	-6.563096330373247	0.0011913191070130555
9.485	-6.5583554341835155	0.0015699554123427863
9.495	-Inf	0.0
9.505	-Inf	0.0
9.515	-Inf	0.0
9.525	-Inf	0.0
9.535	-Inf	0.0
9.545	-Inf	0.0
9.555	-Inf	0.0
9.565	-Inf	0.0
9.575	-Inf	0.0
9.585	-Inf	0.0
9.595	-Inf	0.0
9.605	-Inf	0.0
9.615	-Inf	0.0
9.625	-Inf	0.0
9.635	-Inf	0.0
9.645	-Inf	0.0
9.655	-Inf	0.0
9.665	-Inf	0.0
9.675	-Inf	0.0
9.685	-Inf	0.0
9.695	-Inf	0.0
9.705	-Inf	0.0
9.715	-Inf	0.0
9.725	-Inf	0.0
9.735	-Inf	0.0
9.745	-Inf	0.0
9.755	-Inf	0.0
9.765	-Inf	0.0
9.775	-Inf	0.0
9.785	-Inf	0.0
9.795	-Inf	0.0
9.805	-Inf	0.0
9.815	-Inf	0.0
9.825	-Inf	0.0
9.835	-Inf	0.0
9.845	-Inf	0.0
9.855	-Inf	0.0
9.865	-Inf	0.0
9.875	-Inf	0.0
9.885	-Inf	0.0
9.895	-Inf	0.0
9.905	-Inf	0.0
9.915	-Inf	0.0
9.925	-Inf	0.0
9.935	-Inf	0.0
9.945	-Inf	0.0
9.955	-Inf	0.0
9.965	-Inf	0.0
9.975	-Inf	0.0
9.985	-Inf	0.0
9.995	-Inf	0.0
