0.005	-Inf	0.0
0.015	-Inf	0.0
0.025	-Inf	0.0
0.035	-Inf	0.0
0.045	-Inf	0.0
0.055	-Inf	0.0
0.065	-Inf	0.0
0.075	-Inf	0.0
0.085	-Inf	0.0
0.095	-Inf	0.0
0.105	-Inf	0.0
0.115	-Inf	0.0
0.125	-Inf	0.0
0.135	-Inf	0.0
0.145	-Inf	0.0
0.155	-Inf	0.0
0.165	-Inf	0.0
0.175	-Inf	0.0
0.185	-Inf	0.0
0.195	-Inf	0.0
0.205	-Inf	0.0
0.215	-Inf	0.0
0.225	-Inf	0.0
0.235	-Inf	0.0
0.245	-Inf	0.0
0.255	-Inf	0.0
0.265	-Inf	0.0
0.275	-Inf	0.0
0.285	-Inf	0.0
0.295	-Inf	0.0
0.305	-Inf	0.0
0.315	-Inf	0.0
0.325	-Inf	0.0
0.335	-Inf	0.0
0.345	-Inf	0.0
0.355	-Inf	0.0
0.365	-Inf	0.0
0.375	-Inf	0.0
0.385	-Inf	0.0
0.395	-Inf	0.0
0.405	-Inf	0.0
0.415	-Inf	0.0
0.425	-Inf	0.0
0.435	-Inf	0.0
0.445	-Inf	0.0
0.455	-Inf	0.0
0.465	-Inf	0.0
0.475	-Inf	0.0
0.485	-Inf	0.0
0.495	-Inf	0.0
0.505	-Inf	0.0
0.515	-Inf	0.0
0.525	-Inf	0.0
0.535	-Inf	0.0
0.545	-Inf	0.0
0.555	-Inf	0.0
0.565	-Inf	0.0
0.575	-Inf	0.0
0.585	-Inf	0.0
0.595	-Inf	0.0
0.605	-Inf	0.0
0.615	-Inf	0.0
0.625	-Inf	0.0
0.635	-Inf	0.0
0.645	-Inf	0.0
0.655	-Inf	0.0
0.665	-Inf	0.0
0.675	-Inf	0.0
0.685	-Inf	0.0
0.695	-Inf	0.0
0.705	-Inf	0.0
0.715	-Inf	0.0
0.725	-Inf	0.0
0.735	-Inf	0.0
0.745	-Inf	0.0
0.755	-Inf	0.0
0.765	-Inf	0.0
0.775	-Inf	0.0
0.785	-Inf	0.0
0.795	-Inf	0.0
0.805	-Inf	0.0
0.815	-Inf	0.0
0.825	-Inf	0.0
0.835	-Inf	0.0
0.845	-Inf	0.0
0.855	-Inf	0.0
0.865	-Inf	0.0
0.875	-Inf	0.0
0.885	-Inf	0.0
0.895	-Inf	0.0
0.905	-Inf	0.0
0.915	-Inf	0.0
0.925	-Inf	0.0
0.935	-5.875970687136375	0.0029297835517765997
0.945	-5.896750294381449	0.0028600268005438234
0.955	-5.917047399798505	0.0027728308615028534
0.965	-5.936855361777543	0.002703074110270077
0.975	-5.956167809890667	0.002223496445544741
0.985	-5.974978648128724	0.0024850842626676513
0.995	-5.99328205797653	0.002633317359037301
1.005	-6.011072501324839	0.0025984389834209126
1.015	-6.028344723217354	0.00260715857732501
1.025	-6.045093754431143	0.00237172954191439
1.035	-6.06131491388895	0.0025025234504758454
1.045	-6.077003810901973	0.00260715857732501
1.055	-6.0921563472418025	0.0022147768516406438
1.065	-6.106768719040311	0.002223496445544741
1.075	-6.12083741851637	0.002267094415065226
1.085	-6.134359235528425	0.002223496445544741
1.095	-6.147331258952002	0.0019357498467095391
1.105	-6.159750877881382	0.0020403849735587034
1.115	-6.171615782654745	0.0018747126893808599
1.125	-6.182923965702229	0.0020491045674628
1.135	-6.193673722216422	0.001970628222325927
1.145	-6.203863650644937	0.0020665437552709943
1.155	-6.213492653004832	0.001970628222325927
1.165	-6.222559935018711	0.0017351991869153077
1.175	-6.231065006072502	0.001909591064997248
1.185	-6.23900767899497	0.0016392836539702402
1.195	-6.246388069659167	0.001892151877189054
1.205	-6.2532065964060966	0.001839834313764472
1.215	-6.259463979291009	0.0021188613186955765
1.225	-6.265161239152844	0.0020142261918464125
1.235	-6.270299696507413	0.0017875167503398897
1.245	-6.27488097026509	0.001918310658901345
1.255	-6.278906976273796	0.0016828816234907254
1.265	-6.282379925688266	0.001988067410134121
1.275	-6.285302323166603	0.0021450201004078674
1.285	-6.287676964895296	0.0018572735015726658
1.295	-6.289506936443948	0.0020665437552709943
1.305	-6.290795610451079	0.0016392836539702402
1.315	-6.291546644142455	0.001918310658901345
1.325	-6.291763976683521	0.0016741620295866284
1.335	-6.291451826367602	0.0020665437552709943
1.345	-6.290614687641615	0.0017875167503398897
1.355	-6.2892573279712	0.0019619086284218303
1.365	-6.28738478454718	0.0019357498467095391
1.375	-6.285002360835456	0.001883432283284957
1.385	-6.282115622972456	0.001918310658901345
1.395	-6.278730396008403	0.001839834313764472
1.405	-6.274852760000742	0.001909591064997248
1.415	-6.270489045960145	0.001970628222325927
1.425	-6.265645831651636	0.0017439187808194045
1.435	-6.260329937253414	0.0018049559381480838
1.445	-6.254548420876111	0.001953189034517733
1.455	-6.248308573945213	0.0022147768516406438
1.465	-6.241617916449561	0.001883432283284957
1.475	-6.234484192058836	0.0019793478162300243
1.485	-6.226915363113062	0.0017526383747235015
1.495	-6.218919605487248	0.0021450201004078674
1.505	-6.210505303334306	0.0019793478162300243
1.515	-6.201681043709543	0.0023804491358184873
1.525	-6.19245561108	0.001970628222325927
1.535	-6.182837981722069	0.002127580912599674
1.545	-6.1728373180108305	0.0021537396943119647
1.555	-6.1624629626046215	0.001988067410134121
1.565	-6.151724432528455	0.0021624592882160615
1.575	-6.1406314131598965	0.0024850842626676513
1.585	-6.12919375212116	0.002328131572393905
1.595	-6.117421453081112	0.0020403849735587034
1.605	-6.105324669471088	0.002301972790681614
1.615	-6.092913698118293	0.002240935633352935
1.625	-6.080198972800807	0.002406607917530778
1.635	-6.067191057728077	0.00228453360287342
1.645	-6.053900640950934	0.0023978883236266814
1.655	-6.040338527705208	0.0025548410139004277
1.665	-6.026515633692997	0.002328131572393905
1.675	-6.012442978305738	0.0023368511662980023
1.685	-5.99813167779322	0.002633317359037301
1.695	-5.9835929383827775	0.0027379524858864653
1.705	-5.96883804935282	0.002703074110270077
1.715	-5.953878376065007	0.002720513298078271
1.725	-5.938725352959311	0.0027989896432151443
1.735	-5.923390476516261	0.002624597765133204
1.745	-5.907885298190691	0.0024589254809553604
1.755	-5.892221417321317	0.0025374018260922336
1.765	-5.876410474020486	0.002807709237119241
1.775	-5.8604641420484285	0.0028164288310233384
1.785	-5.8443941216764195	0.002947222739584794
1.795	-5.8282121325431655	0.0029908207091052788
1.805	-5.811929906508809	0.00301697949081757
1.815	-5.795559180510917	0.0028251484249274352
1.825	-5.779111689426811	0.0032088105567077045
1.835	-5.762599158946606	0.002964661927392988
1.845	-5.746033298461284	0.003086736242050346
1.855	-5.7294257939701945	0.0031390538054749282
1.865	-5.712788301012228	0.0033744828408855477
1.875	-5.696132437625059	0.003025699084721667
1.885	-5.679469777336673	0.003435519998214227
1.895	-5.662811842193495	0.003322165277460966
1.905	-5.646170095829346	0.0037058274092412347
1.915	-5.629555936579427	0.0032698477140363836
1.925	-5.612980690643569	0.003496557155542906
1.935	-5.596455605302831	0.0035314355311592944
1.945	-5.579991842193641	0.0037494253787617197
1.955	-5.563600470643497	0.003793023348282205
1.965	-5.547292461072333	0.0036622294397207497
1.975	-5.531078678463494	0.0036622294397207497
1.985	-5.514969875908319	0.003941256444651854
1.995	-5.498976688228219	0.004281320606911638
2.005	-5.483109625678111	0.004185405073966571
2.015	-5.4673790677350365	0.0043423577642403175
2.025	-5.451795256975676	0.004508030048418161
2.035	-5.436368293046508	0.0043423577642403175
2.045	-5.421108126730203	0.004324918576432123
2.055	-5.406024554111859	0.004281320606911638
2.065	-5.391127210848588	0.004403394921568996
2.075	-5.376425566545879	0.004446992891089482
2.085	-5.361928919244158	0.00512712121560905
2.095	-5.347646390018807	0.004446992891089482
2.105	-5.333586917696928	0.004821935428965654
2.115	-5.319759253693978	0.004726019896020586
2.125	-5.306171956973404	0.004944009743623012
2.135	-5.29283338913223	0.0051445604034172435
2.145	-5.279751709615606	0.0051445604034172435
2.155	-5.266934871063114	0.004970168525335303
2.165	-5.2543906147896	0.005292793499786893
2.175	-5.242126466403263	0.005266634718074602
2.185	-5.230149731563544	0.005458465783964736
2.195	-5.218467491881354	0.005240475936362311
2.205	-5.207086600964057	0.005632857662046677
2.215	-5.196013680607539	0.005449746190060639
2.225	-5.185255117137592	0.0058159691340327144
2.235	-5.174817057902761	0.00571133400718355
2.245	-5.164705407920709	0.005842127915745005
2.255	-5.154925826680043	0.005789810352320423
2.265	-5.145483725099468	0.005589259692526192
2.275	-5.136384262646003	0.006286827204853953
2.285	-5.12763234461395	0.006243229235333468
2.295	-5.119232619566143	0.005754931976704035
2.305	-5.111189476938944	0.005789810352320423
2.315	-5.103507044812351	0.005493344159581124
2.325	-5.096189187846432	0.005972921824306461
2.335	-5.089239505385286	0.005763651570608132
2.345	-5.082661329729514	0.005903165073073684
2.355	-5.076457724578181	0.006304266392662148
2.365	-5.070631483641074	0.006086276545059722
2.375	-5.065185129421993	0.006339144768278536
2.385	-5.060120912173683	0.006199631265812983
2.395	-5.0554408090249385	0.00626938801704576
2.405	-5.051146523280256	0.006382742737799021
2.415	-5.047239483892342	0.005999080606018752
2.425	-5.043720845107687	0.006522256240264573
2.435	-5.040591486285248	0.006426340707319506
2.445	-5.037852011888241	0.006391462331703118
2.455	-5.035502751648903	0.006225790047525275
2.465	-5.03354376090598	0.0066530501488260285
2.475	-5.031974821114579	0.006714087306154708
2.485	-5.030795440527965	0.006862320402524357
2.495	-5.030004855050697	0.0062781076109498565
2.505	-5.02960202926246	0.006260668423141663
2.515	-5.029585657611814	0.00661817177320964
2.525	-5.029954165778976	0.007045431874510394
2.535	-5.030705712206649	0.006574573803689155
2.545	-5.031838189797822	0.0069059183720448425
2.555	-5.033349227779324	0.006592012991497349
2.565	-5.0352361937298555	0.006792563651291581
2.575	-5.037496195771113	0.0063217055804703414
2.585	-5.0401260849204705	0.006504817052456379
2.595	-5.043122457603653	0.006312985986566245
2.605	-5.046481658325693	0.006374023143894924
2.615	-5.050199782498387	0.006286827204853953
2.625	-5.054272679422336	0.006452499489031797
2.635	-5.058695955421622	0.006478658270744088
2.645	-5.063464977128996	0.006086276545059722
2.655	-5.068574874919445	0.006339144768278536
2.665	-5.074020546489857	0.006007800199922849
2.675	-5.079796660582412	0.006286827204853953
2.685	-5.085897660849298	0.006042678575539237
2.695	-5.092317769856179	0.005789810352320423
2.705	-5.099050993221828	0.006138594108484304
2.715	-5.106091123891223	0.006339144768278536
2.725	-5.1134317465393115	0.006077556951155625
2.735	-5.121066242102603	0.006007800199922849
2.745	-5.1289877924356295	0.005554381316909804
2.755	-5.137189385089291	0.005894445479169588
2.765	-5.145663818207953	0.005414867814444251
2.775	-5.154403705542174	0.0055631009108139005
2.785	-5.1634014815738105	0.005423587408348348
2.795	-5.172649406750195	0.005659016443758968
2.805	-5.182139572824041	0.005327671875403281
2.815	-5.191863908295614	0.005728773194991744
2.825	-5.201814183953707	0.005554381316909804
2.835	-5.2119820185118275	0.00530151309369099
2.845	-5.222358884336032	0.005005046900951691
2.855	-5.232936113260699	0.005571820504717997
2.865	-5.24370490248855	0.005109682027800855
2.875	-5.2546563205711205	0.00480449624115746
2.885	-5.2657813134659035	0.005397428626636057
2.895	-5.277070710666253	0.004778337459445168
2.905	-5.288515231400171	0.005223036748554117
2.915	-5.3001054908940235	0.005031205682663982
2.925	-5.311832006697187	0.00512712121560905
2.935	-5.32368520506362	0.004752178677732878
2.945	-5.335655427386276	0.004830655022869751
2.955	-5.3477329366803055	0.004647543550883713
2.965	-5.359907924110893	0.0045167496423222575
2.975	-5.372170515561612	0.00424644223129525
2.985	-5.384510778239127	0.004603945581363228
2.995	-5.39691872731005	0.004377236139856706
3.005	-5.409384332565754	0.004272601013007541
3.015	-5.421897525110924	0.0044295537032812875
3.025	-5.434448204071607	0.004141807104446086
3.035	-5.447026243318531	0.004542908424034549
3.045	-5.459621498201431	0.004621384769171422
3.055	-5.472223812290138	0.0040546111654051155
3.065	-5.4848230241181675	0.004002293601980534
3.075	-5.497408973924561	0.003915097662939564
3.085	-5.509971510389715	0.003915097662939564
3.095	-5.522500497360976	0.003827901723898593
3.105	-5.53498582056373	0.004045891571501019
3.115	-5.547417394293787	0.004080769947117407
3.125	-5.55978516808685	0.004028452383692825
3.135	-5.572079133360848	0.003810462536090399
3.145	-5.5842893300269845	0.003766864566569914
3.155	-5.596405853065321	0.0036011922823920703
3.165	-5.608418859060803	0.0035575943128715853
3.175	-5.620318572695576	0.0035488747189674884
3.185	-5.632095293193563	0.003479117967734712
3.195	-5.6437394007132395	0.003365763246981451
3.205	-5.655241362684588	0.003479117967734712
3.215	-5.666591740086302	0.0035139963433511003
3.225	-5.67778119365927	0.0032611281201322864
3.235	-5.688800490052467	0.003383202434789645
3.245	-5.699640507897409	0.003479117967734712
3.255	-5.710292243807379	0.003165212587187219
3.265	-5.720746818297672	0.0033134456835568686
3.275	-5.730995481623152	0.003365763246981451
3.285	-5.741029619529509	0.0031128950237626373
3.295	-5.750840758914576	0.003086736242050346
3.305	-5.760420573396267	0.0029908207091052788
3.315	-5.769760888783561	0.0031303342115708314
3.325	-5.778853688447209	0.0032000909628036073
3.335	-5.787691118586791	0.0028774659883520175
3.345	-5.79626549339085	0.002964661927392988
3.355	-5.804569300086919	0.0030344186786257638
3.365	-5.812595203878267	0.002999540303009376
3.375	-5.8203360527643575	0.0028251484249274352
3.385	-5.827784882241982	0.003043138272529861
3.395	-5.834934919884196	0.002711793704174174
3.405	-5.8417795897942115	0.0028338680188315325
3.415	-5.848312516931496	0.0029908207091052788
3.425	-5.854527531307398	0.0027553916736946594
3.435	-5.860418672047753	0.0027902700493110475
3.445	-5.865980191319905	0.002703074110270077
3.455	-5.8712065581218	0.0028513072066397266
3.465	-5.876092461930767	0.0028949051761602116
3.475	-5.880632816209779	0.0025722802017086217
3.485	-5.8848227617690485	0.002685634922461883
3.495	-5.888657669980893	0.0028600268005438234
3.505	-5.892133145845918	0.0026158781712291067
3.515	-5.895245030908642	0.0025112430443799427
3.525	-5.8979894060208	0.002624597765133204
3.535	-5.9003625939506605	0.0025286822321881368
3.545	-5.902361161836762	0.002676915328557786
3.555	-5.9039819234846025	0.002729232891982368
3.565	-5.905221941504905	0.002668195734653689
3.575	-5.906078529292178	0.0023978883236266814
3.585	-5.906549252842401	0.0027553916736946594
3.595	-5.906631932408757	0.0024763646687635545
3.605	-5.906324643994429	0.002624597765133204
3.615	-5.905625720681628	0.0025722802017086217
3.625	-5.904533753796039	0.0025199626382840395
3.635	-5.903047593906068	0.002633317359037301
3.645	-5.901166351656303	0.0027553916736946594
3.655	-5.898889398434755	0.002546121419996331
3.665	-5.896216366873528	0.0028338680188315325
3.675	-5.893147151182665	0.0024938038565717486
3.685	-5.889681907317067	0.0025374018260922336
3.695	-5.885821052976403	0.002546121419996331
3.705	-5.881565267438125	0.002685634922461883
3.715	-5.876915491223768	0.0027989896432151443
3.725	-5.8718729255987805	0.0028687463944479207
3.735	-5.866439031906334	0.002720513298078271
3.745	-5.860615530735536	0.002703074110270077
3.755	-5.8544044009247065	0.002711793704174174
3.765	-5.847807878400381	0.002624597765133204
3.775	-5.840828454852872	0.003383202434789645
3.785	-5.833468876249253	0.003086736242050346
3.795	-5.825732141184829	0.002807709237119241
3.805	-5.817621499074166	0.003008259896913473
3.815	-5.809140448182908	0.003322165277460966
3.825	-5.800292733501678	0.0032524085262281895
3.835	-5.791082344463491	0.002947222739584794
3.845	-5.7815135125061765	0.003069297054242152
3.855	-5.771590708481414	0.002999540303009376
3.865	-5.761318639912098	0.002903624770064309
3.875	-5.750702248099798	0.0034703983738306153
3.885	-5.739746705084238	0.003365763246981451
3.895	-5.728457410456762	0.00301697949081757
3.905	-5.716839988029837	0.0033744828408855477
3.915	-5.704900282364815	0.00342680040431013
3.925	-5.692644355160143	0.0035663139067756825
3.935	-5.680078481502379	0.003078016648146249
3.945	-5.667209145982475	0.003418080810406033
3.955	-5.654043038679779	0.003365763246981451
3.965	-5.640587051016382	0.0036622294397207497
3.975	-5.6268482714844685	0.0036622294397207497
3.985	-5.612833981249424	0.003383202434789645
3.995	-5.598551649631518	0.0036273510641043616
4.005	-5.584008929469094	0.003862780099514981
4.015	-5.569213652366182	0.0036709490336248466
4.025	-5.554173823827649	0.003758144972665817
4.035	-5.538897618284967	0.003906378069035466
4.045	-5.523393374015779	0.004368516545952609
4.055	-5.507669587960532	0.003758144972665817
4.065	-5.491734910439476	0.004229003043487056
4.075	-5.475598139773416	0.004115648322733795
4.085	-5.459268216811636	0.0042987597947198326
4.095	-5.442754219370494	0.0044295537032812875
4.105	-5.426065356586243	0.00424644223129525
4.115	-5.409210963185652	0.004359796952048511
4.125	-5.392200493678098	0.004316198982528026
4.135	-5.375043516472821	0.004455712484993579
4.145	-5.357749707925061	0.004612665175267325
4.155	-5.340328846314906	0.004446992891089482
4.165	-5.3227908057626365	0.004830655022869751
4.175	-5.305145550084435	0.004882972586294333
4.185	-5.287403126592401	0.004821935428965654
4.195	-5.269573659842738	0.00471730030211649
4.205	-5.251667345336146	0.005135840809513147
4.215	-5.2336944431743495	0.005318952281499184
4.225	-5.215665271676828	0.005502063753485221
4.235	-5.197590200961771	0.005284073905882796
4.245	-5.179479646495306	0.005493344159581124
4.255	-5.161344062613109	0.00571133400718355
4.265	-5.14319393601846	0.0056502968498548705
4.275	-5.125039779260899	0.006042678575539237
4.285	-5.106892124199549	0.005920604260881879
4.295	-5.088761515455263	0.006042678575539237
4.305	-5.070658503855731	0.006408901519511311
4.315	-5.05259363987766	0.006487377864648185
4.325	-5.034577467090195	0.006461219082935894
4.335	-5.016620515603662	0.006923357559853036
4.345	-4.998733295527818	0.006966955529373521
4.355	-4.980926290443681	0.006932077153757133
4.365	-4.96320995089308	0.006792563651291581
4.375	-4.945594687889993	0.007036712280606297
4.385	-4.928090866457768	0.007394215630674276
4.395	-4.910708799196299	0.007245982534304626
4.405	-4.893458739883156	0.007533729133139828
4.415	-4.876350877112762	0.00773427979293406
4.425	-4.859395327977492	0.008022026391769261
4.435	-4.842602131794786	0.007542448727043924
4.445	-4.825981243884111	0.008274894614988074
4.455	-4.809542529397726	0.008222577051563493
4.465	-4.7932957572090755	0.00808306354909794
4.475	-4.777250593862655	0.008161539894234814
4.485	-4.761416597589134	0.008614958777247859
4.495	-4.7458032123894816	0.00864111755896015
4.505	-4.730419762191757	0.009111975629781388
4.515	-4.715275445084249	0.0084928844625905
4.525	-4.70037932762855	0.008719593904097022
4.535	-4.685740339256103	0.0093735634469043
4.545	-4.671367266751726	0.009417161416424786
4.555	-4.65726874882752	0.009321245883479717
4.565	-4.643453270790575	0.009757225578684569
4.575	-4.6299291593077525	0.00963515126402721
4.585	-4.616704577270827	0.010123448522656644
4.595	-4.603787518765135	0.010289120806834487
4.605	-4.591185804144898	0.01013216811656074
4.615	-4.5789070752182175	0.010480951872724622
4.625	-4.566958790544768	0.010149607304368934
4.635	-4.555348220849068	0.01042863430930004
4.645	-4.544082444552163	0.01039375593368365
4.655	-4.533168343424484	0.011492424765599876
4.665	-4.522612598362558	0.010637904562998369
4.675	-4.512421685292165	0.01069022212642295
4.685	-4.502601871200456	0.01101284710087454
4.695	-4.493159210299477	0.011178519385052384
4.705	-4.484099540323434	0.010725100502039338
4.715	-4.475428478961975	0.011291874105805644
4.725	-4.467151420431659	0.010890772786217182
4.735	-4.4592735321877015	0.011788890958339175
4.745	-4.4517997517779975	0.011867367303476048
4.755	-4.44473478384132	0.01118723897895648
4.765	-4.438083097251524	0.01139650923265481
4.775	-4.431848922409465	0.011501144359503973
4.785	-4.4260362486842615	0.011998161212037504
4.795	-4.420648822005442	0.011692975425394108
4.805	-4.415690142607398	0.012556215221899713
4.815	-4.411163462927489	0.011710414613202302
4.825	-4.4070717856590536	0.012085357151078474
4.835	-4.403417861960432	0.012224870653544027
4.845	-4.400204189821082	0.012059198369366182
4.855	-4.397433012585709	0.011719134207106399
4.865	-4.39510631763725	0.012442860501146452
4.875	-4.393225835239469	0.01239054293772187
4.885	-4.3917930375397845	0.012495178064571033
4.895	-4.390809137732876	0.012338225374297287
4.905	-4.390275089385506	0.01221615105963993
4.915	-4.390191585922879	0.011492424765599876
4.925	-4.390559060276788	0.012111515932790765
4.935	-4.391377684695655	0.011867367303476048
4.945	-4.392647370716501	0.011841208521763758
4.955	-4.394367769298765	0.012634691567036586
4.965	-4.3965382711198	0.011910965272996532
4.975	-4.399158007031746	0.011727853801010496
4.985	-4.402225848679413	0.012486458470666937
4.995	-4.405740409278672	0.011474985577791683
5.005	-4.409700044554783	0.011989441618133407
5.015	-4.41410285383995	0.011858647709571951
5.025	-4.418946681329333	0.011605779486353137
5.035	-4.424229117494617	0.011963282836421115
5.045	-4.429947500654131	0.011919684866900631
5.055	-4.436098918698476	0.012259749029160414
5.065	-4.442680210970427	0.011300593699709741
5.075	-4.449687970297854	0.010829735628888502
5.085	-4.4571185451782505	0.011675536237585913
5.095	-4.46496804211346	0.01118723897895648
5.105	-4.4732323280929345	0.01136163085703842
5.115	-4.481907033223957	0.011466265983887586
5.125	-4.490987553507	0.011631938268065429
5.135	-4.500469053754415	0.010995407913066345
5.145	-4.510346470650494	0.010995407913066345
5.155	-4.520614515950898	0.010201924867793517
5.165	-4.53126767981932	0.010350157964163166
5.175	-4.542300234299173	0.010385036339779554
5.185	-4.5537062369180745	0.010768698471559823
5.195	-4.565479534422688	0.010550708623957397
5.205	-4.577613766641521	0.009940337050670605
5.215	-4.590102370473144	0.010167046492177128
5.225	-4.602938583997206	0.009853141111629635
5.235	-4.616115450705574	0.009818262736013248
5.245	-4.629625823850866	0.009870580299437829
5.255	-4.643462370909482	0.008955022939507642
5.265	-4.657617578156299	0.009408441822520687
5.275	-4.6720837553480035	0.008998620909028128
5.285	-4.6868530405120685	0.008806789843137992
5.295	-4.701917404838245	0.009626431670123113
5.305	-4.717268657669388	0.008902705376083061
5.315	-4.73289845158843	0.008510323650398695
5.325	-4.748798287598143	0.00855392161991918
5.335	-4.7649595203904545	0.008074343955193844
5.345	-4.781373363701782	0.007865073701495515
5.355	-4.798030895751046	0.007838914919783224
5.365	-4.814923064756771	0.008074343955193844
5.375	-4.832040694529801	0.008178979082043007
5.385	-4.84937449013797	0.007926110858824194
5.395	-4.866915043639101	0.007655803447797186
5.405	-4.884652839878674	0.006871039996428454
5.415	-4.9025782623483805	0.006958235935469424
5.425	-4.920681599101904	0.007376776442866081
5.435	-4.938953048724028	0.006836161620812066
5.445	-4.957382726349306	0.006626891367113737
5.455	-4.975960669726407	0.006966955529373521
5.465	-4.994676845324305	0.007045431874510394
5.475	-5.013521154476348	0.006251948829237565
5.485	-5.0324834395583	0.006173472484100692
5.495	-5.051553490196434	0.0063217055804703414
5.505	-5.070721049501639	0.006548415021976864
5.515	-5.089975820325687	0.00603395898163514
5.525	-5.109307471535536	0.0061909116719088865
5.535	-5.128705644301732	0.005894445479169588
5.545	-5.148159958396937	0.0059380434486900726
5.555	-5.167660018500498	0.005345111063211475
5.565	-5.187195420505097	0.0056502968498548705
5.575	-5.206755757821468	0.00521431715465002
5.585	-5.2263306276771475	0.005693894819375356
5.595	-5.24590963740526	0.005109682027800855
5.605	-5.265482410719413	0.00456906720574684
5.615	-5.285038593970614	0.004499310454514064
5.625	-5.304567862382308	0.0050137664948557885
5.635	-5.324059926259599	0.004900411774102527
5.645	-5.343504537168668	0.004769617865541071
5.655	-5.362891494082518	0.004560347611842743
5.665	-5.38221064948916	0.004874252992390236
5.675	-5.401451915458346	0.004630104363075519
5.685	-5.4206052696630715	0.004307479388623929
5.695	-5.439660761351965	0.004220283449582959
5.705	-5.45860851726893	0.004037171977596922
5.715	-5.477438747516156	0.003993574008076437
5.725	-5.496141751356907	0.003827901723898593
5.735	-5.514707922954432	0.003862780099514981
5.745	-5.533127757043326	0.0036273510641043616
5.755	-5.551391854529866	0.003862780099514981
5.765	-5.5694909280177285	0.003461678779926518
5.775	-5.587415807255679	0.0035575943128715853
5.785	-5.605157444503775	0.003906378069035466
5.795	-5.622706919814801	0.0035314355311592944
5.805	-5.640055446227528	0.003461678779926518
5.815	-5.65719437486863	0.0031913713688995105
5.825	-5.674115199960066	0.0035488747189674884
5.835	-5.690809563728784	0.0031564929932831223
5.845	-5.707269261215701	0.003505276749447003
5.855	-5.723486244980981	0.0031390538054749282
5.865	-5.739452629702659	0.0031303342115708314
5.875	-5.75516069666583	0.0033744828408855477
5.885	-5.770602898139532	0.00310417542985854
5.895	-5.7857718616386835	0.003025699084721667
5.905	-5.800660394068434	0.0029559423334888906
5.915	-5.815261485748353	0.0028949051761602116
5.925	-5.829568314314024	0.002903624770064309
5.935	-5.843574248493608	0.0029733815212970847
5.945	-5.857272851757107	0.0028687463944479207
5.955	-5.8706578858360405	0.003078016648146249
5.965	-5.88372331411149	0.0027902700493110475
5.975	-5.896463304868347	0.002633317359037301
5.985	-5.908872234413861	0.0027902700493110475
5.995	-5.920944690058589	0.0025374018260922336
6.005	-5.932675472957966	0.0027379524858864653
6.015	-5.944059600812764	0.0027728308615028534
6.025	-5.955092310426886	0.0026158781712291067
6.035	-5.965769060120913	0.0027902700493110475
6.045	-5.9760855320000354	0.002642036952941398
6.055	-5.986037634075038	0.0023978883236266814
6.065	-5.99562150223506	0.0023194119784898082
6.075	-6.004833502071056	0.0025025234504758454
6.085	-6.013670230548878	0.0025199626382840395
6.095	-6.022128517531067	0.0023194119784898082
6.105	-6.0302054271464804	0.0025374018260922336
6.115	-6.037898259007048	0.0021363005065037706
6.125	-6.045204549270983	0.002310692384585711
6.135	-6.052122071551923	0.002249655227257032
6.145	-6.0586488376735375	0.0024414862931471664
6.155	-6.064783098269288	0.0020665437552709943
6.165	-6.070523343227061	0.0023804491358184873
6.175	-6.075868301978552	0.0020578241613668975
6.185	-6.080816943633357	0.0023194119784898082
6.195	-6.085368476957816	0.002310692384585711
6.205	-6.089522350198786	0.0021973376638324497
6.215	-6.093278250752576	0.0021711788821201588
6.225	-6.096636104679428	0.0021537396943119647
6.235	-6.099596076063989	0.0021101417247914797
6.245	-6.102158566222327	0.002363009948010293
6.255	-6.104324212756162	0.0020752633491750916
6.265	-6.106093888455056	0.00237172954191439
6.275	-6.107468700047413	0.002223496445544741
6.285	-6.1084499868012605	0.002310692384585711
6.295	-6.109039318975835	0.002406607917530778
6.305	-6.109238496125126	0.0019967870040382184
6.315	-6.109049545254628	0.00228453360287342
6.325	-6.108474718832621	0.0020752633491750916
6.335	-6.107516492657414	0.0023368511662980023
6.345	-6.106177563582066	0.0023804491358184873
6.355	-6.104460847098217	0.0023194119784898082
6.365	-6.102369474780701	0.002188618069928353
6.375	-6.099906791594766	0.002310692384585711
6.385	-6.0970763530677505	0.002589719389516816
6.395	-6.093881922327224	0.0021973376638324497
6.405	-6.090327467007608	0.00237172954191439
6.415	-6.0864171560274425	0.0021624592882160615
6.425	-6.082155356239502	0.002363009948010293
6.435	-6.0775466289560764	0.002249655227257032
6.445	-6.072595726351813	0.002293253196777517
6.455	-6.067307587746547	0.0023368511662980023
6.465	-6.061687335770686	0.002240935633352935
6.475	-6.0557402724157745	0.002389168729722584
6.485	-6.049471874972885	0.002328131572393905
6.495	-6.042887791861645	0.00260715857732501
6.505	-6.035993838352704	0.002275814008969323
6.515	-6.028795992186522	0.0025548410139004277
6.525	-6.021300389091495	0.0024850842626676513
6.535	-6.01351331820441	0.002345570760202099
6.545	-6.005441217396313	0.0024676450748594573
6.555	-5.997090668506986	0.002668195734653689
6.565	-5.988468392491192	0.0024414862931471664
6.575	-5.97958124448	0.0025984389834209126
6.585	-5.97043620876048	0.0024589254809553604
6.595	-5.961040393677172	0.002650756546845495
6.605	-5.951401026458691	0.002624597765133204
6.615	-5.941525447973026	0.0027379524858864653
6.625	-5.931421107415	0.002964661927392988
6.635	-5.9210955569294095	0.0027379524858864653
6.645	-5.910556446173548	0.002624597765133204
6.655	-5.899811516822646	0.002624597765133204
6.665	-5.888868597021974	0.002947222739584794
6.675	-5.877735595789277	0.002650756546845495
6.685	-5.866420497371299	0.0029385031456806965
6.695	-5.85493135555816	0.002685634922461883
6.705	-5.843276287959363	0.003418080810406033
6.715	-5.831463470245287	0.0029559423334888906
6.725	-5.8195011303579784	0.0032175301506118014
6.735	-5.80739754269509	0.0028513072066397266
6.745	-5.79516102227087	0.0029297835517765997
6.755	-5.782799918858078	0.003086736242050346
6.765	-5.77032261111473	0.003025699084721667
6.775	-5.7577375006995535	0.003505276749447003
6.785	-5.74505300638015	0.0033047260896527718
6.795	-5.7322775581376515	0.003182651774995413
6.805	-5.719419591271936	0.003121614617666734
6.815	-5.706487540511225	0.0032960064957486745
6.825	-5.693489834129996	0.0033134456835568686
6.835	-5.680434888079155	0.003435519998214227
6.845	-5.667331100132326	0.0035139963433511003
6.855	-5.654186844052179	0.0035837530945838766
6.865	-5.641010463780649	0.003409361216501936
6.875	-5.6278102676568995	0.003435519998214227
6.885	-5.614594522666909	0.0035837530945838766
6.895	-5.601371448728462	0.003435519998214227
6.905	-5.588149213015331	0.003784303754378108
6.915	-5.574935924324478	0.003827901723898593
6.925	-5.561739627489909	0.00415924629225428
6.935	-5.548568297847005	0.003862780099514981
6.945	-5.535429835750933	0.004019732789788727
6.955	-5.522332061152786	0.003897658475131369
6.965	-5.509282708237047	0.0039238172568436605
6.975	-5.496289420123974	0.0042987597947198326
6.985	-5.483359743640362	0.003915097662939564
6.995	-5.470501124162216	0.004263881419103444
7.005	-5.457720900532694	0.004324918576432123
7.015	-5.445026300058732	0.004446992891089482
7.025	-5.43242443358968	0.004211563855678862
7.035	-5.419922290681184	0.004237722637391153
7.045	-5.407526734847547	0.004534188830130452
7.055	-5.3952444989057	0.004577786799650937
7.065	-5.383082180413909	0.004630104363075519
7.075	-5.371046237208207	0.0045952259874591315
7.085	-5.359142983039564	0.0045952259874591315
7.095	-5.347378583314627	0.00448187126670587
7.105	-5.335759050942924	0.005179438779033632
7.115	-5.324290242293267	0.0046824219265001014
7.125	-5.3129778532620335	0.004874252992390236
7.135	-5.3018274154559455	0.0049788881192394
7.145	-5.290844292491914	0.0050137664948557885
7.155	-5.280033676416358	0.004865533398486139
7.165	-5.269400584246422	0.005240475936362311
7.175	-5.258949854635407	0.005074803652184467
7.185	-5.248686144664585	0.005763651570608132
7.195	-5.23861392676358	0.0051881583729377284
7.205	-5.228737485761361	0.004917850961910721
7.215	-5.21906091606982	0.005353830657115572
7.225	-5.209588119001782	0.005249195530266408
7.235	-5.2003228002253055	0.00571133400718355
7.245	-5.191268467355902	0.005031205682663982
7.255	-5.182428427688361	0.005615418474238482
7.265	-5.173805786069638	0.005842127915745005
7.275	-5.165403442914297	0.005449746190060639
7.285	-5.157224092363767	0.005990361012114654
7.295	-5.149270220590736	0.00603395898163514
7.305	-5.141544104249777	0.005877006291361393
7.315	-5.134047809075247	0.005580540098622095
7.325	-5.126783188627465	0.005789810352320423
7.335	-5.1197518831879645	0.005720053601087647
7.345	-5.11295531880462	0.005842127915745005
7.355	-5.106394706487283	0.005920604260881879
7.365	-5.1000710415545045	0.006112435326772013
7.375	-5.093985103131781	0.005946763042594169
7.385	-5.088137453801712	0.006094996138963819
7.395	-5.082528439406319	0.006051398169443334
7.405	-5.07715818900167	0.006051398169443334
7.415	-5.072026614964906	0.006382742737799021
7.425	-5.067133413253587	0.006452499489031797
7.435	-5.062478063817263	0.005877006291361393
7.445	-5.058059831160986	0.006626891367113737
7.455	-5.053877765060467	0.006478658270744088
7.465	-5.049930701428388	0.006836161620812066
7.475	-5.046217263331375	0.0061909116719088865
7.485	-5.04273586215697	0.006173472484100692
7.495	-5.0394846989298685	0.006626891367113737
7.505	-5.036461765776579	0.006225790047525275
7.515	-5.033664847537585	0.006661769742730125
7.525	-5.031091523525966	0.006478658270744088
7.535	-5.028739169431355	0.007001833904989909
7.545	-5.026604959368006	0.006260668423141663
7.555	-5.024685868065646	0.006461219082935894
7.565	-5.022978673201713	0.006748965681771095
7.575	-5.021479957873456	0.006687928524442417
7.585	-5.020186113208304	0.007045431874510394
7.595	-5.01909334111081	0.006461219082935894
7.605	-5.018197657144397	0.006879759590332551
7.615	-5.0174948935460195	0.006583293397593252
7.625	-5.016980702371782	0.006382742737799021
7.635	-5.016650558771493	0.006818722433003872
7.645	-5.016499764389979	0.006374023143894924
7.655	-5.016523450892978	0.006391462331703118
7.665	-5.016716583615303	0.006592012991497349
7.675	-5.0170739653288745	0.006818722433003872
7.685	-5.017590240128196	0.00670536771225061
7.695	-5.018259897430701	0.006827442026907969
7.705	-5.019077276089375	0.006260668423141663
7.715	-5.020036568614956	0.006522256240264573
7.725	-5.021131825504937	0.006217070453621177
7.735	-5.022356959676561	0.006600732585401447
7.745	-5.023705751000868	0.0064437798951277
7.755	-5.0251718509348615	0.006958235935469424
7.765	-5.026748787248702	0.006452499489031797
7.775	-5.028429968844876	0.006243229235333468
7.785	-5.030208690666141	0.006661769742730125
7.795	-5.0320781386890285	0.006251948829237565
7.805	-5.034031394999631	0.006661769742730125
7.815	-5.036061442948305	0.006600732585401447
7.825	-5.038161172379938	0.006217070453621177
7.835	-5.040323384936295	0.00612115492067611
7.845	-5.042540799426961	0.006504817052456379
7.855	-5.044806057265362	0.006888479184236648
7.865	-5.047111727966224	0.006312985986566245
7.875	-5.049450314700904	0.00620835085971708
7.885	-5.067075775512709	0.006243229235333468
7.895	-5.068120382484798	0.006156033296292498
7.905	-5.069175073287963	0.005946763042594169
7.915	-5.070232142300797	0.00626938801704576
7.925	-5.0712838460729825	0.006670489336634222
7.935	-5.07232240914932	0.006112435326772013
7.945	-5.073340029925222	0.005850847509649103
7.955	-5.07432888652973	0.005859567103553199
7.965	-5.075281142732203	0.0062345096414293715
7.975	-5.076188953868721	0.00629554679875805
7.985	-5.077044472784269	0.006469938676839991
7.995	-5.0778398557867455	0.005850847509649103
8.005	-5.078567268608859	0.006435060301223603
8.015	-5.079218892373899	0.006016519793826946
8.025	-5.079786929561432	0.005999080606018752
8.035	-5.080263609968936	0.0063217055804703414
8.045	-5.080641196665391	0.006391462331703118
8.055	-5.080911991932844	0.00603395898163514
8.065	-5.081068343191989	0.0063217055804703414
8.075	-5.081102648907767	0.006173472484100692
8.085	-5.081007364471063	0.006051398169443334
8.095	-5.080775008052521	0.006426340707319506
8.105	-5.080398166424591	0.0060688373572515275
8.115	-5.079869500747839	0.005964202230402364
8.125	-5.079181752317683	0.006173472484100692
8.135	-5.0783277482676485	0.006016519793826946
8.145	-5.077300407225311	0.006051398169443334
8.155	-5.0760927449171245	0.005911884666977781
8.165	-5.0746978797183075	0.006435060301223603
8.175	-5.073109038144081	0.006374023143894924
8.185	-5.0713195602785	0.0061909116719088865
8.195	-5.069322905137221	0.006347864362182633
8.205	-5.067112655960543	0.00629554679875805
8.215	-5.064682525433143	0.006112435326772013
8.225	-5.06202636082693	0.006086276545059722
8.235	-5.059138149063509	0.006435060301223603
8.245	-5.056012021692826	0.006129874514580207
8.255	-5.052642259784528	0.006539695428072767
8.265	-5.049023298728734	0.00661817177320964
8.275	-5.045149732942899	0.006757685275675193
8.285	-5.0410163204815115	0.00661817177320964
8.295	-5.0366179875454655	0.006400181925607215
8.305	-5.031949832887986	0.006435060301223603
8.315	-5.027007132114025	0.00620835085971708
8.325	-5.021785341870177	0.006391462331703118
8.335	-5.016280103922162	0.00667920893053832
8.345	-5.01048724911703	0.006748965681771095
8.355	-5.004402801227318	0.006975675123277618
8.365	-4.998022980674449	0.006077556951155625
8.375	-4.9913442081287265	0.006722806900058805
8.385	-4.984363107983383	0.006844881214716163
8.395	-4.977076511700229	0.006374023143894924
8.405	-4.969481461024453	0.006775124463483387
8.415	-4.96157521106632	0.006592012991497349
8.425	-4.9533552332475015	0.006374023143894924
8.435	-4.9448192181099095	0.00726342172211282
8.445	-4.935965077984963	0.006757685275675193
8.455	-4.9267909495213456	0.006748965681771095
8.465	-4.917295196069351	0.007184945376975947
8.475	-4.907476409920017	0.007542448727043924
8.485	-4.8973334143974	0.0070715906562226856
8.495	-4.886865265802323	0.007062871062318589
8.505	-4.876071255206134	0.007333178473345596
8.515	-4.864950910093045	0.007655803447797186
8.525	-4.853503995849703	0.007333178473345596
8.535	-4.841730517100838	0.007917391264920097
8.545	-4.829630718889792	0.007943550046632388
8.555	-4.817205087702936	0.007769158168550447
8.565	-4.804454352337068	0.007873793295399611
8.575	-4.791379484608921	0.00805690476738565
8.585	-4.777981699906073	0.008100502736906134
8.595	-4.764262457578675	0.008597519589439665
8.605	-4.750223461171384	0.008754472279713411
8.615	-4.735866658495165	0.00834465136622085
8.625	-4.721194241538612	0.008658556746768343
8.635	-4.7062086462185455	0.008614958777247859
8.645	-4.690912551969811	0.00946075938594527
8.655	-4.675308881174253	0.009391002634712493
8.665	-4.659400798428952	0.009382283040808397
8.675	-4.643191709653917	0.009207891162726457
8.685	-4.626685261039562	0.010053691771423868
8.695	-4.60988533783431	0.009417161416424786
8.705	-4.592796062972885	0.009731066796972278
8.715	-4.575421795545871	0.009879299893341928
8.725	-4.557767129111263	0.010489671466628719
8.735	-4.53983688984877	0.01034143837025907
8.745	-4.521636134557865	0.010498391060532816
8.755	-4.503170148500525	0.011230836948476965
8.765	-4.484444443089811	0.011858647709571951
8.775	-4.465464753425461	0.011030286288682734
8.785	-4.446237035677874	0.012006880805941601
8.795	-4.42676746432182	0.011876086897380145
8.805	-4.407062429221437	0.012346944968201384
8.815	-4.387128532568107	0.01280036385121443
8.825	-4.3669725856728565	0.011910965272996532
8.835	-4.346601605615184	0.012678289536557072
8.845	-4.3260228117500885	0.013053232074433244
8.855	-4.305243622075366	0.013218904358611087
8.865	-4.284271649461157	0.013925191464842945
8.875	-4.263114697744014	0.013227623952515184
8.885	-4.241780757687629	0.014047265779500304
8.895	-4.220278002812645	0.01452684344422564
8.905	-4.198614785097902	0.014945383951622298
8.915	-4.176799630555701	0.01525928933216979
8.925	-4.154841234683573	0.01555575552490909
8.935	-4.132748457795347	0.016218444661620462
8.945	-4.110530320234142	0.016009174407922135
8.955	-4.088195997470248	0.017535103341139113
8.965	-4.0657548150866365	0.01646259329093518
8.975	-4.04321624365523	0.016994488519085096
8.985	-4.020589893506909	0.017657177655796472
8.995	-3.9978855093983703	0.019087191056068382
9.005	-3.975112965079079	0.018433221513261107
9.015	-3.952282257761498	0.0190435930865479
9.025	-3.9294035024980016	0.019322620091479004
9.035	-3.9064869264677853	0.02032537339045016
9.045	-3.883542863177295	0.019906832883053505
9.055	-3.8605817465775685	0.020107383542847735
9.065	-3.837614105102179	0.021607153694352423
9.075	-Inf	0.0
9.085	-Inf	0.0
9.095	-Inf	0.0
9.105	-Inf	0.0
9.115	-Inf	0.0
9.125	-Inf	0.0
9.135	-Inf	0.0
9.145	-Inf	0.0
9.155	-Inf	0.0
9.165	-Inf	0.0
9.175	-Inf	0.0
9.185	-Inf	0.0
9.195	-Inf	0.0
9.205	-Inf	0.0
9.215	-Inf	0.0
9.225	-Inf	0.0
9.235	-Inf	0.0
9.245	-Inf	0.0
9.255	-Inf	0.0
9.265	-Inf	0.0
9.275	-Inf	0.0
9.285	-Inf	0.0
9.295	-Inf	0.0
9.305	-Inf	0.0
9.315	-Inf	0.0
9.325	-Inf	0.0
9.335	-Inf	0.0
9.345	-Inf	0.0
9.355	-Inf	0.0
9.365	-Inf	0.0
9.375	-Inf	0.0
9.385	-Inf	0.0
9.395	-Inf	0.0
9.405	-Inf	0.0
9.415	-Inf	0.0
9.425	-Inf	0.0
9.435	-Inf	0.0
9.445	-Inf	0.0
9.455	-Inf	0.0
9.465	-Inf	0.0
9.475	-Inf	0.0
9.485	-Inf	0.0
9.495	-Inf	0.0
9.505	-Inf	0.0
9.515	-Inf	0.0
9.525	-Inf	0.0
9.535	-Inf	0.0
9.545	-Inf	0.0
9.555	-Inf	0.0
9.565	-Inf	0.0
9.575	-Inf	0.0
9.585	-Inf	0.0
9.595	-Inf	0.0
9.605	-Inf	0.0
9.615	-Inf	0.0
9.625	-Inf	0.0
9.635	-Inf	0.0
9.645	-Inf	0.0
9.655	-Inf	0.0
9.665	-Inf	0.0
9.675	-Inf	0.0
9.685	-Inf	0.0
9.695	-Inf	0.0
9.705	-Inf	0.0
9.715	-Inf	0.0
9.725	-Inf	0.0
9.735	-Inf	0.0
9.745	-Inf	0.0
9.755	-Inf	0.0
9.765	-Inf	0.0
9.775	-Inf	0.0
9.785	-Inf	0.0
9.795	-Inf	0.0
9.805	-Inf	0.0
9.815	-Inf	0.0
9.825	-Inf	0.0
9.835	-Inf	0.0
9.845	-Inf	0.0
9.855	-Inf	0.0
9.865	-Inf	0.0
9.875	-Inf	0.0
9.885	-Inf	0.0
9.895	-Inf	0.0
9.905	-Inf	0.0
9.915	-Inf	0.0
9.925	-Inf	0.0
9.935	-Inf	0.0
9.945	-Inf	0.0
9.955	-Inf	0.0
9.965	-Inf	0.0
9.975	-Inf	0.0
9.985	-Inf	0.0
9.995	-Inf	0.0
