0.005	-Inf	0.0
0.015	-Inf	0.0
0.025	-Inf	0.0
0.035	-Inf	0.0
0.045	-Inf	0.0
0.055	-Inf	0.0
0.065	-Inf	0.0
0.075	-Inf	0.0
0.085	-Inf	0.0
0.095	-Inf	0.0
0.105	-Inf	0.0
0.115	-Inf	0.0
0.125	-Inf	0.0
0.135	-Inf	0.0
0.145	-Inf	0.0
0.155	-Inf	0.0
0.165	-Inf	0.0
0.175	-Inf	0.0
0.185	-Inf	0.0
0.195	-Inf	0.0
0.205	-Inf	0.0
0.215	-Inf	0.0
0.225	-Inf	0.0
0.235	-Inf	0.0
0.245	-Inf	0.0
0.255	-Inf	0.0
0.265	-Inf	0.0
0.275	-Inf	0.0
0.285	-Inf	0.0
0.295	-Inf	0.0
0.305	-Inf	0.0
0.315	-Inf	0.0
0.325	-Inf	0.0
0.335	-Inf	0.0
0.345	-Inf	0.0
0.355	-Inf	0.0
0.365	-Inf	0.0
0.375	-Inf	0.0
0.385	-Inf	0.0
0.395	-Inf	0.0
0.405	-Inf	0.0
0.415	-Inf	0.0
0.425	-Inf	0.0
0.435	-Inf	0.0
0.445	-Inf	0.0
0.455	-Inf	0.0
0.465	-Inf	0.0
0.475	-Inf	0.0
0.485	-Inf	0.0
0.495	-Inf	0.0
0.505	-Inf	0.0
0.515	-Inf	0.0
0.525	-Inf	0.0
0.535	-Inf	0.0
0.545	-Inf	0.0
0.555	-Inf	0.0
0.565	-Inf	0.0
0.575	-Inf	0.0
0.585	-Inf	0.0
0.595	-Inf	0.0
0.605	-Inf	0.0
0.615	-Inf	0.0
0.625	-Inf	0.0
0.635	-Inf	0.0
0.645	-Inf	0.0
0.655	-Inf	0.0
0.665	-Inf	0.0
0.675	-Inf	0.0
0.685	-Inf	0.0
0.695	-Inf	0.0
0.705	-Inf	0.0
0.715	-Inf	0.0
0.725	-Inf	0.0
0.735	-Inf	0.0
0.745	-Inf	0.0
0.755	-Inf	0.0
0.765	-Inf	0.0
0.775	-Inf	0.0
0.785	-Inf	0.0
0.795	-Inf	0.0
0.805	-Inf	0.0
0.815	-Inf	0.0
0.825	-Inf	0.0
0.835	-Inf	0.0
0.845	-Inf	0.0
0.855	-Inf	0.0
0.865	-Inf	0.0
0.875	2.1481857800214064	1.133170943308085
0.885	2.1703748199376762	1.1606660215556075
0.895	2.1927588446604522	1.1258300243585038
0.905	2.2153268689812418	1.1172878641262638
0.915	2.2380678186641303	1.1527912175915112
0.925	2.2609705361510644	1.1343721845907437
0.935	2.2840237863113746	1.079382028095699
0.945	2.3072162622323176	1.0777803730521538
0.955	2.330536591047424	1.0807167406319864
0.965	2.3539733397993827	1.0844539357335914
0.975	2.3775150213342187	1.0661683739864527
0.985	2.4011501002234583	1.0704394541025726
0.995	2.4248669987109888	1.0442790883913378
1.005	2.4486541026813007	1.0460142146885114
1.015	2.472499767645779	1.0655010177183089
1.025	2.4963923247437183	1.0764456605158663
1.035	2.520320086754709	1.0161166538756716
1.045	2.544271354119054	1.0733758216824052
1.055	2.568234420962857	1.0230571590643665
1.065	2.5921975811244358	1.0209216190063066
1.075	2.616149134178704	0.9999666321865928
1.085	2.640077391456165	1.019586906470019
1.095	2.6639706820531814	1.0251926991224265
1.105	2.6878173588301704	1.0380059394707866
1.115	2.7116058043943987	0.9928926557442691
1.125	2.7353244370640493	0.9605926123661116
1.135	2.758961716810255	0.9678000600620641
1.145	2.782506151173798	0.9615269111415129
1.155	2.8059463011531958	0.9607260836197404
1.165	2.8292707870609153	0.9459107744669492
1.175	2.852468294344463	0.9581901298007941
1.185	2.8755275793691424	0.934298775401248
1.195	3.2027043372985498	1.2200607294204011
1.205	3.2235584105106323	1.2464880376388936
1.215	3.244241013251986	1.228602889652641
1.225	3.264741242508456	1.1841569621942674
1.235	3.285048294411354	1.2016416964196337
1.245	3.3051514697239774	1.1778838132737162
1.255	3.325040179267987	1.1756148019620274
1.265	3.344703949286691	1.113951082785545
1.275	3.364132426742259	1.1589308952584336
1.285	3.383315384543989	1.1202242317060962
1.295	3.402242726704752	1.10380726750976
1.305	3.4209044934227846	1.0653675464646801
1.315	3.4392908660860773	1.0693716840735425
1.325	3.4573921721966117	1.0578931562614702
1.335	3.47519889021176	1.0213220327671928
1.345	3.4927016543002414	1.046815042210284
1.355	3.509891259010018	1.0283960092095166
1.365	3.5267586638456336	1.0082418499115753
1.375	3.5432949977524992	0.9928926557442691
1.385	3.5594915635057114	0.989689345657179
1.395	3.5753398420010414	0.939103740531883
1.405	3.5908314964457917	0.9461777169742067
1.415	3.6059583764472687	0.9408388668290567
1.425	3.62071252199668	0.9282925689879542
1.435	3.635086167346354	0.934298775401248
1.445	3.6490717447781966	0.8865160666021555
1.455	3.662661888261402	0.9058693983783243
1.465	3.6758494369974812	0.8660949647969568
1.475	3.6886274388507445	0.8775734926090293
1.485	3.7009891536624426	0.8332610364042844
1.495	3.7129280564468328	0.8343288064333144
1.505	3.7244378404675156	0.7936200740765458
1.515	3.7355124201924403	0.8012279355333844
1.525	3.7461459341260874	0.814842003403517
1.535	3.7563327475173445	0.7651906970536221
1.545	3.766067454941739	0.7585171343721846
1.555	3.7753448827567015	0.7479729053355134
1.565	3.784160091428652	0.7461043077847108
1.575	3.7925083777307456	0.7128699656311522
1.585	3.8003852768102107	0.686843071173546
1.595	3.8077865641242803	0.691114151289666
1.605	3.81470825724379	0.6435983849978311
1.615	3.821146617523606	0.6395942473889686
1.625	3.8270981516391087	0.6310520871567287
1.635	3.8325596129880424	0.6091628015616136
1.645	3.8375280029571304	0.5976842737495411
1.655	3.8420005720529096	0.5990189862858287
1.665	3.8459748208963447	0.591945009843505
1.675	3.8494485010808326	0.56898795421936
1.685	3.8524196158933197	0.5624478627915512
1.695	3.8548864208983016	0.544963128566185
1.705	3.856847424384577	0.5302812906670226
1.715	3.858301387674696	0.5097267176081951
1.725	3.859247325297127	0.5218726016884113
1.735	3.8596845050212374	0.5107944876372251
1.745	3.8596124477552847	0.4943775234408889
1.755	3.859030927307657	0.4726217090994027
1.765	3.8579399700117145	0.479428743034469
1.775	3.8563398542146494	0.45874069872201273
1.785	3.8542311096308524	0.4680836864760252
1.795	3.8516145165603604	0.42884313790917283
1.805	3.848491104973038	0.43818612566318527
1.815	3.844862153459221	0.41229270245920785
1.825	3.8407291880476135	0.39614268077012915
1.835	3.8360939808913392	0.40508525476325535
1.845	3.830958548823072	0.3938736694584404
1.855	3.8253251517803046	0.39534185324835663
1.865	3.8191962911018322	0.38132737161733793
1.875	3.812574707696644	0.3802596015883079
1.885	3.805463380086464	0.43137909172811906
1.895	3.797865522323254	0.4368514131268978
1.905	3.789784581783084	0.45767292869298276
1.915	3.7812242368378124	0.46888451399779774
1.925	3.7721883944061205	0.48636924822316396
1.935	3.762681187385486	0.541759818479095
1.945	3.7527069719667603	0.5394908071674063
1.955	3.742270324833088	0.563115219059695
1.965	3.731376040244946	0.5838032633721513
1.975	3.7200291270131767	0.5767292869298275
1.985	3.7082348053619176	0.6166371917648237
1.995	3.6959985036834224	0.6177049617938537
2.005	3.6833258551868004	0.6112983416196737
2.015	3.6702226944427854	0.6500050051720111
2.025	3.6566950538266827	0.6528079014982148
2.035	3.642749159861701	0.665487670592946
2.045	3.628391429464951	0.6853748873836297
2.055	3.6136284660984144	0.687376956188061
2.065	3.5984670558272622	0.6931162200940972
2.075	3.5829141632879393	0.7307551136174046
2.085	3.566976927568496	0.7238146084287097
2.095	3.5506626580036595	0.7453034802629384
2.105	3.53397882988724	0.7565150655677534
2.115	3.5169330801044416	0.7555807667923521
2.125	3.4995332026867687	0.7621208582201608
2.135	3.4817871442921717	0.7461043077847108
2.145	3.4637029996131945	0.7690613634088558
2.155	3.44528900671588	0.7904167639894558
2.165	3.4265535423122238	0.7834762588007608
2.175	3.4075051169690305	0.8144415896426307
2.185	3.3881523702560203	0.8228502786212419
2.195	3.3685040658361074	0.8038973606059595
2.205	3.3485690865007465	0.8305916113317094
2.215	3.3283564291533345	0.8348626914478294
2.225	3.30787519974362	0.8587540458473756
2.235	3.287134608156136	0.8588875171010044
2.245	3.266143963055671	0.8871834228702993
2.255	3.244912666692835	0.8919883880009343
2.265	3.2234502096727637	0.8978611231605993
2.275	3.201766165690053	0.908138409690013
2.285	3.179870186232996	0.9421735793653442
2.295	3.157771995260256	0.9290933965097267
2.305	3.135481383853051	0.924688845139978
2.315	3.113008204846002	0.9383029130101105
2.325	3.090362367439753	0.9350996029230204
2.335	3.0675538317985134	0.9427074643798592
2.345	3.0445926036356328	0.9346991891621342
2.355	3.0214887287903824	0.9345657179085055
2.365	2.998252287799026	0.9583236010544229
2.375	2.9748933904633765	0.944976475691548
2.385	2.951422170419901	0.9459107744669492
2.395	2.9278487797125456	0.9253562014081217
2.405	2.9041833833723696	0.9293603390169842
2.415	2.880436154007078	0.9260235576762654
2.425	2.8566172664035925	0.9290933965097267
2.435	2.832736892146657	0.912409489806133
2.445	2.8088051942566286	0.8953251693416531
2.455	2.7848323218494095	0.8971937668924556
2.465	2.7608284048216176	0.8879842503920718
2.475	2.736803548563936	0.9066702259000967
2.485	2.712767828705665	0.8891854916747306
2.495	2.6887312858933936	0.8982615369214856
2.505	2.664703920606752	0.8870499516166706
2.515	2.640695688014115	0.8596883446227769
2.525	2.6167164928711353	0.8566185057893156
2.535	2.592776184464949	0.8762387800727418
2.545	2.5688845516068493	0.8492775868397344
2.555	2.545051317676198	0.8560846207748006
2.565	2.5212861357183067	0.8511461843905369
2.575	2.4975985835989833	0.8352631052087157
2.585	2.4739981592183993	0.8277887150055057
2.595	2.4504942757868706	0.8104374520337683
2.605	2.427096257165175	0.8096366245119957
2.615	2.403813333271845	0.793486602822917
2.625	2.2024943035335065	0.6624178317594848
2.635	2.1789429866846453	0.6605492342086823
2.645	2.1555338457966675	0.6752310721078447
2.655	2.13227569051866	0.6429310287296873
2.665	2.1091772146845535	0.6189062030765125
2.675	2.0862469921729727	0.6249124094898061
2.685	2.0634934728504164	0.6179719043011112
2.695	2.040924978599926	0.59674997497414
2.705	2.0185496994372603	0.5992859287930862
2.715	1.9963756897166312	0.5783309419733725
2.725	1.9744108644279026	0.5728586205745938
2.735	1.9526629955872044	0.5655177016250125
2.745	1.9311397087227138	0.5478994961460175
2.755	1.909848479457442	0.5555073576028563
2.765	1.8887966301906853	0.5476325536387601
2.775	1.8679913268797999	0.5326837732323401
2.785	1.8474395759238855	0.5237411992392138
2.795	1.8271482211508676	0.5221395441956689
2.805	1.8071239409094337	0.49984984483966766
2.815	1.7873732452672275	0.5013180286295839
2.825	1.7679024733165625	0.5043878674630451
2.835	1.7487177905889428	0.47355600787480395
2.845	1.7298251865795489	0.4654142614034502
2.855	1.7112304723827874	0.4572725149320965
2.865	1.692939278439948	0.456471687410324
2.875	1.674957052399945	0.44085555073576027
2.885	1.6572890570940002	0.42363775901765155
2.895	1.6399403686251337	0.44058860822850276
2.905	1.622915874573184	0.41950015015516035
2.915	1.6062202723160501	0.4158964263071841
2.925	1.5898580674677611	0.4279088391337716
2.935	1.5738335724338888	0.4160298975608128
2.945	1.5581509050848124	0.41683072508258534
2.955	1.542813987547158	0.4148286562781541
2.965	1.5278265451137942	0.40588608228502787
2.975	1.5131921052725787	0.39640962327738666
2.985	1.4989139968540477	0.41656378257532783
2.995	1.4849953492981491	0.3968100370382729
3.005	1.4714390920400322	0.39574226700924287
3.015	1.4582479540148425	0.39787780706730286
3.025	1.4454244632814268	0.40495178350962663
3.035	1.4329709467647171	0.4046848410023691
3.045	1.4208895301165594	0.38639927925523043
3.055	1.4091821376946443	0.3925389569221529
3.065	1.3978504926591127	0.4142947712636391
3.075	1.3868961171863778	0.3988121058427041
3.085	1.3763203327996156	0.3969435082919016
3.095	1.366124260815277	0.4038840134805966
3.105	1.3563088229049707	0.3936067269511829
3.115	1.346874741771928	0.3849310954653142
3.125	1.3378225419412326	0.4124261737128366
3.135	1.3291525506629311	0.3924054856685241
3.145	1.3208648989270482	0.3941406119656979
3.155	1.312959522589494	0.40241582969068035
3.165	1.3054361636077503	0.41923320764790284
3.175	1.298294371385201	0.4040174847342254
3.185	1.2915335042228753	0.39160465814675166
3.195	1.2851527308773147	0.41149187493743533
3.205	1.2791510322232233	0.40294971470519536
3.215	1.2735272030195042	0.3974773933064166
3.225	1.2682798537771882	0.39267242817578163
3.235	1.26340741272776	0.39600920951650037
3.245	1.2589081278902787	0.4225699889886216
3.255	1.254780069235656	0.4156294837999266
3.265	1.2510211309464019	0.4181654376188728
3.275	1.2476290337700764	0.41469518502452535
3.285	1.2446013274646595	0.4203009776769328
3.295	1.2419353933339665	0.4352497580833528
3.305	1.2396284468512142	0.4376522406486703
3.315	1.2376775403687796	0.42710801161199907
3.325	1.2360795659121449	0.4333811605325503
3.335	1.2348312580559808	0.4355167005906103
3.345	1.2339291968802686	0.444192332076479
3.355	1.233369811004334	0.44365844706196406
3.365	1.2331493806965879	0.4137608862491241
3.375	1.2332640410577755	0.44779605592445526
3.385	1.2337097852754573	0.453268377323234
3.395	1.234482467947419	0.4459274583736528
3.405	1.2355778084716924	0.4519336647869465
3.415	1.2369913945007838	0.4632787213453902
3.425	1.2387186854577408	0.46461343388167775
3.435	1.240755016111591	0.47809403049818144
3.445	1.2430956002097067	0.47595849044012145
3.455	1.2457355341645795	0.45900764122927024
3.465	1.24866980079251	0.4867696619840502
3.475	1.2518932731016321	0.5149320964997164
3.485	1.2554007181267306	0.5005172011078114
3.495	1.2591868008082452	0.49984984483966766
3.505	1.2632460879128384	0.5196035903767227
3.515	1.2675730519929196	0.5305482331742801
3.525	1.272162075382456	0.5168006940505189
3.535	1.2770074542264198	0.5138643264706864
3.545	1.2821034025411826	0.5296139343988788
3.555	1.2874440563031861	0.5356201408121726
3.565	1.2930234775631724	0.5153325102606027
3.575	1.2988356585832803	0.5145316827388301
3.585	1.304874525994289	0.5581767826754312
3.595	1.3111339449702992	0.54976809369682
3.605	1.317607723418115	0.544963128566185
3.615	1.3242896161786262	0.5651172878641263
3.625	1.3311733292374608	0.5676532416830725
3.635	1.3382525239421752	0.5613800927625213
3.645	1.345520821223302	0.5704561380092763
3.655	1.3529718058165068	0.5552404150955987
3.665	1.3605990304831839	0.5565751276318863
3.675	1.3683960202267853	0.5591110814508325
3.685	1.3763562765021977	0.5517701625012513
3.695	1.3844732814155156	0.5595114952117187
3.705	1.392740501911534	0.578063999466115
3.715	1.401151393946348	0.5575094264072875
3.725	1.409699406642414	0.5708565517701625
3.735	1.418377986423485	0.5880743434882713
3.745	1.427180581126844	0.5880743434882713
3.755	1.4361006440902615	0.5991524575394575
3.765	1.4451316382111588	0.5864726884447262
3.775	1.4542670399754574	0.571657379291935
3.785	1.4635003434536427	0.5812673095532049
3.795	1.4728250642615794	0.6052921352063799
3.805	1.4822347434836771	0.5779305282124862
3.815	1.4917229515559784	0.6082285027862124
3.825	1.5012832921068593	0.6210417431345724
3.835	1.5109094057529826	0.5900764122927025
3.845	1.5205949738482323	0.5902098835463312
3.855	1.530333722183388	0.5908772398144749
3.865	1.540119424634312	0.5916780673362475
3.875	1.5499459067564918	0.5970169174813974
3.885	1.5598070493238132	0.5926123661116487
3.895	1.5696967918094655	0.5942140211551937
3.905	1.579609135806947	0.6104975140979012
3.915	1.5895381483891735	0.6096966865761286
3.925	1.5994779654037439	0.5986185725249424
3.935	1.6094227947024553	0.6361239947946211
3.945	1.619366919303213	0.6170376055257099
3.955	1.6293047004825478	0.6103640428442724
3.965	1.6392305807969696	0.6334545697220462
3.975	1.649139087031465	0.6094297440688712
3.985	1.6590248330735067	0.6237111682071473
3.995	1.6688825227109503	0.6135673529313624
4.005	1.6787069523523086	0.6334545697220462
4.015	1.6884930136679182	0.6187727318228836
4.025	1.6982356961505491	0.6036904801628349
4.035	1.7079300895941203	0.6219760419099737
4.045	1.7175713864891944	0.5931462511261637
4.055	1.727154884333998	0.6201074443591711
4.065	1.7366759878597875	0.6137008241849912
4.075	1.746130211169425	0.6163702492575661
4.085	1.7555131797880823	0.6293169608595549
4.095	1.7648206326250881	0.6359905235409924
4.105	1.7740484238459542	0.6084954452934699
4.115	1.7831925246536906	0.6014214688511462
4.125	1.7922490249786138	0.6286496045914112
4.135	1.8012141350758664	0.6010210550902599
4.145	1.810084187029961	0.6231772831926324
4.155	1.8188556361657262	0.6305182021422137
4.165	1.827525062365071	0.6142347091995062
4.175	1.8360891712890899	0.6314525009176148
4.185	1.8445447955050502	0.6335880409756749
4.195	1.8528888955179088	0.6373252360772799
4.205	1.8611185607060277	0.6197070305982849
4.215	1.8692310101608747	0.60315659514832
4.225	1.877223593430514	0.6209082718809437
4.235	1.8850937911667813	0.6191731455837699
4.245	1.89283921567609	0.6147685942140212
4.255	1.900457611373911	0.6162367780039374
4.265	1.907946855142967	0.6259801795188361
4.275	1.9153049565953397	0.5867396309519837
4.285	1.9225300582386549	0.6103640428442724
4.295	1.9296204355466613	0.588741699756415
4.305	1.9365744969345164	0.5962160899596249
4.315	1.9433907836391906	0.5826020220894925
4.325	1.950067969505468	0.5915445960826187
4.335	1.9566048606780568	0.6056925489672662
4.345	1.9630003952004074	0.6039574226700924
4.355	1.9692536425208917	0.5994194000467149
4.365	1.9753638029070637	0.5943474924088225
4.375	1.9813302067687593	0.5822016083286062
4.385	1.987152313890893	0.5914111248289899
4.395	1.9928297125768222	0.56471687410324
4.405	1.9983621187032423	0.5779305282124862
4.415	2.003749374687632	0.5795321832560313
4.425	2.008991448369295	0.5878074009810137
4.435	2.0140884318051304	0.5775301144516
4.445	2.0190405399813245	0.5607127364943775
4.455	2.023848109442161	0.5428275885081251
4.465	2.02851159683728	0.5464313123561013
4.475	2.0330315773886825	0.5568420701391438
4.485	2.037408743278904	0.5659181153858988
4.495	2.0416439019617654	0.5450965998198138
4.505	2.0457379743972313	0.5527044612766525
4.515	2.0496919932118667	0.5341519570222564
4.525	2.0535071007865118	0.55510694384197
4.535	2.057184547272797	0.5326837732323401
4.545	2.0607256885401695	0.5438953585371551
4.555	2.0641319840551473	0.5349527845440288
4.565	2.0674049946945807	0.5342854282758851
4.575	2.0705463804947026	0.5300143481597651
4.585	2.0735578983378256	0.5093263038473089
4.595	2.0764413995785653	0.5182688778404351
4.605	2.4212458801225054	0.7011244953118222
4.615	2.4257746166165335	0.7159398044646135
4.625	2.430181432801401	0.7264840335012847
4.635	2.4344685330414824	0.7108678968267209
4.645	2.4386382034657768	0.7057959891888285
4.655	2.4426928092727773	0.6987220127465047
4.665	2.4466347919889797	0.7053955754279422
4.675	2.450466666683202	0.7112683105876072
4.685	2.4541910191388676	0.6856418298908873
4.695	2.457810502986433	0.6664219693683473
4.705	2.4613278367981968	0.6716273482598686
4.715	2.464745801147692	0.6939170476158697
4.725	2.4680672356359494	0.6716273482598686
4.735	2.471295035886875	0.6770996696586473
4.745	2.4744321505140503	0.6714938770062397
4.755	2.4774815780612416	0.6722947045280123
4.765	2.4804463639189454	0.6434649137442023
4.775	2.483329597219304	0.6598818779405385
4.785	2.4861344077117105	0.6482698788748373
4.795	2.4888639626214606	0.6885781974707197
4.805	2.491521463493819	0.6458673963095198
4.815	2.494110143025827	0.660682705462311
4.825	2.4966332618882507	0.6466682238312923
4.835	2.4990941055400073	0.6355901097801061
4.845	2.5014959810374435	0.6357235810337348
4.855	2.5038422138408367	0.6181053755547399
4.865	2.5061361446204766	0.6370582935700223
4.875	2.5083811260646787	0.6291834896059261
4.885	2.5105805196920796	0.6329206847075312
4.895	2.512737692670584	0.6361239947946211
4.905	2.5148560146452485	0.61169875538056
4.915	2.5169388545774827	0.6086289165470987
4.925	2.5189895775978295	0.6194400880910274
4.935	2.521011541874657	0.6299843171276986
4.945	2.5230080955010212	0.5996863425539725
4.955	2.524982573401983	0.5955487336914812
4.965	2.526938294264607	0.606893790249925
4.975	2.528878557492887	0.6086289165470987
4.985	2.5308066401897915	0.59247889485802
4.995	2.532725794168609	0.6076946177716974
5.005	2.5346392429957656	0.6022222963729187
5.015	2.5365501790672296	0.58073342453869
5.025	2.538461760720618	0.5800660682705462
5.035	2.5403771093850684	0.58286896459675
5.045	2.542299306770945	0.572725149320965
5.055	2.544231392101358	0.5621809202842938
5.065	2.54617635938751	0.5624478627915512
5.075	2.548137154749793	0.5764623444225699
5.085	2.55011667378656	0.5672528279221862
5.095	2.552117758992437	0.5883412859955287
5.105	2.5541431972280204	0.5712569655310488
5.115	2.5561957172427396	0.57112349427742
5.125	2.558277987252668	0.5883412859955287
5.135	2.5603926125749688	0.5568420701391438
5.145	2.5625421333206626	0.56898795421936
5.155	2.564729022147345	0.5755280456471688
5.165	2.566955682073433	0.5572424839000301
5.175	2.569224444355469	0.570589609262905
5.185	2.8843216053367664	0.7741332710467483
5.195	2.8872071426831893	0.800427108011612
5.205	2.890141325334026	0.7973572691781508
5.215	2.893126177583895	0.7778704661483533
5.225	2.8961636423485313	0.7685274783943408
5.235	2.89925557945006	0.7872134539023657
5.245	2.9024037639747227	0.7555807667923521
5.255	2.9056098847041962	0.7645233407854783
5.265	2.9088755426215744	0.7682605358870833
5.275	2.912202249493042	0.7610530881911308
5.285	2.9155914265262184	0.7416997564149621
5.295	2.9190444031060734	0.7581167206112983
5.305	2.9225624156092755	0.7800060062064132
5.315	2.9261466062977908	0.7709299609596583
5.325	2.929798022292444	0.7627882144883046
5.335	2.9335176146271538	0.763589042010077
5.345	2.937306237384455	0.7530448129734059
5.355	2.9411646469128825	0.7798725349527845
5.365	2.94509350112671	0.7845440288297908
5.375	2.9490933588885166	0.7533117554806633
5.385	2.953164679474946	0.7713303747205446
5.395	2.9573078221259985	0.7857452701124495
5.405	2.9615230456781165	0.7526443992125196
5.415	2.965810508281288	0.7450365377556809
5.425	2.970170267200288	0.7671927658580533
5.435	2.974602278700164	0.7557142380459808
5.445	2.9791063980159853	0.7892155227067971
5.455	2.983682379406818	0.7554472955387234
5.465	2.9883298762938306	0.7526443992125196
5.475	2.9930484414823817	0.7446361239947946
5.485	2.9978375274678517	0.7506423304080884
5.495	3.002696486824967	0.7651906970536221
5.505	3.0076245726802617	0.7742667423003771
5.515	3.012620939267286	0.7376956188060997
5.525	3.017684642564099	0.7371617337915847
5.535	3.022814641012538	0.7246154359504822
5.545	3.02800979631869	0.7192765858053322
5.555	3.0332688743339133	0.7187427007908171
5.565	3.03859054601575	0.7166071607327572
5.575	3.0439733884679465	0.7421001701758484
5.585	3.0494158860588096	0.7056625179351997
5.595	3.0549164316170097	0.6929827488404685
5.605	3.060473327703927	0.7267509760085422
5.615	3.0660847879615662	0.7146050919283259
5.625	3.071748938535009	0.6901798525142647
5.635	3.0774638195683375	0.7103340118122059
5.645	3.0832273867728652	0.7203443558343622
5.655	3.08903751306653	0.7024592078481097
5.665	3.0948919902831737	0.7387633888351296
5.675	3.1007885309504517	0.7264840335012847
5.685	3.106724770135019	0.7024592078481097
5.695	3.1126982673536028	0.7234141946678234
5.705	3.118706508548545	0.7351596649871533
5.715	3.124746908126331	0.7107344255730922
5.725	3.130816811057559	0.6924488638259535
5.735	3.13691349503681	0.698588541492876
5.745	3.143034172700787	0.7187427007908171
5.755	3.1491759939030675	0.7051286329206847
5.765	3.1553360480437784	0.7187427007908171
5.775	3.1615113664524657	0.6883112549634622
5.785	3.167698924822346	0.7192765858053322
5.795	3.173895645694178	0.7204778270879909
5.805	3.1800984009878692	0.7071307017251159
5.815	3.1863040145799357	0.7303546998565184
5.825	3.1925092649249103	0.7107344255730922
5.835	3.198710887718744	0.7064633454569722
5.845	3.2049055786022023	0.7045947479061697
5.855	3.211089995902272	0.7122026093630084
5.865	3.217260763409516	0.7142046781674397
5.875	3.223414473189318	0.7308885848710334
5.885	3.229547688424919	0.7131369081384097
5.895	3.235656946290147	0.709266241783176
5.905	3.241738760849667	0.7286195735593447
5.915	3.247789625984624	0.7327571824218359
5.925	3.2538060183414865	0.7262170909940272
5.935	3.259784400301877	0.7375621475524708
5.945	3.265721222971205	0.7306216423637759
5.955	3.2716129291838496	0.7234141946678234
5.965	3.2774559565226506	0.7519770429443758
5.975	3.2832467403504655	0.7473055490673696
5.985	3.288981716851511	0.7314224698855484
5.995	3.2946573260802268	0.7566485368213821
6.005	3.300270015015365	0.763055156995562
6.015	3.3058162406170455	0.7483733190963996
6.025	3.311292472884437	0.7654576395608795
6.035	3.3166951979118258	0.7705295471987721
6.045	3.322020920940738	0.778003937401982
6.055	3.327266169405828	0.7872134539023657
6.065	2.697541431020781	0.4110914611765491
6.075	2.714245968345529	0.4251059428075678
6.085	2.730859776886556	0.4347158730688378
6.095	2.747379503105208	0.42870966665554405
6.105	2.763801830711902	0.4651473188961927
6.115	2.780123483626669	0.42670759785111284
6.125	2.796341228917573	0.4727551803530315
6.135	2.8124518797147515	0.48263205312155893
6.145	2.8284522980978393	0.49210851212920015
6.155	2.844339397954629	0.5002502586005539
6.165	2.8601101478087223	0.4934432246654877
6.175	2.875761573614053	0.5105275451299677
6.185	2.891290761514116	0.5043878674630451
6.195	2.906694860563792	0.5357536120658013
6.205	2.9219710854116494	0.5444292435516701
6.215	2.9371167189406906	0.5396242784210351
6.225	2.952129114865458	0.55083586372585
6.235	2.9670057002834986	0.5888751710100437
6.245	2.9817439781792046	0.6027561813874337
6.255	2.996341529878081	0.5864726884447262
6.265	3.0107960174494783	0.5939470786479362
6.275	3.0251051860559497	0.6150355367212786
6.285	3.0392668662473477	0.6496045914111248
6.295	3.053278976197845	0.6350562247655911
6.305	3.06713952388411	0.6346558110047048
6.315	3.0808466092028883	0.6562781540925623
6.325	3.094398426026274	0.665487670592946
6.335	3.107793264193045	0.6698922219626948
6.345	3.1210295114344206	0.6837732323400848
6.355	3.1341056552326574	0.6907137375287797
6.365	3.147020284610984	0.7367613200306984
6.375	3.1597720918533785	0.7041943341452834
6.385	3.17235987415274	0.7374286762988421
6.395	3.1847825351860894	0.727418332276686
6.405	3.1970390866154377	0.7348927224798959
6.415	3.209128649513057	0.7681270646334546
6.425	3.2210504557098987	0.7825419600253596
6.435	3.2328038490659856	0.7941539590910608
6.445	3.244388286661626	0.7816076612499583
6.455	3.2558033399083923	0.8199139110414094
6.465	3.2670486955788482	0.7981580966999232
6.475	3.278124156753998	0.7976242116854082
6.485	3.289029643687627	0.834595748940572
6.495	3.2997651945865982	0.8311254963462245
6.505	3.3103309663063736	0.8171110147152058
6.515	3.320727234960959	0.8459408054990156
6.525	3.3309543964466393	0.8599552871300343
6.535	3.3410129668788304	0.8586205745937469
6.545	3.350903582941541	0.8646267810070406
6.555	3.3606270021488887	0.8454069204845006
6.565	3.370184103018255	0.8982615369214856
6.575	3.3795758851546767	0.8854482965731255
6.585	3.4189008439889674	0.8863825953485268
6.595	3.4163349199777855	0.888918549167473
6.605	3.4136074020811336	0.8867830091094131
6.615	3.4107197733136743	0.8858487103340118
6.625	3.4076736368593243	0.8747705962828256
6.635	3.404470715618542	0.8825119289932931
6.645	3.401112851665901	0.8611565284126931
6.655	3.397602005618069	0.8426040241582969
6.665	3.3939402559123586	0.8506122993760219
6.675	3.3901297979961065	0.8237845773966432
6.685	3.3861729434271575	0.8327271513897694
6.695	3.3820721188858323	0.793486602822917
6.705	3.377829865098796	0.811104808301912
6.715	3.3734488356753056	0.7928192465547733
6.725	3.3689317958564082	0.7862791551269646
6.735	3.364281621177666	0.7710634322132871
6.745	3.359501296046105	0.7932196603156595
6.755	3.3545939122321022	0.7734659147786046
6.765	3.349562667277013	0.7937535453301745
6.775	3.3444108628173774	0.7562481230604958
6.785	3.3391419028266265	0.7485067903500283
6.795	3.333759291775257	0.7441022389802796
6.805	3.328266632710484	0.7362274350161834
6.815	3.322667625256494	0.7400981013714172
6.825	3.316966063536395	0.7240815509359672
6.835	3.3111658340170966	0.7200774133271046
6.845	3.3052709132783633	0.7041943341452834
6.855	3.299285365707342	0.691648036304181
6.865	3.293213341119947	0.7256832059795122
6.875	3.2870590723104867	0.6835062898328272
6.885	3.2808268725310463	0.6605492342086823
6.895	3.2745211329021	0.6395942473889686
6.905	3.2681463197559584	0.6593479929260235
6.915	3.26170697191466	0.6510727752010411
6.925	3.2552076979039692	0.679902565984851
6.935	3.248653173105211	0.6465347525776636
6.945	3.242048136846699	0.6341219259901899
6.955	3.235397389436569	0.6431979712369449
6.965	3.228705789138865	0.6078280890253261
6.975	3.221978249094785	0.6163702492575661
6.985	3.215219734191021	0.5986185725249424
6.995	3.2084352578771673	0.6027561813874337
7.005	3.2016298789342192	0.6087623878007274
7.015	3.194808698196229	0.5783309419733725
7.025	3.187976855227194	0.606893790249925
7.035	3.181139524955328	0.58073342453869
7.045	3.174301914266863	0.6139677666922486
7.055	3.1674692585615793	0.583402849611265
7.065	3.16064681827231	0.5752611031399112
7.075	3.1538398753506556	0.580199539524175
7.085	3.1470537297212076	0.5744602756181387
7.095	3.14029369570659	0.57859788448063
7.105	3.133565098425662	0.569521839233875
7.115	3.126873270167252	0.5709900230237912
7.125	3.1202235467417845	0.5664520004004138
7.135	3.1136212638132346	0.5797991257632887
7.145	3.1070717532138286	0.575928459408055
7.155	3.100580339243918	0.5954152624378525
7.165	3.094152334959522	0.5773966431979712
7.175	3.0877930384499734	0.5735259768427375
7.185	3.0815077291081905	0.5810003670459475
7.195	3.0753016638960595	0.5904768260535888
7.205	3.069180073607433	0.5992859287930862
7.215	3.063148159131286	0.6146351229603924
7.225	3.0572110877175103	0.5862057459374688
7.235	3.051373989247937	0.5920784810971337
7.245	3.0456419525150555	0.5814007808068338
7.255	3.040020021511022	0.6190396743301412
7.265	3.034513191729443	0.5904768260535888
7.275	3.029126406482508	0.5911441823217325
7.285	3.023864553235962	0.6150355367212786
7.295	3.0187324599644754	0.6072942040108111
7.305	3.0137348915299125	0.6246454669825486
7.315	3.008876546084992	0.6333210984684173
7.325	3.0041620515048835	0.6423971437151723
7.335	2.9995959618491703	0.6290500183522973
7.345	2.9951827538567	0.6383930061063099
7.355	2.9909268234757476	0.6373252360772799
7.365	2.9868324824319625	0.6529413727518436
7.375	2.9829039548364844	0.6640194868030298
7.385	2.979145373836673	0.6636190730421435
7.395	2.975560778311808	0.6689579231872935
7.405	2.972154109616121	0.682038106042911
7.415	2.968929208371495	0.6746971870933298
7.425	2.9658898113121426	0.671894290767126
7.435	2.9630395481835414	0.6887116687243485
7.445	2.9603819386978634	0.6887116687243485
7.455	2.9579203895481454	0.7051286329206847
7.465	2.955658191483347	0.7316894123928059
7.475	2.953598516446493	0.7300877573492609
7.485	2.9517444147779797	0.7156728619573559
7.495	2.9500988124861482	0.7469051353064834
7.505	2.9486645085871537	0.7533117554806633
7.515	2.947444172516135	0.7429009976976209
7.525	2.9464403416116554	0.7555807667923521
7.535	2.945655418675316	0.7801394774600421
7.545	2.9450916696084257	0.8135072908672295
7.555	2.944751221127559	0.7814741899963296
7.565	2.9446360585607696	0.8067002569321632
7.575	2.944748023726228	0.7978911541926658
7.585	2.9450888128949124	0.8259201174547032
7.595	2.9456599748390584	0.8092362107511095
7.605	2.946462908967888	0.8321932663752545
7.615	2.9474988635521955	0.8490106443324769
7.625	2.9487689340392444	0.8563515632820581
7.635	2.9502740614594067	0.8700991024058193
7.645	2.9520150309259208	0.878774733891688
7.655	2.9539924702290516	0.8719676999566218
7.665	2.956206848525966	0.8967933531315693
7.675	2.9586584751274323	0.8663619073042144
7.685	2.9613474983825694	0.879842503920718
7.695	2.9642739046626585	0.9344322466548767
7.705	2.967437517445064	0.9333644766258468
7.715	2.9708379964982043	0.9122760185525043
7.725	2.9744748371684673	0.9356334879375354
7.735	2.978347369769901	0.9286929827488405
7.745	2.9824547590774233	0.9357669591911641
7.755	2.9867960039242973	0.896392939370683
7.765	2.9913699369044306	0.9427074643798592
7.775	2.9961752241801483	0.9248223163936067
7.785	3.0012103653958753	0.9101404784944442
7.795	3.0064736936982053	0.9234876038573192
7.805	3.0119633758627007	0.9169475124295104
7.815	3.0176774125277386	0.917748339951283
7.825	3.02361363853562	0.9114751910307317
7.835	3.0297697233811243	0.9074710534218693
7.845	3.0361431717675953	0.9270913277052955
7.855	3.042731324270584	0.9128099035670193
7.865	3.049531358109011	0.8918549167473055
7.875	3.056540288023745	0.894257399312623
7.885	3.0637549672634017	0.9037338583202643
7.895	3.0711720886771396	0.8664953785578431
7.905	3.078788185914106	0.8843805265440956
7.915	3.0865996347291857	0.8950582268343955
7.925	3.094602654394546	0.8462077480062732
7.935	3.1027933092165254	0.8494110580933631
7.945	3.1111675101572014	0.8024291768160432
7.955	3.1197210165600295	0.7858787413660783
7.965	3.1284494379788033	0.7850779138443058
7.975	3.1373482361091627	0.7655911108145084
7.985	3.1464127268217346	0.7296873435883746
7.995	3.1556380822960537	0.717808402015416
8.005	3.165019333254225	0.6811038072675097
8.015	3.1745513712932376	0.6717608195134973
8.025	3.1842289513148767	0.6620174179985986
8.035	3.194046694051992	0.591945009843505
8.045	3.2039990886898693	0.5356201408121726
8.055	3.2140804955813995	0.5221395441956689
8.065	3.224285149054684	0.5102606026227101
8.075	3.2346071603115694	0.4443258033301078
8.085	3.2450405204156794	0.3822616703927392
8.095	3.255579103368343	0.3494277420000667
8.105	3.266216669270791	0.3023123894691181
8.115	3.27694686757094	0.2295705562414495
8.125	3.287763240393052	0.21488871834228704
8.135	3.2986592259484313	0.17231138843471588
8.145	3.3096281620253163	0.1748473422536621
8.155	3.3206632895561006	0.18726016884113583
8.165	3.331757756259848	0.18859488137742333
8.175	3.342904620358139	0.20100770796489706
8.185	3.354096854362195	0.21448830458140078
8.195	3.3653273489291173	0.20728085688544828
8.205	3.376588916785103	0.23437552137208448
8.215	3.3878742967134414	0.21889285595114952
8.225	3.3991761576050115	0.23584370516200073
8.235	3.410487102568967	0.23824618772731823
8.245	3.4217996731013187	0.2481230604958457
8.255	3.4331063533089488	0.24585404918415696
8.265	3.4443995741866775	0.2838933564683506
8.275	3.4556717179449246	0.26560779472121193
8.285	3.4669151223854113	0.2857619540191531
8.295	3.47812208532239	0.30137809069371685
8.305	3.4892848690468354	0.29897560812839935
8.315	3.5003957048309524	0.32500250258600555
8.325	3.511446797470396	0.3287396976876105
8.335	3.5224303298614847	0.33394507657913175
8.345	3.533338467610757	0.33367813407187424
8.355	3.544163363674107	0.340218225499683
8.365	3.554897163022762	0.3649104074210017
8.375	3.5655320073332994	0.3869331642697454
8.385	3.576060039698949	0.40268277219793785
8.395	3.586473409359325	0.3998798758717341
8.405	3.5967642764457453	0.41309352998098037
8.415	3.606924816739327	0.4249724715539391
8.425	3.6169472264389304	0.444726217090994
8.435	3.62682372693611	0.455937802395809
8.445	3.6365465695941714	0.4491307684607428
8.455	3.6461080405284134	0.48103039807801395
8.465	3.655500465384647	0.49971637358603893
8.475	3.66471621411309	0.5025192699122426
8.485	3.6737477057347014	0.5328172444859688
8.495	3.6825874130970164	0.5454970135807
8.505	3.691227867616596	0.5661850578931562
8.515	3.6996616640051014	0.566318529146785
8.525	3.70788146497616	0.5928793086189063
8.535	3.715880005930006	0.5789982982415163
8.545	3.723650099613068	0.6253128232506924
8.555	3.731184640749544	0.6293169608595549
8.565	3.738476610642103	0.6736294170642998
8.575	3.7455190817388226	0.679902565984851
8.585	3.7523052221634914	0.6853748873836297
8.595	3.7588283002064222	0.7045947479061697
8.605	3.7650816887729617	0.7410324001468184
8.615	3.7710588697868603	0.7627882144883046
8.625	3.7767534385457067	0.7920184190330007
8.635	3.782159108025676	0.7824084887717307
8.645	3.7872697131328223	0.8121725783309419
8.655	3.7920792148982088	0.8317928526143682
8.665	3.796581704614172	0.8726350562247656
8.675	3.8007714079090684	0.892121859254563
8.685	3.8046426887578493	0.8995962494577731
8.695	3.8081900534258946	0.9352330741766492
8.705	3.811408154343512	0.9779438753378491
8.715	3.814291793908593	0.9716707264172979
8.725	3.816835928214912	1.0005005172011079
8.735	3.81903567070365	1.011578631252294
8.745	3.8208862957356953	1.0624311788848477
8.755	3.822383242082384	1.0562915012179253
8.765	3.823522116332328	1.126363909373019
8.775	3.8242986962120873	1.14865360872902
8.785	3.8247089338184113	1.1479862524608762
8.795	3.8247489587599057	1.1688077680269613
8.805	3.8244150812059736	1.2224632119857186
8.815	3.823703794840938	1.21485535052888
8.825	3.822611779721353	1.2229970970002335
8.835	3.8211359050344758	1.2838599886549436
8.845	3.8192732317560467	1.307083986786346
8.855	3.8170210152054294	1.357669591911642
8.865	3.8143767074964043	1.4007808068337282
8.875	3.8113379598817745	1.4721879275251093
8.885	3.807902624990171	1.4364176315526043
8.895	3.804068758953391	1.4748573525976842
8.905	3.7998346234227096	1.513430544896393
8.915	3.7951986874727037	1.5540058059995328
8.925	3.7901596293910838	1.5638826787680604
8.935	3.7847163383532605	1.613667456371584
8.945	3.7788679159802236	1.6378257532783878
8.955	3.772613677778625	1.6617171076779338
8.965	3.7659531544617924	1.6917481397444025
8.975	3.7588860931506543	1.7200440455136974
8.985	3.7514124584534905	1.7526110313991123
8.995	3.7435324334235767	1.8229503820614634
9.005	3.7352464203938562	1.829090059728386
9.015	3.7265550416877753	1.8564516667222797
9.025	3.717459140205584	1.930928626247122
9.035	3.7079597798854005	1.940538556508392
9.045	3.698058246038487	1.9844505989522507
9.055	3.687756045558152	2.027828756381594
9.065	3.6770549070019047	2.0212886649537856
9.075	3.665956780546427	2.062130868564183
9.085	3.6544638378150927	2.101638359638293
9.095	3.6425784715778384	2.143815275784978
9.105	3.6303032953231806	2.1598318262204277
9.115	3.6176411427023725	2.2242984417231138
9.125	3.604595066845643	2.184657479395375
9.135	-Inf	0.0
9.145	-Inf	0.0
9.155	-Inf	0.0
9.165	-Inf	0.0
9.175	-Inf	0.0
9.185	-Inf	0.0
9.195	-Inf	0.0
9.205	-Inf	0.0
9.215	-Inf	0.0
9.225	-Inf	0.0
9.235	-Inf	0.0
9.245	-Inf	0.0
9.255	-Inf	0.0
9.265	-Inf	0.0
9.275	-Inf	0.0
9.285	-Inf	0.0
9.295	-Inf	0.0
9.305	-Inf	0.0
9.315	-Inf	0.0
9.325	-Inf	0.0
9.335	-Inf	0.0
9.345	-Inf	0.0
9.355	-Inf	0.0
9.365	-Inf	0.0
9.375	-Inf	0.0
9.385	-Inf	0.0
9.395	-Inf	0.0
9.405	-Inf	0.0
9.415	-Inf	0.0
9.425	-Inf	0.0
9.435	-Inf	0.0
9.445	-Inf	0.0
9.455	-Inf	0.0
9.465	-Inf	0.0
9.475	-Inf	0.0
9.485	-Inf	0.0
9.495	-Inf	0.0
9.505	-Inf	0.0
9.515	-Inf	0.0
9.525	-Inf	0.0
9.535	-Inf	0.0
9.545	-Inf	0.0
9.555	-Inf	0.0
9.565	-Inf	0.0
9.575	-Inf	0.0
9.585	-Inf	0.0
9.595	-Inf	0.0
9.605	-Inf	0.0
9.615	-Inf	0.0
9.625	-Inf	0.0
9.635	-Inf	0.0
9.645	-Inf	0.0
9.655	-Inf	0.0
9.665	-Inf	0.0
9.675	-Inf	0.0
9.685	-Inf	0.0
9.695	-Inf	0.0
9.705	-Inf	0.0
9.715	-Inf	0.0
9.725	-Inf	0.0
9.735	-Inf	0.0
9.745	-Inf	0.0
9.755	-Inf	0.0
9.765	-Inf	0.0
9.775	-Inf	0.0
9.785	-Inf	0.0
9.795	-Inf	0.0
9.805	-Inf	0.0
9.815	-Inf	0.0
9.825	-Inf	0.0
9.835	-Inf	0.0
9.845	-Inf	0.0
9.855	-Inf	0.0
9.865	-Inf	0.0
9.875	-Inf	0.0
9.885	-Inf	0.0
9.895	-Inf	0.0
9.905	-Inf	0.0
9.915	-Inf	0.0
9.925	-Inf	0.0
9.935	-Inf	0.0
9.945	-Inf	0.0
9.955	-Inf	0.0
9.965	-Inf	0.0
9.975	-Inf	0.0
9.985	-Inf	0.0
9.995	-Inf	0.0
