0.005	-Inf	0.0
0.015	-Inf	0.0
0.025	-Inf	0.0
0.035	-Inf	0.0
0.045	-Inf	0.0
0.055	-Inf	0.0
0.065	-Inf	0.0
0.075	-Inf	0.0
0.085	-Inf	0.0
0.095	-Inf	0.0
0.105	-Inf	0.0
0.115	-Inf	0.0
0.125	-Inf	0.0
0.135	-Inf	0.0
0.145	-Inf	0.0
0.155	-Inf	0.0
0.165	-Inf	0.0
0.175	-Inf	0.0
0.185	-Inf	0.0
0.195	-Inf	0.0
0.205	-Inf	0.0
0.215	-Inf	0.0
0.225	-Inf	0.0
0.235	-Inf	0.0
0.245	-Inf	0.0
0.255	-Inf	0.0
0.265	-Inf	0.0
0.275	-Inf	0.0
0.285	-Inf	0.0
0.295	-Inf	0.0
0.305	-Inf	0.0
0.315	-Inf	0.0
0.325	-Inf	0.0
0.335	-Inf	0.0
0.345	-Inf	0.0
0.355	-Inf	0.0
0.365	-Inf	0.0
0.375	-Inf	0.0
0.385	-Inf	0.0
0.395	-Inf	0.0
0.405	-Inf	0.0
0.415	-Inf	0.0
0.425	-Inf	0.0
0.435	-Inf	0.0
0.445	-Inf	0.0
0.455	-Inf	0.0
0.465	-Inf	0.0
0.475	-Inf	0.0
0.485	-Inf	0.0
0.495	-Inf	0.0
0.505	-Inf	0.0
0.515	-Inf	0.0
0.525	-Inf	0.0
0.535	-0.4029638485451258	0.5224991111331689
0.545	-0.42487680791533766	0.49573140519065684
0.555	-0.4471245860213644	0.5169665761663275
0.565	-0.4696927326037006	0.4885716540570974
0.575	-0.492566675663762	0.4807610164568507
0.585	-0.5157317307976595	0.46636015338139586
0.595	-0.5391731105719672	0.46082761841455444
0.605	-0.5628759339355055	0.44170782845561724
0.615	-0.5868252356611684	0.4397551690555556
0.625	-0.6110059758118114	0.43658209753045535
0.635	-0.635403049224199	0.4101398348212869
0.645	-0.6600012950050351	0.4049327430877891
0.655	-0.6847855060330817	0.3937049515374345
0.665	-0.7097404384613719	0.37499196562017684
0.675	-0.7348508212135666	0.3640896173031658
0.685	-0.7601013654684804	0.35717394859461404
0.695	-0.7854767741268405	0.3584757215279885
0.705	-0.8109617512543666	0.3436680544108542
0.715	-0.8365410114952628	0.32186335777683217
0.725	-0.8621992894502781	0.3242228212185734
0.735	-0.8879213490134801	0.31502904987661634
0.745	-0.9136919926619664	0.30990331895145445
0.755	-0.9394960706927438	0.3034758150929181
0.765	-0.9653184904010714	0.2897258384841505
0.775	-0.9911442251945946	0.2837051386672937
0.785	-1.0169583236376605	0.2742672849003289
0.795	-1.042745918420254	0.26922291478350296
0.805	-1.0684922352460486	0.2623886068832871
0.815	-1.0941826016341234	0.2546593300913763
0.825	-1.11980245562899	0.24684869249112965
0.835	-1.1453373544135854	0.2463605276411142
0.845	-1.1707729828200253	0.2432688169243499
0.855	-1.1960951617329272	0.22846114980721555
0.865	-1.22128985638023	0.23106469567396445
0.875	-1.2463431845064925	0.22789162414886424
0.885	-1.2712414244237613	0.2160943069401583
0.895	-1.2959710229351484	0.20185616548137528
0.905	-1.320518603126394	0.20576148428149862
0.915	-1.3448709720207461	0.1914419820143797
0.925	-1.3690151280925966	0.19502185758115945
0.935	-1.3929382686354224	0.18883843614763082
0.945	-1.4166277969796575	0.1833059011807894
0.955	-1.4400713295562473	0.18411950926414844
0.965	-1.4632567028017314	0.17818017025562752
0.975	-1.486171979900814	0.17598342843055814
0.985	-1.5088054573624807	0.16085031808008018
0.995	-1.5311456714258633	0.16182664778011102
1.005	-1.5531814042921257	0.1552364223049029
1.015	-1.5749016901788035	0.15336512371317712
1.025	-1.5962958211931288	0.15190062916313085
1.035	-1.617353353020993	0.15002933057140508
1.045	-1.63806411042833	0.14335774428786105
1.055	-1.6584181925718389	0.1471003414713126
1.065	-1.678405978116059	0.14295094024618152
1.075	-1.6980181301539843	0.12887552040407033
1.085	-1.7172456009285042	0.1361979931543016
1.095	-1.7360796363520952	0.1361979931543016
1.105	-1.754511780322332	0.12903824202074213
1.115	-1.7725338788309202	0.1229361813955494
1.125	-1.790138083864077	0.12374978947890843
1.135	-1.8073168570922382	0.12440067594559565
1.145	-1.8240629733472145	0.11846133693707474
1.155	-1.8403695238850255	0.11431193571194369
1.165	-1.8562299194328344	0.11699684238702848
1.175	-1.8716378930185067	0.11162702903685888
1.185	-1.8865875025814667	0.10585041164500977
1.195	-1.9010731333636866	0.106501298111697
1.205	-1.9150895000797736	0.10340958739493268
1.215	-1.92863164886526	0.1035723090116045
1.225	-1.9416949590023571	0.10568769002833797
1.235	-1.9542751444225834	0.10690810215337651
1.245	-1.9663682549857988	0.10048059829484017
1.255	-1.9779706775353494	0.09950426859480935
1.265	-1.9890791367291676	0.09803977404476309
1.275	-1.999690695646788	0.09210043503624217
1.285	-2.0098027561724425	0.0955175889863501
1.295	-2.019413059154478	0.09210043503624217
1.305	-2.0285196843415423	0.08795103381111112
1.315	-2.0371210500960806	0.09372765120296023
1.325	-2.0452159128858747	0.0903104972528523
1.335	-2.052803366554446	0.08640517845272896
1.345	-2.059882841371342	0.08624245683605715
1.355	-2.066454102863437	0.08624245683605715
1.365	-2.0725172504285014	0.08282530288594923
1.375	-2.0780727157324868	0.0901477756361805
1.385	-2.083121260892055	0.08396435420265187
1.395	-2.087663976444062	0.08917144593614966
1.405	-2.0917022791038034	0.08233713803593382
1.415	-2.0952379093140143	0.08144216914423888
1.425	-2.09827292858668	0.08355755016097235
1.435	-2.100809716639923	0.08087264348588756
1.445	-2.1028509683323064	0.08152352995257478
1.455	-2.1043996903970306	0.07989631378585672
1.465	-2.105459197978666	0.07778093276912325
1.475	-2.106033110975127	0.0820930556109261
1.485	-2.1061253501877815	0.0793267881275054
1.495	-2.1057401332826395	0.0793267881275054
1.505	-2.104881970565776	0.07696732468576421
1.515	-2.1035556605761414	0.07794365438579505
1.525	-2.101766285499159	0.08144216914423888
1.535	-2.0995192064044965	0.08420843662765957
1.545	-2.096820058311609	0.07753685034411553
1.555	-2.093674745086704	0.08372027177764417
1.565	-2.090089434174871	0.08136080833590298
1.575	-2.086070551171296	0.0873001473444239
1.585	-2.081624774235486	0.08786967300277522
1.595	-2.076759028352587	0.08721878653608799
1.605	-2.071480479445966	0.084696601477675
1.615	-2.0657965283452944	0.0874628689610957
1.625	-2.059714804614493	0.08957824997782918
1.635	-2.0532431602439254	0.09096138371953953
1.645	-2.0463896632114267	0.08957824997782918
1.655	-2.039162590916655	0.08819511623611882
1.665	-2.0315704234935277	0.09397173362796794
1.675	-2.0236218370054244	0.09096138371953953
1.685	-2.015325696527976	0.08941552836115738
1.695	-2.0066910491243393	0.09234451746124987
1.705	-1.9977271167178685	0.09380901201129613
1.715	-1.9884432888672166	0.09389037281963203
1.725	-1.9788491154488765	0.10072468071984789
1.735	-1.9689542992523499	0.1013755671865351
1.745	-1.958768688493017	0.1011314847615274
1.755	-1.9483022692479957	0.10251461850323774
1.765	-1.9375651578201933	0.10487408194497894
1.775	-1.9265675930358568	0.10284006173658136
1.785	-1.9153199284809816	0.10560632922000207
1.795	-1.903832624681874	0.10698946296171241
1.805	-1.8921162412353447	0.11154566822852298
1.815	-1.8801814288938676	0.10690810215337651
1.825	-1.868038921611218	0.11235927631188201
1.835	-1.8556995285539917	0.1201699139121287
1.845	-1.843174126084516	0.11642731672867716
1.855	-1.830473649720623	0.11805453289539522
1.865	-1.8176090860777667	0.11016253448681262
1.875	-1.8045914647990313	0.11870541936208244
1.885	-1.7914318504784446	0.11593915187866174
1.895	-1.7781413345831907	0.12098352199548773
1.905	-1.7647310273801167	0.1231802638205571
1.915	-1.7512120498720933	0.12545836645396238
1.925	-1.737595525749632	0.128305994745719
1.935	-1.723892573363246	0.128305994745719
1.945	-1.71011429772196	0.12440067594559565
1.955	-1.6962717825233724	0.12741102585402406
1.965	-1.6823760822206753	0.13579118911262206
1.975	-1.6684382141319072	0.13375716890422448
1.985	-1.654469150596832	0.13440805537091172
1.995	-1.6404798111866294	0.1318045095041628
2.005	-1.6264810549716928	0.13587254992095796
2.015	-1.612483672852669	0.1445781564128996
2.025	-1.5984983799598975	0.13863881740437867
2.035	-1.5845358081263217	0.15108702107977182
2.045	-1.570606498438889	0.1449849604545791
2.055	-1.5567208938734423	0.1445781564128996
2.065	-1.542889332017944	0.15450417502987976
2.075	-1.5291220378889425	0.15181926835479495
2.085	-1.5154291168460041	0.15450417502987976
2.095	-1.5018205476088289	0.15409737098820023
2.105	-1.4883061753816769	0.16052487484673658
2.115	-1.4748957050896423	0.1640233896051804
2.125	-1.4615986947312742	0.16622013143024977
2.135	-1.4484245488518717	0.16906775972200638
2.145	-1.435382512141823	0.16288433828847776
2.155	-1.4224816631641408	0.1670337395136088
2.165	-1.4097309082153386	0.16825415163864735
2.175	-1.3971389753236845	0.17451893388051187
2.185	-1.3847144083887162	0.171915388013763
2.195	-1.372465561465908	0.17663431489724538
2.205	-1.360400593200148	0.17923786076399426
2.215	-1.348527461411716	0.18631625108921782
2.225	-1.3368539178382135	0.1776920054056121
2.235	-1.3253875030359137	0.18704849836424095
2.245	-1.3141355414437694	0.18981476584766163
2.255	-1.303105136613317	0.1910351779727002
2.265	-1.2923031666075004	0.20014758850632133
2.275	-1.2817362795713931	0.19241831171441054
2.285	-1.2714108894776404	0.18769938483092816
2.295	-1.2613331720493302	0.20177480467303938
2.305	-1.2515090608628978	0.2023443303313907
2.315	-1.241944243633502	0.2027511343730702
2.325	-1.2326441586852401	0.20437835053978828
2.335	-1.2236139916083983	0.20063575335633674
2.345	-1.2148586721058228	0.20600556670650633
2.355	-1.2063828710303701	0.20128663982302397
2.365	-1.1981909976152536	0.21202626652336315
2.375	-1.1902871968989883	0.21178218409835545
2.385	-1.1826753473464713	0.21007360712330148
2.395	-1.175359058667645	0.20820230853157573
2.405	-1.168341669835016	0.2074700612565526
2.415	-1.161626247301181	0.21438572996510435
2.425	-1.1552155834173907	0.20543604104815502
2.435	-1.1491121950540135	0.2162570285568301
2.445	-1.1433183224236498	0.22008098654861755
2.455	-1.1378359281074975	0.2154434204734711
2.465	-1.1326666962854373	0.22195228514034332
2.475	-1.1278120321701541	0.21650111098183783
2.485	-1.1232730616454933	0.2186164919985713
2.495	-1.1190506311090966	0.22821706738220784
2.505	-1.11514530751922	0.22040642978196118
2.515	-1.1115573786455188	0.2325291902240107
2.525	-1.1082868535234205	0.21943010008193034
2.535	-1.1053334631115808	0.2243931093904204
2.545	-1.1026966611517954	0.22300997564871006
2.555	-1.1003756252305577	0.234807292857416
2.565	-1.0983692580413744	0.2240676661570768
2.575	-1.0966761888467698	0.2322037469906671
2.585	-1.0952947751387905	0.2317969429489876
2.595	-1.0942231044966966	0.22504399585710763
2.605	-1.0934589966403683	0.22561352151545896
2.615	-1.09300000567786	0.2319596645656594
2.625	-1.0928434225453527	0.2274848201071847
2.635	-1.0929862776376922	0.22463719181542813
2.645	-1.0934253436274868	0.22561352151545896
2.655	-1.0941571384707016	0.2240676661570768
2.665	-1.0951779285964927	0.22764754172385654
2.675	-1.0964837322789236	0.2269966552571693
2.685	-1.098070323188095	0.22122003786532018
2.695	-1.0999332341180648	0.22813570657387194
2.705	-1.1020677608888838	0.22919339708223868
2.715	-1.1044689664198257	0.2243931093904204
2.725	-1.1071316849709563	0.22195228514034332
2.735	-1.1100505265498908	0.21951146089026624
2.745	-1.1132198814806062	0.2234981404987255
2.755	-1.1166339251309993	0.22341677969038956
2.765	-1.120286622795803	0.21829104876522767
2.775	-1.1241717347313545	0.21967418250693804
2.785	-1.128282821338598	0.21690791502351733
2.795	-1.132613248490665	0.21292123541505809
2.805	-1.137156193001153	0.21471117319844796
2.815	-1.1419046482292785	0.2108058543983246
2.825	-1.1468514298178647	0.2152806988567993
2.835	-1.1519891815601189	0.20901591661493474
2.845	-1.1573103813910008	0.20820230853157573
2.855	-1.1628073474989546	0.2192673784652585
2.865	-1.1684722445536617	0.20820230853157573
2.875	-1.1742970900453955	0.21349076107340942
2.885	-1.1802737607315228	0.20706325721487306
2.895	-1.1863939991855352	0.20201888709804708
2.905	-1.1926494204440412	0.20917863823160657
2.915	-1.1990315187469982	0.20340202083975745
2.925	-1.2055316743663973	0.1993339804229623
2.935	-1.2121411605186423	0.1994967020396341
2.945	-1.218851150355692	0.19868309395627506
2.955	-1.225652724030069	0.18908251857263852
2.965	-1.232536875828722	0.1942082494978004
2.975	-1.2394945213707869	0.1887570753392949
2.985	-1.2465165048640547	0.19290647656442597
2.995	-1.2535936064151614	0.1884316321059513
3.005	-1.260716549388276	0.18542128219752288
3.015	-1.2678760078071227	0.1880248280642718
3.025	-1.2750626137951346	0.18159732420573543
3.035	-1.2822669650484924	0.18411950926414844
3.045	-1.2894796323367952	0.18452631330582794
3.055	-1.296691167026058	0.183631344414133
3.065	-1.3038921086188093	0.18200412824741496
3.075	-1.3110729923058608	0.1776920054056121
3.085	-1.318224356524563	0.18485175653917157
3.095	-1.3253367505181304	0.17801744863895572
3.105	-1.3324007418907464	0.1718340272054271
3.115	-1.339406924153139	0.16280297748014186
3.125	-1.3463459242532747	0.17565798519721454
3.135	-1.3532084100868922	0.16760326517196014
3.145	-1.3599850979825634	0.16784734759696784
3.155	-1.3666667601560107	0.16451155445519583
3.165	-1.3732442321284108	0.16540652334689077
3.175	-1.3797084201034564	0.16076895727174428
3.185	-1.3860503082979734	0.1641047504135163
3.195	-1.392260966220867	0.15686363847162094
3.205	-1.3983315558953229	0.15710772089662864
3.215	-1.4042533390190866	0.16011807080505705
3.225	-1.4100176840577894	0.15238879401314628
3.235	-1.4156160732662644	0.15206335077980265
3.245	-1.4210401096329375	0.15499233987989516
3.255	-1.426281523742246	0.15426009260487206
3.265	-1.4313321805503525	0.15735180332163637
3.275	-1.4361840860692314	0.1531210412881694
3.285	-1.4408293939543966	0.14701898066297667
3.295	-1.4452604119916104	0.1502734129964128
3.305	-1.4494696084778984	0.14929708329638197
3.315	-1.4534496184923618	0.15214471158813855
3.325	-1.4571932500522204	0.15344648452151302
3.335	-1.4606934901498083	0.14335774428786105
3.345	-1.4639435106660312	0.1508429386547641
3.355	-1.4669366741561882	0.14254413620450201
3.365	-1.46966653950389	0.14587992934627403
3.375	-1.472126867439029	0.14701898066297667
3.385	-1.4743116259158424	0.14531040368792272
3.395	-1.4762149953471146	0.14571720772960223
3.405	-1.4778313736908015	0.1423000537794943
3.415	-1.479155381385276	0.1420559713544866
3.425	-1.4801818661296906	0.14018467276276084
3.435	-1.4809059075058935	0.13880153902105047
3.445	-1.4813228214385448	0.13872017821271457
3.455	-1.481428164490129	0.14018467276276084
3.465	-1.4812177379876972	0.13749976608767603
3.475	-1.480687591978272	0.14352046590453285
3.485	-1.4798340290099685	0.14051011599610444
3.495	-1.478653607736026	0.14042875518776854
3.505	-1.4771431463389697	0.13782520932101963
3.515	-1.4752997257723877	0.14164916731280708
3.525	-1.4731206928178067	0.1392897038710659
3.535	-1.470603662954316	0.1368488796209888
3.545	-1.4677465230387412	0.14164916731280708
3.555	-1.4645474337942523	0.13749976608767603
3.565	-1.46100483210544	0.1361979931543016
3.575	-1.4571174331180257	0.14002195114608904
3.585	-1.4528842321415114	0.1447408780295714
3.595	-1.4483045063531477	0.13749976608767603
3.605	-1.4433778163018363	0.14522904287958682
3.615	-1.4381040072106104	0.14384590913787645
3.625	-1.4324832100765525	0.14140508488779938
3.635	-1.426515842567087	0.1503547738047487
3.645	-1.420202609711767	0.14335774428786105
3.655	-1.4135445043887773	0.14954116572138967
3.665	-1.406542807605533	0.1443340739878919
3.675	-1.3991990885729022	0.14571720772960223
3.685	-1.3915152045726693	0.1479139495546716
3.695	-1.383493300618071	0.14295094024618152
3.705	-1.3751358089073145	0.14815803197967933
3.715	-1.366445448070146	0.14539176449625862
3.725	-1.3574252222076908	0.15149382512145135
3.735	-1.3480784197259186	0.14897164006303834
3.745	-1.3384086119632004	0.15637547362160553
3.755	-1.3284196516126183	0.15751452493830817
3.765	-1.3181156709397768	0.1502734129964128
3.775	-1.3075010797970195	0.1449849604545791
3.785	-1.2965805634351142	0.15214471158813855
3.795	-1.2853590801135764	0.1610944005050879
3.805	-1.2738418585109432	0.1503547738047487
3.815	-1.2620343949364754	0.1553991439215747
3.825	-1.2499424503448657	0.1555618655382465
3.835	-1.2375720471556657	0.16296569909681366
3.845	-1.2249294658793208	0.16483699768853943
3.855	-1.2120212415517735	0.16312842071348546
3.865	-1.1988541599797724	0.15946718433836984
3.875	-1.1854352537991446	0.16857959487199098
3.885	-1.1717717983483789	0.16760326517196014
3.895	-1.157871307360078	0.17386804741382467
3.905	-1.1437415284728516	0.17411212983883237
3.915	-1.129390438566457	0.17785472702228391
3.925	-1.114826238923039	0.17940058238066606
3.935	-1.100057350217452	0.17801744863895572
3.945	-1.0850924073398283	0.1750884595388632
3.955	-1.0699402540535585	0.18696713755590505
3.965	-1.054609937492098	0.1829804579474458
3.975	-1.0391107024979918	0.1911165387810361
3.985	-1.0234519858077487	0.19193014686439513
3.995	-1.007643410086179	0.19697451698122112
4.005	-0.9916947778140394	0.1943709711144722
4.015	-0.9756160650328026	0.1992526196146264
4.025	-0.9594174149505983	0.20071711416467264
4.035	-0.9431091314133722	0.20063575335633674
4.045	-0.9267016722454344	0.2023443303313907
4.055	-0.9102056424637122	0.20925999903994247
4.065	-0.8936317873700007	0.21503661643179156
4.075	-0.8769909855257377	0.2154434204734711
4.085	-0.8602942416137577	0.22455583100709223
4.095	-0.8435526791916953	0.22789162414886424
4.105	-0.8267775333417156	0.2241490269654127
4.115	-0.8099801432213212	0.2296002011239182
4.125	-0.7931719445200833	0.2320410253739953
4.135	-0.77636446182724	0.2405839102492651
4.145	-0.7595693009150832	0.24147887914096003
4.155	-0.7427981409432258	0.2486386302745195
4.165	-0.7260627265887991	0.25018448563290163
4.175	-0.7093748601077708	0.25124217614126837
4.185	-0.692746393332582	0.25474069089971224
4.195	-0.6761892196113679	0.2640971838583411
4.205	-0.6597152656940478	0.255798381408079
4.215	-0.6433364835706354	0.2719078214585878
4.225	-0.6270648422671942	0.26637528649174635
4.235	-0.6109123196048081	0.26987380125019017
4.245	-0.5948908939270626	0.2828915305839346
4.255	-0.5790125358014961	0.28663412776738617
4.265	-0.5632891997005405	0.2929802708175866
4.275	-0.547732815667496	0.28647140615071437
4.285	-0.5323552809730748	0.29363115728427386
4.295	-0.517168451768086	0.2980246409344126
4.305	-0.5021841347378196	0.30534711368464384
4.315	-0.487414078763743	0.30754385550971325
4.325	-0.4728699665981022	0.3172257917016857
4.335	-0.45856340655694783	0.3098219581431185
4.345	-0.44450592423726687	0.3182834822100524
4.355	-0.430708954263715	0.32072430646012956
4.365	-0.41718383207057474	0.3334165925605304
4.375	-0.4039417857244426	0.3382168802523487
4.385	-0.39099392779321496	0.33203345881882007
4.395	-0.3783512472668822	0.34854970291100834
4.405	-0.3660246015355605	0.3409831477357694
4.415	-0.3540247084303362	0.35627897970291916
4.425	-0.34236213833220674	0.35953341203635525
4.435	-0.3310473063546093	0.3514786920111009
4.445	-0.3200904646048739	0.36319464841147087
4.455	-0.3095016945298338	0.3693780698449995
4.465	-0.299290899350954	0.3685644617616405
4.475	-0.28946779659410815	0.37035439954503035
4.485	-0.2800419107192199	0.3636014524531504
4.495	-0.27102256585478735	0.3762123777452154
4.505	-0.2624188786424504	0.3885792206122726
4.515	-0.2542397511964374	0.3833721288787748
4.525	-0.24649386418289465	0.3855688707038442
4.535	-0.2391896700239302	0.3962271365958475
4.545	-0.2323353862310622	0.3993188473126118
4.555	-0.22593898887285002	0.39752890952922193
4.565	-0.22000820618125783	0.40289872287939155
4.575	-0.21455051230129585	0.4041191350044301
4.585	-0.2095731211883749	0.4235643681967109
4.595	-0.20508298065771857	0.4034682485377429
4.605	-0.20108676659011016	0.40916350512125604
4.615	-0.19759087729809455	0.4129874631130435
4.625	-0.1946014280567585	0.4152655657464488
4.635	-0.19212424580301057	0.42535430598010077
4.645	-0.1901648640072262	0.41998449262993115
4.655	-0.18872851772106225	0.4154282873631206
4.665	-0.18782013880501802	0.415102844129777
4.675	-0.1874443513393147	0.4216117087966492
4.685	-0.18760546722155547	0.42283212092168776
4.695	-0.18830748195441593	0.4109534429046459
4.705	-0.18955407062656926	0.41437059685475386
4.715	-0.19134858408996047	0.41673006029649506
4.725	-0.1936940453363336	0.4187640805048926
4.735	-0.19659314607584144	0.4114416077546614
4.745	-0.20004824352049	0.42730696538016244
4.755	-0.2040613573749137	0.41388243200473845
4.765	-0.20863416703696114	0.4124992982630281
4.775	-0.21376800901043658	0.41949632777991575
4.785	-0.21946387453211225	0.40257327964604794
4.795	-0.22572240741507765	0.4037936917710865
4.805	-0.23254390211036569	0.4046072998544455
4.815	-0.23992830198857584	0.411767050988005
4.825	-0.24787519784314793	0.39712210548754245
4.835	-0.2563838266167894	0.38947418950396756
4.845	-0.2654530703523842	0.4050954647044609
4.855	-0.27508145536957873	0.39126412728735743
4.865	-0.2852671516681695	0.40013245539597087
4.875	-0.29600797255913136	0.3943558380041217
4.885	-0.30730137452410666	0.3856502315121801
4.895	-0.319144457304003	0.3954948893208244
4.905	-0.3315339642171251	0.3771887074452462
4.915	-0.3444662827072158	0.3793854492703156
4.925	-0.35793744512160897	0.3657168334698839
4.935	-0.3719431297194893	0.369784873886679
4.945	-0.3864786619101961	0.35725530940294997
4.955	-0.4015390157212828	0.36319464841147087
4.965	-0.4171188154959822	0.3518041352444445
4.975	-0.43321233781945256	0.33911184914404363
4.985	-0.44981351367319133	0.34741065159430573
4.995	-0.4669159308167099	0.3365083032772947
5.005	-0.48451283639549514	0.32999943861042247
5.015	-0.5025971397741591	0.32585003738529145
5.025	-0.5211614155934335	0.3265822846603145
5.035	-0.5401979070496095	0.3094965149097749
5.045	-0.5596985293948795	0.31340183370989827
5.055	-0.5796548736568037	0.30453350560128484
5.065	-0.6000582105750836	0.30274356781789497
5.075	-0.620899494753643	0.3069743298513619
5.085	-0.6421693690258529	0.28565779806735536
5.095	-0.663858169030621	0.2844373859423168
5.105	-0.6859559279969584	0.2752436146003598
5.115	-0.7084523817344102	0.27166373903358004
5.125	-0.7313369738267268	0.26897883235849523
5.135	-0.754598861025894	0.26938563640017477
5.145	-0.7782269188435593	0.2432688169243499
5.155	-0.8022097473368492	0.25539157736639945
5.165	-0.826535677085232	0.2462791668327783
5.175	-0.8511927753552097	0.235620900940775
5.185	-0.8761688524492548	0.2377362819575085
5.195	-0.9014514682355081	0.22911203627390278
5.205	-0.9270279388544053	0.2241490269654127
5.215	-0.9528853435985157	0.2269966552571693
5.225	-0.9790105319615947	0.2103176895483092
5.235	-1.0053901308527289	0.20836503014824753
5.245	-1.0320105519715184	0.20421562892311648
5.255	-1.0588579993399334	0.19754404263957243
5.265	-1.0859184769864605	0.1996594236563059
5.275	-1.1131777967780683	0.20380882488143695
5.285	-1.1406215863953895	0.18558400381419468
5.295	-1.1682352974464396	0.17793608783061982
5.305	-1.1960042137140277	0.17858697429730702
5.315	-1.2239134595320906	0.16841687325531915
5.325	-1.2519480082858314	0.16605740981357797
5.335	-1.2800926910307406	0.17077633669706035
5.345	-1.3083322052252948	0.15954854514670574
5.355	-1.3366511235720981	0.1590603802966903
5.365	-1.3650339029622067	0.15393464937152843
5.375	-1.3934648935172398	0.1479953103630075
5.385	-1.4219283477238605	0.14628673338795356
5.395	-1.4504084296550772	0.14701898066297667
5.405	-1.4788892242728164	0.14571720772960223
5.415	-1.5073547468061343	0.13253675677918594
5.425	-1.5357889521993873	0.13839473497937096
5.435	-1.56417574462455	0.12464475837060336
5.445	-1.5924989870519983	0.12700422181234455
5.455	-1.6207425108738047	0.1200885531037928
5.465	-1.6488901255737234	0.12106488280382363
5.475	-1.6769256284379508	0.12049535714547231
5.485	-1.7048328143006544	0.11366104924525645
5.495	-1.7325954853183116	0.11423057490360777
5.505	-1.760197460766844	0.1095116480201254
5.515	-1.7876225868555071	0.10601313326168157
5.525	-1.8148547465514202	0.10487408194497894
5.535	-1.841877869408754	0.10267734011990956
5.545	-1.8686759413963805	0.0982838564697708
5.555	-1.895233014717964	0.09909746455312983
5.565	-1.9215332176183235	0.09478534171132696
5.575	-1.9475607641700146	0.09649391868638094
5.585	-1.9732999640339997	0.09470398090299106
5.595	-1.9987352321882685	0.09161227018622675
5.605	-2.023851098618413	0.08583565279437765
5.615	-2.0486322179639656	0.08372027177764417
5.625	-2.073063379114555	0.08494068390268271
5.635	-2.0971295147497546	0.08526612713602633
5.645	-2.120815710816661	0.08119808671923118
5.655	-2.1441072159391994	0.08103536510255936
5.665	-2.166989450753224	0.07802501519413095
5.675	-2.189448017161495	0.07509602609403845
5.685	-2.211468707502642	0.07664188145242061
5.695	-2.233037513628299	0.07713004630243603
5.705	-2.25414063588265	0.0658208939437455
5.715	-2.2747644919786305	0.07428241801067942
5.725	-2.294895725765113	0.07086526406057149
5.735	-2.314521215879471	0.0710279856772433
5.745	-2.333628084279966	0.0680176357688149
5.755	-2.352203704652476	0.06622769798542502
5.765	-2.370235710686137	0.06704130606878406
5.775	-2.3877120042125664	0.06159013191027855
5.785	-2.4046207632033703	0.06980757355220475
5.795	-2.420950449620796	0.06622769798542502
5.805	-2.4366898171163855	0.06386823454368383
5.815	-2.451827918572617	0.06468184262704287
5.825	-2.466354113482596	0.06272918322698119
5.835	-2.4802580751630052	0.06427503858536335
5.845	-2.4935297977955058	0.060288358976904106
5.855	-2.5061596032919793	0.06427503858536335
5.865	-2.5181381479790885	0.057359369876811596
5.875	-2.5294564290976833	0.05947475089354508
5.885	-2.5401057911127345	0.06126468867693494
5.895	-2.550077931829598	0.05906794685186556
5.905	-2.5593649083124754	0.05605759694343715
5.915	-2.5679591426010955	0.05499990643507041
5.925	-2.5758534272217464	0.05272180380166513
5.935	-2.583040930488909	0.05711528745180389
5.945	-2.5895152015938483	0.05418629835171138
5.955	-2.595270175476698	0.05605759694343715
5.965	-2.600300177478625	0.056952565835132085
5.975	-2.6045999277708596	0.05247772137665742
5.985	-2.608164545557468	0.057278009068475695
5.995	-2.6109895530489107	0.056383040176780766
6.005	-2.613070879203505	0.05223363895164971
6.015	-2.614404863234166	0.05329132946001645
6.025	-2.6149882578777843	0.05540671047674993
6.035	-2.614818232424879	0.05304724703500874
6.045	-2.613892375507245	0.05418629835171138
6.055	-2.612208697641439	0.054267659160047284
6.065	-2.609765633526151	0.05150139167662658
6.075	-2.6065620440916213	0.05166411329329839
6.085	-2.6025972182994215	0.049711453893236716
6.095	-2.5978708746910355	0.053779494310031865
6.105	-2.592383162683933	0.05166411329329839
6.115	-2.586134663613824	0.05565079290175764
6.125	-2.579126391522058	0.053942215926703674
6.135	-2.571359793687288	0.053535411885024156
6.145	-2.5628367509005345	0.05158275248496249
6.155	-2.5535595774831483	0.05622031856010896
6.165	-2.543531021047155	0.057278009068475695
6.175	-2.532754261997705	0.05239636056832152
6.185	-2.5212329127774744	0.05483718481839861
6.195	-2.508971016853088	0.05329132946001645
6.205	-2.495973047443681	0.05866114281018605
6.215	-2.482243905991953	0.057522091493483404
6.225	-2.4677889203782404	0.05890522523519375
6.235	-2.4526138428782	0.05980019412688869
6.245	-2.4367248478649772	0.0601256373602323
6.255	-2.4201285292567496	0.06403095616035565
6.265	-2.4028318977108416	0.06289190484365301
6.275	-2.3848423775656276	0.06720402768545586
6.285	-2.366167803531707	0.06517000747705828
6.295	-2.3468164171338715	0.06159013191027855
6.305	-2.3267968629056908	0.06435639939369925
6.315	-2.306118184338543	0.06126468867693494
6.325	-2.2847898195871528	0.07013301678554837
6.335	-2.2628215969338688	0.06850580061883031
6.345	-2.240223730013959	0.06899396546884573
6.355	-2.2170068128044917	0.06720402768545586
6.365	-2.1931818143793884	0.0684244398104944
6.375	-2.1687600734334813	0.07452650043568712
6.385	-2.143753292578441	0.07452650043568712
6.395	-2.1181735324137216	0.07704868549410011
6.405	-2.092033205375706	0.07599099498573338
6.415	-2.0653450693683664	0.08087264348588756
6.425	-2.0381222211789867	0.0818489731859184
6.435	-2.010378089682561	0.0819303339942543
6.445	-1.9821264288385605	0.08258122046094152
6.455	-1.9533813104840525	0.08705606491941618
6.465	-1.9241571169271148	0.08697470411108028
6.475	-1.8944685333446976	0.08843919866112654
6.485	-1.8643305399892216	0.08974097159450098
6.495	-1.8337584042082942	0.09177499180289855
6.505	-1.802767672281992	0.09153090937789085
6.515	-1.771374161082397	0.09535486736967828
6.525	-1.7395939495601047	0.09812113485309899
6.535	-1.7074433700625007	0.09608711464470142
6.545	-1.6749389994887742	0.10267734011990956
6.555	-1.642097650286781	0.10178237122821462
6.565	-1.6089363612968213	0.10585041164500977
6.575	-1.5754723884476258	0.11528826541197452
6.585	-1.5417231953099058	0.10886076155343818
6.595	-1.5077064435128902	0.1175663680453798
6.605	-1.473439983029373	0.11960038825377738
6.615	-1.4389418423349267	0.13034001495411657
6.625	-1.4042302184469133	0.12431931513725974
6.635	-1.3693234668490843	0.1280619123207113
6.645	-1.3342400913076886	0.1309909014208038
6.655	-1.2989987335849096	0.14042875518776854
6.665	-1.2636181630556724	0.14531040368792272
6.675	-1.2281172662338726	0.14661217662129716
6.685	-1.192515036214119	0.1472630630879844
6.695	-1.1568305620352028	0.15124974269644365
6.705	-1.121083017971479	0.15369056694652072
6.715	-1.0852916527584187	0.16971864618869362
6.725	-1.0494757787587399	0.16857959487199098
6.735	-1.0136547610753606	0.16744054355528834
6.745	-0.97784800661768	0.1751698203471991
6.755	-0.9420749531275506	0.17842425268063522
6.765	-0.9063550581714411	0.188675714530959
6.775	-0.8707077881052644	0.19339464141444138
6.785	-0.8351526070184176	0.2023443303313907
6.795	-0.7997089656635306	0.2076327828732244
6.805	-0.7643962903784576	0.20934135984827837
6.815	-0.7292339720071541	0.21723335825686094
6.825	-0.6942413548258983	0.22504399585710763
6.835	-0.6594377254814915	0.2324478294156748
6.845	-0.6248423019479878	0.23627178740746224
6.855	-0.5904742225085162	0.24196704399097546
6.865	-0.5563525347687505	0.25327619634966597
6.875	-0.5224961847085037	0.26369037981666155
6.885	-0.48892400577813	0.2789048509754754
6.895	-0.45565470804602026	0.2755690578337034
6.905	-0.42270686740384367	0.28630868453404257
6.915	-0.39009891483589754	0.28329833462561416
6.925	-0.3578491257589783	0.3142968026015932
6.935	-0.32597560943917236	0.313645916134906
6.945	-0.2944962984919097	0.3221888010101758
6.955	-0.26342893847155024	0.32633820223530685
6.965	-0.23279107755670858	0.3383796018690205
6.975	-0.2026000563376127	0.34887514614435194
6.985	-0.17287299771153597	0.3423662814774797
6.995	-0.1436267968923861	0.35953341203635525
7.005	-0.11487811154049621	0.3784091195702847
7.015	-0.08664335201855056	0.37800231552860525
7.025	-0.05893867177948264	0.39028779758732657
7.035	-0.031779957892191346	0.39777299195422966
7.045	-0.005182821710759455	0.40802445380455343
7.055	0.020837410307210202	0.42283212092168776
7.065	0.04626570562751331	0.42543566678843664
7.075	0.07108733450612315	0.43658209753045535
7.085	0.09528787869045141	0.45724774284777475
7.095	0.11885323994979813	0.4557832482977285
7.105	0.14176964842980677	0.46847553439812933
7.115	0.16402367082587066	0.48808348920708194
7.125	0.1856022183705308	0.47465895583165796
7.135	0.2064925546299583	0.4973586213573749
7.145	0.2266823031048113	0.5037047644075753
7.155	0.2461594546308321	0.5162343288913044
7.165	0.26491237457461425	0.5207905341581149
7.175	0.28292980982020666	0.5329946554085004
7.185	0.30020089554222995	0.5509753940507349
7.195	0.31671516176136416	0.560169165392692
7.205	0.3324625396781853	0.5620404639844178
7.215	0.34743336778144984	0.5614709383260664
7.225	0.3616183977270815	0.5911676333686711
7.235	0.37500879998419423	0.5758718014015213
7.245	0.38759616924470275	0.5923880454937096
7.255	0.3993725295931432	0.5971069723771919
7.265	0.41033033943349606	0.6114264746443109
7.275	0.4204624961699426	0.6167962879944805
7.285	0.4297623406386528	0.603778558660736
7.295	0.43822366128779766	0.6240373999363759
7.305	0.44584069810317795	0.6231424310446809
7.315	0.4526081462770035	0.6217592973029705
7.325	0.45852115961746853	0.6207016067946038
7.335	0.4635753536969862	0.6412045304952514
7.345	0.4677668087370459	0.631441233494943
7.355	0.471092072227842	0.6391705102868538
7.365	0.47354816128096466	0.637299211695128
7.375	0.47513256471363063	0.6460048181870697
7.385	0.4758432448630372	0.6404722832202282
7.395	0.4756786391296457	0.644052158787008
7.405	0.4746376612483183	0.634858387445051
7.415	0.4727197022864047	0.6447030452536952
7.425	0.4699246313680534	0.6432385507036489
7.435	0.4662527961241607	0.6423435818119541
7.445	0.461705022867549	0.6394145927118615
7.455	0.4562826164931302	0.6294072132865455
7.465	0.44998736010296847	0.6341261401700278
7.475	0.44282151435631767	0.6298953781365608
7.485	0.43478781654488197	0.615575875869442
7.495	0.4258894793937136	0.6102874233276082
7.505	0.41613018958830006	0.611345113835975
7.515	0.40551410602859495	0.5997105182439408
7.525	0.39404585781089096	0.5938525400437559
7.535	0.3817305419385697	0.5849028511268065
7.545	0.36857372076298356	0.5904353860936479
7.555	0.3545814191558345	0.5776617391849111
7.565	0.3397601214146011	0.5629354328761127
7.575	0.3241167679027055	0.5591114748843252
7.585	0.3076587514263034	0.5552875168925379
7.595	0.29039391334969666	0.5430833956421524
7.605	0.27233053945154984	0.5390967160336931
7.615	0.2534773555242644	0.530797913583431
7.625	0.2338435227189486	0.5096441034160962
7.635	0.2134386326386617	0.5057387846159729
7.645	0.1922727021827053	0.4916633647738617
7.655	0.17035616814490018	0.48263231504857645
7.665	0.14769988156892033	0.48198142858188925
7.675	0.1243151018639348	0.46871961682313706
7.685	0.10021349068390695	0.4533424240476514
7.695	0.07540710557409191	0.44309096219732763
7.705	0.0499083933883675	0.43926700420554016
7.715	0.023730183481171174	0.4340599124720424
7.725	-0.0031143193219702603	0.41168569017966905
7.735	-0.030611541971337308	0.40590907278781996
7.745	-0.058747550653083014	0.3969593838708706
7.755	-0.08750805845820153	0.38581295312885194
7.765	-0.11687843325592961	0.3688899049949841
7.775	-0.14684370576703554	0.3702730387366944
7.785	-0.1773885778322868	0.34659704351094667
7.795	-0.208497430871315	0.3493633109943674
7.805	-0.24015433452699275	0.3365896640856306
7.815	-0.27234305549021154	0.3197479767600987
7.825	-0.30504706650002134	0.30957787571811085
7.835	-0.3382495555138445	0.30770657712638505
7.845	-0.37193343504242726	0.3007909084178333
7.855	-0.406081351644081	0.28842406555077604
7.865	-0.4406756955727299	0.28045070633385755
7.875	-0.4756986105740846	0.27003652286686197
7.885	-0.511132003824215	0.2544152476663686
7.895	-0.5469575560048168	0.26588712164173095
7.905	-0.583156731509173	0.25775104080814065
7.915	-0.6197107887729176	0.24741821814948095
7.925	-0.6566007907235658	0.23903805489088295
7.935	-0.6938076153426985	0.22781026334052834
7.945	-0.7313119663345831	0.21332803945673762
7.955	-0.7690943838950928	0.21446709077344026
7.965	-0.807135255574541	0.21161946248168365
7.975	-0.8454148272281159	0.19616090889786209
7.985	-0.8839132140474889	0.1882689104892795
7.995	-0.9226104116672044	0.19193014686439513
8.005	-0.9614863073392896	0.18151596339739953
8.015	-1.0005206911695583	0.17622751085556584
8.025	-1.0396932674090724	0.16329114233015726
8.035	-1.0789836657941276	0.16198936939678282
8.045	-1.1183714529281217	0.15653819523827733
8.055	-1.1578361436986815	0.1531210412881694
8.065	-1.197357212723331	0.15482961826322336
8.075	-1.2369141058170006	0.1447408780295714
8.085	-1.27648625147476	0.14587992934627403
8.095	-1.316053072362889	0.14140508488779938
8.105	-1.3555939968117672	0.13025865414578067
8.115	-1.3950884703036721	0.12700422181234455
8.125	-1.4345159669489056	0.12497020160394698
8.135	-1.4738560009434822	0.11675275996202077
8.145	-1.5130881380016574	0.11935630582876967
8.155	-1.5521920067566881	0.11699684238702848
8.165	-1.5911473101230902	0.10536224679499435
8.175	-1.629933836613774	0.10999981287014082
8.185	-1.6685314716054862	0.10202645365322233
8.195	-1.706920208545951	0.10414183466995582
8.205	-1.7450801600961423	0.09380901201129613
8.215	-1.782991569201204	0.10145692799487101
8.225	-1.8206348200836249	0.09071730129453182
8.235	-1.8579904491521182	0.0873815081527598
8.245	-1.8950391558199886	0.0820930556109261
8.255	-1.9317618132265895	0.08372027177764417
8.265	-1.968139478855628	0.08396435420265187
8.275	-2.0041534050442307	0.08136080833590298
8.285	-2.039785049376529	0.07257384103562546
8.295	-2.075016084955788	0.07306200588564088
8.305	-2.109828410549075	0.0738756139689999
8.315	-2.1442041605986404	0.07151615052725872
8.325	-2.1781257150941093	0.07159751133559462
8.335	-2.2115757092997734	0.06687858445211224
8.345	-2.2445370433314022	0.06671586283544044
8.355	-2.2769928915769904	0.06517000747705828
8.365	-2.3089267119559347	0.06460048181870696
8.375	-2.3403222550113485	0.05841706038517834
8.385	-2.371163572830252	0.06240373999363758
8.395	-2.4014350277864542	0.05898658604352966
8.405	-2.431121301101083	0.056627122601788475
8.415	-2.460207401215905	0.056708483410124376
8.425	-2.4886786719744705	0.0546744632017268
8.435	-2.5165208006065187	0.05386085511836777
8.445	-2.543719825511009	0.05150139167662658
8.455	-2.570262143833263	0.05678984421846028
8.465	-2.5961345188319433	0.05239636056832152
8.475	-2.6213240870316468	0.04751471206816734
8.485	-2.645818365156999	0.05003689712658033
8.495	-2.6696052568443065	0.05231499975998562
8.505	-2.692673059127011	0.04857240257653408
8.515	-2.7150104686911174	0.0464570215598006
8.525	-2.736606587897277	0.045968856709785184
8.535	-2.7574509305658665	0.04474844458474664
8.545	-2.7775334275220356	0.04767743368483914
8.555	-2.796844431897453	0.04206353790966184
8.565	-2.8153747241858498	0.0437721148847158
8.575	-2.833115517049549	0.04426027973473122
8.585	-2.8500584598742744	0.04344667165137219
8.595	-2.8661956430697346	0.04206353790966184
8.605	-2.8815196021136447	0.042714424376349064
8.615	-2.8960233213369504	0.042877145993020865
8.625	-2.9097002374481673	0.042470341951341355
8.635	-2.9225442427950217	0.03880910557622572
8.645	-2.934549688361569	0.04507388781809025
8.655	-2.945711386499247	0.04328395003470038
8.665	-2.956024613390449	0.042307620334669546
8.675	-2.9654851112433303	0.04116856901796691
8.685	-2.974089090216758	0.04141265144297462
8.695	-2.981833230074476	0.03962271365958475
8.705	-2.9887146815677066	0.04051768255127968
8.715	-2.9947310675455348	0.03978543527625655
8.725	-2.9998804837926993	0.04011087850960017
8.735	-3.0041614995944315	0.04450436215973893
8.745	-3.00757315802826	0.042226259526333645
8.755	-3.0101149759827974	0.039215909617905234
8.765	-3.0117869439037297	0.03775141506785898
8.775	-3.0125895252673565	0.04206353790966184
8.785	-3.0125236557822133	0.04043632174294378
8.795	-3.0115907423194765	0.04002951770126426
8.805	-3.009792661572977	0.03750733264285127
8.815	-3.0071317584498716	0.04051768255127968
8.825	-3.0036108441931044	0.04002951770126426
8.835	-2.999233194237021	0.038565023151218014
8.845	-2.994002545797608	0.04149401225131052
8.855	-2.9879230951990228	0.04344667165137219
8.865	-2.9809994949381937	0.04491116620141844
8.875	-2.9732368504894775	0.0436907540763799
8.885	-2.9646407168514823	0.04531797024309796
8.895	-2.9552170948382996	0.04434164054306712
8.905	-2.9449724271176003	0.041656733867982326
8.915	-2.933913593998148	0.045724774284777475
8.925	-2.9220479089694247	0.04320258922636448
8.935	-2.9093831139962774	0.046294299943128794
8.945	-2.8959273745715444	0.04946737146822901
8.955	-2.881689274529857	0.04946737146822901
8.965	-2.8666778106258626	0.049386010659893106
8.975	-2.8509023868803376	0.049630093084900816
8.985	-2.834372808697741	0.04702654721815192
8.995	-2.817099276758885	0.05101322682661116
9.005	-2.7990923806926133	0.049711453893236716
9.015	-2.7803630925303686	0.05516262805174222
9.025	-2.7609227599478268	0.05215227814331381
9.035	-2.7407830992977136	0.05630167936844486
9.045	-2.7199561884382417	0.05882386442685785
9.055	-2.6984544593615167	0.05711528745180389
9.065	-2.6762906906265655	0.05817297796017063
9.075	-2.6534779996016375	0.06321734807699661
9.085	-2.630029834520534	0.06232237918530168
9.095	-2.6059599663579576	0.0657395331354096
9.105	-2.581282480528775	0.0681803573854867
9.115	-2.556011768416408	0.0656581723270737
9.125	-2.530162518735457	0.073794253160664
9.135	-2.503749708733936	0.07493330447736664
9.145	-2.4767885952404782	0.07208567618561004
9.155	-2.449294705561955	0.0763977990274129
9.165	-2.421283828237142	0.08022175701920034
9.175	-2.3927720036520355	0.0816862515692466
9.185	-2.363775514522538	0.08396435420265187
9.195	-2.3343108762503095	0.09055457967786001
9.205	-2.30439482715769	0.09096138371953953
9.215	-2.274044318607593	0.0959243930280296
9.225	-2.2432765050143466	0.09698208353639635
9.235	-2.2121087337516245	0.09738888757807586
9.245	-2.180558534963459	0.1010501239531915
9.255	-2.1486436112846174	0.10617585487835339
9.265	-2.1163818274765163	0.11097614257017166
9.275	-2.0837911999848604	0.11951902744544148
9.285	-2.0508898864254315	0.11333560601191285
9.295	-2.017696175004279	0.117403646428708
9.305	-1.9842284738787161	0.12342434624556482
9.315	-1.9505053004654807	0.12732966504568816
9.325	-1.9165452707025503	0.13497758102926305
9.335	-1.8823670882709944	0.13831337417103506
9.345	-1.8479895337833807	0.1503547738047487
9.355	-1.8134314539451208	0.14970388733806148
9.365	-1.7787117506953718	0.15198198997146675
9.375	-1.7438493703338809	0.16548788415522667
9.385	-1.7088632926402876	0.16768462598029604
9.395	-1.6737725199923985	0.1724035528637784
9.405	-1.6385960664899049	0.17647159328057355
9.415	-1.6033529470899848	0.18403814845581254
9.425	-1.568062166761298	0.18769938483092816
9.435	-1.532742709662797	0.20022894931465723
9.445	-1.4974135283537038	0.1999848668896495
9.455	-1.4620935330411706	0.21658247179017373
9.465	-1.4268015808718877	0.22341677969038956
9.475	-Inf	0.0
9.485	-Inf	0.0
9.495	-Inf	0.0
9.505	-Inf	0.0
9.515	-Inf	0.0
9.525	-Inf	0.0
9.535	-Inf	0.0
9.545	-Inf	0.0
9.555	-Inf	0.0
9.565	-Inf	0.0
9.575	-Inf	0.0
9.585	-Inf	0.0
9.595	-Inf	0.0
9.605	-Inf	0.0
9.615	-Inf	0.0
9.625	-Inf	0.0
9.635	-Inf	0.0
9.645	-Inf	0.0
9.655	-Inf	0.0
9.665	-Inf	0.0
9.675	-Inf	0.0
9.685	-Inf	0.0
9.695	-Inf	0.0
9.705	-Inf	0.0
9.715	-Inf	0.0
9.725	-Inf	0.0
9.735	-Inf	0.0
9.745	-Inf	0.0
9.755	-Inf	0.0
9.765	-Inf	0.0
9.775	-Inf	0.0
9.785	-Inf	0.0
9.795	-Inf	0.0
9.805	-Inf	0.0
9.815	-Inf	0.0
9.825	-Inf	0.0
9.835	-Inf	0.0
9.845	-Inf	0.0
9.855	-Inf	0.0
9.865	-Inf	0.0
9.875	-Inf	0.0
9.885	-Inf	0.0
9.895	-Inf	0.0
9.905	-Inf	0.0
9.915	-Inf	0.0
9.925	-Inf	0.0
9.935	-Inf	0.0
9.945	-Inf	0.0
9.955	-Inf	0.0
9.965	-Inf	0.0
9.975	-Inf	0.0
9.985	-Inf	0.0
9.995	-Inf	0.0
